852 0 350 0 0 0 0 0 1.1745e-07 -2.51565e-08 4.63327e-08 9.4091e-09 -1.07821e-07 3.42099e-09 0 0
852 0.01 350 0 -1.40262e-09 1.94762e-10 -4.08682e-10 -1.86088e-11 1.17419e-07 -2.51876e-08 4.63279e-08 9.39462e-09 -1.07808e-07 3.45413e-09 1.69992e-10 -5.5057e-11
852 0.02 350 0 -2.80371e-09 3.92125e-10 -8.16936e-10 -3.6278e-11 1.17328e-07 -2.52809e-08 4.63135e-08 9.3512e-09 -1.07768e-07 3.55353e-09 3.39832e-10 -1.10264e-10
852 0.03 350 0 -4.20173e-09 5.9468e-10 -1.22433e-09 -5.20705e-11 1.17175e-07 -2.54359e-08 4.62894e-08 9.2789e-09 -1.07701e-07 3.71906e-09 5.09365e-10 -1.65772e-10
852 0.04 350 0 -5.59511e-09 8.05008e-10 -1.63043e-09 -6.50528e-11 1.16961e-07 -2.56523e-08 4.62555e-08 9.17778e-09 -1.07608e-07 3.95053e-09 6.7844e-10 -2.2173e-10
852 0.05 350 0 -6.98224e-09 1.02564e-09 -2.03483e-09 -7.43211e-11 1.16685e-07 -2.59309e-08 4.6212e-08 9.04807e-09 -1.07487e-07 4.24759e-09 8.46967e-10 -2.78288e-10
852 0.06 350 0 -8.36152e-09 1.25914e-09 -2.43696e-09 -7.89263e-11 1.16347e-07 -2.62679e-08 4.61576e-08 8.88972e-09 -1.07337e-07 4.61001e-09 1.01468e-09 -3.3559e-10
852 0.07 350 0 -9.73126e-09 1.50799e-09 -2.83639e-09 -7.79811e-11 1.15946e-07 -2.66636e-08 4.60924e-08 8.70301e-09 -1.07158e-07 5.0373e-09 1.18146e-09 -3.93785e-10
852 0.08 350 0 -1.10897e-08 1.7746e-09 -3.23258e-09 -7.06091e-11 1.15481e-07 -2.71169e-08 4.60161e-08 8.48815e-09 -1.06948e-07 5.52893e-09 1.34718e-09 -4.53018e-10
852 0.09 350 0 -1.24351e-08 2.06131e-09 -3.62484e-09 -5.59792e-11 1.14952e-07 -2.76272e-08 4.59279e-08 8.24534e-09 -1.06707e-07 6.08395e-09 1.51151e-09 -5.1341e-10
852 0.1 350 0 -1.37654e-08 2.37056e-09 -4.01291e-09 -3.3182e-11 1.14357e-07 -2.8191e-08 4.58277e-08 7.97504e-09 -1.06433e-07 6.7022e-09 1.67458e-09 -5.75138e-10
852 0.11 350 0 -1.50787e-08 2.70447e-09 -4.39617e-09 -1.47767e-12 1.13696e-07 -2.8809e-08 4.57152e-08 7.67762e-09 -1.06126e-07 7.38247e-09 1.83625e-09 -6.38334e-10
852 0.12 350 0 -1.6373e-08 3.06533e-09 -4.77372e-09 3.99981e-11 1.12968e-07 -2.9476e-08 4.55887e-08 7.35327e-09 -1.05781e-07 8.12397e-09 1.99609e-09 -7.03121e-10
852 0.13 350 0 -1.76461e-08 3.45513e-09 -5.14498e-09 9.19536e-11 1.12172e-07 -3.01912e-08 4.54481e-08 7.00259e-09 -1.05399e-07 8.92545e-09 2.15406e-09 -7.69634e-10
852 0.14 350 0 -1.88956e-08 3.87582e-09 -5.50924e-09 1.55097e-10 1.11307e-07 -3.09521e-08 4.52924e-08 6.62605e-09 -1.04977e-07 9.78573e-09 2.30999e-09 -8.38007e-10
852 0.15 350 0 -2.01192e-08 4.32903e-09 -5.86564e-09 2.29973e-10 1.1037e-07 -3.17583e-08 4.51213e-08 6.22427e-09 -1.04514e-07 1.0703e-08 2.46369e-09 -9.08342e-10
852 0.16 350 0 -2.13143e-08 4.81678e-09 -6.21348e-09 3.17401e-10 1.09362e-07 -3.26022e-08 4.49331e-08 5.79783e-09 -1.04007e-07 1.16765e-08 2.61507e-09 -9.80804e-10
852 0.17 350 0 -2.24783e-08 5.34048e-09 -6.55184e-09 4.17849e-10 1.08281e-07 -3.34828e-08 4.47274e-08 5.3475e-09 -1.03453e-07 1.27041e-08 2.76393e-09 -1.0555e-09
852 0.18 350 0 -2.36083e-08 5.90139e-09 -6.88003e-09 5.31759e-10 1.07126e-07 -3.43982e-08 4.45036e-08 4.87413e-09 -1.02852e-07 1.37838e-08 2.91032e-09 -1.13257e-09
852 0.19 350 0 -2.47018e-08 6.5007e-09 -7.19624e-09 6.5955e-10 1.05896e-07 -3.53425e-08 4.42595e-08 4.37838e-09 -1.02199e-07 1.49134e-08 3.05332e-09 -1.212e-09
852 0.2 350 0 -2.57552e-08 7.13945e-09 -7.50064e-09 8.01635e-10 1.0459e-07 -3.63131e-08 4.39955e-08 3.86148e-09 -1.01493e-07 1.6091e-08 3.19381e-09 -1.29409e-09
852 0.21 350 0 -2.6765e-08 7.8192e-09 -7.7911e-09 9.58679e-10 1.03207e-07 -3.73034e-08 4.3709e-08 3.32427e-09 -1.0073e-07 1.73136e-08 3.33079e-09 -1.37882e-09
852 0.22 350 0 -2.77293e-08 8.53882e-09 -8.06666e-09 1.12998e-09 1.01746e-07 -3.83117e-08 4.33998e-08 2.76798e-09 -9.99089e-08 1.85786e-08 3.46406e-09 -1.4662e-09
852 0.23 350 0 -2.86437e-08 9.29931e-09 -8.32714e-09 1.31608e-09 1.00207e-07 -3.9333e-08 4.30676e-08 2.19398e-09 -9.90266e-08 1.98831e-08 3.59437e-09 -1.55658e-09
852 0.24 350 0 -2.95048e-08 1.0101e-08 -8.5703e-09 1.51706e-09 9.85896e-08 -4.03603e-08 4.27099e-08 1.60345e-09 -9.80799e-08 2.12239e-08 3.7206e-09 -1.64985e-09
852 0.25 350 0 -3.03095e-08 1.09428e-08 -8.79505e-09 1.73239e-09 9.68921e-08 -4.13919e-08 4.23265e-08 9.98027e-10 -9.70673e-08 2.25967e-08 3.84278e-09 -1.74609e-09
852 0.26 350 0 -3.10533e-08 1.18246e-08 -9.00072e-09 1.96222e-09 9.51159e-08 -4.24194e-08 4.19163e-08 3.79264e-10 -9.5985e-08 2.39985e-08 3.96118e-09 -1.84555e-09
852 0.27 350 0 -3.17329e-08 1.27455e-08 -9.18515e-09 2.20604e-09 9.32609e-08 -4.34368e-08 4.14773e-08 -2.512e-10 -9.48304e-08 2.54248e-08 4.07488e-09 -1.94809e-09
852 0.28 350 0 -3.23447e-08 1.37034e-08 -9.34722e-09 2.46295e-09 9.13266e-08 -4.44415e-08 4.10096e-08 -8.91333e-10 -9.36023e-08 2.68707e-08 4.1839e-09 -2.05379e-09
852 0.29 350 0 -3.28844e-08 1.46973e-08 -9.48584e-09 2.73277e-09 8.93153e-08 -4.54235e-08 4.05115e-08 -1.53928e-09 -9.22968e-08 2.83321e-08 4.28819e-09 -2.1628e-09
852 0.3 350 0 -3.33487e-08 1.57244e-08 -9.59944e-09 3.01414e-09 8.72266e-08 -4.63806e-08 3.99827e-08 -2.19281e-09 -9.09133e-08 2.98032e-08 4.38735e-09 -2.27507e-09
852 0.31 350 0 -3.3733e-08 1.67824e-08 -9.68738e-09 3.30654e-09 8.50636e-08 -4.73036e-08 3.94226e-08 -2.84973e-09 -8.94486e-08 3.12792e-08 4.4817e-09 -2.39087e-09
852 0.32 350 0 -3.40346e-08 1.7868e-08 -9.74726e-09 3.60827e-09 8.28269e-08 -4.81876e-08 3.88297e-08 -3.50761e-09 -8.7902e-08 3.27538e-08 4.57009e-09 -2.50984e-09
852 0.33 350 0 -3.4249e-08 1.89779e-08 -9.77845e-09 3.91845e-09 8.05207e-08 -4.90234e-08 3.82035e-08 -4.16394e-09 -8.62706e-08 3.42213e-08 4.65282e-09 -2.63223e-09
852 0.34 350 0 -3.43735e-08 2.01077e-08 -9.7796e-09 4.23499e-09 7.81461e-08 -4.98084e-08 3.75443e-08 -4.81599e-09 -8.45551e-08 3.56749e-08 4.72943e-09 -2.75793e-09
852 0.35 350 0 -3.4404e-08 2.12532e-08 -9.75032e-09 4.55673e-09 7.57081e-08 -5.05333e-08 3.68519e-08 -5.46107e-09 -8.27534e-08 3.71083e-08 4.80027e-09 -2.88723e-09
852 0.36 350 0 -3.43385e-08 2.24092e-08 -9.68842e-09 4.88118e-09 7.32094e-08 -5.1193e-08 3.61253e-08 -6.09622e-09 -8.08662e-08 3.85142e-08 4.86406e-09 -3.0196e-09
852 0.37 350 0 -3.41739e-08 2.35704e-08 -9.59364e-09 5.20647e-09 7.06552e-08 -5.17804e-08 3.53651e-08 -6.71846e-09 -7.88931e-08 3.98854e-08 4.92102e-09 -3.15526e-09
852 0.38 350 0 -3.39071e-08 2.47307e-08 -9.46588e-09 5.53067e-09 6.80516e-08 -5.22886e-08 3.45721e-08 -7.32474e-09 -7.68343e-08 4.12148e-08 4.97136e-09 -3.29443e-09
852 0.39 350 0 -3.35359e-08 2.58845e-08 -9.30212e-09 5.85105e-09 6.54034e-08 -5.27111e-08 3.3745e-08 -7.91161e-09 -7.46912e-08 4.24938e-08 5.01323e-09 -3.43613e-09
852 0.4 350 0 -3.30613e-08 2.70233e-08 -9.10507e-09 6.16449e-09 6.2717e-08 -5.30454e-08 3.28871e-08 -8.4762e-09 -7.2467e-08 4.37156e-08 5.04786e-09 -3.5811e-09
852 0.41 350 0 -3.24812e-08 2.81404e-08 -8.87348e-09 6.46855e-09 5.99998e-08 -5.32844e-08 3.19986e-08 -9.01512e-09 -7.01634e-08 4.4872e-08 5.07441e-09 -3.72893e-09
852 0.42 350 0 -3.17944e-08 2.92281e-08 -8.60881e-09 6.76093e-09 5.72596e-08 -5.34234e-08 3.1082e-08 -9.52531e-09 -6.77829e-08 4.59552e-08 5.09348e-09 -3.88014e-09
852 0.43 350 0 -3.09967e-08 3.02722e-08 -8.30521e-09 7.038e-09 5.45027e-08 -5.34553e-08 3.01352e-08 -1.00024e-08 -6.53259e-08 4.69525e-08 5.10127e-09 -4.03022e-09
852 0.44 350 0 -3.00903e-08 3.12671e-08 -7.96565e-09 7.29634e-09 5.17402e-08 -5.33773e-08 2.9162e-08 -1.04433e-08 -6.27993e-08 4.78575e-08 5.09984e-09 -4.18099e-09
852 0.45 350 0 -2.9086e-08 3.2211e-08 -7.59607e-09 7.53229e-09 4.89829e-08 -5.319e-08 2.81671e-08 -1.08461e-08 -6.02143e-08 4.86679e-08 5.09027e-09 -4.33551e-09
852 0.46 350 0 -2.79833e-08 3.30921e-08 -7.19604e-09 7.743e-09 4.62395e-08 -5.28901e-08 2.71524e-08 -1.12073e-08 -5.75748e-08 4.93742e-08 5.07139e-09 -4.49201e-09
852 0.47 350 0 -2.67848e-08 3.39011e-08 -6.76674e-09 7.92522e-09 4.35203e-08 -5.24758e-08 2.61208e-08 -1.15241e-08 -5.48872e-08 4.99689e-08 5.04273e-09 -4.64989e-09
852 0.48 350 0 -2.54967e-08 3.46294e-08 -6.31187e-09 8.0759e-09 4.08352e-08 -5.19487e-08 2.50768e-08 -1.17941e-08 -5.21604e-08 5.04462e-08 5.00439e-09 -4.80952e-09
852 0.49 350 0 -2.41237e-08 3.52687e-08 -5.83209e-09 8.19182e-09 3.81956e-08 -5.13074e-08 2.40225e-08 -1.20149e-08 -4.94022e-08 5.07996e-08 4.95513e-09 -4.96934e-09
852 0.5 350 0 -2.26726e-08 3.58099e-08 -5.33103e-09 8.26997e-09 3.56122e-08 -5.05548e-08 2.29629e-08 -1.21843e-08 -4.66225e-08 5.10237e-08 4.89509e-09 -5.12934e-09
852 0.51 350 0 -2.11486e-08 3.62454e-08 -4.8118e-09 8.3083e-09 3.30968e-08 -4.96938e-08 2.19028e-08 -1.23008e-08 -4.38312e-08 5.11131e-08 4.82416e-09 -5.28941e-09
852 0.52 350 0 -1.95658e-08 3.65679e-08 -4.27909e-09 8.30333e-09 3.06582e-08 -4.87295e-08 2.08462e-08 -1.23634e-08 -4.104e-08 5.10665e-08 4.74156e-09 -5.44828e-09
852 0.53 350 0 -1.79327e-08 3.67718e-08 -3.73817e-09 8.25412e-09 2.83067e-08 -4.7668e-08 1.97995e-08 -1.23718e-08 -3.82605e-08 5.0881e-08 4.64749e-09 -5.60648e-09
852 0.54 350 0 -1.6259e-08 3.68498e-08 -3.19027e-09 8.15707e-09 2.60538e-08 -4.65153e-08 1.87658e-08 -1.23245e-08 -3.55051e-08 5.05538e-08 4.54091e-09 -5.76129e-09
852 0.55 350 0 -1.45563e-08 3.67979e-08 -2.64427e-09 8.01347e-09 2.39078e-08 -4.52797e-08 1.77529e-08 -1.22237e-08 -3.2785e-08 5.0086e-08 4.4227e-09 -5.91462e-09
852 0.56 350 0 -1.2836e-08 3.66108e-08 -2.10273e-09 7.82093e-09 2.18786e-08 -4.39701e-08 1.67648e-08 -1.20689e-08 -3.01134e-08 4.94771e-08 4.29226e-09 -6.06425e-09
852 0.57 350 0 -1.11145e-08 3.62889e-08 -1.57201e-09 7.5795e-09 1.99717e-08 -4.2598e-08 1.58069e-08 -1.18624e-08 -2.75043e-08 4.87317e-08 4.14893e-09 -6.20928e-09
852 0.58 350 0 -9.40182e-09 3.58274e-08 -1.0569e-09 7.28946e-09 1.81967e-08 -4.11732e-08 1.48846e-08 -1.16058e-08 -2.49688e-08 4.78512e-08 3.99329e-09 -6.34892e-09
852 0.59 350 0 -7.71571e-09 3.52298e-08 -5.64659e-10 6.95241e-09 1.65556e-08 -3.97101e-08 1.40039e-08 -1.13029e-08 -2.25211e-08 4.68432e-08 3.82497e-09 -6.48279e-09
852 0.6 350 0 -6.06386e-09 3.4493e-08 -9.87955e-11 6.56973e-09 1.50584e-08 -3.82204e-08 1.31695e-08 -1.09563e-08 -2.01724e-08 4.57104e-08 3.64444e-09 -6.60992e-09
852 0.61 350 0 -4.47054e-09 3.36265e-08 3.31471e-10 6.14467e-09 1.3699e-08 -3.67199e-08 1.23867e-08 -1.05718e-08 -1.79356e-08 4.44662e-08 3.45149e-09 -6.7294e-09
852 0.62 350 0 -2.94488e-09 3.26314e-08 7.23452e-10 5.67898e-09 1.24836e-08 -3.52219e-08 1.16589e-08 -1.01527e-08 -1.58217e-08 4.31172e-08 3.24649e-09 -6.83937e-09
852 0.63 350 0 -1.50189e-09 3.15155e-08 1.07076e-09 5.1777e-09 1.14101e-08 -3.37414e-08 1.09906e-08 -9.70537e-09 -1.38406e-08 4.16749e-08 3.02975e-09 -6.93934e-09
852 0.64 350 0 -1.5621e-10 3.02881e-08 1.36785e-09 4.64595e-09 1.0474e-08 -3.22929e-08 1.0385e-08 -9.23624e-09 -1.20012e-08 4.01521e-08 2.80155e-09 -7.02836e-09
852 0.65 350 0 1.0813e-09 2.89565e-08 1.61092e-09 4.08866e-09 9.6734e-09 -3.08923e-08 9.8453e-09 -8.75172e-09 -1.03122e-08 3.85605e-08 2.56265e-09 -7.10564e-09
852 0.66 350 0 2.19701e-09 2.75344e-08 1.79567e-09 3.51315e-09 8.9997e-09 -2.95533e-08 9.37266e-09 -8.25934e-09 -8.77996e-09 3.69159e-08 2.31357e-09 -7.16936e-09
852 0.67 350 0 3.17972e-09 2.60362e-08 1.91886e-09 2.92627e-09 8.44426e-09 -2.82893e-08 8.96823e-09 -7.76663e-09 -7.40973e-09 3.52343e-08 2.05517e-09 -7.21825e-09
852 0.68 350 0 4.02262e-09 2.44737e-08 1.9788e-09 2.33552e-09 7.99995e-09 -2.71157e-08 8.63282e-09 -7.2818e-09 -6.20591e-09 3.35304e-08 1.78822e-09 -7.25185e-09
852 0.69 350 0 4.71144e-09 2.28705e-08 1.97126e-09 1.75066e-09 7.64688e-09 -2.6042e-08 8.36563e-09 -6.81431e-09 -5.16938e-09 3.18255e-08 1.51405e-09 -7.26941e-09
852 0.7 350 0 5.24363e-09 2.12372e-08 1.8971e-09 1.17665e-09 7.37713e-09 -2.50793e-08 8.16515e-09 -6.3705e-09 -4.30046e-09 3.01329e-08 1.23366e-09 -7.26977e-09
852 0.71 350 0 5.61318e-09 1.95977e-08 1.7566e-09 6.24208e-10 7.17158e-09 -2.42364e-08 8.02777e-09 -5.95979e-09 -3.5967e-09 2.84734e-08 9.48448e-10 -7.2521e-09
852 0.72 350 0 5.81913e-09 1.79695e-08 1.55112e-09 1.03188e-10 7.01501e-09 -2.35212e-08 7.9501e-09 -5.59099e-09 -3.05442e-09 2.68638e-08 6.59675e-10 -7.21556e-09
852 0.73 350 0 5.86025e-09 1.63736e-08 1.28325e-09 -3.7837e-10 6.88753e-09 -2.29371e-08 7.9266e-09 -5.27139e-09 -2.66682e-09 2.53221e-08 3.69072e-10 -7.15943e-09
852 0.74 350 0 5.74104e-09 1.48287e-08 9.58447e-10 -8.12385e-10 6.77347e-09 -2.24921e-08 7.95103e-09 -5.00857e-09 -2.42744e-09 2.38659e-08 7.82453e-11 -7.08339e-09
852 0.75 350 0 5.46185e-09 1.33602e-08 5.78865e-10 -1.18844e-09 6.6457e-09 -2.21759e-08 8.01602e-09 -4.80935e-09 -2.32291e-09 2.25117e-08 -2.10919e-10 -6.98674e-09
852 0.76 350 0 5.03322e-09 1.19915e-08 1.52886e-10 -1.4969e-09 6.48659e-09 -2.1991e-08 8.11272e-09 -4.6813e-09 -2.34177e-09 2.12782e-08 -4.96457e-10 -6.8694e-09
852 0.77 350 0 4.46373e-09 1.07419e-08 -3.12513e-10 -1.73175e-09 6.27398e-09 -2.19283e-08 8.23169e-09 -4.62832e-09 -2.46899e-09 2.01788e-08 -7.76199e-10 -6.73144e-09
852 0.78 350 0 3.76653e-09 9.63141e-09 -8.08508e-10 -1.88608e-09 5.98942e-09 -2.19817e-08 8.36319e-09 -4.65497e-09 -2.68966e-09 1.9228e-08 -1.04831e-09 -6.57319e-09
852 0.79 350 0 2.95773e-09 8.68219e-09 -1.32456e-09 -1.95207e-09 5.61305e-09 -2.21408e-08 8.49564e-09 -4.76581e-09 -2.98554e-09 1.84407e-08 -1.31101e-09 -6.396e-09
852 0.8 350 0 2.05648e-09 7.91049e-09 -1.85022e-09 -1.92717e-09 5.12478e-09 -2.23992e-08 8.61805e-09 -4.96237e-09 -3.33692e-09 1.78306e-08 -1.56161e-09 -6.19849e-09
852 0.81 350 0 1.08336e-09 7.34361e-09 -2.37376e-09 -1.80221e-09 4.50613e-09 -2.27244e-08 8.71697e-09 -5.24669e-09 -3.71919e-09 1.74079e-08 -1.79863e-09 -5.98394e-09
852 0.82 350 0 6.38766e-11 6.99623e-09 -2.88499e-09 -1.57893e-09 3.73965e-09 -2.31022e-08 8.78198e-09 -5.61586e-09 -4.10797e-09 1.71834e-08 -2.01849e-09 -5.75043e-09
852 0.83 350 0 -9.73437e-10 6.88522e-09 -3.36759e-09 -1.25052e-09 2.81191e-09 -2.351e-08 8.79784e-09 -6.07205e-09 -4.4773e-09 1.71659e-08 -2.22057e-09 -5.50336e-09
852 0.84 350 0 -1.99711e-09 7.0243e-09 -3.81122e-09 -8.2049e-10 1.70893e-09 -2.39184e-08 8.75385e-09 -6.60828e-09 -4.79679e-09 1.7361e-08 -2.39998e-09 -5.24204e-09
852 0.85 350 0 -2.98531e-09 7.37046e-09 -4.14221e-09 -2.6812e-10 4.13466e-10 -2.43226e-08 8.58821e-09 -7.23803e-09 -5.03937e-09 1.77327e-08 -2.581e-09 -5.00143e-09
852 0.86 350 0 -3.90956e-09 8.00716e-09 -4.42158e-09 3.75448e-10 -1.06601e-09 -2.46563e-08 8.3485e-09 -7.93329e-09 -5.18804e-09 1.8329e-08 -2.74825e-09 -4.73725e-09
852 0.87 350 0 -4.73946e-09 8.93524e-09 -4.63528e-09 1.10481e-09 -2.74213e-09 -2.48903e-08 8.0235e-09 -8.68515e-09 -5.21559e-09 1.91525e-08 -2.89482e-09 -4.45696e-09
852 0.88 350 0 -5.44373e-09 1.01846e-08 -4.77403e-09 1.93429e-09 -4.61631e-09 -2.49831e-08 7.60633e-09 -9.50207e-09 -5.09602e-09 2.02235e-08 -3.02375e-09 -4.16728e-09
852 0.89 350 0 -5.93263e-09 1.18303e-08 -4.79132e-09 2.90435e-09 -6.6937e-09 -2.48902e-08 7.05808e-09 -1.04148e-08 -4.75315e-09 2.1602e-08 -3.13965e-09 -3.87302e-09
852 0.9 350 0 -6.07181e-09 1.39141e-08 -4.62445e-09 4.02259e-09 -8.99341e-09 -2.4574e-08 6.32138e-09 -1.14275e-08 -4.06383e-09 2.33262e-08 -3.23911e-09 -3.57113e-09
852 0.91 350 0 -5.7777e-09 1.64654e-08 -4.25779e-09 5.29381e-09 -1.14674e-08 -2.39611e-08 5.38425e-09 -1.25422e-08 -2.95915e-09 2.54109e-08 -3.32545e-09 -3.26076e-09
852 0.92 350 0 -4.88636e-09 1.9557e-08 -3.63074e-09 6.74597e-09 -1.41158e-08 -2.29811e-08 4.18829e-09 -1.37847e-08 -1.28366e-09 2.79232e-08 -3.39868e-09 -2.93949e-09
852 0.93 350 0 -3.133e-09 2.33006e-08 -2.64104e-09 8.42555e-09 -1.69128e-08 -2.15388e-08 2.63541e-09 -1.51975e-08 1.21054e-09 3.09615e-08 -3.4586e-09 -2.60409e-09
852 0.94 350 0 -6.45804e-11 2.7858e-08 -1.10709e-09 1.0401e-08 -1.98279e-08 -1.94968e-08 5.45104e-10 -1.68446e-08 4.96026e-09 3.46703e-08 -3.50438e-09 -2.24957e-09
852 0.95 350 0 5.2116e-09 3.34482e-08 1.33688e-09 1.27667e-08 -2.27779e-08 -1.67057e-08 -2.44484e-09 -1.88172e-08 1.08157e-08 3.92498e-08 -3.53592e-09 -1.86725e-09
852 0.96 350 0 1.46285e-08 4.02238e-08 5.4908e-09 1.55878e-08 -2.56945e-08 -1.28609e-08 -7.15132e-09 -2.11719e-08 2.06745e-08 4.48244e-08 -3.55131e-09 -1.43791e-09
852 0.97 350 0 3.3118e-08 4.72193e-08 1.34024e-08 1.84642e-08 -2.84e-08 -7.26985e-09 -1.5679e-08 -2.34679e-08 3.94053e-08 5.03704e-08 -3.53659e-09 -9.10777e-10
852 0.98 350 0 7.36121e-08 4.3117e-08 3.04482e-08 1.66905e-08 -2.9564e-08 2.17659e-09 -3.35439e-08 -2.07344e-08 7.97641e-08 4.43993e-08 -3.3644e-09 -1.51589e-10
852 0.99 350 0 1.11216e-07 -4.1421e-08 4.63002e-08 -1.85883e-08 -1.83585e-08 1.49149e-08 -4.95707e-08 1.7012e-08 1.15911e-07 -4.24176e-08 -2.30363e-09 5.48442e-10
852 1 350 0 2.47005e-10 -8.27397e-08 1.04005e-10 -3.64097e-08 6.29041e-09 5.61264e-11 -1.10685e-10 3.69874e-08 2.57851e-10 -8.83554e-08 -2.17061e-09 -3.40722e-13
852 1.01 350 0 2.13934e-11 -3.20238e-08 8.52979e-12 -1.49993e-08 -9.75249e-09 -2.35592e-11 -5.68961e-12 1.30485e-08 1.2163e-11 -3.12902e-08 -1.6674e-09 -1.9914e-13
852 1.02 350 0 3.90851e-12 -2.26681e-08 1.14674e-12 -1.11387e-08 -1.01322e-08 -1.89025e-11 1.60527e-12 8.92229e-09 -4.12281e-12 -2.10855e-08 -1.46473e-09 -4.52647e-13
852 1.03 350 0 -1.80903e-12 -1.81373e-08 -1.22441e-12 -9.27666e-09 -1.00447e-08 -1.59954e-11 3.85441e-12 6.9587e-09 -9.19402e-12 -1.60472e-08 -1.28476e-09 -4.81244e-13
852 1.04 350 0 -4.59135e-12 -1.55411e-08 -2.35911e-12 -8.21122e-09 -9.88072e-09 -1.35417e-11 4.8107e-12 5.85208e-09 -1.1344e-11 -1.30844e-08 -1.12419e-09 -4.75119e-13
852 1.05 350 0 -6.17847e-12 -1.39395e-08 -2.99899e-12 -7.5531e-09 -9.73154e-09 -1.15676e-11 5.27579e-12 5.17919e-09 -1.2386e-11 -1.11873e-08 -9.79364e-10 -4.63819e-13
852 1.06 350 0 -7.81378e-12 -1.29249e-08 -3.71321e-12 -7.13433e-09 -9.62303e-09 -9.2707e-12 5.711e-12 4.75751e-09 -1.32001e-11 -9.91612e-09 -8.47168e-10 -5.0446e-13
852 1.07 350 0 -8.53354e-12 -1.22938e-08 -3.98066e-12 -6.87138e-09 -9.5661e-09 -7.82769e-12 5.80966e-12 4.49557e-09 -1.34441e-11 -9.04786e-09 -7.25243e-10 -4.78847e-13
852 1.08 350 0 -9.15666e-12 -1.19298e-08 -4.21526e-12 -6.71674e-09 -9.56127e-09 -6.54605e-12 5.88231e-12 4.34185e-09 -1.36187e-11 -8.45553e-09 -6.11663e-10 -4.61141e-13
852 1.09 350 0 -1.02265e-11 -1.17637e-08 -4.67793e-12 -6.64237e-09 -9.60796e-09 -4.8832e-12 6.09714e-12 4.26584e-09 -1.39833e-11 -8.06259e-09 -5.04815e-10 -4.90683e-13
852 1.1 350 0 -1.07532e-11 -1.17545e-08 -4.8721e-12 -6.63178e-09 -9.70785e-09 -3.82129e-12 6.13777e-12 4.24893e-09 -1.40908e-11 -7.8213e-09 -4.03404e-10 -4.72401e-13
852 1.11 350 0 -1.13314e-11 -1.18747e-08 -5.08691e-12 -6.67401e-09 -9.86059e-09 -2.79526e-12 6.19791e-12 4.27896e-09 -1.42416e-11 -7.69966e-09 -3.06244e-10 -4.57712e-13
852 1.12 350 0 -1.24436e-11 -1.21067e-08 -5.56978e-12 -6.7622e-09 -1.00665e-08 -1.36307e-12 6.44429e-12 4.3481e-09 -1.46746e-11 -7.67628e-09 -2.12293e-10 -4.94785e-13
852 1.13 350 0 -1.31434e-11 -1.24427e-08 -5.84309e-12 -6.89348e-09 -1.03294e-08 -3.86249e-13 6.56022e-12 4.4521e-09 -1.49331e-11 -7.7382e-09 -1.20559e-10 -4.89184e-13
852 1.14 350 0 -1.39844e-11 -1.2878e-08 -6.18062e-12 -7.06619e-09 -1.06522e-08 6.33579e-13 6.73063e-12 4.58833e-09 -1.52967e-11 -7.8765e-09 -3.00789e-11 -4.93003e-13
852 1.15 350 0 -1.53967e-11 -1.34124e-08 -6.788e-12 -7.28069e-09 -1.10394e-08 2.09957e-12 7.08476e-12 4.75601e-09 -1.59594e-11 -8.08647e-09 6.01454e-11 -5.40384e-13
852 1.16 350 0 -1.65436e-11 -1.40516e-08 -7.2591e-12 -7.5397e-09 -1.1499e-08 3.24439e-12 7.36332e-12 4.95617e-09 -1.6538e-11 -8.36748e-09 1.51141e-10 -5.57582e-13
852 1.17 350 0 -1.8392e-11 -1.48036e-08 -8.05356e-12 -7.84688e-09 -1.20392e-08 4.92136e-12 7.86694e-12 5.19085e-09 -1.75003e-11 -8.72101e-09 2.44069e-10 -6.24854e-13
852 1.18 350 0 -2.00413e-11 -1.56828e-08 -8.74605e-12 -8.20869e-09 -1.26731e-08 6.33411e-12 8.32085e-12 5.4641e-09 -1.84219e-11 -9.15266e-09 3.40232e-10 -6.65924e-13
852 1.19 350 0 -2.20516e-11 -1.67083e-08 -9.59262e-12 -8.63364e-09 -1.34166e-08 7.96901e-12 8.89212e-12 5.78161e-09 -1.95767e-11 -9.67107e-09 4.41229e-10 -7.22368e-13
852 1.2 350 0 -2.50723e-11 -1.79064e-08 -1.08971e-11 -9.13325e-09 -1.42905e-08 1.03634e-11 9.7846e-12 6.15123e-09 -2.12943e-11 -1.0289e-08 5.48985e-10 -8.43009e-13
852 1.21 350 0 -2.82399e-11 -1.93151e-08 -1.2248e-11 -9.72419e-09 -1.53248e-08 1.27559e-11 1.07344e-11 6.58441e-09 -2.31766e-11 -1.1026e-08 6.65977e-10 -9.54075e-13
852 1.22 350 0 -3.2858e-11 -2.09847e-08 -1.42434e-11 -1.04284e-08 -1.65583e-08 1.62238e-11 1.21398e-11 7.09647e-09 -2.58806e-11 -1.19082e-08 7.95455e-10 -1.14928e-12
852 1.23 350 0 -3.80991e-11 -2.29886e-08 -1.64919e-11 -1.12779e-08 -1.80474e-08 2.00345e-11 1.37524e-11 7.70966e-09 -2.90334e-11 -1.29746e-08 9.4186e-10 -1.35634e-12
852 1.24 350 0 -4.58923e-11 -2.54298e-08 -1.98634e-11 -1.23175e-08 -1.98708e-08 2.57237e-11 1.61644e-11 8.45541e-09 -3.36458e-11 -1.42802e-08 1.11143e-09 -1.7057e-12
852 1.25 350 0 -5.55994e-11 -2.84648e-08 -2.40474e-11 -1.36154e-08 -2.21484e-08 3.26866e-11 1.91887e-11 9.38139e-09 -3.94679e-11 -1.59093e-08 1.31338e-09 -2.12975e-12
852 1.26 350 0 -6.95398e-11 -3.23345e-08 -3.00675e-11 -1.52764e-08 -2.50637e-08 4.26805e-11 2.35441e-11 1.0561e-08 -4.77858e-11 -1.79915e-08 1.56184e-09 -2.7654e-12
852 1.27 350 0 -9.15709e-11 -3.7434e-08 -3.96102e-11 -1.74724e-08 -2.89184e-08 5.8614e-11 3.04144e-11 1.21147e-08 -6.0735e-11 -2.07403e-08 1.87991e-09 -3.82838e-12
852 1.28 350 0 -1.25367e-10 -4.44615e-08 -5.42385e-11 -2.05072e-08 -3.4245e-08 8.30359e-11 4.09604e-11 1.42551e-08 -8.05507e-11 -2.45326e-08 2.30808e-09 -5.47988e-12
852 1.29 350 0 -1.86893e-10 -5.47626e-08 -8.09158e-11 -2.49659e-08 -4.20695e-08 1.27937e-10 6.00902e-11 1.73924e-08 -1.16096e-10 -3.00959e-08 2.92449e-09 -8.60913e-12
852 1.3 350 0 -3.08321e-10 -7.13325e-08 -1.33569e-10 -3.21515e-08 -5.46764e-08 2.17071e-10 9.77468e-11 2.24391e-08 -1.8559e-10 -3.9049e-08 3.90267e-09 -1.49207e-11
852 1.31 350 0 -6.24735e-10 -1.02407e-07 -2.70905e-10 -4.56463e-08 -7.83469e-08 4.5179e-10 1.95396e-10 3.19048e-08 -3.63918e-10 -5.58446e-08 5.71988e-09 -3.18972e-11
852 1.32 350 0 -1.94095e-09 -1.81957e-07 -8.42536e-10 -8.02258e-08 -1.38988e-07 1.43836e-09 5.99505e-10 5.61396e-08 -1.09443e-09 -9.8848e-08 1.03438e-08 -1.04532e-10
852 1.33 350 0 -3.91403e-08 -8.26871e-07 -1.70075e-08 -3.60703e-07 -6.30808e-07 2.9664e-08 1.19465e-08 2.52613e-07 -2.13647e-08 -4.47503e-07 4.77021e-08 -2.22053e-09
852 1.34 350 0 -5.83593e-09 3.22094e-07 -2.53936e-09 1.39062e-07 2.45474e-07 4.51929e-09 1.76149e-09 -9.74556e-08 -3.0799e-09 1.73664e-07 -1.88299e-08 -3.4966e-10
852 1.35 350 0 -9.92347e-10 1.34397e-07 -4.32383e-10 5.74387e-08 1.02351e-07 7.84872e-10 2.96016e-10 -4.02649e-08 -5.05342e-10 7.21919e-08 -7.94071e-09 -6.27412e-11
852 1.36 350 0 -3.88079e-10 8.46975e-08 -1.69334e-10 3.58412e-08 6.44696e-08 3.13353e-10 1.14362e-10 -2.5126e-08 -1.90304e-10 4.53255e-08 -5.04899e-09 -2.58731e-11
852 1.37 350 0 -2.01588e-10 6.1701e-08 -8.81055e-11 2.58584e-08 4.69517e-08 1.66369e-10 5.85768e-11 -1.8124e-08 -9.46918e-11 3.28953e-08 -3.70517e-09 -1.41914e-11
852 1.38 350 0 -1.22338e-10 4.8436e-08 -5.35571e-11 2.01083e-08 3.68543e-08 1.03251e-10 3.49868e-11 -1.40878e-08 -5.47852e-11 2.57263e-08 -2.92594e-09 -9.08187e-12
852 1.39 350 0 -8.13861e-11 3.97979e-08 -3.56905e-11 1.63705e-08 3.02844e-08 7.03787e-11 2.28229e-11 -1.14618e-08 -3.44468e-11 2.10587e-08 -2.41544e-09 -6.36704e-12
852 1.4 350 0 -5.72349e-11 3.37209e-08 -2.5152e-11 1.37463e-08 2.56666e-08 5.09565e-11 1.56226e-11 -9.61639e-09 -2.2493e-11 1.77757e-08 -2.05394e-09 -4.73352e-12
852 1.41 350 0 -4.22505e-11 2.92101e-08 -1.86064e-11 1.18031e-08 2.22422e-08 3.88693e-11 1.11333e-11 -8.24853e-09 -1.51125e-11 1.53396e-08 -1.78379e-09 -3.68759e-12
852 1.42 350 0 -3.22338e-11 2.57268e-08 -1.42272e-11 1.03066e-08 1.96004e-08 3.08502e-11 8.08032e-12 -7.19404e-09 -1.01046e-11 1.34591e-08 -1.57372e-09 -2.97018e-12
852 1.43 350 0 -2.51938e-11 2.2954e-08 -1.11488e-11 9.11875e-09 1.74994e-08 2.53356e-11 5.86263e-12 -6.35627e-09 -6.43974e-12 1.19628e-08 -1.40533e-09 -2.45394e-12
852 1.44 350 0 -1.99546e-11 2.0693e-08 -8.86057e-12 8.15325e-09 1.57877e-08 2.14654e-11 4.09614e-12 -5.67468e-09 -3.43647e-12 1.07434e-08 -1.26708e-09 -2.0691e-12
852 1.45 350 0 -1.60884e-11 1.8813e-08 -7.17021e-12 7.35318e-09 1.43656e-08 1.88512e-11 2.66487e-12 -5.10945e-09 -9.27231e-13 9.73019e-09 -1.15135e-09 -1.77599e-12
852 1.46 350 0 -1.30834e-11 1.72244e-08 -5.85739e-12 6.67952e-09 1.31647e-08 1.72081e-11 1.35977e-12 -4.63322e-09 1.49124e-12 8.87481e-09 -1.05293e-09 -1.546e-12
852 1.47 350 0 -1.06694e-11 1.58635e-08 -4.8056e-12 6.10462e-09 1.21364e-08 1.64671e-11 2.84702e-14 -4.22667e-09 4.1336e-12 8.14301e-09 -9.68098e-10 -1.36188e-12
852 1.48 350 0 -8.6576e-12 1.4684e-08 -3.93283e-12 5.60837e-09 1.12452e-08 1.67616e-11 -1.52617e-12 -3.87578e-09 7.44193e-12 7.51003e-09 -8.94145e-10 -1.21231e-12
852 1.49 350 0 -6.85059e-12 1.36516e-08 -3.1577e-12 5.17574e-09 1.04646e-08 1.86406e-11 -3.70669e-12 -3.5702e-09 1.23758e-11 6.95767e-09 -8.29038e-10 -1.09278e-12
852 1.5 350 0 -5.18395e-12 1.27399e-08 -2.45e-12 4.79535e-09 9.77359e-09 2.33049e-11 -7.1627e-12 -3.30244e-09 2.05115e-11 6.473e-09 -7.71227e-10 -9.92285e-13
852 1.51 350 0 -3.37783e-12 1.19287e-08 -1.69853e-12 4.45835e-09 9.15394e-09 3.48416e-11 -1.41139e-11 -3.06764e-09 3.72797e-11 6.0484e-09 -7.19472e-10 -9.1113e-13
852 1.52 350 0 -8.63116e-13 1.1202e-08 -6.81668e-13 4.15777e-09 8.58241e-09 7.01915e-11 -3.34052e-11 -2.86645e-09 8.43798e-11 5.68893e-09 -6.72706e-10 -8.51952e-13
852 1.53 350 0 5.11743e-12 1.05473e-08 1.66637e-12 3.88796e-09 7.9588e-09 2.76361e-10 -1.4063e-10 -2.74032e-09 3.47332e-10 5.49959e-09 -6.29538e-10 -8.48619e-13
852 1.54 350 0 -1.86844e-10 9.88071e-09 -7.60544e-11 3.62782e-09 -9.00579e-08 3.12953e-08 -1.56877e-08 -5.18286e-08 3.85104e-08 1.26028e-07 -6.37639e-10 -1.31356e-11
852 1.55 350 0 -1.35661e-11 9.41169e-09 -5.51144e-12 3.425e-09 7.142e-09 2.11085e-10 -9.85538e-11 -2.3953e-09 2.43685e-10 4.85007e-09 -5.61233e-10 -6.09935e-13
852 1.56 350 0 -8.5615e-12 8.91774e-09 -3.54518e-12 3.22434e-09 6.87679e-09 5.79348e-11 -2.38666e-11 -2.19853e-09 6.02508e-11 4.45398e-09 -5.28282e-10 -5.72924e-13
852 1.57 350 0 -6.6117e-12 8.46393e-09 -2.76758e-12 3.04104e-09 6.55489e-09 2.75428e-11 -9.59398e-12 -2.05839e-09 2.50992e-11 4.18792e-09 -4.98588e-10 -5.41793e-13
852 1.58 350 0 -5.49926e-12 8.04562e-09 -2.31855e-12 2.87297e-09 6.24668e-09 1.66544e-11 -4.73498e-12 -1.93576e-09 1.30642e-11 3.95735e-09 -4.71348e-10 -5.09475e-13
852 1.59 350 0 -4.7411e-12 7.65881e-09 -2.00862e-12 2.71835e-09 5.95844e-09 1.14583e-11 -2.56235e-12 -1.82462e-09 7.63305e-12 3.74846e-09 -4.46202e-10 -4.80008e-13
852 1.6 350 0 -4.17489e-12 7.30004e-09 -1.77506e-12 2.57566e-09 5.6898e-09 8.54354e-12 -1.43693e-12 -1.72274e-09 4.78228e-12 3.55659e-09 -4.22901e-10 -4.53164e-13
852 1.61 350 0 -3.72669e-12 6.96636e-09 -1.58821e-12 2.44364e-09 5.4393e-09 6.70768e-12 -7.90355e-13 -1.62882e-09 3.11468e-12 3.37916e-09 -4.01246e-10 -4.2912e-13
852 1.62 350 0 -3.36216e-12 6.65521e-09 -1.43553e-12 2.32116e-09 5.2053e-09 5.48435e-12 -4.05536e-13 -1.54192e-09 2.09687e-12 3.21442e-09 -3.81073e-10 -4.06234e-13
852 1.63 350 0 -3.05686e-12 6.36438e-09 -1.30671e-12 2.20727e-09 4.9863e-09 4.61047e-12 -1.62596e-13 -1.46128e-09 1.43348e-12 3.06096e-09 -3.6224e-10 -3.85154e-13
852 1.64 350 0 -2.79465e-12 6.09195e-09 -1.19599e-12 2.10113e-09 4.7809e-09 3.95016e-12 -1.00219e-15 -1.38626e-09 9.76546e-13 2.91766e-09 -3.44622e-10 -3.66398e-13
852 1.65 350 0 -2.5693e-12 5.83624e-09 -1.09996e-12 2.00201e-09 4.5879e-09 3.44499e-12 1.03909e-13 -1.31633e-09 6.62448e-13 2.78353e-09 -3.28113e-10 -3.48445e-13
852 1.66 350 0 -2.37121e-12 5.59575e-09 -1.01545e-12 1.90928e-09 4.40621e-09 3.0407e-12 1.75025e-13 -1.251e-09 4.36196e-13 2.65775e-09 -3.12617e-10 -3.3204e-13
852 1.67 350 0 -2.19675e-12 5.3692e-09 -9.40445e-13 1.82237e-09 4.23486e-09 2.71143e-12 2.22673e-13 -1.18989e-09 2.70529e-13 2.53958e-09 -2.98051e-10 -3.1654e-13
852 1.68 350 0 -2.04181e-12 5.15541e-09 -8.73435e-13 1.74078e-09 4.07299e-09 2.439e-12 2.53735e-13 -1.13261e-09 1.48571e-13 2.42838e-09 -2.8434e-10 -3.01888e-13
852 1.69 350 0 -1.90312e-12 4.95336e-09 -8.13221e-13 1.66406e-09 3.91983e-09 2.20964e-12 2.73276e-13 -1.07886e-09 5.75955e-14 2.32357e-09 -2.71418e-10 -2.87994e-13
852 1.7 350 0 -1.77833e-12 4.76214e-09 -7.58737e-13 1.59182e-09 3.77472e-09 2.01395e-12 2.84518e-13 -1.02833e-09 -1.08539e-14 2.22466e-09 -2.59224e-10 -2.74704e-13
852 1.71 350 0 -1.66537e-12 4.58091e-09 -7.0914e-13 1.5237e-09 3.63702e-09 1.84467e-12 2.89853e-13 -9.80787e-10 -6.30545e-14 2.13119e-09 -2.47705e-10 -2.61912e-13
852 1.72 350 0 -1.56278e-12 4.40894e-09 -6.63666e-13 1.45939e-09 3.5062e-09 1.69681e-12 2.90756e-13 -9.3599e-10 -1.03115e-13 2.04276e-09 -2.36812e-10 -2.49473e-13
852 1.73 350 0 -1.46917e-12 4.24556e-09 -6.21664e-13 1.3986e-09 3.38177e-09 1.56615e-12 2.88432e-13 -8.93733e-10 -1.34434e-13 1.95899e-09 -2.26501e-10 -2.37271e-13
852 1.74 350 0 -1.38316e-12 4.09017e-09 -5.82628e-13 1.34108e-09 3.26326e-09 1.44944e-12 2.83682e-13 -8.53831e-10 -1.59171e-13 1.87955e-09 -2.16732e-10 -2.25236e-13
852 1.75 350 0 -1.30415e-12 3.94223e-09 -5.46065e-13 1.28658e-09 3.15029e-09 1.34487e-12 2.76718e-13 -8.16114e-10 -1.78638e-13 1.80415e-09 -2.07468e-10 -2.13064e-13
852 1.76 350 0 -1.23092e-12 3.80125e-09 -5.11579e-13 1.2349e-09 3.04248e-09 1.24982e-12 2.68287e-13 -7.80429e-10 -1.9448e-13 1.73251e-09 -1.98677e-10 -2.00859e-13
852 1.77 350 0 -1.1631e-12 3.66675e-09 -4.7839e-13 1.18585e-09 2.9395e-09 1.1627e-12 2.58243e-13 -7.46635e-10 -2.08181e-13 1.66439e-09 -1.90328e-10 -1.87967e-13
852 1.78 350 0 -1.10051e-12 3.53835e-09 -4.45041e-13 1.13924e-09 2.84104e-09 1.08181e-12 2.45686e-13 -7.14604e-10 -2.21496e-13 1.59955e-09 -1.82392e-10 -1.72766e-13
852 1.79 350 0 -9.97698e-13 3.4156e-09 -3.96284e-13 1.0949e-09 2.74671e-09 9.2477e-13 2.50918e-13 -6.84246e-10 -2.79605e-13 1.53787e-09 -1.74845e-10 -1.50063e-13
852 1.8 350 0 -9.18658e-13 3.29823e-09 -3.64305e-13 1.05271e-09 2.65641e-09 8.23351e-13 2.49564e-13 -6.55421e-10 -2.98107e-13 1.47905e-09 -1.67663e-10 -1.39725e-13
852 1.81 350 0 -8.53222e-13 3.18593e-09 -3.37671e-13 1.01253e-09 2.5699e-09 7.47224e-13 2.43165e-13 -6.28034e-10 -3.02422e-13 1.42292e-09 -1.60823e-10 -1.3103e-13
852 1.82 350 0 -7.98279e-13 3.07838e-09 -3.14617e-13 9.74235e-10 2.48693e-09 6.88461e-13 2.33432e-13 -6.01998e-10 -2.98606e-13 1.36934e-09 -1.54307e-10 -1.22689e-13
852 1.83 350 0 -7.49313e-13 2.97531e-09 -2.93723e-13 9.37711e-10 2.40731e-09 6.38533e-13 2.22728e-13 -5.77233e-10 -2.91647e-13 1.31817e-09 -1.48094e-10 -1.14733e-13
852 1.84 350 0 -7.05782e-13 2.87649e-09 -2.74726e-13 9.02852e-10 2.33085e-09 5.9605e-13 2.11435e-13 -5.53662e-10 -2.82592e-13 1.26926e-09 -1.4217e-10 -1.07097e-13
852 1.85 350 0 -6.67021e-13 2.78167e-09 -2.57319e-13 8.69561e-10 2.25738e-09 5.59606e-13 1.9988e-13 -5.31214e-10 -2.72362e-13 1.22249e-09 -1.36516e-10 -9.9729e-14
852 1.86 350 0 -6.32533e-13 2.69064e-09 -2.41317e-13 8.37748e-10 2.18673e-09 5.28247e-13 1.88336e-13 -5.09824e-10 -2.6152e-13 1.17774e-09 -1.31119e-10 -9.26815e-14
852 1.87 350 0 -6.01689e-13 2.6032e-09 -2.26434e-13 8.07329e-10 2.11877e-09 5.00865e-13 1.77041e-13 -4.89432e-10 -2.50659e-13 1.1349e-09 -1.25964e-10 -8.59794e-14
852 1.88 350 0 -5.74266e-13 2.51917e-09 -2.12689e-13 7.78228e-10 2.05336e-09 4.77161e-13 1.6618e-13 -4.69981e-10 -2.39901e-13 1.09388e-09 -1.21039e-10 -7.97601e-14
852 1.89 350 0 -5.49734e-13 2.43837e-09 -2.00068e-13 7.50372e-10 1.99036e-09 4.56397e-13 1.56065e-13 -4.51419e-10 -2.29538e-13 1.05458e-09 -1.16331e-10 -7.42024e-14
852 1.9 350 0 -5.26584e-13 2.36065e-09 -1.8932e-13 7.23695e-10 1.92967e-09 4.3748e-13 1.47257e-13 -4.33697e-10 -2.1895e-13 1.0169e-09 -1.11829e-10 -6.97762e-14
852 1.91 350 0 -5.04586e-13 2.28585e-09 -1.79449e-13 6.98133e-10 1.87116e-09 4.19638e-13 1.39064e-13 -4.1677e-10 -2.0874e-13 9.80776e-10 -1.07523e-10 -6.56969e-14
852 1.92 350 0 -4.83922e-13 2.21384e-09 -1.70166e-13 6.73631e-10 1.81475e-09 4.02905e-13 1.31311e-13 -4.00595e-10 -1.99097e-13 9.46117e-10 -1.03403e-10 -6.18066e-14
852 1.93 350 0 -4.64502e-13 2.14447e-09 -1.61427e-13 6.50132e-10 1.76033e-09 3.87217e-13 1.23961e-13 -3.85133e-10 -1.89964e-13 9.12853e-10 -9.94583e-11 -5.8092e-14
852 1.94 350 0 -4.46246e-13 2.07763e-09 -1.53193e-13 6.27586e-10 1.7078e-09 3.72514e-13 1.16977e-13 -3.70345e-10 -1.81295e-13 8.80918e-10 -9.56813e-11 -5.45387e-14
852 1.95 350 0 -4.29085e-13 2.01321e-09 -1.45426e-13 6.05946e-10 1.65709e-09 3.58744e-13 1.10324e-13 -3.56198e-10 -1.73045e-13 8.50247e-10 -9.20635e-11 -5.11306e-14
852 1.96 350 0 -4.12962e-13 1.95109e-09 -1.38086e-13 5.85168e-10 1.60812e-09 3.45869e-13 1.03966e-13 -3.42658e-10 -1.65175e-13 8.2078e-10 -8.85972e-11 -4.78486e-14
852 1.97 350 0 -3.9784e-13 1.89116e-09 -1.31134e-13 5.65209e-10 1.56081e-09 3.33866e-13 9.78575e-14 -3.29696e-10 -1.57643e-13 7.9246e-10 -8.52749e-11 -4.46669e-14
852 1.98 350 0 -3.83711e-13 1.83335e-09 -1.24526e-13 5.46031e-10 1.51509e-09 3.22754e-13 9.19375e-14 -3.17282e-10 -1.50397e-13 7.65236e-10 -8.20899e-11 -4.15452e-14
852 1.99 350 0 -3.70666e-13 1.77754e-09 -1.18193e-13 5.27595e-10 1.47089e-09 3.12667e-13 8.6081e-14 -3.0539e-10 -1.43347e-13 7.39056e-10 -7.90356e-11 -3.83958e-14
852 2 350 0 -3.60274e-13 1.72366e-09 -1.117e-13 5.09869e-10 1.42815e-09 3.05602e-13 7.91628e-14 -2.93993e-10 -1.35737e-13 7.13873e-10 -7.61059e-11 -3.43979e-14
