852 0 170 0 1.32633e-06 2.45838e-07 7.24099e-08 1.98674e-07 0 0 0 0 0 0 -3.80167e-08 1.99593e-07
852 0.01 170 0 1.32636e-06 2.45885e-07 7.24417e-08 1.98713e-07 -4.19238e-10 -5.42141e-09 -1.22609e-09 -3.81431e-09 1.44459e-09 3.29524e-09 -3.80084e-08 1.99589e-07
852 0.02 170 0 1.32644e-06 2.46026e-07 7.25371e-08 1.98829e-07 -8.40183e-10 -1.08392e-08 -2.45535e-09 -7.62811e-09 2.89229e-09 6.58966e-09 -3.79837e-08 1.99577e-07
852 0.03 170 0 1.32658e-06 2.46261e-07 7.26964e-08 1.99021e-07 -1.26453e-09 -1.62496e-08 -3.69097e-09 -1.14409e-08 4.3462e-09 9.88244e-09 -3.79422e-08 1.99556e-07
852 0.04 170 0 1.32677e-06 2.46589e-07 7.29202e-08 1.99291e-07 -1.69394e-09 -2.16491e-08 -4.93613e-09 -1.52521e-08 5.80945e-09 1.31727e-08 -3.78845e-08 1.99526e-07
852 0.05 170 0 1.32702e-06 2.4701e-07 7.32089e-08 1.99636e-07 -2.13004e-09 -2.70339e-08 -6.19402e-09 -1.90611e-08 7.28513e-09 1.64596e-08 -3.78103e-08 1.99489e-07
852 0.06 170 0 1.32733e-06 2.47524e-07 7.35634e-08 2.00058e-07 -2.57441e-09 -3.24003e-08 -7.46782e-09 -2.28674e-08 8.77634e-09 1.97422e-08 -3.77196e-08 1.99442e-07
852 0.07 170 0 1.3277e-06 2.48128e-07 7.39844e-08 2.00554e-07 -3.02856e-09 -3.77447e-08 -8.76071e-09 -2.66702e-08 1.02862e-08 2.30194e-08 -3.76121e-08 1.99387e-07
852 0.08 170 0 1.32812e-06 2.48823e-07 7.44735e-08 2.01124e-07 -3.49386e-09 -4.30632e-08 -1.00759e-08 -3.04688e-08 1.18177e-08 2.62901e-08 -3.74878e-08 1.99322e-07
852 0.09 170 0 1.32861e-06 2.49607e-07 7.50318e-08 2.01767e-07 -3.97163e-09 -4.83519e-08 -1.14165e-08 -3.42625e-08 1.33739e-08 2.95533e-08 -3.73466e-08 1.99249e-07
852 0.1 170 0 1.32917e-06 2.50478e-07 7.56602e-08 2.02482e-07 -4.46316e-09 -5.36072e-08 -1.27858e-08 -3.80502e-08 1.49579e-08 3.28076e-08 -3.71889e-08 1.99165e-07
852 0.11 170 0 1.32978e-06 2.51434e-07 7.63618e-08 2.03267e-07 -4.96967e-09 -5.88251e-08 -1.4187e-08 -4.18311e-08 1.65726e-08 3.60514e-08 -3.70141e-08 1.99073e-07
852 0.12 170 0 1.33047e-06 2.52476e-07 7.71356e-08 2.04122e-07 -5.49181e-09 -6.40017e-08 -1.56231e-08 -4.5604e-08 1.82211e-08 3.92837e-08 -3.68226e-08 1.98969e-07
852 0.13 170 0 1.33122e-06 2.536e-07 7.79855e-08 2.05044e-07 -6.03043e-09 -6.91329e-08 -1.70976e-08 -4.93677e-08 1.99065e-08 4.25025e-08 -3.66147e-08 1.98855e-07
852 0.14 170 0 1.33205e-06 2.54804e-07 7.89127e-08 2.06031e-07 -6.58624e-09 -7.42148e-08 -1.86134e-08 -5.31208e-08 2.16315e-08 4.5706e-08 -3.639e-08 1.98731e-07
852 0.15 170 0 1.33295e-06 2.56086e-07 7.99197e-08 2.07082e-07 -7.15956e-09 -7.92432e-08 -2.01736e-08 -5.68618e-08 2.3399e-08 4.88923e-08 -3.61479e-08 1.98595e-07
852 0.16 170 0 1.33393e-06 2.57441e-07 8.10098e-08 2.08193e-07 -7.75081e-09 -8.42143e-08 -2.17816e-08 -6.05891e-08 2.52115e-08 5.20589e-08 -3.58885e-08 1.98448e-07
852 0.17 170 0 1.33499e-06 2.58869e-07 8.2183e-08 2.09363e-07 -8.35964e-09 -8.91236e-08 -2.34403e-08 -6.43007e-08 2.70723e-08 5.5204e-08 -3.56125e-08 1.98287e-07
852 0.18 170 0 1.33613e-06 2.60367e-07 8.34428e-08 2.1059e-07 -8.98594e-09 -9.39669e-08 -2.51528e-08 -6.79948e-08 2.89838e-08 5.83248e-08 -3.53198e-08 1.98114e-07
852 0.19 170 0 1.33736e-06 2.61929e-07 8.47921e-08 2.11869e-07 -9.62902e-09 -9.87402e-08 -2.69222e-08 -7.16691e-08 3.09484e-08 6.14185e-08 -3.501e-08 1.97927e-07
852 0.2 170 0 1.33867e-06 2.6355e-07 8.62338e-08 2.13197e-07 -1.02886e-08 -1.03439e-07 -2.87512e-08 -7.53212e-08 3.29682e-08 6.44819e-08 -3.46824e-08 1.97727e-07
852 0.21 170 0 1.34008e-06 2.65242e-07 8.77698e-08 2.1458e-07 -1.09633e-08 -1.08058e-07 -3.06441e-08 -7.89493e-08 3.50477e-08 6.75131e-08 -3.43388e-08 1.9751e-07
852 0.22 170 0 1.34159e-06 2.66974e-07 8.94025e-08 2.15997e-07 -1.16509e-08 -1.12595e-07 -3.26014e-08 -8.25488e-08 3.71858e-08 7.05066e-08 -3.39785e-08 1.97279e-07
852 0.23 170 0 1.34319e-06 2.6875e-07 9.11356e-08 2.17449e-07 -1.23505e-08 -1.17046e-07 -3.46269e-08 -8.61176e-08 3.93851e-08 7.34592e-08 -3.36e-08 1.97031e-07
852 0.24 170 0 1.34489e-06 2.70571e-07 9.29699e-08 2.18937e-07 -1.30596e-08 -1.21406e-07 -3.67234e-08 -8.96521e-08 4.16488e-08 7.63677e-08 -3.32067e-08 1.96765e-07
852 0.25 170 0 1.3467e-06 2.72426e-07 9.49093e-08 2.20452e-07 -1.37754e-08 -1.2567e-07 -3.88929e-08 -9.31489e-08 4.39775e-08 7.92273e-08 -3.27966e-08 1.96481e-07
852 0.26 170 0 1.34861e-06 2.74311e-07 9.69566e-08 2.2199e-07 -1.44959e-08 -1.29835e-07 -4.11381e-08 -9.66041e-08 4.6372e-08 8.20333e-08 -3.23696e-08 1.96177e-07
852 0.27 170 0 1.35064e-06 2.7622e-07 9.91128e-08 2.23546e-07 -1.52167e-08 -1.33897e-07 -4.3461e-08 -1.00013e-07 4.88344e-08 8.47815e-08 -3.19278e-08 1.95853e-07
852 0.28 170 0 1.35277e-06 2.78143e-07 1.01382e-07 2.25113e-07 -1.59347e-08 -1.37853e-07 -4.58635e-08 -1.03373e-07 5.1364e-08 8.74661e-08 -3.14692e-08 1.95507e-07
852 0.29 170 0 1.35502e-06 2.80075e-07 1.03764e-07 2.26685e-07 -1.66451e-08 -1.41697e-07 -4.83472e-08 -1.06676e-07 5.39623e-08 9.00826e-08 -3.09966e-08 1.95138e-07
852 0.3 170 0 1.35738e-06 2.82009e-07 1.06264e-07 2.28255e-07 -1.73439e-08 -1.45428e-07 -5.09137e-08 -1.09921e-07 5.66281e-08 9.26246e-08 -3.05088e-08 1.94745e-07
852 0.31 170 0 1.35987e-06 2.83935e-07 1.0888e-07 2.29817e-07 -1.80254e-08 -1.49042e-07 -5.35641e-08 -1.13099e-07 5.9362e-08 9.50871e-08 -3.00081e-08 1.94326e-07
852 0.32 170 0 1.36247e-06 2.85844e-07 1.11615e-07 2.31362e-07 -1.86845e-08 -1.52537e-07 -5.62992e-08 -1.16207e-07 6.21615e-08 9.74634e-08 -2.94926e-08 1.9388e-07
852 0.33 170 0 1.36519e-06 2.87726e-07 1.14469e-07 2.32883e-07 -1.93143e-08 -1.5591e-07 -5.91194e-08 -1.19238e-07 6.50263e-08 9.97476e-08 -2.8966e-08 1.93405e-07
852 0.34 170 0 1.36802e-06 2.89574e-07 1.17445e-07 2.34371e-07 -1.99094e-08 -1.59159e-07 -6.20248e-08 -1.22187e-07 6.79531e-08 1.01933e-07 -2.84269e-08 1.92901e-07
852 0.35 170 0 1.37098e-06 2.91378e-07 1.2054e-07 2.35818e-07 -2.04615e-08 -1.62282e-07 -6.50149e-08 -1.25046e-07 7.09403e-08 1.04014e-07 -2.78789e-08 1.92364e-07
852 0.36 170 0 1.37405e-06 2.93124e-07 1.23754e-07 2.37213e-07 -2.0965e-08 -1.65278e-07 -6.80892e-08 -1.27809e-07 7.39835e-08 1.05983e-07 -2.73202e-08 1.91794e-07
852 0.37 170 0 1.37724e-06 2.94806e-07 1.27088e-07 2.38548e-07 -2.14106e-08 -1.68148e-07 -7.12458e-08 -1.30469e-07 7.70792e-08 1.07834e-07 -2.67554e-08 1.91189e-07
852 0.38 170 0 1.38054e-06 2.96409e-07 1.30538e-07 2.39814e-07 -2.17906e-08 -1.70891e-07 -7.44836e-08 -1.33019e-07 8.02224e-08 1.09559e-07 -2.61829e-08 1.90547e-07
852 0.39 170 0 1.38395e-06 2.97937e-07 1.34105e-07 2.41008e-07 -2.20966e-08 -1.73504e-07 -7.78016e-08 -1.35453e-07 8.341e-08 1.11153e-07 -2.56055e-08 1.89864e-07
852 0.4 170 0 1.38746e-06 2.99355e-07 1.37782e-07 2.42103e-07 -2.23198e-08 -1.75997e-07 -8.1193e-08 -1.37762e-07 8.66305e-08 1.12609e-07 -2.50271e-08 1.89143e-07
852 0.41 170 0 1.39106e-06 3.00663e-07 1.41564e-07 2.43096e-07 -2.24506e-08 -1.78368e-07 -8.4655e-08 -1.39938e-07 8.98793e-08 1.13921e-07 -2.44503e-08 1.88378e-07
852 0.42 170 0 1.39476e-06 3.01851e-07 1.45449e-07 2.43978e-07 -2.24807e-08 -1.8062e-07 -8.81843e-08 -1.41976e-07 9.31479e-08 1.15081e-07 -2.38751e-08 1.8757e-07
852 0.43 170 0 1.39858e-06 3.02914e-07 1.49445e-07 2.44739e-07 -2.23837e-08 -1.82746e-07 -9.17778e-08 -1.43858e-07 9.64356e-08 1.16076e-07 -2.33033e-08 1.86707e-07
852 0.44 170 0 1.40248e-06 3.03838e-07 1.53544e-07 2.45363e-07 -2.21593e-08 -1.84753e-07 -9.54296e-08 -1.45576e-07 9.97275e-08 1.16904e-07 -2.27458e-08 1.85786e-07
852 0.45 170 0 1.40642e-06 3.04598e-07 1.57716e-07 2.45841e-07 -2.18137e-08 -1.86666e-07 -9.91275e-08 -1.47138e-07 1.03004e-07 1.1757e-07 -2.2203e-08 1.84824e-07
852 0.46 170 0 1.41041e-06 3.05188e-07 1.61959e-07 2.46164e-07 -2.13303e-08 -1.88486e-07 -1.02865e-07 -1.48531e-07 1.06257e-07 1.18064e-07 -2.16763e-08 1.83814e-07
852 0.47 170 0 1.41443e-06 3.05603e-07 1.66267e-07 2.46321e-07 -2.06969e-08 -1.9022e-07 -1.06636e-07 -1.49748e-07 1.09477e-07 1.18383e-07 -2.11709e-08 1.82754e-07
852 0.48 170 0 1.41848e-06 3.05832e-07 1.70626e-07 2.46304e-07 -1.99081e-08 -1.91879e-07 -1.10428e-07 -1.50783e-07 1.12648e-07 1.18527e-07 -2.06868e-08 1.81642e-07
852 0.49 170 0 1.42252e-06 3.05869e-07 1.75025e-07 2.46101e-07 -1.89541e-08 -1.93473e-07 -1.14233e-07 -1.51629e-07 1.15756e-07 1.18491e-07 -2.02309e-08 1.80475e-07
852 0.5 170 0 1.42657e-06 3.05706e-07 1.79454e-07 2.45703e-07 -1.78268e-08 -1.95014e-07 -1.18042e-07 -1.52279e-07 1.18786e-07 1.18277e-07 -1.98053e-08 1.79253e-07
852 0.51 170 0 1.43059e-06 3.05353e-07 1.83898e-07 2.45112e-07 -1.65181e-08 -1.96507e-07 -1.21842e-07 -1.52729e-07 1.21727e-07 1.17886e-07 -1.94199e-08 1.77975e-07
852 0.52 170 0 1.43455e-06 3.0478e-07 1.88336e-07 2.44301e-07 -1.50255e-08 -1.97981e-07 -1.25616e-07 -1.52972e-07 1.24555e-07 1.17319e-07 -1.90782e-08 1.76641e-07
852 0.53 170 0 1.43845e-06 3.03997e-07 1.92751e-07 2.4327e-07 -1.33469e-08 -1.99446e-07 -1.29354e-07 -1.53006e-07 1.27253e-07 1.16585e-07 -1.87795e-08 1.75248e-07
852 0.54 170 0 1.44226e-06 3.02985e-07 1.97122e-07 2.41986e-07 -1.14766e-08 -2.00924e-07 -1.33044e-07 -1.52806e-07 1.29791e-07 1.15682e-07 -1.85239e-08 1.7379e-07
852 0.55 170 0 1.44595e-06 3.01781e-07 2.0143e-07 2.40487e-07 -9.4103e-09 -2.02421e-07 -1.3666e-07 -1.52398e-07 1.32178e-07 1.14625e-07 -1.8331e-08 1.72286e-07
852 0.56 170 0 1.44952e-06 3.00375e-07 2.05665e-07 2.38762e-07 -7.14623e-09 -2.03953e-07 -1.40193e-07 -1.51773e-07 1.34389e-07 1.13416e-07 -1.82128e-08 1.70728e-07
852 0.57 170 0 1.45293e-06 2.98775e-07 2.09798e-07 2.36804e-07 -4.68976e-09 -2.05545e-07 -1.43624e-07 -1.50933e-07 1.36406e-07 1.12075e-07 -1.81671e-08 1.69116e-07
852 0.58 170 0 1.45617e-06 2.96985e-07 2.13813e-07 2.34614e-07 -2.03849e-09 -2.07211e-07 -1.46937e-07 -1.49872e-07 1.38211e-07 1.10605e-07 -1.82093e-08 1.67453e-07
852 0.59 170 0 1.45921e-06 2.95019e-07 2.17683e-07 2.3219e-07 7.96384e-10 -2.08974e-07 -1.50113e-07 -1.48597e-07 1.39788e-07 1.09031e-07 -1.83404e-08 1.65739e-07
852 0.6 170 0 1.46203e-06 2.92893e-07 2.21394e-07 2.29543e-07 3.81874e-09 -2.10841e-07 -1.53139e-07 -1.47105e-07 1.41124e-07 1.07358e-07 -1.85761e-08 1.63978e-07
852 0.61 170 0 1.4646e-06 2.9061e-07 2.24904e-07 2.26659e-07 7.00605e-09 -2.1285e-07 -1.55983e-07 -1.45402e-07 1.42197e-07 1.05616e-07 -1.89176e-08 1.62174e-07
852 0.62 170 0 1.46691e-06 2.88191e-07 2.28201e-07 2.23551e-07 1.03576e-08 -2.15008e-07 -1.58633e-07 -1.43489e-07 1.42996e-07 1.03815e-07 -1.93831e-08 1.60333e-07
852 0.63 170 0 1.46892e-06 2.8566e-07 2.31254e-07 2.20227e-07 1.38587e-08 -2.17335e-07 -1.61065e-07 -1.41372e-07 1.43508e-07 1.01984e-07 -1.9978e-08 1.58459e-07
852 0.64 170 0 1.47063e-06 2.83038e-07 2.34035e-07 2.16692e-07 1.74906e-08 -2.19851e-07 -1.63254e-07 -1.3906e-07 1.43721e-07 1.0015e-07 -2.07106e-08 1.56556e-07
852 0.65 170 0 1.47202e-06 2.80349e-07 2.36518e-07 2.12957e-07 2.12444e-08 -2.22567e-07 -1.6518e-07 -1.36555e-07 1.43626e-07 9.83302e-08 -2.15968e-08 1.54636e-07
852 0.66 170 0 1.47307e-06 2.77622e-07 2.38673e-07 2.09033e-07 2.50991e-08 -2.25501e-07 -1.66816e-07 -1.33867e-07 1.43214e-07 9.6557e-08 -2.26456e-08 1.52707e-07
852 0.67 170 0 1.47375e-06 2.74883e-07 2.40468e-07 2.04933e-07 2.90342e-08 -2.28667e-07 -1.68133e-07 -1.31005e-07 1.42479e-07 9.48596e-08 -2.38692e-08 1.50777e-07
852 0.68 170 0 1.47408e-06 2.72169e-07 2.41878e-07 2.00676e-07 3.30336e-08 -2.32071e-07 -1.69107e-07 -1.2798e-07 1.41419e-07 9.3267e-08 -2.52812e-08 1.48859e-07
852 0.69 170 0 1.47401e-06 2.69501e-07 2.42853e-07 1.96268e-07 3.70626e-08 -2.35738e-07 -1.69696e-07 -1.24804e-07 1.40025e-07 9.18152e-08 -2.68911e-08 1.46968e-07
852 0.7 170 0 1.47356e-06 2.66919e-07 2.43365e-07 1.91735e-07 4.11051e-08 -2.39668e-07 -1.69872e-07 -1.2149e-07 1.38302e-07 9.05309e-08 -2.8717e-08 1.4512e-07
852 0.71 170 0 1.4727e-06 2.64463e-07 2.43368e-07 1.87097e-07 4.51309e-08 -2.43871e-07 -1.6959e-07 -1.18055e-07 1.3625e-07 8.94573e-08 -3.0767e-08 1.43334e-07
852 0.72 170 0 1.47144e-06 2.62166e-07 2.42823e-07 1.82383e-07 4.91182e-08 -2.48348e-07 -1.6881e-07 -1.14517e-07 1.33877e-07 8.86207e-08 -3.30576e-08 1.41631e-07
852 0.73 170 0 1.46977e-06 2.60066e-07 2.41677e-07 1.77619e-07 5.30325e-08 -2.53107e-07 -1.67481e-07 -1.10902e-07 1.31187e-07 8.80626e-08 -3.56043e-08 1.40037e-07
852 0.74 170 0 1.46769e-06 2.5821e-07 2.3988e-07 1.72847e-07 5.68588e-08 -2.58139e-07 -1.65548e-07 -1.07234e-07 1.28197e-07 8.78145e-08 -3.84143e-08 1.38579e-07
852 0.75 170 0 1.4652e-06 2.56623e-07 2.3736e-07 1.68098e-07 6.05435e-08 -2.63457e-07 -1.6294e-07 -1.03552e-07 1.2491e-07 8.79193e-08 -4.15047e-08 1.37291e-07
852 0.76 170 0 1.4623e-06 2.55353e-07 2.34053e-07 1.6343e-07 6.40717e-08 -2.69048e-07 -1.59589e-07 -9.98978e-08 1.2135e-07 8.84055e-08 -4.48834e-08 1.36215e-07
852 0.77 170 0 1.45899e-06 2.54448e-07 2.29879e-07 1.58904e-07 6.74219e-08 -2.74914e-07 -1.55399e-07 -9.63271e-08 1.17527e-07 8.93119e-08 -4.85645e-08 1.35404e-07
852 0.78 170 0 1.45526e-06 2.53939e-07 2.24751e-07 1.54597e-07 7.05586e-08 -2.81047e-07 -1.50279e-07 -9.29117e-08 1.13458e-07 9.06668e-08 -5.25549e-08 1.34908e-07
852 0.79 170 0 1.45112e-06 2.53861e-07 2.1856e-07 1.50597e-07 7.34433e-08 -2.87437e-07 -1.44109e-07 -8.97382e-08 1.09159e-07 9.25037e-08 -5.68496e-08 1.34788e-07
852 0.8 170 0 1.44655e-06 2.54251e-07 2.11187e-07 1.47028e-07 7.60324e-08 -2.94083e-07 -1.36758e-07 -8.6925e-08 1.04648e-07 9.48519e-08 -6.14404e-08 1.35111e-07
852 0.81 170 0 1.44151e-06 2.55141e-07 2.02503e-07 1.44049e-07 7.82909e-08 -3.00966e-07 -1.28084e-07 -8.46344e-08 9.99392e-08 9.77274e-08 -6.63067e-08 1.35964e-07
852 0.82 170 0 1.43599e-06 2.56574e-07 1.92374e-07 1.41864e-07 8.01953e-08 -3.08069e-07 -1.17933e-07 -8.30675e-08 9.50377e-08 1.01144e-07 -7.1413e-08 1.37435e-07
852 0.83 170 0 1.42992e-06 2.58586e-07 1.80648e-07 1.40727e-07 8.17103e-08 -3.15373e-07 -1.06129e-07 -8.24857e-08 8.99288e-08 1.05108e-07 -7.67044e-08 1.39626e-07
852 0.84 170 0 1.42319e-06 2.61227e-07 1.67163e-07 1.40965e-07 8.27974e-08 -3.22862e-07 -9.24919e-08 -8.32303e-08 8.45689e-08 1.09627e-07 -8.20996e-08 1.42641e-07
852 0.85 170 0 1.41567e-06 2.64565e-07 1.51766e-07 1.42995e-07 8.34291e-08 -3.30516e-07 -7.68402e-08 -8.57369e-08 7.88725e-08 1.14703e-07 -8.74822e-08 1.46585e-07
852 0.86 170 0 1.40708e-06 2.68693e-07 1.34294e-07 1.47337e-07 8.35335e-08 -3.38317e-07 -5.9e-08 -9.05708e-08 7.26831e-08 1.20359e-07 -9.26981e-08 1.5156e-07
852 0.87 170 0 1.39709e-06 2.73798e-07 1.14624e-07 1.54663e-07 8.30745e-08 -3.46241e-07 -3.8833e-08 -9.84452e-08 6.57487e-08 1.26653e-07 -9.75438e-08 1.57642e-07
852 0.88 170 0 1.38518e-06 2.80193e-07 9.26671e-08 1.65819e-07 8.19936e-08 -3.54262e-07 -1.62558e-08 -1.10265e-07 5.76769e-08 1.33725e-07 -1.01766e-07 1.64869e-07
852 0.89 170 0 1.37061e-06 2.88443e-07 6.83999e-08 1.81877e-07 8.02228e-08 -3.62353e-07 8.72882e-09 -1.2717e-07 4.78859e-08 1.41887e-07 -1.05066e-07 1.73211e-07
852 0.9 170 0 1.35242e-06 2.9954e-07 4.18832e-08 2.04213e-07 7.76963e-08 -3.70487e-07 3.60006e-08 -1.50604e-07 3.55467e-08 1.51759e-07 -1.07114e-07 1.82544e-07
852 0.91 170 0 1.32926e-06 3.15192e-07 1.32618e-08 2.34621e-07 7.42793e-08 -3.78623e-07 6.52926e-08 -1.82429e-07 1.95337e-08 1.64516e-07 -1.07589e-07 1.9262e-07
852 0.92 170 0 1.29949e-06 3.38396e-07 -1.71951e-08 2.75607e-07 6.98571e-08 -3.86729e-07 9.61663e-08 -2.25159e-07 -1.60734e-09 1.8231e-07 -1.06226e-07 2.0304e-07
852 0.93 170 0 1.26121e-06 3.74379e-07 -4.90677e-08 3.30924e-07 6.4242e-08 -3.94769e-07 1.27958e-07 -2.82466e-07 -2.96e-08 2.09036e-07 -1.02911e-07 2.13259e-07
852 0.94 170 0 1.21263e-06 4.32545e-07 -8.15503e-08 4.06837e-07 5.71566e-08 -4.0273e-07 1.5956e-07 -3.60346e-07 -6.6142e-08 2.51828e-07 -9.77856e-08 2.22619e-07
852 0.95 170 0 1.15361e-06 5.30699e-07 -1.12447e-07 5.15053e-07 4.80455e-08 -4.10586e-07 1.88437e-07 -4.699e-07 -1.1174e-07 3.24306e-07 -9.14239e-08 2.30456e-07
852 0.96 170 0 1.09206e-06 7.05725e-07 -1.33547e-07 6.80325e-07 3.57857e-08 -4.18283e-07 2.062e-07 -6.34498e-07 -1.60822e-07 4.54684e-07 -8.51228e-08 2.36351e-07
852 0.97 170 0 1.07624e-06 1.04129e-06 -1.07233e-07 9.60217e-07 1.74812e-08 -4.25061e-07 1.76132e-07 -9.08438e-07 -1.77034e-07 7.06721e-07 -8.16066e-08 2.41084e-07
852 0.98 170 0 1.3966e-06 1.69324e-06 1.78459e-07 1.46333e-06 -1.43752e-08 -4.23992e-07 -1.05189e-07 -1.39305e-06 6.04357e-08 1.19773e-06 -8.56116e-08 2.52012e-07
852 0.99 170 0 3.11423e-06 1.71037e-06 1.49428e-06 1.51465e-06 -4.45124e-08 -3.74753e-07 -1.36727e-06 -1.4374e-06 1.34966e-06 1.19419e-06 -7.29358e-08 2.97202e-07
852 1 170 0 -3.51539e-06 -2.33067e-07 1.38429e-06 4.11313e-09 1.34455e-10 -3.64431e-07 -1.26056e-06 -3.79474e-09 -5.24835e-06 -2.34648e-07 -4.58676e-10 2.87857e-07
852 1.01 170 0 2.15301e-06 2.6146e-09 8.94869e-07 1.66728e-09 1.3255e-10 -3.64133e-07 -8.02623e-07 -1.51209e-09 6.01883e-07 1.95944e-09 -2.37998e-10 2.51912e-07
852 1.02 170 0 1.98795e-06 1.77365e-09 7.28507e-07 1.09934e-09 1.25916e-10 -3.62256e-07 -6.49114e-07 -9.73333e-10 5.00631e-07 1.32263e-09 -1.82272e-10 2.3899e-07
852 1.03 170 0 1.88601e-06 1.383e-09 6.32699e-07 8.41395e-10 1.18899e-10 -3.59288e-07 -5.62379e-07 -7.3005e-10 4.37897e-07 1.02868e-09 -1.50776e-10 2.30728e-07
852 1.04 170 0 1.81408e-06 1.15786e-09 5.6776e-07 6.95048e-10 1.15036e-10 -3.55891e-07 -5.04894e-07 -5.92167e-10 3.94364e-07 8.59166e-10 -1.29506e-10 2.24769e-07
852 1.05 170 0 1.75889e-06 1.01209e-09 5.19522e-07 6.02146e-10 1.13198e-10 -3.52198e-07 -4.63289e-07 -5.04228e-10 3.61716e-07 7.49672e-10 -1.13854e-10 2.20209e-07
852 1.06 170 0 1.714e-06 9.09138e-10 4.81425e-07 5.38806e-10 1.15887e-10 -3.4822e-07 -4.31396e-07 -4.41712e-10 3.35834e-07 6.71363e-10 -1.02469e-10 2.16602e-07
852 1.07 170 0 1.67584e-06 8.36274e-10 4.49946e-07 4.94168e-10 1.1651e-10 -3.43905e-07 -4.05932e-07 -3.98821e-10 3.14438e-07 6.17194e-10 -9.21984e-11 2.13703e-07
852 1.08 170 0 1.64226e-06 7.82674e-10 4.22985e-07 4.61674e-10 1.18446e-10 -3.39204e-07 -3.84952e-07 -3.66867e-10 2.96135e-07 5.77105e-10 -8.31821e-11 2.11356e-07
852 1.09 170 0 1.61182e-06 7.41756e-10 3.99196e-07 4.38587e-10 1.24602e-10 -3.34055e-07 -3.67227e-07 -3.40859e-10 2.80021e-07 5.45159e-10 -7.57683e-11 2.09462e-07
852 1.1 170 0 1.58353e-06 7.11136e-10 3.77655e-07 4.21091e-10 1.28464e-10 -3.28368e-07 -3.51943e-07 -3.22141e-10 2.65478e-07 5.22515e-10 -6.83806e-11 2.07959e-07
852 1.11 170 0 1.55665e-06 6.89066e-10 3.57695e-07 4.08866e-10 1.33535e-10 -3.22056e-07 -3.38525e-07 -3.07583e-10 2.52055e-07 5.05898e-10 -6.12078e-11 2.06805e-07
852 1.12 170 0 1.53061e-06 6.74427e-10 3.38807e-07 4.02347e-10 1.43729e-10 -3.15024e-07 -3.26553e-07 -2.94955e-10 2.39403e-07 4.92715e-10 -5.48061e-11 2.0597e-07
852 1.13 170 0 1.50489e-06 6.64605e-10 3.20573e-07 3.98062e-10 1.51632e-10 -3.07135e-07 -3.15721e-07 -2.86292e-10 2.27248e-07 4.84901e-10 -4.80032e-11 2.05447e-07
852 1.14 170 0 1.47907e-06 6.61063e-10 3.02641e-07 3.97487e-10 1.61559e-10 -2.9825e-07 -3.05785e-07 -2.79862e-10 2.15352e-07 4.81001e-10 -4.10258e-11 2.0523e-07
852 1.15 170 0 1.45272e-06 6.64528e-10 2.84687e-07 4.0263e-10 1.7753e-10 -2.882e-07 -2.96546e-07 -2.74461e-10 2.03499e-07 4.79881e-10 -3.40213e-11 2.05324e-07
852 1.16 170 0 1.4254e-06 6.72358e-10 2.66391e-07 4.09236e-10 1.92288e-10 -2.76758e-07 -2.87846e-07 -2.71897e-10 1.91485e-07 4.83186e-10 -2.64558e-11 2.05752e-07
852 1.17 170 0 1.39664e-06 6.89926e-10 2.4743e-07 4.23117e-10 2.15095e-10 -2.63674e-07 -2.7954e-07 -2.70377e-10 1.79095e-07 4.90181e-10 -1.82037e-11 2.06537e-07
852 1.18 170 0 1.3659e-06 7.11173e-10 2.27436e-07 4.38874e-10 2.37539e-10 -2.48603e-07 -2.71498e-07 -2.71358e-10 1.66099e-07 5.01401e-10 -9.12874e-12 2.07724e-07
852 1.19 170 0 1.33255e-06 7.41579e-10 2.05994e-07 4.60417e-10 2.65292e-10 -2.31126e-07 -2.63595e-07 -2.74309e-10 1.52232e-07 5.17673e-10 1.1744e-12 2.0937e-07
852 1.2 170 0 1.2958e-06 7.88072e-10 1.82598e-07 4.93409e-10 3.06393e-10 -2.10702e-07 -2.55697e-07 -2.78992e-10 1.37173e-07 5.40185e-10 1.30952e-11 2.11551e-07
852 1.21 170 0 1.25461e-06 8.45157e-10 1.566e-07 5.31977e-10 3.51843e-10 -1.8659e-07 -2.47664e-07 -2.86868e-10 1.20519e-07 5.7008e-10 2.6869e-11 2.14381e-07
852 1.22 170 0 1.20767e-06 9.28227e-10 1.27166e-07 5.88665e-10 4.18001e-10 -1.57819e-07 -2.39321e-07 -2.97786e-10 1.01744e-07 6.10694e-10 4.40057e-11 2.18005e-07
852 1.23 170 0 1.15311e-06 1.03167e-09 9.31387e-08 6.57805e-10 4.96232e-10 -1.23008e-07 -2.30456e-07 -3.13207e-10 8.01305e-08 6.63408e-10 6.48018e-11 2.22641e-07
852 1.24 170 0 1.08833e-06 1.18612e-09 5.29138e-08 7.60154e-10 6.13103e-10 -8.0221e-08 -2.20779e-07 -3.34797e-10 5.46765e-08 7.37543e-10 9.20139e-11 2.28589e-07
852 1.25 170 0 1.00946e-06 1.38955e-09 4.09909e-09 8.93677e-10 7.63513e-10 -2.6542e-08 -2.09884e-07 -3.64669e-10 2.38943e-08 8.3677e-10 1.27353e-10 2.36311e-07
852 1.26 170 0 9.10564e-07 1.68852e-09 -5.69642e-08 1.08797e-09 9.83417e-10 4.25058e-08 -1.97154e-07 -4.07456e-10 -1.44923e-08 9.791e-10 1.76223e-10 2.46516e-07
852 1.27 170 0 7.81944e-07 2.16488e-09 -1.36251e-07 1.39643e-09 1.33654e-09 1.34254e-07 -1.81599e-07 -4.72175e-10 -6.42006e-08 1.19702e-09 2.49107e-10 2.60365e-07
852 1.28 170 0 6.06511e-07 2.91803e-09 -2.44273e-07 1.87901e-09 1.89149e-09 2.61635e-07 -1.61497e-07 -5.72878e-10 -1.31764e-07 1.53757e-09 3.61091e-10 2.79914e-07
852 1.29 170 0 3.51347e-07 4.30555e-09 -4.01285e-07 2.76326e-09 2.92108e-09 4.49572e-07 -1.33532e-07 -7.49047e-10 -2.29778e-07 2.1436e-09 5.5759e-10 3.09123e-07
852 1.3 170 0 -5.67495e-08 7.1031e-09 -6.52313e-07 4.53055e-09 4.99926e-09 7.53516e-07 -9.03618e-08 -1.09105e-09 -3.8623e-07 3.33922e-09 9.41851e-10 3.56814e-07
852 1.31 170 0 -8.19052e-07 1.45014e-08 -1.12116e-06 9.17259e-09 1.05288e-08 1.32594e-06 -1.1805e-08 -1.94813e-09 -6.78087e-07 6.40215e-09 1.9194e-09 4.47231e-07
852 1.32 170 0 -2.76561e-06 4.58149e-08 -2.31836e-06 2.86639e-08 3.40511e-08 2.7957e-06 1.85314e-07 -5.3807e-09 -1.42273e-06 1.89806e-08 5.91316e-09 6.80405e-07
852 1.33 170 0 -1.85262e-05 9.47921e-07 -1.20117e-05 5.85242e-07 7.15762e-07 1.47312e-05 1.76607e-06 -9.79391e-08 -7.44927e-06 3.69028e-07 1.16629e-07 2.57856e-06
852 1.34 170 0 9.54509e-06 1.46237e-07 5.25383e-06 8.89194e-08 1.11416e-07 -6.5407e-06 -1.04457e-06 -1.34728e-08 3.2837e-06 5.35853e-08 1.67029e-08 -8.05701e-07
852 1.35 170 0 4.95657e-06 2.59326e-08 2.43168e-06 1.55017e-08 1.98049e-08 -3.06903e-06 -5.82839e-07 -2.17391e-09 1.52898e-06 8.97841e-09 2.67667e-09 -2.54116e-07
852 1.36 170 0 3.73996e-06 1.06562e-08 1.68356e-06 6.25252e-09 8.10584e-09 -2.15189e-06 -4.59165e-07 -8.38041e-10 1.06354e-06 3.51041e-09 9.64375e-10 -1.08772e-07
852 1.37 170 0 3.17592e-06 5.85606e-09 1.33685e-06 3.37012e-09 4.41289e-09 -1.72904e-06 -4.00961e-07 -4.47244e-10 8.47629e-07 1.84701e-09 4.47654e-10 -4.20326e-08
852 1.38 170 0 2.84976e-06 3.78293e-09 1.13647e-06 2.13303e-09 2.80916e-09 -1.48634e-06 -3.66661e-07 -2.90641e-10 7.22693e-07 1.15462e-09 2.33927e-10 -3.92642e-09
852 1.39 170 0 2.63674e-06 2.69311e-09 1.00571e-06 1.48756e-09 1.96232e-09 -1.32927e-06 -3.4376e-07 -2.14843e-10 6.41034e-07 8.0313e-10 1.26478e-10 2.0573e-08
852 1.4 170 0 2.48638e-06 2.03817e-09 9.13516e-07 1.10295e-09 1.45112e-09 -1.2196e-06 -3.27194e-07 -1.7356e-10 5.8335e-07 5.98923e-10 6.48978e-11 3.75457e-08
852 1.41 170 0 2.37437e-06 1.62554e-09 8.44923e-07 8.61636e-10 1.12718e-09 -1.13891e-06 -3.14523e-07 -1.5004e-10 5.40341e-07 4.76053e-10 2.82173e-11 4.99239e-08
852 1.42 170 0 2.28754e-06 1.34534e-09 7.91832e-07 6.98871e-10 9.05782e-10 -1.07723e-06 -3.04425e-07 -1.36249e-10 5.06975e-07 3.96349e-10 4.75281e-12 5.9291e-08
852 1.43 170 0 2.21812e-06 1.14549e-09 7.49475e-07 5.83527e-10 7.46506e-10 -1.02867e-06 -2.96122e-07 -1.28354e-10 4.80285e-07 3.42551e-10 -1.06589e-11 6.65806e-08
852 1.44 170 0 2.16127e-06 9.94616e-10 7.14861e-07 4.97223e-10 6.2466e-10 -9.89571e-07 -2.89124e-07 -1.24521e-10 4.58414e-07 3.04722e-10 -2.17397e-11 7.23762e-08
852 1.45 170 0 2.11378e-06 8.82422e-10 6.86021e-07 4.33074e-10 5.32747e-10 -9.57497e-07 -2.83109e-07 -1.23098e-10 4.40139e-07 2.79276e-10 -2.93475e-11 7.70643e-08
852 1.46 170 0 2.07345e-06 7.95098e-10 6.61602e-07 3.83407e-10 4.59296e-10 -9.30788e-07 -2.77859e-07 -1.24125e-10 4.24623e-07 2.62343e-10 -3.47603e-11 8.09077e-08
852 1.47 170 0 2.03873e-06 7.25675e-10 6.40646e-07 3.44083e-10 3.98291e-10 -9.08261e-07 -2.73218e-07 -1.27701e-10 4.11275e-07 2.52401e-10 -3.84045e-11 8.40931e-08
852 1.48 170 0 2.00848e-06 6.69464e-10 6.22454e-07 3.12357e-10 3.455e-10 -8.89053e-07 -2.69078e-07 -1.34063e-10 3.99667e-07 2.48749e-10 -4.10038e-11 8.67565e-08
852 1.49 170 0 1.98187e-06 6.22255e-10 6.06506e-07 2.86031e-10 2.95621e-10 -8.72515e-07 -2.65362e-07 -1.45021e-10 3.8949e-07 2.52407e-10 -4.3014e-11 8.89987e-08
852 1.5 170 0 1.95823e-06 5.83939e-10 5.92404e-07 2.64512e-10 2.47277e-10 -8.58134e-07 -2.62027e-07 -1.61581e-10 3.80524e-07 2.65036e-10 -4.42619e-11 9.08975e-08
852 1.51 170 0 1.93708e-06 5.51611e-10 5.79841e-07 2.46387e-10 1.91723e-10 -8.45481e-07 -2.59077e-07 -1.89975e-10 3.72644e-07 2.93322e-10 -4.51067e-11 9.25119e-08
852 1.52 170 0 1.91802e-06 5.24092e-10 5.68574e-07 2.3107e-10 1.11172e-10 -8.34089e-07 -2.56632e-07 -2.46519e-10 3.65896e-07 3.56758e-10 -4.577e-11 9.38887e-08
852 1.53 170 0 1.90073e-06 5.00739e-10 5.58411e-07 2.18293e-10 -7.31245e-11 -8.22838e-07 -2.55517e-07 -4.0712e-10 3.612e-07 5.47275e-10 -4.62208e-11 9.50653e-08
852 1.54 170 0 1.88497e-06 4.73988e-10 5.49195e-07 1.90862e-10 2.64365e-08 -8.75784e-07 -1.93557e-07 2.52795e-08 2.83034e-07 -3.06313e-08 -3.23573e-11 9.60562e-08
852 1.55 170 0 1.87052e-06 4.62116e-10 5.40795e-07 1.95449e-10 6.59439e-10 -8.13341e-07 -2.443e-07 3.33415e-10 3.41966e-07 -3.58654e-10 -4.51924e-11 9.69291e-08
852 1.56 170 0 1.85723e-06 4.46821e-10 5.3311e-07 1.87131e-10 4.36091e-10 -8.0523e-07 -2.43426e-07 1.28654e-10 3.38533e-07 -1.12978e-10 -4.51784e-11 9.76631e-08
852 1.57 170 0 1.84493e-06 4.33353e-10 5.26051e-07 1.79482e-10 3.57449e-10 -7.98816e-07 -2.41732e-07 6.27745e-11 3.34344e-07 -3.54296e-11 -4.49542e-11 9.8288e-08
852 1.58 170 0 1.83352e-06 4.21263e-10 5.19543e-07 1.72705e-10 3.15084e-10 -7.93287e-07 -2.39905e-07 3.09061e-11 3.30206e-07 1.0329e-12 -4.46278e-11 9.88171e-08
852 1.59 170 0 1.82289e-06 4.1061e-10 5.13525e-07 1.66654e-10 2.87535e-10 -7.88421e-07 -2.38077e-07 1.2274e-11 3.2625e-07 2.16493e-11 -4.41139e-11 9.92626e-08
852 1.6 170 0 1.81296e-06 4.01142e-10 5.07944e-07 1.61237e-10 2.67561e-10 -7.84102e-07 -2.36287e-07 4.63794e-14 3.22504e-07 3.46927e-11 -4.35682e-11 9.96344e-08
852 1.61 170 0 1.80366e-06 3.92681e-10 5.02752e-07 1.56311e-10 2.51965e-10 -7.80254e-07 -2.34548e-07 -8.71431e-12 3.18964e-07 4.3715e-11 -4.31348e-11 9.99414e-08
852 1.62 170 0 1.79491e-06 3.85034e-10 4.97912e-07 1.5189e-10 2.39559e-10 -7.76818e-07 -2.32864e-07 -1.5072e-11 3.15621e-07 4.9932e-11 -4.25634e-11 1.0019e-07
852 1.63 170 0 1.78667e-06 3.78245e-10 4.93389e-07 1.47931e-10 2.29443e-10 -7.73747e-07 -2.31235e-07 -1.98618e-11 3.1246e-07 5.43259e-11 -4.19772e-11 1.00388e-07
852 1.64 170 0 1.77889e-06 3.72011e-10 4.89153e-07 1.44226e-10 2.20677e-10 -7.71002e-07 -2.29659e-07 -2.38273e-11 3.09466e-07 5.78819e-11 -4.15498e-11 1.00539e-07
852 1.65 170 0 1.77152e-06 3.66605e-10 4.85178e-07 1.40975e-10 2.13602e-10 -7.6855e-07 -2.28132e-07 -2.67814e-11 3.06626e-07 6.0189e-11 -4.0882e-11 1.00649e-07
852 1.66 170 0 1.76453e-06 3.61528e-10 4.81441e-07 1.37862e-10 2.07251e-10 -7.66362e-07 -2.26654e-07 -2.9325e-11 3.03928e-07 6.21212e-11 -4.04098e-11 1.00723e-07
852 1.67 170 0 1.75789e-06 3.57041e-10 4.77922e-07 1.35121e-10 2.01921e-10 -7.64412e-07 -2.2522e-07 -3.13848e-11 3.01361e-07 6.34415e-11 -3.99842e-11 1.00762e-07
852 1.68 170 0 1.75156e-06 3.53035e-10 4.74603e-07 1.32596e-10 1.97406e-10 -7.62679e-07 -2.23828e-07 -3.30339e-11 2.98913e-07 6.42657e-11 -3.95135e-11 1.00772e-07
852 1.69 170 0 1.74552e-06 3.49395e-10 4.71468e-07 1.30288e-10 1.93511e-10 -7.61144e-07 -2.22476e-07 -3.44147e-11 2.96577e-07 6.47656e-11 -3.91058e-11 1.00754e-07
852 1.7 170 0 1.73976e-06 3.4608e-10 4.68502e-07 1.28176e-10 1.90168e-10 -7.59788e-07 -2.21161e-07 -3.55592e-11 2.94343e-07 6.49615e-11 -3.87752e-11 1.00712e-07
852 1.71 170 0 1.73423e-06 3.43061e-10 4.65692e-07 1.26258e-10 1.87331e-10 -7.58596e-07 -2.19882e-07 -3.65132e-11 2.92204e-07 6.48894e-11 -3.85408e-11 1.00646e-07
852 1.72 170 0 1.72894e-06 3.40322e-10 4.63027e-07 1.24507e-10 1.84985e-10 -7.57555e-07 -2.18635e-07 -3.7265e-11 2.90153e-07 6.45164e-11 -3.8391e-11 1.00561e-07
852 1.73 170 0 1.72386e-06 3.37904e-10 4.60497e-07 1.2292e-10 1.83158e-10 -7.56653e-07 -2.1742e-07 -3.78098e-11 2.88183e-07 6.38123e-11 -3.83122e-11 1.00457e-07
852 1.74 170 0 1.71898e-06 3.35611e-10 4.58092e-07 1.21462e-10 1.81684e-10 -7.55878e-07 -2.16234e-07 -3.81987e-11 2.8629e-07 6.28633e-11 -3.84842e-11 1.00335e-07
852 1.75 170 0 1.71428e-06 3.33556e-10 4.55803e-07 1.20108e-10 1.80569e-10 -7.5522e-07 -2.15076e-07 -3.83897e-11 2.84468e-07 6.16989e-11 -3.86493e-11 1.00199e-07
852 1.76 170 0 1.70975e-06 3.316e-10 4.53622e-07 1.18686e-10 1.79588e-10 -7.54671e-07 -2.13944e-07 -3.83961e-11 2.82712e-07 6.05041e-11 -3.87739e-11 1.00048e-07
852 1.77 170 0 1.70537e-06 3.29783e-10 4.51543e-07 1.17e-10 1.78374e-10 -7.54222e-07 -2.12837e-07 -3.82466e-11 2.81016e-07 5.97063e-11 -3.83608e-11 9.98847e-08
852 1.78 170 0 1.70115e-06 3.27736e-10 4.49559e-07 1.14458e-10 1.75502e-10 -7.53868e-07 -2.1175e-07 -3.83988e-11 2.79374e-07 6.05577e-11 -3.6395e-11 9.97095e-08
852 1.79 170 0 1.69707e-06 3.2667e-10 4.47662e-07 1.13999e-10 1.69854e-10 -7.5359e-07 -2.10693e-07 -4.30031e-11 2.77799e-07 6.76505e-11 -3.50213e-11 9.95231e-08
852 1.8 170 0 1.69311e-06 3.24227e-10 4.45849e-07 1.12111e-10 1.65605e-10 -7.53397e-07 -2.09653e-07 -4.52635e-11 2.76269e-07 7.07401e-11 -3.41306e-11 9.93263e-08
852 1.81 170 0 1.68928e-06 3.21605e-10 4.44115e-07 1.10063e-10 1.62163e-10 -7.53279e-07 -2.08633e-07 -4.64904e-11 2.74785e-07 7.21975e-11 -3.32979e-11 9.91203e-08
852 1.82 170 0 1.68557e-06 3.18985e-10 4.42455e-07 1.07966e-10 1.59392e-10 -7.5323e-07 -2.07632e-07 -4.69597e-11 2.73346e-07 7.25562e-11 -3.24626e-11 9.89059e-08
852 1.83 170 0 1.68196e-06 3.16454e-10 4.40865e-07 1.05921e-10 1.56997e-10 -7.53245e-07 -2.06649e-07 -4.71184e-11 2.71949e-07 7.24142e-11 -3.16753e-11 9.86836e-08
852 1.84 170 0 1.67846e-06 3.14113e-10 4.3934e-07 1.03983e-10 1.55045e-10 -7.53319e-07 -2.05683e-07 -4.69737e-11 2.70591e-07 7.18378e-11 -3.09286e-11 9.84542e-08
852 1.85 170 0 1.67505e-06 3.11907e-10 4.37878e-07 1.02091e-10 1.53379e-10 -7.53449e-07 -2.04734e-07 -4.66008e-11 2.69272e-07 7.09505e-11 -3.0164e-11 9.82181e-08
852 1.86 170 0 1.67173e-06 3.09915e-10 4.36474e-07 1.00307e-10 1.52055e-10 -7.5363e-07 -2.03802e-07 -4.60329e-11 2.67988e-07 6.97968e-11 -2.94033e-11 9.7976e-08
852 1.87 170 0 1.6685e-06 3.08095e-10 4.35125e-07 9.85966e-11 1.50942e-10 -7.5386e-07 -2.02884e-07 -4.53422e-11 2.66738e-07 6.84898e-11 -2.86244e-11 9.77282e-08
852 1.88 170 0 1.66535e-06 3.06515e-10 4.33829e-07 9.69708e-11 1.50033e-10 -7.54134e-07 -2.01981e-07 -4.45546e-11 2.6552e-07 6.70877e-11 -2.77814e-11 9.74752e-08
852 1.89 170 0 1.66228e-06 3.05301e-10 4.32583e-07 9.53651e-11 1.49192e-10 -7.54451e-07 -2.01092e-07 -4.37867e-11 2.64333e-07 6.57449e-11 -2.67959e-11 9.72173e-08
852 1.9 170 0 1.65929e-06 3.046e-10 4.31384e-07 9.40183e-11 1.48791e-10 -7.54806e-07 -2.00218e-07 -4.31828e-11 2.63176e-07 6.45446e-11 -2.59447e-11 9.69548e-08
852 1.91 170 0 1.65636e-06 3.04025e-10 4.3023e-07 9.28767e-11 1.48602e-10 -7.55196e-07 -1.99357e-07 -4.25878e-11 2.62047e-07 6.33294e-11 -2.52289e-11 9.66883e-08
852 1.92 170 0 1.6535e-06 3.03581e-10 4.29118e-07 9.17712e-11 1.48507e-10 -7.55621e-07 -1.98509e-07 -4.19734e-11 2.60944e-07 6.20926e-11 -2.4493e-11 9.64181e-08
852 1.93 170 0 1.6507e-06 3.03267e-10 4.28046e-07 9.06979e-11 1.48506e-10 -7.56077e-07 -1.97673e-07 -4.13377e-11 2.59866e-07 6.0829e-11 -2.37346e-11 9.61445e-08
852 1.94 170 0 1.64796e-06 3.03089e-10 4.27014e-07 8.96531e-11 1.48601e-10 -7.56563e-07 -1.96849e-07 -4.0678e-11 2.58812e-07 5.95323e-11 -2.29497e-11 9.58677e-08
852 1.95 170 0 1.64527e-06 3.03055e-10 4.26017e-07 8.86322e-11 1.48795e-10 -7.57076e-07 -1.96035e-07 -3.99899e-11 2.57781e-07 5.81935e-11 -2.21322e-11 9.55881e-08
852 1.96 170 0 1.64265e-06 3.03182e-10 4.25056e-07 8.76297e-11 1.491e-10 -7.57616e-07 -1.95233e-07 -3.92669e-11 2.56771e-07 5.67992e-11 -2.12723e-11 9.53058e-08
852 1.97 170 0 1.64007e-06 3.03498e-10 4.24128e-07 8.66377e-11 1.49531e-10 -7.5818e-07 -1.94441e-07 -3.84975e-11 2.55782e-07 5.53274e-11 -2.03537e-11 9.50211e-08
852 1.98 170 0 1.63754e-06 3.0406e-10 4.23232e-07 8.56434e-11 1.50124e-10 -7.58766e-07 -1.93659e-07 -3.76602e-11 2.54813e-07 5.37372e-11 -1.93456e-11 9.47341e-08
852 1.99 170 0 1.63506e-06 3.0501e-10 4.22366e-07 8.46174e-11 1.50966e-10 -7.59373e-07 -1.92887e-07 -3.67025e-11 2.53862e-07 5.19301e-11 -1.81723e-11 9.44451e-08
852 2 170 0 1.63262e-06 3.07732e-10 4.2153e-07 8.32892e-11 1.52924e-10 -7.6e-07 -1.92124e-07 -3.51149e-11 2.5293e-07 4.89572e-11 -1.60811e-11 9.41541e-08
