852 0 540 0 -4.77762e-09 6.55115e-11 1.3417e-08 -1.32972e-09 0 0 0 0 0 0 1.44155e-08 -3.28317e-09
852 0.01 540 0 -4.77067e-09 5.9832e-11 1.34182e-08 -1.33705e-09 -6.1689e-10 6.86484e-10 -3.36876e-10 1.39809e-10 5.99105e-10 -5.57937e-10 1.44131e-08 -3.28892e-09
852 0.02 540 0 -4.74987e-09 4.27734e-11 1.34215e-08 -1.35903e-09 -1.23135e-09 1.3742e-09 -6.73283e-10 2.80445e-10 1.19632e-09 -1.11742e-09 1.44058e-08 -3.30614e-09
852 0.03 540 0 -4.71537e-09 1.42216e-11 1.3427e-08 -1.3957e-09 -1.84093e-09 2.06435e-09 -1.00875e-09 4.22733e-10 1.78974e-09 -1.68e-09 1.43935e-08 -3.33483e-09
852 0.04 540 0 -4.66736e-09 -2.5996e-11 1.34345e-08 -1.44712e-09 -2.44318e-09 2.75814e-09 -1.34279e-09 5.67495e-10 2.37745e-09 -2.24718e-09 1.43761e-08 -3.37497e-09
852 0.05 540 0 -4.60622e-09 -7.81581e-11 1.34438e-08 -1.51338e-09 -3.03564e-09 3.4567e-09 -1.67492e-09 7.15546e-10 2.95751e-09 -2.82047e-09 1.43537e-08 -3.4265e-09
852 0.06 540 0 -4.5323e-09 -1.42518e-10 1.34545e-08 -1.59453e-09 -3.61581e-09 4.16114e-09 -2.00461e-09 8.67691e-10 3.52793e-09 -3.4013e-09 1.43259e-08 -3.48938e-09
852 0.07 540 0 -4.44617e-09 -2.19429e-10 1.34665e-08 -1.69069e-09 -4.18119e-09 4.87246e-09 -2.33135e-09 1.02473e-09 4.08669e-09 -3.99108e-09 1.42925e-08 -3.56353e-09
852 0.08 540 0 -4.34846e-09 -3.0936e-10 1.34792e-08 -1.80199e-09 -4.72924e-09 5.59162e-09 -2.65456e-09 1.18743e-09 4.63173e-09 -4.59113e-09 1.42534e-08 -3.64889e-09
852 0.09 540 0 -4.23984e-09 -4.12808e-10 1.34923e-08 -1.92859e-09 -5.25738e-09 6.31943e-09 -2.97367e-09 1.35658e-09 5.1609e-09 -5.20271e-09 1.42082e-08 -3.74536e-09
852 0.1 540 0 -4.12126e-09 -5.30176e-10 1.35052e-08 -2.07055e-09 -5.76301e-09 7.05664e-09 -3.28806e-09 1.5329e-09 5.67202e-09 -5.82701e-09 1.41566e-08 -3.85277e-09
852 0.11 540 0 -3.99358e-09 -6.62142e-10 1.35173e-08 -2.22808e-09 -6.24348e-09 7.80386e-09 -3.59706e-09 1.71714e-09 6.16281e-09 -6.46508e-09 1.40984e-08 -3.97104e-09
852 0.12 540 0 -3.85784e-09 -8.09092e-10 1.35279e-08 -2.40122e-09 -6.69613e-09 8.56154e-09 -3.89998e-09 1.90998e-09 6.63096e-09 -7.11789e-09 1.4033e-08 -4.09994e-09
852 0.13 540 0 -3.71521e-09 -9.71817e-10 1.35363e-08 -2.59023e-09 -7.11823e-09 9.32996e-09 -4.19608e-09 2.11208e-09 7.07402e-09 -7.78626e-09 1.39601e-08 -4.23937e-09
852 0.14 540 0 -3.56704e-09 -1.15081e-09 1.35418e-08 -2.79516e-09 -7.50705e-09 1.01093e-08 -4.48456e-09 2.32409e-09 7.4895e-09 -8.47088e-09 1.38792e-08 -4.38903e-09
852 0.15 540 0 -3.41491e-09 -1.34677e-09 1.35433e-08 -3.01614e-09 -7.85983e-09 1.08994e-08 -4.76459e-09 2.54659e-09 7.87478e-09 -9.17227e-09 1.37899e-08 -4.54869e-09
852 0.16 540 0 -3.26024e-09 -1.56027e-09 1.35401e-08 -3.25329e-09 -8.17377e-09 1.17e-08 -5.03526e-09 2.78013e-09 8.22723e-09 -9.89076e-09 1.36916e-08 -4.71809e-09
852 0.17 540 0 -3.10475e-09 -1.79177e-09 1.35309e-08 -3.50659e-09 -8.44608e-09 1.25106e-08 -5.29564e-09 3.02519e-09 8.54408e-09 -1.06265e-08 1.35837e-08 -4.89686e-09
852 0.18 540 0 -2.95031e-09 -2.04191e-09 1.35148e-08 -3.7761e-09 -8.67392e-09 1.33305e-08 -5.54471e-09 3.28222e-09 8.82246e-09 -1.13795e-08 1.34657e-08 -5.08464e-09
852 0.19 540 0 -2.79908e-09 -2.31106e-09 1.34905e-08 -4.0618e-09 -8.85454e-09 1.41586e-08 -5.78139e-09 3.55159e-09 9.05948e-09 -1.21494e-08 1.3337e-08 -5.28102e-09
852 0.2 540 0 -2.65315e-09 -2.59959e-09 1.34567e-08 -4.36354e-09 -8.98516e-09 1.49938e-08 -6.00457e-09 3.83359e-09 9.25214e-09 -1.29356e-08 1.31969e-08 -5.48549e-09
852 0.21 540 0 -2.51197e-09 -2.90885e-09 1.34132e-08 -4.68148e-09 -9.0624e-09 1.58344e-08 -6.21315e-09 4.12857e-09 9.39744e-09 -1.37378e-08 1.3045e-08 -5.69751e-09
852 0.22 540 0 -2.38368e-09 -3.23691e-09 1.33564e-08 -5.01487e-09 -9.08479e-09 1.66785e-08 -6.40568e-09 4.43642e-09 9.49217e-09 -1.4554e-08 1.28802e-08 -5.91658e-09
852 0.23 540 0 -2.26813e-09 -3.58473e-09 1.32858e-08 -5.36359e-09 -9.04919e-09 1.75239e-08 -6.58094e-09 4.75727e-09 9.53327e-09 -1.53831e-08 1.2702e-08 -6.14195e-09
852 0.24 540 0 -2.16776e-09 -3.95209e-09 1.32e-08 -5.72717e-09 -8.95302e-09 1.83682e-08 -6.73758e-09 5.09106e-09 9.51759e-09 -1.62234e-08 1.25097e-08 -6.37289e-09
852 0.25 540 0 -2.08585e-09 -4.33867e-09 1.30971e-08 -6.10513e-09 -8.79403e-09 1.92084e-08 -6.87416e-09 5.43758e-09 9.44197e-09 -1.70728e-08 1.23026e-08 -6.60859e-09
852 0.26 540 0 -2.02515e-09 -4.7438e-09 1.29756e-08 -6.49672e-09 -8.56996e-09 2.00414e-08 -6.98922e-09 5.79651e-09 9.30331e-09 -1.79288e-08 1.208e-08 -6.84813e-09
852 0.27 540 0 -1.98882e-09 -5.16657e-09 1.28337e-08 -6.90108e-09 -8.27888e-09 2.08637e-08 -7.08124e-09 6.16736e-09 9.09858e-09 -1.87883e-08 1.18412e-08 -7.0905e-09
852 0.28 540 0 -1.98026e-09 -5.60594e-09 1.26694e-08 -7.31735e-09 -7.91903e-09 2.16711e-08 -7.14865e-09 6.54954e-09 8.82477e-09 -1.9648e-08 1.15856e-08 -7.33469e-09
852 0.29 540 0 -2.00247e-09 -6.06029e-09 1.24811e-08 -7.74423e-09 -7.48895e-09 2.24596e-08 -7.18989e-09 6.94224e-09 8.47913e-09 -2.05043e-08 1.13125e-08 -7.57945e-09
852 0.3 540 0 -2.05896e-09 -6.52792e-09 1.22669e-08 -8.1804e-09 -6.98749e-09 2.32245e-08 -7.20336e-09 7.34451e-09 8.05895e-09 -2.13527e-08 1.10213e-08 -7.82349e-09
852 0.31 540 0 -2.15297e-09 -7.00649e-09 1.20249e-08 -8.62427e-09 -6.41382e-09 2.39609e-08 -7.18745e-09 7.75521e-09 7.5618e-09 -2.21888e-08 1.07115e-08 -8.06543e-09
852 0.32 540 0 -2.28798e-09 -7.49342e-09 1.17532e-08 -9.07404e-09 -5.76768e-09 2.46635e-08 -7.14057e-09 8.17297e-09 6.98555e-09 -2.30071e-08 1.03825e-08 -8.30376e-09
852 0.33 540 0 -2.46715e-09 -7.98572e-09 1.14499e-08 -9.52774e-09 -5.04914e-09 2.53265e-08 -7.06114e-09 8.59625e-09 6.32835e-09 -2.38021e-08 1.0034e-08 -8.5369e-09
852 0.34 540 0 -2.69378e-09 -8.47982e-09 1.11135e-08 -9.98301e-09 -4.25883e-09 2.59444e-08 -6.94767e-09 9.02326e-09 5.58875e-09 -2.45677e-08 9.66561e-09 -8.76305e-09
852 0.35 540 0 -2.97074e-09 -8.97178e-09 1.07421e-08 -1.04373e-08 -3.3979e-09 2.65108e-08 -6.79868e-09 9.45201e-09 4.76574e-09 -2.52972e-08 9.27712e-09 -8.98039e-09
852 0.36 540 0 -3.30079e-09 -9.45704e-09 1.03343e-08 -1.08878e-08 -2.46811e-09 2.70198e-08 -6.6128e-09 9.88025e-09 3.85886e-09 -2.59838e-08 8.86842e-09 -9.18696e-09
852 0.37 540 0 -3.68656e-09 -9.93061e-09 9.88855e-09 -1.13314e-08 -1.47204e-09 2.74647e-08 -6.38882e-09 1.03055e-08 2.86825e-09 -2.66197e-08 8.4396e-09 -9.38068e-09
852 0.38 540 0 -4.13014e-09 -1.03871e-08 9.40374e-09 -1.17648e-08 -4.1273e-10 2.7839e-08 -6.12559e-09 1.0725e-08 1.79462e-09 -2.71972e-08 7.99086e-09 -9.55944e-09
852 0.39 540 0 -4.63159e-09 -1.08225e-08 8.87954e-09 -1.21851e-08 7.06909e-10 2.81359e-08 -5.82224e-09 1.11362e-08 6.39198e-10 -2.77087e-08 7.52277e-09 -9.72104e-09
852 0.4 540 0 -5.19579e-09 -1.12261e-08 8.31378e-09 -1.25866e-08 1.88005e-09 2.83498e-08 -5.47799e-09 1.15351e-08 -5.95122e-10 -2.81444e-08 7.03562e-09 -9.86296e-09
852 0.41 540 0 -5.82163e-09 -1.15927e-08 7.70677e-09 -1.2966e-08 3.10209e-09 2.84741e-08 -5.0924e-09 1.19187e-08 -1.90534e-09 -2.84961e-08 6.53042e-09 -9.98287e-09
852 0.42 540 0 -6.50898e-09 -1.1915e-08 7.05851e-09 -1.33187e-08 4.36686e-09 2.85027e-08 -4.66529e-09 1.22833e-08 -3.28739e-09 -2.8755e-08 6.00825e-09 -1.00783e-08
852 0.43 540 0 -7.25765e-09 -1.21945e-08 6.36908e-09 -1.36428e-08 5.66929e-09 2.84243e-08 -4.19578e-09 1.26252e-08 -4.73873e-09 -2.89114e-08 5.47061e-09 -1.01461e-08
852 0.44 540 0 -8.06572e-09 -1.24194e-08 5.63897e-09 -1.39321e-08 7.00038e-09 2.82354e-08 -3.68457e-09 1.29402e-08 -6.25197e-09 -2.89566e-08 4.91876e-09 -1.01844e-08
852 0.45 540 0 -8.93103e-09 -1.25691e-08 4.86984e-09 -1.41781e-08 8.34786e-09 2.79384e-08 -3.13384e-09 1.32236e-08 -7.81632e-09 -2.88819e-08 4.35476e-09 -1.01913e-08
852 0.46 540 0 -9.8499e-09 -1.26397e-08 4.06358e-09 -1.43769e-08 9.70344e-09 2.75267e-08 -2.5444e-09 1.34712e-08 -9.42461e-09 -2.86787e-08 3.78094e-09 -1.0164e-08
852 0.47 540 0 -1.08174e-08 -1.26241e-08 3.22265e-09 -1.45236e-08 1.10571e-08 2.69963e-08 -1.91789e-09 1.36786e-08 -1.10674e-08 -2.83388e-08 3.19982e-09 -1.01001e-08
852 0.48 540 0 -1.18277e-08 -1.25116e-08 2.35031e-09 -1.4612e-08 1.23969e-08 2.63462e-08 -1.25685e-09 1.3841e-08 -1.27328e-08 -2.78547e-08 2.61446e-09 -9.99736e-09
852 0.49 540 0 -1.28734e-08 -1.22948e-08 1.45045e-09 -1.46372e-08 1.37117e-08 2.55747e-08 -5.63967e-10 1.39539e-08 -1.44093e-08 -2.72194e-08 2.02815e-09 -9.85376e-09
852 0.5 540 0 -1.39461e-08 -1.19657e-08 5.27592e-10 -1.4594e-08 1.49892e-08 2.46817e-08 1.57349e-10 1.40128e-08 -1.60829e-08 -2.6427e-08 1.44452e-09 -9.66753e-09
852 0.51 540 0 -1.50351e-08 -1.15187e-08 -4.12438e-10 -1.4478e-08 1.62177e-08 2.36678e-08 9.03118e-10 1.40135e-08 -1.77397e-08 -2.54729e-08 8.67766e-10 -9.43716e-09
852 0.52 540 0 -1.61304e-08 -1.09413e-08 -1.364e-09 -1.42824e-08 1.73822e-08 2.25385e-08 1.66838e-09 1.39512e-08 -1.93623e-08 -2.43528e-08 3.02157e-10 -9.16125e-09
852 0.53 540 0 -1.72182e-08 -1.02284e-08 -2.31939e-09 -1.40033e-08 1.84709e-08 2.12983e-08 2.44768e-09 1.38221e-08 -2.09341e-08 -2.30652e-08 -2.47354e-10 -8.83904e-09
852 0.54 540 0 -1.82852e-08 -9.37716e-09 -3.27122e-09 -1.36375e-08 1.94712e-08 1.9951e-08 3.23543e-09 1.36225e-08 -2.24379e-08 -2.1609e-08 -7.75835e-10 -8.47023e-09
852 0.55 540 0 -1.93149e-08 -8.38137e-09 -4.21013e-09 -1.31809e-08 2.03706e-08 1.85065e-08 4.0245e-09 1.33492e-08 -2.38542e-08 -1.99862e-08 -1.27771e-09 -8.05489e-09
852 0.56 540 0 -2.02915e-08 -7.24062e-09 -5.12699e-09 -1.26315e-08 2.11574e-08 1.69719e-08 4.80794e-09 1.29993e-08 -2.51647e-08 -1.81992e-08 -1.74743e-09 -7.59372e-09
852 0.57 540 0 -2.11964e-08 -5.95199e-09 -6.0109e-09 -1.19869e-08 2.18206e-08 1.53604e-08 5.57732e-09 1.25707e-08 -2.63486e-08 -1.62542e-08 -2.17892e-09 -7.0881e-09
852 0.58 540 0 -2.20116e-08 -4.51874e-09 -6.85117e-09 -1.12469e-08 2.23501e-08 1.3682e-08 6.32438e-09 1.20618e-08 -2.73868e-08 -1.41582e-08 -2.56625e-09 -6.54003e-09
852 0.59 540 0 -2.27165e-08 -2.94231e-09 -7.63535e-09 -1.04113e-08 2.27374e-08 1.19532e-08 7.03944e-09 1.14722e-08 -2.82586e-08 -1.19218e-08 -2.90303e-09 -5.95236e-09
852 0.6 540 0 -2.32925e-08 -1.23263e-09 -8.3516e-09 -9.48323e-09 2.29752e-08 1.01844e-08 7.71334e-09 1.0802e-08 -2.89457e-08 -9.55663e-09 -3.18318e-09 -5.32872e-09
852 0.61 540 0 -2.37169e-08 6.08798e-10 -8.98598e-09 -8.46361e-09 2.30581e-08 8.39884e-09 8.33481e-09 1.00523e-08 -2.94272e-08 -7.07869e-09 -3.40023e-09 -4.6736e-09
852 0.62 540 0 -2.39705e-08 2.56673e-09 -9.52561e-09 -7.35834e-09 2.29822e-08 6.60938e-09 8.89359e-09 9.22556e-09 -2.96859e-08 -4.50474e-09 -3.54825e-09 -3.99243e-09
852 0.63 540 0 -2.40323e-08 4.62822e-09 -9.95636e-09 -6.17374e-09 2.27464e-08 4.83531e-09 9.37833e-09 8.32549e-09 -2.97044e-08 -1.85531e-09 -3.6213e-09 -3.29174e-09
852 0.64 540 0 -2.38818e-08 6.77683e-09 -1.02641e-08 -4.91808e-09 2.2352e-08 3.09618e-09 9.77737e-09 7.35728e-09 -2.9467e-08 8.46414e-10 -3.61385e-09 -2.57909e-09
852 0.65 540 0 -2.3501e-08 8.99158e-09 -1.0435e-08 -3.60193e-09 2.18015e-08 1.40862e-09 1.00792e-08 6.32724e-09 -2.89602e-08 3.57616e-09 -3.52089e-09 -1.86299e-09
852 0.66 540 0 -2.28717e-08 1.125e-08 -1.04553e-08 -2.23782e-09 2.1101e-08 -2.07594e-10 1.02718e-08 5.24378e-09 -2.8172e-08 6.30575e-09 -3.33802e-09 -1.15325e-09
852 0.67 540 0 -2.19776e-08 1.35258e-08 -1.03113e-08 -8.40765e-10 2.02588e-08 -1.73445e-09 1.03433e-08 4.11699e-09 -2.7093e-08 9.00535e-09 -3.06162e-09 -4.60805e-10
852 0.68 540 0 -2.08061e-08 1.57879e-08 -9.9907e-09 5.71069e-10 1.92844e-08 -3.15695e-09 1.02823e-08 2.95897e-09 -2.57169e-08 1.16433e-08 -2.68915e-09 2.02263e-10
852 0.69 540 0 -1.9343e-08 1.80075e-08 -9.48076e-09 1.97853e-09 1.81934e-08 -4.45458e-09 1.00769e-08 1.78413e-09 -2.40391e-08 1.41846e-08 -2.21909e-09 8.2258e-10
852 0.7 540 0 -1.75812e-08 2.01472e-08 -8.77132e-09 3.35767e-09 1.69998e-08 -5.61582e-09 9.7166e-09 6.0916e-10 -2.20598e-08 1.65941e-08 -1.65152e-09 1.38566e-09
852 0.71 540 0 -1.5515e-08 2.21687e-08 -7.8533e-09 4.68193e-09 1.57224e-08 -6.62709e-09 9.1915e-09 -5.46125e-10 -1.97819e-08 1.88336e-08 -9.8826e-10 1.87569e-09
852 0.72 540 0 -1.31483e-08 2.40362e-08 -6.72137e-09 5.9215e-09 1.43767e-08 -7.46852e-09 8.49497e-09 -1.6572e-09 -1.72112e-08 2.0864e-08 -2.33198e-10 2.27611e-09
852 0.73 540 0 -1.0486e-08 2.57024e-08 -5.37509e-09 7.04592e-09 1.29831e-08 -8.12804e-09 7.62305e-09 -2.69896e-09 -1.43603e-08 2.26358e-08 6.06253e-10 2.57381e-09
852 0.74 540 0 -7.52641e-09 2.71108e-08 -3.80712e-09 8.01524e-09 1.15736e-08 -8.62421e-09 6.56408e-09 -3.64596e-09 -1.12477e-08 2.41139e-08 1.5229e-09 2.74235e-09
852 0.75 540 0 -4.28323e-09 2.822e-08 -2.02094e-09 8.78659e-09 1.01739e-08 -8.94786e-09 5.3167e-09 -4.46179e-09 -7.89363e-09 2.52571e-08 2.5034e-09 2.76403e-09
852 0.76 540 0 -7.77671e-10 2.89797e-08 -2.69463e-11 9.31416e-09 8.80652e-09 -9.10109e-09 3.88407e-09 -5.10852e-09 -4.32409e-09 2.60234e-08 3.5316e-09 2.61712e-09
852 0.77 540 0 2.96355e-09 2.93374e-08 2.15789e-09 9.54612e-09 7.49686e-09 -9.08931e-09 2.27404e-09 -5.54187e-09 -5.71143e-10 2.63681e-08 4.58518e-09 2.28286e-09
852 0.78 540 0 6.90732e-09 2.92402e-08 4.50751e-09 9.42645e-09 6.26909e-09 -8.92328e-09 5.0183e-10 -5.71323e-09 3.32791e-09 2.62493e-08 5.63724e-09 1.74227e-09
852 0.79 540 0 1.1011e-08 2.86317e-08 6.98415e-09 8.89546e-09 5.14684e-09 -8.61673e-09 -1.40799e-09 -5.56867e-09 7.32748e-09 2.56211e-08 6.65403e-09 9.77742e-10
852 0.8 540 0 1.52229e-08 2.74562e-08 9.53456e-09 7.88856e-09 4.15043e-09 -8.18807e-09 -3.41768e-09 -5.04898e-09 1.13764e-08 2.4441e-08 7.59515e-09 -2.36116e-11
852 0.81 540 0 1.9485e-08 2.56565e-08 1.20886e-08 6.34065e-09 3.30666e-09 -7.65999e-09 -5.47366e-09 -4.09114e-09 1.54123e-08 2.26636e-08 8.41206e-09 -1.27091e-09
852 0.82 540 0 2.3721e-08 2.31736e-08 1.45518e-08 4.18672e-09 2.63141e-09 -7.05889e-09 -7.50203e-09 -2.63031e-09 1.93636e-08 2.02442e-08 9.04706e-09 -2.76421e-09
852 0.83 540 0 2.78432e-08 1.99479e-08 1.68011e-08 1.36793e-09 2.14098e-09 -6.41605e-09 -9.40148e-09 -6.04107e-10 2.31466e-08 1.71383e-08 9.43524e-09 -4.49281e-09
852 0.84 540 0 3.17419e-08 1.59138e-08 1.86805e-08 -2.16389e-09 1.84864e-09 -5.76588e-09 -1.10384e-08 2.04366e-09 2.66584e-08 1.32949e-08 9.50478e-09 -6.43156e-09
852 0.85 540 0 3.52763e-08 1.10044e-08 1.99957e-08 -6.43034e-09 1.76054e-09 -5.1565e-09 -1.22413e-08 5.34886e-09 2.97698e-08 8.66396e-09 9.17373e-09 -8.53728e-09
852 0.86 540 0 3.82838e-08 5.15922e-09 2.05097e-08 -1.1412e-08 1.88251e-09 -4.6412e-09 -1.27972e-08 9.31271e-09 3.23282e-08 3.20262e-09 8.36008e-09 -1.07373e-08
852 0.87 540 0 4.05477e-08 -1.68165e-09 1.99431e-08 -1.70333e-08 2.20499e-09 -4.27332e-09 -1.24479e-08 1.38878e-08 3.41368e-08 -3.13327e-09 6.98727e-09 -1.29262e-08
852 0.88 540 0 4.17893e-08 -9.56933e-09 1.79766e-08 -2.31325e-08 2.71099e-09 -4.11845e-09 -1.08902e-08 1.89482e-08 3.49404e-08 -1.03786e-08 4.99873e-09 -1.49609e-08
852 0.89 540 0 4.16366e-08 -1.8528e-08 1.42698e-08 -2.9432e-08 3.37188e-09 -4.24706e-09 -7.79136e-09 2.42598e-08 3.4397e-08 -1.85445e-08 2.37054e-09 -1.66592e-08
852 0.9 540 0 3.95812e-08 -2.8529e-08 8.49096e-09 -3.55023e-08 4.14197e-09 -4.73758e-09 -2.81424e-09 2.94427e-08 3.20359e-08 -2.75935e-08 -8.68534e-10 -1.78058e-08
852 0.91 540 0 3.49294e-08 -3.94241e-08 3.53973e-10 -4.07351e-08 4.96308e-09 -5.68959e-09 4.34859e-09 3.39383e-08 2.72041e-08 -3.73713e-08 -4.60976e-09 -1.81648e-08
852 0.92 540 0 2.67146e-08 -5.08346e-08 -1.0324e-08 -4.43338e-08 5.75537e-09 -7.20702e-09 1.39133e-08 3.70044e-08 1.89829e-08 -4.74994e-08 -8.64448e-09 -1.75152e-08
852 0.93 540 0 1.37158e-08 -6.19173e-08 -2.35733e-08 -4.51722e-08 6.51223e-09 -9.54438e-09 2.59879e-08 3.75383e-08 6.20279e-09 -5.71875e-08 -1.26535e-08 -1.56819e-08
852 0.94 540 0 -6.21878e-09 -7.08685e-08 -3.91731e-08 -4.19273e-08 6.73336e-09 -1.3018e-08 4.04092e-08 3.41816e-08 -1.32178e-08 -6.45582e-08 -1.62585e-08 -1.25773e-08
852 0.95 540 0 -3.54287e-08 -7.36676e-08 -5.66422e-08 -3.2705e-08 5.81961e-09 -1.80977e-08 5.67414e-08 2.50265e-08 -4.15007e-08 -6.56269e-08 -1.89756e-08 -8.29156e-09
852 0.96 540 0 -7.62284e-08 -6.10623e-08 -7.48815e-08 -1.42923e-08 2.38073e-09 -2.54304e-08 7.39045e-08 6.7685e-09 -8.07986e-08 -5.11553e-08 -2.03451e-08 -3.08489e-09
852 0.97 540 0 -1.24866e-07 -9.7299e-09 -9.03398e-08 2.01611e-08 -7.51711e-09 -3.5596e-08 8.82461e-08 -2.75861e-08 -1.26979e-07 2.18254e-09 -1.99923e-08 2.60296e-09
852 0.98 540 0 -1.23909e-07 1.34866e-07 -8.3041e-08 8.59502e-08 -3.62239e-08 -4.34203e-08 7.92499e-08 -9.34343e-08 -1.2137e-07 1.48555e-07 -1.77003e-08 8.28799e-09
852 0.99 540 0 2.23638e-07 1.86644e-07 3.88117e-08 1.31938e-07 -8.16955e-08 8.18807e-09 -4.6046e-08 -1.37673e-07 2.34273e-07 1.96578e-07 -1.26423e-08 1.38203e-08
852 1 540 0 -6.10469e-06 -2.37979e-07 5.50521e-08 2.02683e-10 -2.25999e-10 6.53312e-08 -6.41803e-08 -2.21536e-10 -6.09147e-06 -2.37951e-07 -3.05758e-11 1.9632e-08
852 1.01 540 0 -2.23205e-08 2.27576e-10 2.10751e-08 5.27708e-11 -1.22576e-11 1.81003e-08 -2.51337e-08 -5.55083e-11 -1.71594e-08 2.32835e-10 3.76479e-13 7.76363e-09
852 1.02 540 0 -1.11781e-08 1.17232e-10 1.20396e-08 2.54512e-11 -3.13669e-12 1.15507e-08 -1.51158e-08 -2.69925e-11 -7.41942e-09 1.20453e-10 7.47726e-13 5.57911e-09
852 1.03 540 0 -8.04683e-09 7.30428e-11 7.77515e-09 1.50333e-11 -5.19073e-13 8.46238e-09 -1.02693e-08 -1.60305e-11 -5.06657e-09 7.53215e-11 8.30075e-13 4.33154e-09
852 1.04 540 0 -6.62516e-09 5.03442e-11 5.35789e-09 9.90863e-12 5.6534e-13 6.67116e-09 -7.45511e-09 -1.05845e-11 -4.14677e-09 5.20411e-11 8.2682e-13 3.50596e-09
852 1.05 540 0 -5.79491e-09 3.70461e-11 3.84157e-09 7.01997e-12 1.07712e-12 5.51315e-09 -5.64803e-09 -7.48699e-12 -3.66629e-09 3.8349e-11 7.95426e-13 2.91649e-09
852 1.06 540 0 -5.23427e-09 2.85681e-11 2.82542e-09 5.23653e-12 1.48655e-12 4.71169e-09 -4.40918e-09 -5.53301e-12 -3.36159e-09 2.95159e-11 7.55895e-13 2.47493e-09
852 1.07 540 0 -4.82193e-09 2.28368e-11 2.11159e-09 4.0774e-12 1.60504e-12 4.13119e-09 -3.51961e-09 -4.27089e-12 -3.14254e-09 2.35758e-11 7.14339e-13 2.13292e-09
852 1.08 540 0 -4.50264e-09 1.87819e-11 1.59188e-09 3.27938e-12 1.67449e-12 3.69634e-09 -2.85808e-09 -3.39355e-12 -2.97268e-09 1.93529e-11 6.75956e-13 1.86137e-09
852 1.09 540 0 -4.24756e-09 1.58518e-11 1.20264e-09 2.71478e-12 1.81511e-12 3.36258e-09 -2.35251e-09 -2.74819e-12 -2.83498e-09 1.62337e-11 6.43155e-13 1.64158e-09
852 1.1 540 0 -4.0402e-09 1.36234e-11 9.0425e-10 2.2985e-12 1.82923e-12 3.10227e-09 -1.95755e-09 -2.28318e-12 -2.72062e-09 1.38952e-11 6.12732e-13 1.46101e-09
852 1.11 540 0 -3.87014e-09 1.19194e-11 6.70919e-10 1.986e-12 1.84511e-12 2.89687e-09 -1.64333e-09 -1.92915e-12 -2.62457e-09 1.20938e-11 5.87223e-13 1.31085e-09
852 1.12 540 0 -3.73044e-09 1.06454e-11 4.85257e-10 1.75547e-12 1.94355e-12 2.73374e-09 -1.38946e-09 -1.64707e-12 -2.54377e-09 1.06893e-11 5.68298e-13 1.18477e-09
852 1.13 540 0 -3.61668e-09 9.60889e-12 3.35117e-10 1.57198e-12 1.96194e-12 2.60453e-09 -1.18164e-09 -1.43203e-12 -2.47632e-09 9.57575e-12 5.51326e-13 1.07812e-09
852 1.14 540 0 -3.52562e-09 8.79947e-12 2.11831e-10 1.4303e-12 1.99572e-12 2.50298e-09 -1.00954e-09 -1.2598e-12 -2.42097e-09 8.69037e-12 5.38941e-13 9.87383e-10
852 1.15 540 0 -3.45511e-09 8.2149e-12 1.09037e-10 1.32983e-12 2.10299e-12 2.42472e-09 -8.65533e-10 -1.11757e-12 -2.37699e-09 7.99705e-12 5.32899e-13 9.0988e-10
852 1.16 540 0 -3.40403e-09 7.72892e-12 2.19268e-11 1.24717e-12 2.16074e-12 2.36695e-09 -7.43908e-10 -1.00554e-12 -2.34408e-09 7.43759e-12 5.28763e-13 8.43569e-10
852 1.17 540 0 -3.37169e-09 7.42478e-12 -5.31781e-11 1.1967e-12 2.29881e-12 2.32756e-09 -6.4027e-10 -9.12071e-13 -2.32222e-09 7.02234e-12 5.32272e-13 7.86848e-10
852 1.18 540 0 -3.35833e-09 7.17989e-12 -1.19229e-10 1.15628e-12 2.39662e-12 2.30558e-09 -5.51214e-10 -8.38566e-13 -2.31182e-09 6.69615e-12 5.37764e-13 7.38509e-10
852 1.19 540 0 -3.36478e-09 7.04197e-12 -1.78635e-10 1.13421e-12 2.52381e-12 2.30065e-09 -4.74034e-10 -7.79304e-13 -2.31366e-09 6.4675e-12 5.48851e-13 6.97625e-10
852 1.2 540 0 -3.39259e-09 7.07248e-12 -2.3346e-10 1.14203e-12 2.74741e-12 2.31314e-09 -4.06547e-10 -7.32024e-13 -2.32894e-09 6.36038e-12 5.70024e-13 6.63522e-10
852 1.21 540 0 -3.44459e-09 7.16443e-12 -2.85619e-10 1.15942e-12 2.96341e-12 2.34452e-09 -3.46962e-10 -6.9723e-13 -2.35963e-09 6.32723e-12 5.96165e-13 6.35787e-10
852 1.22 540 0 -3.52472e-09 7.45473e-12 -3.36951e-10 1.2117e-12 3.3025e-12 2.39708e-09 -2.93755e-10 -6.73727e-13 -2.40842e-09 6.4326e-12 6.36752e-13 6.14223e-10
852 1.23 540 0 -3.63913e-09 7.8432e-12 -3.89467e-10 1.27986e-12 3.66883e-12 2.47479e-09 -2.45591e-10 -6.61848e-13 -2.47939e-09 6.63176e-12 6.86803e-13 5.98927e-10
852 1.24 540 0 -3.79663e-09 8.53513e-12 -4.45487e-10 1.40116e-12 4.23452e-12 2.58351e-09 -2.01223e-10 -6.63956e-13 -2.57839e-09 7.03737e-12 7.61874e-13 5.90319e-10
852 1.25 540 0 -4.01098e-09 9.4506e-12 -5.08066e-10 1.56e-12 4.91739e-12 2.73265e-09 -1.59397e-10 -6.81228e-13 -2.71442e-09 7.61924e-12 8.58975e-13 5.89332e-10
852 1.26 540 0 -4.30348e-09 1.083e-11 -5.81496e-10 1.79895e-12 5.89631e-12 2.93686e-09 -1.18705e-10 -7.20135e-13 -2.90143e-09 8.52675e-12 9.98842e-13 5.97649e-10
852 1.27 540 0 -4.70934e-09 1.30583e-11 -6.72453e-10 2.18646e-12 7.44386e-12 3.22057e-09 -7.73428e-11 -7.94213e-13 -3.16243e-09 1.00086e-11 1.2158e-12 6.18276e-10
852 1.28 540 0 -5.29106e-09 1.64887e-11 -7.92379e-10 2.78193e-12 9.77341e-12 3.62723e-09 -3.26107e-11 -9.20364e-13 -3.5382e-09 1.23255e-11 1.54749e-12 6.56776e-10
852 1.29 540 0 -6.16923e-09 2.26858e-11 -9.62975e-10 3.862e-12 1.3973e-11 4.24083e-09 2.0228e-11 -1.15602e-12 -4.10747e-09 1.65036e-11 2.13598e-12 7.24109e-10
852 1.3 540 0 -7.61272e-09 3.47289e-11 -1.23219e-09 5.96422e-12 2.21125e-11 5.24872e-09 9.11885e-11 -1.62236e-12 -5.04564e-09 2.46254e-11 3.27431e-12 8.44957e-10
852 1.31 540 0 -1.0361e-08 6.54131e-11 -1.73145e-09 1.13432e-11 4.29814e-11 7.16634e-09 2.07225e-10 -2.80094e-12 -6.83519e-09 4.51688e-11 6.14969e-12 1.0875e-09
852 1.32 540 0 -1.74648e-08 1.89587e-10 -3.00221e-09 3.32033e-11 1.28117e-10 1.21203e-08 4.78601e-10 -7.48328e-12 -1.14665e-08 1.27596e-10 1.77216e-11 1.73348e-09
852 1.33 540 0 -7.53446e-08 3.5792e-09 -1.32805e-08 6.33108e-10 2.479e-09 5.24712e-08 2.5793e-09 -1.31362e-10 -4.92248e-08 2.35089e-09 3.31782e-10 7.07177e-09
852 1.34 540 0 2.78809e-08 5.01011e-10 5.02572e-09 8.95437e-11 3.54685e-10 -1.94864e-08 -1.13119e-09 -1.73004e-11 1.81248e-08 3.21495e-10 4.58951e-11 -2.47392e-09
852 1.35 540 0 1.10587e-08 8.01967e-11 2.0336e-09 1.44852e-11 5.78758e-11 -7.75762e-09 -5.13286e-10 -2.6416e-12 7.15246e-09 5.03445e-11 7.23642e-12 -9.27638e-10
852 1.36 540 0 6.62893e-09 2.96209e-11 1.24101e-09 5.40631e-12 2.17214e-11 -4.66765e-09 -3.43528e-10 -9.48361e-13 4.26532e-09 1.8235e-11 2.62598e-12 -5.25571e-10
852 1.37 540 0 4.59606e-09 1.45654e-11 8.74364e-10 2.68751e-12 1.08278e-11 -3.24856e-09 -2.61188e-10 -4.62685e-13 2.94185e-09 8.80893e-12 1.26344e-12 -3.44337e-10
852 1.38 540 0 3.43587e-09 8.39767e-12 6.63151e-10 1.56569e-12 6.30627e-12 -2.43785e-09 -2.11182e-10 -2.70766e-13 2.18763e-09 5.0078e-12 7.11377e-13 -2.43179e-10
852 1.39 540 0 2.68997e-09 5.3238e-12 5.25976e-10 1.00283e-12 4.02619e-12 -1.91598e-09 -1.76883e-10 -1.78214e-13 1.70358e-09 3.14152e-12 4.39233e-13 -1.79798e-10
852 1.4 540 0 2.17291e-09 3.57599e-12 4.29877e-10 6.80963e-13 2.71652e-12 -1.55369e-09 -1.51524e-10 -1.27242e-13 1.36873e-09 2.0947e-12 2.85786e-13 -1.37108e-10
852 1.41 540 0 1.79539e-09 2.53163e-12 3.58959e-10 4.86948e-13 1.92397e-12 -1.28872e-09 -1.31812e-10 -9.7522e-14 1.12481e-09 1.48028e-12 1.95806e-13 -1.069e-10
852 1.42 540 0 1.50909e-09 1.85901e-12 3.04603e-10 3.61074e-13 1.40798e-12 -1.0874e-09 -1.15943e-10 -7.88596e-14 9.40291e-10 1.091e-12 1.38768e-13 -8.47459e-11
852 1.43 540 0 1.28559e-09 1.40415e-12 2.61727e-10 2.75339e-13 1.05527e-12 -9.29912e-10 -1.02836e-10 -6.65862e-14 7.96648e-10 8.32283e-13 1.00858e-13 -6.80536e-11
852 1.44 540 0 1.10709e-09 1.07964e-12 2.2714e-10 2.13889e-13 8.0073e-13 -8.03863e-10 -9.17997e-11 -5.83661e-14 6.82273e-10 6.5127e-13 7.40647e-14 -5.52094e-11
852 1.45 540 0 9.61909e-10 8.50428e-13 1.98735e-10 1.70017e-13 6.18176e-13 -7.01095e-10 -8.23695e-11 -5.27813e-14 5.89533e-10 5.26906e-13 5.57413e-14 -4.51588e-11
852 1.46 540 0 8.4202e-10 6.8099e-13 1.75061e-10 1.37342e-13 4.80743e-13 -6.16022e-10 -7.42171e-11 -4.91209e-14 5.13206e-10 4.3815e-13 4.25055e-14 -3.71859e-11
852 1.47 540 0 7.4176e-10 5.5294e-13 1.5509e-10 1.12465e-13 3.74123e-13 -5.44693e-10 -6.71033e-11 -4.70043e-14 4.49597e-10 3.74603e-13 3.27519e-14 -3.07892e-11
852 1.48 540 0 6.57012e-10 4.54416e-13 1.3807e-10 9.31839e-14 2.88612e-13 -4.84238e-10 -6.08486e-11 -4.6328e-14 3.96025e-10 3.30127e-13 2.54445e-14 -2.56082e-11
852 1.49 540 0 5.84714e-10 3.76066e-13 1.23436e-10 7.78041e-14 2.15212e-13 -4.3252e-10 -5.53147e-11 -4.75205e-14 3.50495e-10 3.01508e-13 1.96982e-14 -2.13781e-11
852 1.5 540 0 5.22543e-10 3.1534e-13 1.10761e-10 6.57351e-14 1.50736e-13 -3.87919e-10 -5.03932e-11 -5.07711e-14 3.11497e-10 2.88868e-13 1.54723e-14 -1.79005e-11
852 1.51 540 0 4.68708e-10 2.6659e-13 9.97102e-11 5.59783e-14 8.46782e-14 -3.49182e-10 -4.59973e-11 -5.8075e-14 2.77865e-10 2.96536e-13 1.2188e-14 -1.50248e-11
852 1.52 540 0 4.21801e-10 2.27063e-13 9.00205e-11 4.80141e-14 -2.09993e-15 -3.15322e-10 -4.20579e-11 -7.50722e-14 2.48693e-10 3.44023e-13 9.61618e-15 -1.26347e-11
852 1.53 540 0 3.80709e-10 1.94784e-13 8.14818e-11 4.14631e-14 -1.98909e-13 -2.85534e-10 -3.85256e-11 -1.31196e-13 2.23289e-10 5.39063e-13 7.59607e-15 -1.06394e-11
852 1.54 540 0 3.44535e-10 1.68276e-13 7.39239e-11 3.6013e-14 6.70777e-12 -2.59134e-10 -3.53708e-11 2.19777e-12 2.01142e-10 -8.06633e-12 6.12986e-15 -8.96737e-12
852 1.55 540 0 3.12547e-10 1.45874e-13 6.72067e-11 3.14336e-14 4.04836e-13 -2.36165e-10 -3.23652e-11 8.70049e-14 1.81089e-10 -2.83849e-13 4.73152e-15 -7.56154e-12
852 1.56 540 0 2.84151e-10 1.27301e-13 6.12162e-11 2.75873e-14 2.40081e-13 -2.1539e-10 -2.97506e-11 3.75334e-14 1.63765e-10 -1.07612e-13 3.7115e-15 -6.37624e-12
852 1.57 540 0 2.58854e-10 1.11719e-13 5.58562e-11 2.43291e-14 1.76036e-13 -1.96845e-10 -2.73678e-11 2.10036e-14 1.48374e-10 -5.16962e-14 2.91908e-15 -5.37436e-12
852 1.58 540 0 2.36242e-10 9.83558e-14 5.10466e-11 2.15287e-14 1.39828e-13 -1.80223e-10 -2.51975e-11 1.31349e-14 1.34673e-10 -2.69438e-14 2.25288e-15 -4.52581e-12
852 1.59 540 0 2.15971e-10 8.69574e-14 4.67191e-11 1.91244e-14 1.15449e-13 -1.65277e-10 -2.32182e-11 8.63677e-15 1.22444e-10 -1.38685e-14 1.71779e-15 -3.80582e-12
852 1.6 540 0 1.97748e-10 7.71783e-14 4.28162e-11 1.7049e-14 9.7541e-14 -1.51801e-10 -2.14108e-11 5.81245e-15 1.115e-10 -6.35618e-15 1.28605e-15 -3.19405e-12
852 1.61 540 0 1.81324e-10 6.87804e-14 3.92883e-11 1.52515e-14 8.36145e-14 -1.3962e-10 -1.97583e-11 3.90038e-15 1.01682e-10 -1.67479e-15 9.49599e-16 -2.67363e-12
852 1.62 540 0 1.66489e-10 6.14575e-14 3.60929e-11 1.368e-14 7.25375e-14 -1.28582e-10 -1.82455e-11 2.6043e-15 9.2855e-11 1.09165e-15 6.66138e-16 -2.23055e-12
852 1.63 540 0 1.53058e-10 5.50808e-14 3.31932e-11 1.23038e-14 6.34601e-14 -1.1856e-10 -1.68592e-11 1.68217e-15 8.49014e-11 2.81078e-15 4.37518e-16 -1.85308e-12
852 1.64 540 0 1.40876e-10 4.95398e-14 3.05572e-11 1.10981e-14 5.58545e-14 -1.09441e-10 -1.55875e-11 9.94246e-16 7.77211e-11 3.97706e-15 2.6154e-16 -1.53141e-12
852 1.65 540 0 1.29805e-10 4.46647e-14 2.8157e-11 1.00331e-14 4.94643e-14 -1.01129e-10 -1.44197e-11 4.99984e-16 7.12269e-11 4.63506e-15 1.16989e-16 -1.25729e-12
852 1.66 540 0 1.19726e-10 4.03714e-14 2.59684e-11 9.08978e-15 4.39893e-14 -9.35402e-11 -1.33464e-11 1.28229e-16 6.53433e-11 5.03862e-15 4.1904e-18 -1.02375e-12
852 1.67 540 0 1.10536e-10 3.65927e-14 2.39698e-11 8.25371e-15 3.9283e-14 -8.65998e-11 -1.23592e-11 -1.49792e-16 6.00045e-11 5.26486e-15 -8.11428e-17 -8.2488e-13
852 1.68 540 0 1.02144e-10 3.3239e-14 2.21423e-11 7.50788e-15 3.52058e-14 -8.02431e-11 -1.14504e-11 -3.54284e-16 5.51528e-11 5.3485e-15 -1.46916e-16 -6.55691e-13
852 1.69 540 0 9.44691e-11 3.02571e-14 2.04693e-11 6.84106e-15 3.16512e-14 -7.4413e-11 -1.06132e-11 -5.03563e-16 5.07375e-11 5.34232e-15 -1.95999e-16 -5.11928e-13
852 1.7 540 0 8.74413e-11 2.75968e-14 1.89359e-11 6.24283e-15 2.85351e-14 -6.90589e-11 -9.84137e-12 -6.10151e-16 4.67141e-11 5.27395e-15 -2.31059e-16 -3.89965e-13
852 1.71 540 0 8.09977e-11 2.52201e-14 1.7529e-11 5.70487e-15 2.57892e-14 -6.41359e-11 -9.12939e-12 -6.84336e-16 4.30432e-11 5.17161e-15 -2.53514e-16 -2.86707e-13
852 1.72 540 0 7.50829e-11 2.30892e-14 1.62368e-11 5.21924e-15 2.33588e-14 -5.9604e-11 -8.4722e-12 -7.32837e-16 3.96902e-11 5.04579e-15 -2.65151e-16 -1.99505e-13
852 1.73 540 0 6.96474e-11 2.11763e-14 1.50488e-11 4.77955e-15 2.11974e-14 -5.54277e-11 -7.86522e-12 -7.61765e-16 3.66239e-11 4.91279e-15 -2.6645e-16 -1.26092e-13
852 1.74 540 0 6.46471e-11 1.94525e-14 1.39556e-11 4.37981e-15 1.92648e-14 -5.15752e-11 -7.30432e-12 -7.75109e-16 3.38171e-11 4.77958e-15 -2.58783e-16 -6.45211e-14
852 1.75 540 0 6.00427e-11 1.78952e-14 1.29488e-11 4.01479e-15 1.75328e-14 -4.8018e-11 -6.78572e-12 -7.7484e-16 3.12453e-11 4.64587e-15 -2.42942e-16 -1.31189e-14
852 1.76 540 0 5.57987e-11 1.64831e-14 1.20208e-11 3.67973e-15 1.59693e-14 -4.47303e-11 -6.30599e-12 -7.6441e-16 2.88864e-11 4.52128e-15 -2.19405e-16 2.95523e-14
852 1.77 540 0 5.18834e-11 1.52026e-14 1.11647e-11 3.36956e-15 1.45494e-14 -4.16893e-11 -5.862e-12 -7.45544e-16 2.6721e-11 4.41703e-15 -1.85187e-16 6.47308e-14
852 1.78 540 0 4.82684e-11 1.40375e-14 1.03745e-11 3.07488e-15 1.32407e-14 -3.88741e-11 -5.45088e-12 -7.17517e-16 2.47315e-11 4.3516e-15 -1.31868e-16 9.34812e-14
852 1.79 540 0 4.4928e-11 1.28529e-14 9.64441e-12 2.79147e-15 1.14421e-14 -3.6265e-11 -5.07017e-12 -9.25612e-16 2.29035e-11 5.00453e-15 -7.33427e-17 1.16535e-13
852 1.8 540 0 4.18388e-11 1.17526e-14 8.96958e-12 2.54449e-15 1.01305e-14 -3.38464e-11 -4.71736e-12 -9.81441e-16 2.12208e-11 5.08114e-15 -6.3013e-17 1.34996e-13
852 1.81 540 0 3.898e-11 1.07481e-14 8.34541e-12 2.31891e-15 9.0628e-15 -3.16026e-11 -4.39026e-12 -9.7731e-16 1.9671e-11 4.95748e-15 -5.67574e-17 1.49473e-13
852 1.82 540 0 3.63324e-11 9.83675e-15 7.76773e-12 2.11437e-15 8.17478e-15 -2.95195e-11 -4.08688e-12 -9.40246e-16 1.82427e-11 4.72329e-15 -5.14271e-17 1.60542e-13
852 1.83 540 0 3.38789e-11 9.00534e-15 7.23278e-12 1.92796e-15 7.3995e-15 -2.75843e-11 -3.80541e-12 -8.92341e-16 1.69255e-11 4.45718e-15 -4.60583e-17 1.68701e-13
852 1.84 540 0 3.16038e-11 8.24916e-15 6.73711e-12 1.75864e-15 6.72141e-15 -2.57856e-11 -3.54418e-12 -8.38097e-16 1.57101e-11 4.17378e-15 -4.06148e-17 1.74391e-13
852 1.85 540 0 2.94929e-11 7.56216e-15 6.27759e-12 1.60482e-15 6.12509e-15 -2.41126e-11 -3.30165e-12 -7.80956e-16 1.45879e-11 3.88569e-15 -3.48473e-17 1.77993e-13
852 1.86 540 0 2.75331e-11 6.93882e-15 5.85138e-12 1.46546e-15 5.59923e-15 -2.25558e-11 -3.07641e-12 -7.23582e-16 1.35511e-11 3.60032e-15 -2.92616e-17 1.79834e-13
852 1.87 540 0 2.57128e-11 6.37287e-15 5.45587e-12 1.33892e-15 5.13179e-15 -2.11063e-11 -2.86717e-12 -6.68002e-16 1.25928e-11 3.32518e-15 -2.37482e-17 1.802e-13
852 1.88 540 0 2.4021e-11 5.86019e-15 5.08868e-12 1.22478e-15 4.71737e-15 -1.97561e-11 -2.67272e-12 -6.15416e-16 1.17065e-11 3.06124e-15 -1.94944e-17 1.79336e-13
852 1.89 540 0 2.24479e-11 5.39596e-15 4.74762e-12 1.1222e-15 4.34824e-15 -1.84978e-11 -2.49197e-12 -5.67179e-16 1.08864e-11 2.81211e-15 -1.72565e-17 1.77454e-13
852 1.9 540 0 2.09844e-11 4.97385e-15 4.4307e-12 1.03178e-15 4.01742e-15 -1.73246e-11 -2.32391e-12 -5.24542e-16 1.01272e-11 2.57746e-15 -1.9838e-17 1.74735e-13
852 1.91 540 0 1.96223e-11 4.58799e-15 4.13609e-12 9.49655e-16 3.71522e-15 -1.62302e-11 -2.16761e-12 -4.85332e-16 9.42398e-12 2.36238e-15 -2.23586e-17 1.71337e-13
852 1.92 540 0 1.8354e-11 4.23516e-15 3.86211e-12 8.74506e-16 3.43884e-15 -1.52089e-11 -2.02219e-12 -4.48897e-16 8.77236e-12 2.16558e-15 -2.40324e-17 1.67394e-13
852 1.93 540 0 1.71725e-11 3.91215e-15 3.60722e-12 8.05678e-16 3.18588e-15 -1.42556e-11 -1.88688e-12 -4.14995e-16 8.16827e-12 1.9851e-15 -2.50214e-17 1.63024e-13
852 1.94 540 0 1.60714e-11 3.61612e-15 3.37e-12 7.42579e-16 2.95419e-15 -1.33652e-11 -1.76094e-12 -3.83408e-16 7.60801e-12 1.81923e-15 -2.54534e-17 1.58324e-13
852 1.95 540 0 1.50449e-11 3.34454e-15 3.14915e-12 6.84679e-16 2.74185e-15 -1.25334e-11 -1.64368e-12 -3.53936e-16 7.08819e-12 1.66645e-15 -2.54283e-17 1.53379e-13
852 1.96 540 0 1.40875e-11 3.09512e-15 2.94346e-12 6.31495e-16 2.54716e-15 -1.1756e-11 -1.53449e-12 -3.26386e-16 6.60569e-12 1.52539e-15 -2.50221e-17 1.48262e-13
852 1.97 540 0 1.31942e-11 2.86583e-15 2.75184e-12 5.82583e-16 2.36864e-15 -1.10292e-11 -1.43279e-12 -3.00558e-16 6.15767e-12 1.39467e-15 -2.42872e-17 1.43034e-13
852 1.98 540 0 1.23605e-11 2.6548e-15 2.57326e-12 5.37523e-16 2.20506e-15 -1.03495e-11 -1.33805e-12 -2.76211e-16 5.74151e-12 1.27282e-15 -2.3247e-17 1.37746e-13
852 1.99 540 0 1.15821e-11 2.46024e-15 2.40678e-12 4.95884e-16 2.0557e-15 -9.71371e-12 -1.24976e-12 -2.52953e-16 5.35481e-12 1.15764e-15 -2.18659e-17 1.32442e-13
852 2 540 0 1.08551e-11 2.27933e-15 2.25155e-12 4.56586e-16 1.92611e-15 -9.11873e-12 -1.16747e-12 -2.27791e-16 4.99536e-12 1.03345e-15 -1.94392e-17 1.27158e-13
