852 0 550 0 0 0 0 0 -6.24232e-08 5.01883e-08 -2.01359e-08 8.50127e-09 6.38853e-08 -3.932e-08 0 0
852 0.01 550 0 6.911e-10 -5.86205e-10 1.55667e-10 -6.34637e-11 -6.23885e-08 5.02067e-08 -2.01289e-08 8.50836e-09 6.38589e-08 -3.93445e-08 -4.62215e-11 8.3661e-11
852 0.02 550 0 1.37997e-09 -1.17396e-09 3.10945e-10 -1.27325e-10 -6.22841e-08 5.02618e-08 -2.01078e-08 8.52961e-09 6.37796e-08 -3.94178e-08 -9.22418e-11 1.67367e-10
852 0.03 550 0 2.06436e-09 -1.7648e-09 4.65443e-10 -1.9198e-10 -6.211e-08 5.03531e-08 -2.00727e-08 8.56495e-09 6.36471e-08 -3.95398e-08 -1.3786e-10 2.51161e-10
852 0.04 550 0 2.74203e-09 -2.36025e-09 6.18765e-10 -2.57817e-10 -6.18661e-08 5.04802e-08 -2.00234e-08 8.61424e-09 6.34611e-08 -3.97099e-08 -1.82874e-10 3.35086e-10
852 0.05 550 0 3.4107e-09 -2.96176e-09 7.70509e-10 -3.25218e-10 -6.15521e-08 5.0642e-08 -1.99597e-08 8.67731e-09 6.32213e-08 -3.99274e-08 -2.27082e-10 4.19182e-10
852 0.06 550 0 4.06806e-09 -3.57077e-09 9.20269e-10 -3.94553e-10 -6.11678e-08 5.08376e-08 -1.98816e-08 8.75394e-09 6.29268e-08 -4.01916e-08 -2.70284e-10 5.03488e-10
852 0.07 550 0 4.71178e-09 -4.18863e-09 1.06763e-09 -4.66179e-10 -6.07128e-08 5.10654e-08 -1.97889e-08 8.84384e-09 6.25771e-08 -4.05014e-08 -3.12275e-10 5.88038e-10
852 0.08 550 0 5.33947e-09 -4.81661e-09 1.21215e-09 -5.40432e-10 -6.01869e-08 5.1324e-08 -1.96812e-08 8.94668e-09 6.21712e-08 -4.08556e-08 -3.52856e-10 6.72863e-10
852 0.09 550 0 5.94872e-09 -5.45588e-09 1.35341e-09 -6.17629e-10 -5.95895e-08 5.16114e-08 -1.95585e-08 9.06205e-09 6.17082e-08 -4.12526e-08 -3.91821e-10 7.57989e-10
852 0.1 550 0 6.53705e-09 -6.10755e-09 1.49094e-09 -6.98074e-10 -5.89204e-08 5.19255e-08 -1.94203e-08 9.18954e-09 6.11871e-08 -4.16909e-08 -4.28969e-10 8.43434e-10
852 0.11 550 0 7.10193e-09 -6.77254e-09 1.62427e-09 -7.82031e-10 -5.81792e-08 5.2264e-08 -1.92664e-08 9.32862e-09 6.06066e-08 -4.21686e-08 -4.64096e-10 9.29212e-10
852 0.12 550 0 7.64079e-09 -7.45169e-09 1.75293e-09 -8.69743e-10 -5.73654e-08 5.26241e-08 -1.90965e-08 9.47873e-09 5.99656e-08 -4.26836e-08 -4.96995e-10 1.01533e-09
852 0.13 550 0 8.15098e-09 -8.14563e-09 1.8764e-09 -9.61411e-10 -5.64787e-08 5.3003e-08 -1.89103e-08 9.63924e-09 5.92627e-08 -4.32335e-08 -5.27466e-10 1.1018e-09
852 0.14 550 0 8.62981e-09 -8.85488e-09 1.99419e-09 -1.05721e-09 -5.55188e-08 5.33975e-08 -1.87073e-08 9.80947e-09 5.84966e-08 -4.38158e-08 -5.55302e-10 1.18859e-09
852 0.15 550 0 9.07454e-09 -9.5797e-09 2.10576e-09 -1.15725e-09 -5.44856e-08 5.38043e-08 -1.84872e-08 9.98864e-09 5.7666e-08 -4.44277e-08 -5.803e-10 1.2757e-09
852 0.16 550 0 9.48237e-09 -1.03202e-08 2.21056e-09 -1.26163e-09 -5.33787e-08 5.42197e-08 -1.82497e-08 1.01759e-08 5.67692e-08 -4.5066e-08 -6.02258e-10 1.3631e-09
852 0.17 550 0 9.85046e-09 -1.10762e-08 2.30804e-09 -1.37038e-09 -5.21982e-08 5.46397e-08 -1.79944e-08 1.03705e-08 5.58051e-08 -4.57275e-08 -6.20967e-10 1.45074e-09
852 0.18 550 0 1.01759e-08 -1.18475e-08 2.39763e-09 -1.48348e-09 -5.09443e-08 5.50602e-08 -1.7721e-08 1.05713e-08 5.47722e-08 -4.64085e-08 -6.36226e-10 1.53859e-09
852 0.19 550 0 1.04559e-08 -1.26333e-08 2.47874e-09 -1.60084e-09 -4.96172e-08 5.54768e-08 -1.74291e-08 1.07773e-08 5.36691e-08 -4.71052e-08 -6.47835e-10 1.62657e-09
852 0.2 550 0 1.06874e-08 -1.34327e-08 2.5508e-09 -1.72234e-09 -4.82173e-08 5.5885e-08 -1.71184e-08 1.09874e-08 5.24947e-08 -4.78134e-08 -6.55591e-10 1.71462e-09
852 0.21 550 0 1.08669e-08 -1.42448e-08 2.61307e-09 -1.84786e-09 -4.67453e-08 5.62793e-08 -1.67884e-08 1.12004e-08 5.12475e-08 -4.85283e-08 -6.59278e-10 1.80263e-09
852 0.22 550 0 1.09928e-08 -1.50675e-08 2.66523e-09 -1.97693e-09 -4.52023e-08 5.66557e-08 -1.64393e-08 1.1415e-08 4.9927e-08 -4.92458e-08 -6.58734e-10 1.89053e-09
852 0.23 550 0 1.10615e-08 -1.58994e-08 2.70659e-09 -2.10931e-09 -4.35894e-08 5.70084e-08 -1.60706e-08 1.16301e-08 4.85321e-08 -4.99606e-08 -6.53748e-10 1.97818e-09
852 0.24 550 0 1.10702e-08 -1.67382e-08 2.73657e-09 -2.2446e-09 -4.19081e-08 5.73322e-08 -1.56822e-08 1.1844e-08 4.70622e-08 -5.06674e-08 -6.44122e-10 2.06545e-09
852 0.25 550 0 1.10163e-08 -1.75813e-08 2.75461e-09 -2.38227e-09 -4.01605e-08 5.76213e-08 -1.52741e-08 1.20553e-08 4.55169e-08 -5.13605e-08 -6.29679e-10 2.15219e-09
852 0.26 550 0 1.08972e-08 -1.84259e-08 2.76018e-09 -2.52175e-09 -3.83486e-08 5.78703e-08 -1.48462e-08 1.22625e-08 4.3896e-08 -5.20342e-08 -6.10233e-10 2.23823e-09
852 0.27 550 0 1.07103e-08 -1.92686e-08 2.75281e-09 -2.66237e-09 -3.64751e-08 5.80733e-08 -1.43986e-08 1.2464e-08 4.21997e-08 -5.26824e-08 -5.85605e-10 2.32339e-09
852 0.28 550 0 1.04536e-08 -2.01058e-08 2.73204e-09 -2.80337e-09 -3.45433e-08 5.82246e-08 -1.39316e-08 1.2658e-08 4.04288e-08 -5.32985e-08 -5.55639e-10 2.40744e-09
852 0.29 550 0 1.01249e-08 -2.09333e-08 2.69747e-09 -2.94392e-09 -3.25567e-08 5.83183e-08 -1.34453e-08 1.28429e-08 3.8584e-08 -5.38762e-08 -5.20163e-10 2.49017e-09
852 0.3 550 0 9.72259e-09 -2.17468e-08 2.64876e-09 -3.0831e-09 -3.05192e-08 5.83488e-08 -1.29403e-08 1.30168e-08 3.66668e-08 -5.44085e-08 -4.79034e-10 2.57133e-09
852 0.31 550 0 9.2451e-09 -2.25414e-08 2.58565e-09 -3.21993e-09 -2.84357e-08 5.83104e-08 -1.24171e-08 1.3178e-08 3.46792e-08 -5.48886e-08 -4.32108e-10 2.65064e-09
852 0.32 550 0 8.69153e-09 -2.33118e-08 2.50799e-09 -3.3533e-09 -2.63111e-08 5.81975e-08 -1.18763e-08 1.33246e-08 3.26236e-08 -5.53093e-08 -3.79264e-10 2.72781e-09
852 0.33 550 0 8.06122e-09 -2.40523e-08 2.41567e-09 -3.48204e-09 -2.41512e-08 5.80049e-08 -1.13188e-08 1.34546e-08 3.0503e-08 -5.56635e-08 -3.20397e-10 2.80253e-09
852 0.34 550 0 7.35406e-09 -2.47572e-08 2.30875e-09 -3.60494e-09 -2.19621e-08 5.77276e-08 -1.07457e-08 1.35664e-08 2.83212e-08 -5.59441e-08 -2.55409e-10 2.87444e-09
852 0.35 550 0 6.57041e-09 -2.54202e-08 2.18736e-09 -3.72073e-09 -1.97508e-08 5.73608e-08 -1.01582e-08 1.3658e-08 2.60824e-08 -5.61438e-08 -1.84226e-10 2.94319e-09
852 0.36 550 0 5.71126e-09 -2.60348e-08 2.05182e-09 -3.82809e-09 -1.75245e-08 5.69004e-08 -9.5575e-09 1.37276e-08 2.37915e-08 -5.62555e-08 -1.06796e-10 3.00839e-09
852 0.37 550 0 4.77831e-09 -2.65942e-08 1.90256e-09 -3.92563e-09 -1.52911e-08 5.63426e-08 -8.94534e-09 1.37735e-08 2.14544e-08 -5.62724e-08 -2.30922e-11 3.06962e-09
852 0.38 550 0 3.77383e-09 -2.70915e-08 1.74016e-09 -4.01195e-09 -1.30591e-08 5.56842e-08 -8.32343e-09 1.3794e-08 1.90775e-08 -5.61878e-08 6.68761e-11 3.12644e-09
852 0.39 550 0 2.69988e-09 -2.75194e-08 1.56506e-09 -4.08564e-09 -1.08378e-08 5.49223e-08 -7.69369e-09 1.37875e-08 1.66681e-08 -5.59947e-08 1.63085e-10 3.17836e-09
852 0.4 550 0 1.56251e-09 -2.78714e-08 1.37888e-09 -4.14538e-09 -8.63575e-09 5.4056e-08 -7.05838e-09 1.37527e-08 1.42342e-08 -5.56884e-08 2.65444e-10 3.22495e-09
852 0.41 550 0 3.65524e-10 -2.81404e-08 1.18245e-09 -4.1898e-09 -6.46295e-09 5.30841e-08 -6.41982e-09 1.36882e-08 1.17845e-08 -5.52629e-08 3.73848e-10 3.26567e-09
852 0.42 550 0 -8.85609e-10 -2.83194e-08 9.7704e-10 -4.21766e-09 -4.32945e-09 5.20063e-08 -5.78051e-09 1.3593e-08 9.32848e-09 -5.47133e-08 4.88154e-10 3.29997e-09
852 0.43 550 0 -2.18408e-09 -2.83963e-08 7.62577e-10 -4.22664e-09 -2.24553e-09 5.08223e-08 -5.1426e-09 1.34655e-08 6.87633e-09 -5.4032e-08 6.07073e-10 3.32613e-09
852 0.44 550 0 -3.5229e-09 -2.83671e-08 5.41556e-10 -4.21572e-09 -2.22449e-10 4.95351e-08 -4.50937e-09 1.33052e-08 4.43965e-09 -5.32172e-08 7.30745e-10 3.34449e-09
852 0.45 550 0 -4.89295e-09 -2.82328e-08 3.17874e-10 -4.18542e-09 1.72996e-09 4.81498e-08 -3.88453e-09 1.31127e-08 2.03005e-09 -5.22715e-08 8.60084e-10 3.35569e-09
852 0.46 550 0 -6.28514e-09 -2.79856e-08 9.27388e-11 -4.1345e-09 3.60156e-09 4.66697e-08 -3.27087e-09 1.28876e-08 -3.40678e-10 -5.11917e-08 9.94222e-10 3.35851e-09
852 0.47 550 0 -7.68956e-09 -2.762e-08 -1.31803e-10 -4.06221e-09 5.38229e-09 4.51004e-08 -2.67154e-09 1.26301e-08 -2.66011e-09 -4.99772e-08 1.13263e-09 3.35229e-09
852 0.48 550 0 -9.09484e-09 -2.71338e-08 -3.53082e-10 -3.96854e-09 7.06306e-09 4.34485e-08 -2.08985e-09 1.2341e-08 -4.91561e-09 -4.863e-08 1.27493e-09 3.3365e-09
852 0.49 550 0 -1.04896e-08 -2.65237e-08 -5.68838e-10 -3.85327e-09 8.63464e-09 4.17219e-08 -1.52902e-09 1.20212e-08 -7.09412e-09 -4.71521e-08 1.42045e-09 3.31049e-09
852 0.5 550 0 -1.18615e-08 -2.57883e-08 -7.76398e-10 -3.71663e-09 1.00889e-08 3.99298e-08 -9.92319e-10 1.16721e-08 -9.18261e-09 -4.55477e-08 1.56855e-09 3.27374e-09
852 0.51 550 0 -1.31987e-08 -2.49267e-08 -9.73532e-10 -3.55901e-09 1.14175e-08 3.80825e-08 -4.82874e-10 1.12955e-08 -1.1168e-08 -4.38215e-08 1.7185e-09 3.22564e-09
852 0.52 550 0 -1.44858e-08 -2.39425e-08 -1.15673e-09 -3.38193e-09 1.26166e-08 3.61908e-08 -3.64698e-12 1.08938e-08 -1.30383e-08 -4.19819e-08 1.86954e-09 3.16582e-09
852 0.53 550 0 -1.57105e-08 -2.28386e-08 -1.32373e-09 -3.18686e-09 1.36806e-08 3.42668e-08 4.42628e-10 1.04698e-08 -1.47817e-08 -4.00372e-08 2.02089e-09 3.09376e-09
852 0.54 550 0 -1.6859e-08 -2.16177e-08 -1.4721e-09 -2.97478e-09 1.46054e-08 3.23239e-08 8.53309e-10 1.00263e-08 -1.6386e-08 -3.79969e-08 2.17133e-09 3.00908e-09
852 0.55 550 0 -1.79183e-08 -2.02879e-08 -1.59939e-09 -2.74855e-09 1.53897e-08 3.0375e-08 1.22637e-09 9.56692e-09 -1.78418e-08 -3.58731e-08 2.32004e-09 2.91141e-09
852 0.56 550 0 -1.88754e-08 -1.88552e-08 -1.70353e-09 -2.50993e-09 1.60328e-08 2.84344e-08 1.55986e-09 9.0952e-09 -1.91388e-08 -3.3678e-08 2.46571e-09 2.80055e-09
852 0.57 550 0 -1.9718e-08 -1.73312e-08 -1.78256e-09 -2.26251e-09 1.65369e-08 2.65157e-08 1.85263e-09 8.61548e-09 -2.02702e-08 -3.14265e-08 2.60727e-09 2.67626e-09
852 0.58 550 0 -2.04343e-08 -1.57253e-08 -1.83493e-09 -2.00874e-09 1.6905e-08 2.46337e-08 2.10363e-09 8.13189e-09 -2.12285e-08 -2.91335e-08 2.74329e-09 2.53859e-09
852 0.59 550 0 -2.10144e-08 -1.40521e-08 -1.85956e-09 -1.75283e-09 1.71431e-08 2.28009e-08 2.31287e-09 7.64913e-09 -2.20102e-08 -2.68157e-08 2.87255e-09 2.38748e-09
852 0.6 550 0 -2.14493e-08 -1.23224e-08 -1.85595e-09 -1.49729e-09 1.72567e-08 2.1033e-08 2.48029e-09 7.17151e-09 -2.26108e-08 -2.44896e-08 2.99348e-09 2.2232e-09
852 0.61 550 0 -2.17311e-08 -1.05577e-08 -1.82365e-09 -1.24779e-09 1.72579e-08 1.93382e-08 2.60745e-09 6.70415e-09 -2.3032e-08 -2.21737e-08 3.10477e-09 2.04609e-09
852 0.62 550 0 -2.18542e-08 -8.77132e-09 -1.76311e-09 -1.00724e-09 1.71561e-08 1.77302e-08 2.69559e-09 6.25136e-09 -2.32737e-08 -1.98857e-08 3.20484e-09 1.85671e-09
852 0.63 550 0 -2.18155e-08 -6.98216e-09 -1.67552e-09 -7.80039e-10 1.69641e-08 1.62176e-08 2.74722e-09 5.81762e-09 -2.33401e-08 -1.76433e-08 3.29219e-09 1.6557e-09
852 0.64 550 0 -2.16138e-08 -5.20973e-09 -1.56264e-09 -5.70472e-10 1.66962e-08 1.48071e-08 2.76551e-09 5.40709e-09 -2.32377e-08 -1.5464e-08 3.36533e-09 1.44392e-09
852 0.65 550 0 -2.12497e-08 -3.47154e-09 -1.42666e-09 -3.81879e-10 1.63673e-08 1.35062e-08 2.75386e-09 5.02351e-09 -2.29738e-08 -1.33651e-08 3.42276e-09 1.2225e-09
852 0.66 550 0 -2.0727e-08 -1.78789e-09 -1.27066e-09 -2.1816e-10 1.59941e-08 1.23171e-08 2.71673e-09 4.67015e-09 -2.25595e-08 -1.13623e-08 3.46305e-09 9.92725e-10
852 0.67 550 0 -2.00522e-08 -1.7779e-10 -1.09833e-09 -8.25104e-11 1.55932e-08 1.12406e-08 2.65899e-09 4.34964e-09 -2.20075e-08 -9.47043e-09 3.48485e-09 7.56098e-10
852 0.68 550 0 -1.92329e-08 1.34251e-09 -9.13747e-10 2.30226e-11 1.5182e-08 1.02775e-08 2.58581e-09 4.06392e-09 -2.13315e-08 -7.70272e-09 3.48687e-09 5.1431e-10
852 0.69 550 0 -1.82823e-08 2.75085e-09 -7.21963e-10 9.49755e-11 1.47773e-08 9.41786e-09 2.50329e-09 3.81411e-09 -2.05498e-08 -6.06983e-09 3.46814e-09 2.69392e-10
852 0.7 550 0 -1.72133e-08 4.03386e-09 -5.28075e-10 1.3277e-10 1.43955e-08 8.65766e-09 2.41718e-09 3.60045e-09 -1.96791e-08 -4.58109e-09 3.42771e-09 2.34415e-11
852 0.71 550 0 -1.60428e-08 5.17605e-09 -3.37884e-10 1.35627e-10 1.40514e-08 7.98473e-09 2.33376e-09 3.42201e-09 -1.87393e-08 -3.2424e-09 3.36488e-09 -2.21152e-10
852 0.72 550 0 -1.47889e-08 6.16581e-09 -1.57106e-10 1.04099e-10 1.37589e-08 7.38763e-09 2.25902e-09 3.2771e-09 -1.775e-08 -2.05805e-09 3.27925e-09 -4.61878e-10
852 0.73 550 0 -1.34724e-08 6.99253e-09 8.18918e-12 3.93903e-11 1.35292e-08 6.8494e-09 2.19892e-09 3.16272e-09 -1.67322e-08 -1.02851e-09 3.17071e-09 -6.96e-10
852 0.74 550 0 -1.20973e-08 7.61577e-09 1.56375e-10 -6.00156e-11 1.33704e-08 6.35029e-09 2.15687e-09 3.07856e-09 -1.56969e-08 -1.72685e-10 3.03821e-09 -9.19523e-10
852 0.75 550 0 -1.07228e-08 8.06106e-09 2.73961e-10 -1.88016e-10 1.32859e-08 5.86765e-09 2.14234e-09 3.01616e-09 -1.46857e-08 5.31593e-10 2.88488e-09 -1.13065e-09
852 0.76 550 0 -9.36736e-09 8.33813e-09 3.56643e-10 -3.38937e-10 1.32807e-08 5.38632e-09 2.15885e-09 2.96949e-09 -1.37142e-08 1.09897e-09 2.71152e-09 -1.32751e-09
852 0.77 550 0 -8.05387e-09 8.44504e-09 4.00074e-10 -5.07098e-10 1.33509e-08 4.8821e-09 2.2094e-09 2.93143e-09 -1.27997e-08 1.53897e-09 2.51925e-09 -1.50731e-09
852 0.78 550 0 -6.80685e-09 8.38854e-09 4.00616e-10 -6.85814e-10 1.34916e-08 4.33402e-09 2.29612e-09 2.89453e-09 -1.19599e-08 1.86461e-09 2.30956e-09 -1.66724e-09
852 0.79 550 0 -5.6523e-09 8.18044e-09 3.56452e-10 -8.69898e-10 1.36924e-08 3.72015e-09 2.41908e-09 2.85238e-09 -1.12115e-08 2.09337e-09 2.08379e-09 -1.80308e-09
852 0.8 550 0 -4.61219e-09 7.83472e-09 2.64192e-10 -1.04814e-09 1.39438e-08 3.01822e-09 2.57986e-09 2.79409e-09 -1.05694e-08 2.24365e-09 1.84573e-09 -1.9147e-09
852 0.81 550 0 -3.71539e-09 7.37234e-09 1.22617e-10 -1.213e-09 1.42163e-08 2.20928e-09 2.77561e-09 2.7114e-09 -1.00441e-08 2.34032e-09 1.59794e-09 -1.99873e-09
852 0.82 550 0 -2.98262e-09 6.81853e-09 -6.72904e-11 -1.3566e-09 1.44895e-08 1.27567e-09 3.00332e-09 2.59668e-09 -9.64623e-09 2.40873e-09 1.34391e-09 -2.05284e-09
852 0.83 550 0 -2.43393e-09 6.20271e-09 -3.04711e-10 -1.46846e-09 1.47347e-08 2.04727e-10 3.25918e-09 2.44061e-09 -9.38243e-09 2.47625e-09 1.08786e-09 -2.0767e-09
852 0.84 550 0 -2.08587e-09 5.55865e-09 -5.86387e-10 -1.53601e-09 1.49171e-08 -1.01214e-09 3.53666e-09 2.23254e-09 -9.25455e-09 2.57324e-09 8.3423e-10 -2.06979e-09
852 0.85 550 0 -1.94967e-09 4.94546e-09 -9.05527e-10 -1.5389e-09 1.50034e-08 -2.38394e-09 3.82696e-09 1.95638e-09 -9.26304e-09 2.74996e-09 5.88219e-10 -2.03107e-09
852 0.86 550 0 -2.03706e-09 4.41127e-09 -1.2567e-09 -1.46394e-09 1.49425e-08 -3.90067e-09 4.12097e-09 1.60204e-09 -9.40063e-09 3.04252e-09 3.53585e-10 -1.96608e-09
852 0.87 550 0 -2.34095e-09 4.02018e-09 -1.62754e-09 -1.30389e-09 1.46934e-08 -5.5567e-09 4.40518e-09 1.16436e-09 -9.65202e-09 3.50307e-09 1.34418e-10 -1.87412e-09
852 0.88 550 0 -2.84505e-09 3.83938e-09 -2.00367e-09 -1.04581e-09 1.42076e-08 -7.33263e-09 4.66353e-09 6.34421e-10 -9.99082e-09 4.18398e-09 -6.56378e-11 -1.758e-09
852 0.89 550 0 -3.51812e-09 3.94649e-09 -2.36827e-09 -6.78984e-10 1.34318e-08 -9.19902e-09 4.87778e-09 5.64933e-12 -1.03771e-08 5.14544e-09 -2.4286e-10 -1.62023e-09
852 0.9 550 0 -4.30352e-09 4.4296e-09 -2.6997e-09 -1.91518e-10 1.23066e-08 -1.11236e-08 5.02541e-09 -7.30005e-10 -1.07485e-08 6.45954e-09 -3.93774e-10 -1.46438e-09
852 0.91 550 0 -5.13064e-09 5.38592e-09 -2.98323e-09 4.24915e-10 1.0777e-08 -1.30275e-08 5.09e-09 -1.57386e-09 -1.10285e-08 8.19359e-09 -5.12176e-10 -1.2927e-09
852 0.92 550 0 -5.8996e-09 6.92187e-09 -3.20101e-09 1.1881e-09 8.77919e-09 -1.48357e-08 5.05276e-09 -2.5381e-09 -1.11143e-08 1.04333e-08 -5.92346e-10 -1.11268e-09
852 0.93 550 0 -6.67429e-09 9.08206e-09 -3.27176e-09 2.12308e-09 6.26987e-09 -1.64479e-08 4.83598e-09 -3.63851e-09 -1.10469e-08 1.32006e-08 -6.62578e-10 -9.45621e-10
852 0.94 550 0 -7.06378e-09 1.2458e-08 -3.25458e-09 3.32686e-09 3.14379e-09 -1.76896e-08 4.4922e-09 -4.96576e-09 -1.04619e-08 1.70193e-08 -6.98982e-10 -7.73741e-10
852 0.95 550 0 -6.33164e-09 1.74929e-08 -2.85508e-09 4.93749e-09 -6.51152e-10 -1.83635e-08 3.74267e-09 -6.63919e-09 -8.65684e-09 2.22894e-08 -7.10714e-10 -6.09352e-10
852 0.96 550 0 -3.15356e-09 2.48275e-08 -1.75081e-09 7.10761e-09 -5.20582e-09 -1.81238e-08 2.26543e-09 -8.80434e-09 -4.32518e-09 2.96081e-08 -7.03404e-10 -4.53426e-10
852 0.97 550 0 6.36047e-09 3.51131e-08 1.09804e-09 1.0004e-08 -1.06926e-08 -1.62701e-08 -9.807e-10 -1.16104e-08 6.39502e-09 3.95562e-08 -6.82331e-10 -3.00418e-10
852 0.98 550 0 3.45361e-08 4.345e-08 9.02198e-09 1.22882e-08 -1.69862e-08 -1.05325e-08 -9.34365e-09 -1.36516e-08 3.57948e-08 4.70345e-08 -6.38709e-10 -1.25415e-10
852 0.99 550 0 8.03345e-08 -6.70792e-09 2.17177e-08 -1.42332e-09 -1.56761e-08 3.25016e-09 -2.23046e-08 7.24703e-10 8.21039e-08 -5.03736e-09 -4.52158e-10 5.38709e-11
852 1 550 0 2.20277e-10 -6.4372e-08 6.11159e-11 -1.73943e-08 4.98924e-10 3.7822e-11 -6.22088e-11 1.73404e-08 2.23611e-10 -6.48436e-08 -3.72137e-10 1.90604e-13
852 1.01 550 0 1.11683e-11 -1.74706e-08 3.46624e-12 -4.65064e-09 -4.88747e-09 -8.20392e-12 -2.83913e-12 4.19088e-09 8.61937e-12 -1.6323e-08 -2.56757e-10 1.53809e-13
852 1.02 550 0 2.72656e-12 -1.10679e-08 1.00194e-12 -2.96358e-09 -4.18449e-09 -5.93116e-12 -4.64789e-13 2.5234e-09 6.22095e-13 -9.9202e-09 -2.0805e-10 8.13332e-14
852 1.03 550 0 3.62554e-13 -8.06176e-09 2.77448e-13 -2.18085e-09 -3.60224e-09 -4.55053e-12 1.88988e-13 1.77326e-09 -1.44601e-12 -6.96852e-09 -1.6997e-10 5.38844e-14
852 1.04 550 0 -5.97276e-13 -6.32313e-09 -3.29888e-14 -1.73165e-09 -3.14997e-09 -3.52702e-12 4.33748e-13 1.35658e-09 -2.14439e-12 -5.29267e-09 -1.39335e-10 3.79323e-14
852 1.05 550 0 -1.04051e-12 -5.20136e-09 -1.86408e-13 -1.44307e-09 -2.79631e-09 -2.77916e-12 5.32362e-13 1.09768e-09 -2.37387e-12 -4.23082e-09 -1.14191e-10 2.71031e-14
852 1.06 550 0 -1.40055e-12 -4.426e-09 -3.14332e-13 -1.24389e-09 -2.51557e-09 -2.07348e-12 5.99845e-13 9.2489e-10 -2.49602e-12 -3.50963e-09 -9.32258e-11 1.31013e-14
852 1.07 550 0 -1.49352e-12 -3.86477e-09 -3.5401e-13 -1.09957e-09 -2.29029e-09 -1.63465e-12 5.99833e-13 8.03725e-10 -2.43642e-12 -2.99595e-09 -7.55308e-11 9.06417e-15
852 1.08 550 0 -1.54539e-12 -3.44439e-09 -3.79043e-13 -9.91119e-10 -2.10737e-09 -1.28272e-12 5.90729e-13 7.15545e-10 -2.35708e-12 -2.61687e-09 -6.04385e-11 5.65364e-15
852 1.09 550 0 -1.66649e-12 -3.12153e-09 -4.24656e-13 -9.07424e-10 -1.95758e-09 -9.08748e-13 5.97078e-13 6.49558e-10 -2.32343e-12 -2.32959e-09 -4.74431e-11 -1.25438e-15
852 1.1 550 0 -1.67098e-12 -2.86935e-09 -4.31368e-13 -8.41635e-10 -1.83461e-09 -6.76594e-13 5.7816e-13 5.99184e-10 -2.22934e-12 -2.10763e-09 -3.61616e-11 -2.64917e-15
852 1.11 550 0 -1.67829e-12 -2.66986e-09 -4.37275e-13 -7.89206e-10 -1.73342e-09 -4.76646e-13 5.60973e-13 5.60151e-10 -2.14731e-12 -1.93355e-09 -2.62859e-11 -3.6033e-15
852 1.12 550 0 -1.76292e-12 -2.51083e-09 -4.67442e-13 -7.47056e-10 -1.65022e-09 -2.41027e-13 5.63346e-13 5.29614e-10 -2.12066e-12 -1.79557e-09 -1.75701e-11 -8.47776e-15
852 1.13 550 0 -1.77357e-12 -2.38412e-09 -4.72784e-13 -7.13162e-10 -1.58253e-09 -9.2745e-14 5.50258e-13 5.05704e-10 -2.05914e-12 -1.68576e-09 -9.81218e-12 -9.24576e-15
852 1.14 550 0 -1.79862e-12 -2.28366e-09 -4.81849e-13 -6.86023e-10 -1.52818e-09 4.49404e-14 5.41971e-13 4.87081e-10 -2.01536e-12 -1.59834e-09 -2.84222e-12 -1.03356e-14
852 1.15 550 0 -1.891e-12 -2.20518e-09 -5.11412e-13 -6.64598e-10 -1.48563e-09 2.21647e-13 5.49482e-13 4.72824e-10 -2.01722e-12 -1.52923e-09 3.48623e-12 -1.42116e-14
852 1.16 550 0 -1.93755e-12 -2.14592e-09 -5.2576e-13 -6.4822e-10 -1.45396e-09 3.43033e-13 5.4825e-13 4.62338e-10 -2.00036e-12 -1.47563e-09 9.29898e-12 -1.55175e-14
852 1.17 550 0 -2.05705e-12 -2.10376e-09 -5.62058e-13 -6.36399e-10 -1.4324e-09 5.09103e-13 5.63905e-13 4.552e-10 -2.03294e-12 -1.43548e-09 1.47123e-11 -1.96425e-14
852 1.18 550 0 -2.13919e-12 -2.07766e-09 -5.86208e-13 -6.28917e-10 -1.42076e-09 6.30786e-13 5.7285e-13 4.51204e-10 -2.05106e-12 -1.40753e-09 1.98327e-11 -2.17528e-14
852 1.19 550 0 -2.24724e-12 -2.06714e-09 -6.17434e-13 -6.25706e-10 -1.41909e-09 7.61316e-13 5.88132e-13 4.50278e-10 -2.09078e-12 -1.39105e-09 2.47676e-11 -2.43297e-14
852 1.2 550 0 -2.4415e-12 -2.0724e-09 -6.74461e-13 -6.26878e-10 -1.42779e-09 9.48813e-13 6.2295e-13 4.52494e-10 -2.18738e-12 -1.38581e-09 2.96254e-11 -3.01457e-14
852 1.21 550 0 -2.62739e-12 -2.0946e-09 -7.27832e-13 -6.32813e-10 -1.44793e-09 1.11709e-12 6.56924e-13 4.5812e-10 -2.28692e-12 -1.39229e-09 3.45249e-11 -3.47672e-14
852 1.22 550 0 -2.92237e-12 -2.13562e-09 -8.13279e-13 -6.44096e-10 -1.48103e-09 1.35888e-12 7.15043e-13 4.67591e-10 -2.45812e-12 -1.41146e-09 3.96045e-11 -4.30773e-14
852 1.23 550 0 -3.23937e-12 -2.19887e-09 -9.03927e-13 -6.61734e-10 -1.52964e-09 1.60427e-12 7.7881e-13 4.81648e-10 -2.65165e-12 -1.44527e-09 4.50349e-11 -5.10843e-14
852 1.24 550 0 -3.73173e-12 -2.28935e-09 -1.04572e-12 -6.87204e-10 -1.59744e-09 1.96952e-12 8.80998e-13 5.01386e-10 -2.95997e-12 -1.49672e-09 5.10407e-11 -6.47715e-14
852 1.25 550 0 -4.32438e-12 -2.41515e-09 -1.21528e-12 -7.22866e-10 -1.69031e-09 2.39306e-12 1.00577e-12 5.28551e-10 -3.34198e-12 -1.57076e-09 5.79372e-11 -8.04211e-14
852 1.26 550 0 -5.1747e-12 -2.58893e-09 -1.4588e-12 -7.72405e-10 -1.8174e-09 2.98857e-12 1.18702e-12 5.65864e-10 -3.8967e-12 -1.67522e-09 6.61944e-11 -1.03478e-13
852 1.27 550 0 -6.52071e-12 -2.8318e-09 -1.84545e-12 -8.41951e-10 -1.99389e-09 3.92637e-12 1.47554e-12 6.17856e-10 -4.77424e-12 -1.82321e-09 7.65645e-11 -1.41705e-13
852 1.28 550 0 -8.54461e-12 -3.18139e-09 -2.42616e-12 -9.42407e-10 -2.24684e-09 5.32261e-12 1.91152e-12 6.92574e-10 -6.10177e-12 -2.03815e-09 9.03531e-11 -1.99362e-13
852 1.29 550 0 -1.21939e-11 -3.71038e-09 -3.47562e-12 -1.09485e-09 -2.62844e-09 7.84951e-12 2.69816e-12 8.05571e-10 -8.48073e-12 -2.36542e-09 1.10063e-10 -3.07258e-13
852 1.3 550 0 -1.9261e-11 -4.58102e-09 -5.50896e-12 -1.34629e-09 -3.2552e-09 1.27516e-11 4.22203e-12 9.91525e-10 -1.30716e-11 -2.90626e-09 1.41238e-10 -5.20334e-13
852 1.31 550 0 -3.73723e-11 -6.23966e-09 -1.07298e-11 -1.82605e-09 -4.44757e-09 2.5418e-11 8.11961e-12 1.34584e-09 -2.47253e-11 -3.93938e-09 1.99099e-10 -1.08485e-12
852 1.32 550 0 -1.11202e-10 -1.0528e-08 -3.20473e-11 -3.06776e-09 -7.52777e-09 7.75261e-11 2.39658e-11 2.26213e-09 -7.17365e-11 -6.61476e-09 3.46376e-10 -3.45969e-12
852 1.33 550 0 -2.14797e-09 -4.5471e-08 -6.21294e-10 -1.31908e-08 -3.26154e-08 1.53225e-09 4.59413e-10 9.72899e-09 -1.35116e-09 -2.84317e-08 1.537e-09 -7.13854e-11
852 1.34 550 0 -3.06804e-10 1.68476e-08 -8.90981e-11 4.86571e-09 1.21226e-08 2.23779e-10 6.5163e-11 -3.58928e-09 -1.87991e-10 1.04837e-08 -5.83951e-10 -1.09063e-11
852 1.35 550 0 -4.99816e-11 6.69175e-09 -1.45728e-11 1.92377e-09 4.83038e-09 3.72702e-11 1.05349e-11 -1.41889e-09 -2.97798e-11 4.14402e-09 -2.3705e-10 -1.89647e-12
852 1.36 550 0 -1.87287e-11 4.01722e-09 -5.48257e-12 1.14954e-09 2.90906e-09 1.42749e-11 3.91568e-12 -8.4756e-10 -1.08307e-11 2.47577e-09 -1.45119e-10 -7.57238e-13
852 1.37 550 0 -9.322e-12 2.78962e-09 -2.74068e-12 7.94524e-10 2.02658e-09 7.27403e-12 1.92992e-12 -5.85499e-10 -5.20874e-12 1.71093e-09 -1.02553e-10 -4.01958e-13
852 1.38 550 0 -5.42134e-12 2.0888e-09 -1.60077e-12 5.92121e-10 1.52232e-09 4.33475e-12 1.10932e-12 -4.36039e-10 -2.91457e-12 1.27492e-09 -7.80019e-11 -2.48805e-13
852 1.39 550 0 -3.45632e-12 1.63805e-09 -1.02513e-12 4.62148e-10 1.19765e-09 2.83868e-12 6.96591e-13 -3.4003e-10 -1.77456e-12 9.94969e-10 -6.20313e-11 -1.68697e-13
852 1.4 550 0 -2.32921e-12 1.32542e-09 -6.9432e-13 3.72169e-10 9.72174e-10 1.97599e-12 4.59232e-13 -2.73545e-10 -1.12512e-12 8.01181e-10 -5.08221e-11 -1.21272e-13
852 1.41 550 0 -1.64772e-12 1.09702e-09 -4.93716e-13 3.06568e-10 8.07211e-10 1.45023e-12 3.15363e-13 -2.25062e-10 -7.36401e-13 6.59904e-10 -4.25332e-11 -9.13754e-14
852 1.42 550 0 -1.20457e-12 9.23666e-10 -3.62937e-13 2.56895e-10 6.81815e-10 1.10857e-12 2.20767e-13 -1.88345e-10 -4.82924e-13 5.52935e-10 -3.6166e-11 -7.1202e-14
852 1.43 550 0 -9.0203e-13 7.88222e-10 -2.73469e-13 2.18182e-10 5.83673e-10 8.7791e-13 1.54752e-13 -1.59729e-10 -3.06494e-13 4.6957e-10 -3.11319e-11 -5.69524e-14
852 1.44 550 0 -6.84187e-13 6.7995e-10 -2.09012e-13 1.87317e-10 5.05076e-10 7.1854e-13 1.04836e-13 -1.36917e-10 -1.71412e-13 4.0311e-10 -2.70612e-11 -4.65053e-14
852 1.45 550 0 -5.28103e-13 5.9179e-10 -1.62701e-13 1.62258e-10 4.40951e-10 6.10738e-13 6.66388e-14 -1.184e-10 -6.66879e-14 3.49153e-10 -2.37101e-11 -3.87122e-14
852 1.46 550 0 -4.10849e-13 5.18907e-10 -1.2789e-13 1.41603e-10 3.87826e-10 5.40902e-13 3.42212e-14 -1.03144e-10 2.5508e-14 3.04687e-10 -2.09106e-11 -3.27339e-14
852 1.47 550 0 -3.20128e-13 4.57884e-10 -1.00996e-13 1.24363e-10 3.43243e-10 5.03635e-13 3.72078e-15 -9.04193e-11 1.17173e-13 2.67584e-10 -1.85432e-11 -2.80769e-14
852 1.48 550 0 -2.47646e-13 4.06238e-10 -7.95992e-14 1.09819e-10 3.05411e-10 5.00332e-13 -2.91007e-14 -7.96957e-11 2.22549e-13 2.36302e-10 -1.65208e-11 -2.44184e-14
852 1.49 550 0 -1.85845e-13 3.62121e-10 -6.1587e-14 9.74363e-11 2.72994e-10 5.4473e-13 -7.20008e-14 -7.05812e-11 3.69728e-13 2.09705e-10 -1.4778e-11 -2.15929e-14
852 1.5 550 0 -1.3195e-13 3.24134e-10 -4.61318e-14 8.68108e-11 2.44958e-10 6.67406e-13 -1.36315e-13 -6.27851e-11 6.00719e-13 1.86952e-10 -1.32647e-11 -1.94212e-14
852 1.51 550 0 -7.74313e-14 2.91194e-10 -3.10284e-14 7.76293e-11 2.20453e-10 9.77084e-13 -2.60997e-13 -5.60992e-11 1.06181e-12 1.6746e-10 -1.19419e-11 -1.79517e-14
852 1.52 550 0 -6.939e-15 2.62456e-10 -1.25358e-14 6.96466e-11 1.98577e-10 1.92116e-12 -5.98482e-13 -5.04376e-11 2.32702e-12 1.51062e-10 -1.07776e-11 -1.75181e-14
852 1.53 550 0 1.50788e-13 2.3725e-10 2.62813e-14 6.26679e-11 1.7649e-10 7.34375e-12 -2.43823e-12 -4.64295e-11 9.24937e-12 1.40256e-10 -9.74075e-12 -2.03081e-14
852 1.54 550 0 -4.73123e-12 2.13033e-10 -1.17221e-12 5.6207e-11 -2.34342e-09 8.02625e-10 -2.6321e-10 -8.6809e-10 9.88307e-10 3.22933e-09 -9.35344e-12 -1.12857e-14
852 1.55 550 0 -3.22633e-13 1.95284e-10 -8.37464e-14 5.11349e-11 1.46531e-10 5.2013e-12 -1.59996e-12 -3.76066e-11 6.02039e-12 1.13961e-10 -8.07264e-12 -2.89027e-15
852 1.56 550 0 -1.92959e-13 1.77797e-10 -5.20527e-14 4.63465e-11 1.36157e-10 1.36679e-12 -3.75268e-13 -3.32108e-11 1.43126e-12 1.00317e-10 -7.33999e-12 -5.17236e-15
852 1.57 550 0 -1.42036e-13 1.62187e-10 -3.92101e-14 4.20905e-11 1.24964e-10 6.20966e-13 -1.46303e-13 -2.99386e-11 5.72773e-13 9.05464e-11 -6.68989e-12 -5.50943e-15
852 1.58 550 0 -1.12993e-13 1.48211e-10 -3.16796e-14 3.82954e-11 1.14645e-10 3.58638e-13 -7.01694e-14 -2.7116e-11 2.86154e-13 8.21718e-11 -6.10752e-12 -5.35407e-15
852 1.59 550 0 -9.33337e-14 1.35663e-10 -2.64638e-14 3.49014e-11 1.05283e-10 2.35709e-13 -3.70213e-14 -2.46204e-11 1.60339e-13 7.47742e-11 -5.58372e-12 -5.06177e-15
852 1.6 550 0 -7.88362e-14 1.24367e-10 -2.25488e-14 3.18578e-11 9.68055e-11 1.67982e-13 -2.03541e-14 -2.23958e-11 9.62473e-14 6.81751e-11 -5.11127e-12 -4.72999e-15
852 1.61 550 0 -6.75443e-14 1.14171e-10 -1.94543e-14 2.91216e-11 8.91224e-11 1.26132e-13 -1.10977e-14 -2.04038e-11 5.99881e-14 6.22585e-11 -4.68414e-12 -4.40123e-15
852 1.62 550 0 -5.85365e-14 1.04948e-10 -1.6956e-14 2.66562e-11 8.21479e-11 9.87241e-14 -5.78648e-15 -1.86147e-11 3.85937e-14 5.69362e-11 -4.29724e-12 -4.07605e-15
852 1.63 550 0 -5.11475e-14 9.65865e-11 -1.48854e-14 2.44299e-11 7.58055e-11 7.95109e-14 -2.57123e-15 -1.70037e-11 2.51631e-14 5.21355e-11 -3.94612e-12 -3.77041e-15
852 1.64 550 0 -4.49525e-14 8.89916e-11 -1.31399e-14 2.24157e-11 7.00276e-11 6.53027e-14 -5.3765e-16 -1.555e-11 1.62931e-14 4.77957e-11 -3.62696e-12 -3.49291e-15
852 1.65 550 0 -3.97447e-14 8.20802e-11 -1.16578e-14 2.05899e-11 6.4755e-11 5.46341e-14 7.10046e-16 -1.42359e-11 1.04545e-14 4.38648e-11 -3.33641e-12 -3.231e-15
852 1.66 550 0 -3.52843e-14 7.57801e-11 -1.03829e-14 1.89322e-11 5.99356e-11 4.62851e-14 1.49758e-15 -1.30457e-11 6.44982e-15 4.02978e-11 -3.07154e-12 -2.99226e-15
852 1.67 550 0 -3.14504e-14 7.0028e-11 -9.27894e-15 1.74246e-11 5.55236e-11 3.96331e-14 1.9798e-15 -1.19662e-11 3.67078e-15 3.70558e-11 -2.82977e-12 -2.77091e-15
852 1.68 550 0 -2.8131e-14 6.47685e-11 -8.31727e-15 1.60516e-11 5.14789e-11 3.42503e-14 2.25582e-15 -1.09856e-11 1.7432e-15 3.41048e-11 -2.60882e-12 -2.56606e-15
852 1.69 550 0 -2.5238e-14 5.99527e-11 -7.47494e-15 1.47993e-11 4.77658e-11 2.98227e-14 2.39541e-15 -1.00936e-11 3.98399e-16 3.14149e-11 -2.40668e-12 -2.3764e-15
852 1.7 550 0 -2.27039e-14 5.55374e-11 -6.73303e-15 1.36556e-11 4.43527e-11 2.61342e-14 2.4427e-15 -9.28125e-12 -5.38099e-16 2.89597e-11 -2.22155e-12 -2.20013e-15
852 1.71 550 0 -2.04728e-14 5.14845e-11 -6.07625e-15 1.26098e-11 4.12118e-11 2.30223e-14 2.42882e-15 -8.54051e-12 -1.19057e-15 2.67161e-11 -2.05185e-12 -2.03581e-15
852 1.72 550 0 -1.85007e-14 4.77598e-11 -5.49181e-15 1.16525e-11 3.83181e-11 2.03726e-14 2.37314e-15 -7.86433e-12 -1.63933e-15 2.46634e-11 -1.89613e-12 -1.88184e-15
852 1.73 550 0 -1.67502e-14 4.43332e-11 -4.96898e-15 1.07752e-11 3.56493e-11 1.80929e-14 2.29049e-15 -7.24642e-12 -1.9466e-15 2.27835e-11 -1.75314e-12 -1.73688e-15
852 1.74 550 0 -1.51884e-14 4.11775e-11 -4.49907e-15 9.97035e-12 3.31854e-11 1.61139e-14 2.19026e-15 -6.68122e-12 -2.15191e-15 2.106e-11 -1.62172e-12 -1.6e-15
852 1.75 550 0 -1.37933e-14 3.82685e-11 -4.07437e-15 9.23127e-12 3.09087e-11 1.43903e-14 2.07594e-15 -6.16373e-12 -2.27982e-15 1.94784e-11 -1.50085e-12 -1.46845e-15
852 1.76 550 0 -1.25392e-14 3.55845e-11 -3.68865e-15 8.55195e-12 2.8803e-11 1.2872e-14 1.95478e-15 -5.68952e-12 -2.35654e-15 1.80257e-11 -1.38959e-12 -1.34264e-15
852 1.77 550 0 -1.14101e-14 3.3106e-11 -3.33383e-15 7.92701e-12 2.68539e-11 1.15249e-14 1.82679e-15 -5.25459e-12 -2.40231e-15 1.66902e-11 -1.28713e-12 -1.21789e-15
852 1.78 550 0 -1.03904e-14 3.08155e-11 -2.99747e-15 7.35162e-12 2.50483e-11 1.0316e-14 1.68574e-15 -4.85537e-12 -2.43656e-15 1.54616e-11 -1.19268e-12 -1.08334e-15
852 1.79 550 0 -8.97217e-15 2.86962e-11 -2.54739e-15 6.82123e-12 2.33732e-11 8.34793e-15 1.65262e-15 -4.48879e-12 -2.93058e-15 1.43312e-11 -1.10555e-12 -9.02131e-16
852 1.8 550 0 -7.92198e-15 2.6735e-11 -2.24636e-15 6.33222e-12 2.18197e-11 7.0932e-15 1.58356e-15 -4.15178e-12 -3.0027e-15 1.32892e-11 -1.02517e-12 -8.08254e-16
852 1.81 550 0 -7.0696e-15 2.49185e-11 -2.00235e-15 5.88099e-12 2.03777e-11 6.1634e-15 1.48914e-15 -3.84175e-12 -2.93143e-15 1.23283e-11 -9.50973e-13 -7.31128e-16
852 1.82 550 0 -6.36331e-15 2.3235e-11 -1.79725e-15 5.46434e-12 1.90384e-11 5.45067e-15 1.38098e-15 -3.55638e-12 -2.78652e-15 1.14417e-11 -8.82439e-13 -6.61553e-16
852 1.83 550 0 -5.74849e-15 2.16737e-11 -1.61753e-15 5.07934e-12 1.77935e-11 4.85718e-15 1.27341e-15 -3.29354e-12 -2.62042e-15 1.06231e-11 -8.19106e-13 -5.98505e-16
852 1.84 550 0 -5.2123e-15 2.02248e-11 -1.45943e-15 4.72337e-12 1.66358e-11 4.36023e-15 1.1687e-15 -3.05131e-12 -2.44445e-15 9.86692e-12 -7.60552e-13 -5.41112e-16
852 1.85 550 0 -4.7427e-15 1.88796e-11 -1.31944e-15 4.39405e-12 1.55585e-11 3.93986e-15 1.06849e-15 -2.82796e-12 -2.26762e-15 9.16794e-12 -7.06392e-13 -4.88569e-16
852 1.86 550 0 -4.33026e-15 1.76298e-11 -1.19518e-15 4.08921e-12 1.45556e-11 3.58181e-15 9.74075e-16 -2.62191e-12 -2.09499e-15 8.5215e-12 -6.56274e-13 -4.40755e-16
852 1.87 550 0 -3.96582e-15 1.64682e-11 -1.08412e-15 3.80688e-12 1.36214e-11 3.27255e-15 8.86353e-16 -2.43171e-12 -1.93125e-15 7.92336e-12 -6.09879e-13 -3.97336e-16
852 1.88 550 0 -3.64457e-15 1.53879e-11 -9.85375e-16 3.54525e-12 1.27508e-11 3.00597e-15 8.05782e-16 -2.25606e-12 -1.77729e-15 7.36963e-12 -5.66914e-13 -3.58475e-16
852 1.89 550 0 -3.36023e-15 1.43829e-11 -8.97762e-16 3.30269e-12 1.19392e-11 2.77361e-15 7.33164e-16 -2.09377e-12 -1.63526e-15 6.85676e-12 -5.27109e-13 -3.24354e-16
852 1.9 550 0 -3.1017e-15 1.34473e-11 -8.21654e-16 3.0777e-12 1.11821e-11 2.56517e-15 6.69413e-16 -1.94376e-12 -1.5015e-15 6.38154e-12 -4.90219e-13 -2.96e-16
852 1.91 550 0 -2.8644e-15 1.25762e-11 -7.52896e-16 2.86891e-12 1.04757e-11 2.37402e-15 6.11564e-16 -1.80504e-12 -1.37834e-15 5.94099e-12 -4.56018e-13 -2.70384e-16
852 1.92 550 0 -2.64768e-15 1.17645e-11 -6.90274e-16 2.67507e-12 9.8163e-12 2.19933e-15 5.58726e-16 -1.6767e-12 -1.26594e-15 5.53242e-12 -4.243e-13 -2.46843e-16
852 1.93 550 0 -2.4496e-15 1.10081e-11 -6.332e-16 2.49504e-12 9.20054e-12 2.03964e-15 5.10405e-16 -1.55792e-12 -1.16318e-15 5.15335e-12 -3.94874e-13 -2.25198e-16
852 1.94 550 0 -2.26843e-15 1.03029e-11 -5.81145e-16 2.32775e-12 8.62532e-12 1.89361e-15 4.66158e-16 -1.44794e-12 -1.06906e-15 4.80152e-12 -3.67568e-13 -2.05281e-16
852 1.95 550 0 -2.10263e-15 9.64514e-12 -5.33629e-16 2.17225e-12 8.0878e-12 1.76003e-15 4.25583e-16 -1.34608e-12 -9.82724e-16 4.47484e-12 -3.4222e-13 -1.86932e-16
852 1.96 550 0 -1.95084e-15 9.03145e-12 -4.90216e-16 2.02766e-12 7.58533e-12 1.63786e-15 3.88308e-16 -1.2517e-12 -9.03385e-16 4.17141e-12 -3.18684e-13 -1.69996e-16
852 1.97 550 0 -1.81188e-15 8.45866e-12 -4.5051e-16 1.89315e-12 7.11548e-12 1.52621e-15 3.53973e-16 -1.16422e-12 -8.30317e-16 3.88948e-12 -2.96823e-13 -1.54313e-16
852 1.98 550 0 -1.68479e-15 7.92389e-12 -4.14141e-16 1.76799e-12 6.67601e-12 1.42445e-15 3.22198e-16 -1.0831e-12 -7.62797e-16 3.62743e-12 -2.76514e-13 -1.39702e-16
852 1.99 550 0 -1.56904e-15 7.42446e-12 -3.80748e-16 1.65148e-12 6.26483e-12 1.33248e-15 2.92465e-16 -1.00787e-12 -6.99928e-16 3.38378e-12 -2.57641e-13 -1.25887e-16
852 2 550 0 -1.46975e-15 6.95787e-12 -3.49704e-16 1.54299e-12 5.88001e-12 1.25864e-15 2.61667e-16 -9.38074e-13 -6.36957e-16 3.15718e-12 -2.40098e-13 -1.11001e-16
