852 0 330 0 1.78616e-10 1.84781e-08 -2.51079e-08 -1.06699e-08 0 0 0 0 0 0 -2.96489e-08 -1.1981e-08
852 0.01 330 0 1.65472e-10 1.84829e-08 -2.5117e-08 -1.06614e-08 1.39619e-09 -5.43197e-10 8.64823e-10 7.85766e-11 -1.20027e-09 3.82362e-10 -2.96492e-08 -1.19729e-08
852 0.02 330 0 1.26115e-10 1.84974e-08 -2.51441e-08 -1.06359e-08 2.79021e-09 -1.08854e-09 1.72955e-09 1.55714e-10 -2.39938e-09 7.67003e-10 -2.96503e-08 -1.19485e-08
852 0.03 330 0 6.06434e-11 1.85217e-08 -2.51891e-08 -1.05933e-08 4.17987e-09 -1.63817e-09 2.59409e-09 2.29972e-10 -3.59619e-09 1.1562e-09 -2.9652e-08 -1.19077e-08
852 0.04 330 0 -3.08242e-11 1.85562e-08 -2.5252e-08 -1.05334e-08 5.56299e-09 -2.19421e-09 3.45833e-09 2.99909e-10 -4.78951e-09 1.55221e-09 -2.96542e-08 -1.18507e-08
852 0.05 330 0 -1.46995e-10 1.86011e-08 -2.5333e-08 -1.04551e-08 6.93735e-09 -2.75875e-09 4.32219e-09 3.64052e-10 -5.97811e-09 1.95724e-09 -2.96556e-08 -1.17786e-08
852 0.06 330 0 -2.89543e-10 1.86571e-08 -2.5431e-08 -1.03598e-08 8.30068e-09 -3.33384e-09 5.18544e-09 4.21012e-10 -7.16076e-09 2.37364e-09 -2.96585e-08 -1.16888e-08
852 0.07 330 0 -4.57023e-10 1.87247e-08 -2.5546e-08 -1.02463e-08 9.65071e-09 -3.92148e-09 6.04795e-09 4.69321e-10 -8.33615e-09 2.80357e-09 -2.96614e-08 -1.15826e-08
852 0.08 330 0 -6.48965e-10 1.88047e-08 -2.56778e-08 -1.0114e-08 1.09851e-08 -4.5236e-09 6.9095e-09 5.07531e-10 -9.50291e-09 3.24923e-09 -2.96641e-08 -1.14598e-08
852 0.09 330 0 -8.64858e-10 1.88979e-08 -2.58259e-08 -9.96236e-09 1.23014e-08 -5.14207e-09 7.76986e-09 5.34194e-10 -1.06596e-08 3.71277e-09 -2.96663e-08 -1.13204e-08
852 0.1 330 0 -1.10381e-09 1.90051e-08 -2.59898e-08 -9.79101e-09 1.35973e-08 -5.7787e-09 8.62874e-09 5.47867e-10 -1.18047e-08 4.19633e-09 -2.96676e-08 -1.11645e-08
852 0.11 330 0 -1.36577e-09 1.91272e-08 -2.61685e-08 -9.59859e-09 1.48701e-08 -6.43518e-09 9.48574e-09 5.47088e-10 -1.29367e-08 4.70191e-09 -2.96688e-08 -1.09913e-08
852 0.12 330 0 -1.64869e-09 1.92655e-08 -2.63621e-08 -9.38566e-09 1.61175e-08 -7.1131e-09 1.03406e-08 5.30435e-10 -1.40537e-08 5.23169e-09 -2.96671e-08 -1.08018e-08
852 0.13 330 0 -1.95128e-09 1.9421e-08 -2.657e-08 -9.14988e-09 1.73365e-08 -7.81391e-09 1.11929e-08 4.96356e-10 -1.5154e-08 5.7874e-09 -2.96621e-08 -1.05966e-08
852 0.14 330 0 -2.27425e-09 1.95951e-08 -2.67905e-08 -8.89222e-09 1.85247e-08 -8.53896e-09 1.20418e-08 4.43582e-10 -1.62356e-08 6.37127e-09 -2.96557e-08 -1.03733e-08
852 0.15 330 0 -2.61579e-09 1.9789e-08 -2.70226e-08 -8.61041e-09 1.96789e-08 -9.28945e-09 1.2887e-08 3.70606e-10 -1.72966e-08 6.98485e-09 -2.96471e-08 -1.01325e-08
852 0.16 330 0 -2.97363e-09 2.00045e-08 -2.72663e-08 -8.30454e-09 2.07966e-08 -1.00663e-08 1.37277e-08 2.76003e-10 -1.83345e-08 7.63009e-09 -2.96336e-08 -9.87511e-09
852 0.17 330 0 -3.3467e-09 2.02425e-08 -2.75198e-08 -7.97329e-09 2.18747e-08 -1.08705e-08 1.45632e-08 1.58373e-10 -1.93471e-08 8.30852e-09 -2.96155e-08 -9.60067e-09
852 0.18 330 0 -3.7329e-09 2.05042e-08 -2.77822e-08 -7.61434e-09 2.29099e-08 -1.17027e-08 1.53928e-08 1.62057e-11 -2.03321e-08 9.02127e-09 -2.9592e-08 -9.30984e-09
852 0.19 330 0 -4.13109e-09 2.07922e-08 -2.80518e-08 -7.22922e-09 2.38994e-08 -1.25632e-08 1.62152e-08 -1.51642e-10 -2.12864e-08 9.77047e-09 -2.95627e-08 -9.00123e-09
852 0.2 330 0 -4.53879e-09 2.11073e-08 -2.83273e-08 -6.81575e-09 2.484e-08 -1.34524e-08 1.70295e-08 -3.46604e-10 -2.22075e-08 1.0557e-08 -2.95264e-08 -8.6756e-09
852 0.21 330 0 -4.95831e-09 2.14502e-08 -2.86094e-08 -6.37216e-09 2.57273e-08 -1.43707e-08 1.7835e-08 -5.70277e-10 -2.30929e-08 1.1382e-08 -2.94823e-08 -8.33387e-09
852 0.22 330 0 -5.37829e-09 2.18243e-08 -2.88917e-08 -5.89875e-09 2.65598e-08 -1.53167e-08 1.86295e-08 -8.23384e-10 -2.39382e-08 1.22462e-08 -2.94296e-08 -7.97434e-09
852 0.23 330 0 -5.80087e-09 2.22298e-08 -2.9174e-08 -5.39352e-09 2.73332e-08 -1.62903e-08 1.9412e-08 -1.10736e-09 -2.4741e-08 1.31502e-08 -2.93681e-08 -7.59754e-09
852 0.24 330 0 -6.22155e-09 2.26679e-08 -2.94556e-08 -4.85575e-09 2.80444e-08 -1.7291e-08 2.01814e-08 -1.42355e-09 -2.54974e-08 1.40944e-08 -2.92936e-08 -7.20585e-09
852 0.25 330 0 -6.63979e-09 2.31407e-08 -2.97327e-08 -4.28502e-09 2.86896e-08 -1.83172e-08 2.09353e-08 -1.7727e-09 -2.6204e-08 1.50794e-08 -2.92094e-08 -6.79626e-09
852 0.26 330 0 -7.05055e-09 2.36493e-08 -3.00041e-08 -3.68075e-09 2.92656e-08 -1.93676e-08 2.16723e-08 -2.15597e-09 -2.68566e-08 1.61052e-08 -2.9111e-08 -6.37124e-09
852 0.27 330 0 -7.45019e-09 2.41935e-08 -3.02666e-08 -3.04059e-09 2.97689e-08 -2.04403e-08 2.23906e-08 -2.57441e-09 -2.74517e-08 1.71706e-08 -2.89981e-08 -5.9313e-09
852 0.28 330 0 -7.83579e-09 2.47763e-08 -3.05178e-08 -2.36596e-09 3.01962e-08 -2.15329e-08 2.30878e-08 -3.0285e-09 -2.79846e-08 1.8276e-08 -2.88697e-08 -5.47571e-09
852 0.29 330 0 -8.20247e-09 2.53961e-08 -3.07544e-08 -1.65429e-09 3.05442e-08 -2.2643e-08 2.37618e-08 -3.51925e-09 -2.84516e-08 1.94192e-08 -2.87242e-08 -5.00618e-09
852 0.3 330 0 -8.54693e-09 2.60558e-08 -3.09736e-08 -9.07393e-10 3.08097e-08 -2.37673e-08 2.44102e-08 -4.04682e-09 -2.88477e-08 2.06001e-08 -2.85604e-08 -4.52238e-09
852 0.31 330 0 -8.86362e-09 2.67531e-08 -3.11719e-08 -1.22878e-10 3.09896e-08 -2.49028e-08 2.50307e-08 -4.61199e-09 -2.91691e-08 2.18155e-08 -2.83766e-08 -4.02611e-09
852 0.32 330 0 -9.14916e-09 2.749e-08 -3.13454e-08 6.97471e-10 3.1081e-08 -2.60452e-08 2.562e-08 -5.21452e-09 -2.94108e-08 2.30641e-08 -2.81726e-08 -3.51675e-09
852 0.33 330 0 -9.39631e-09 2.82649e-08 -3.14918e-08 1.5548e-09 3.10816e-08 -2.71905e-08 2.61763e-08 -5.8549e-09 -2.95679e-08 2.43425e-08 -2.79438e-08 -2.99791e-09
852 0.34 330 0 -9.60264e-09 2.90778e-08 -3.16055e-08 2.44759e-09 3.09886e-08 -2.83338e-08 2.66955e-08 -6.53243e-09 -2.96365e-08 2.5648e-08 -2.76927e-08 -2.4678e-09
852 0.35 330 0 -9.76064e-09 2.99261e-08 -3.16838e-08 3.37629e-09 3.08001e-08 -2.94703e-08 2.71756e-08 -7.24715e-09 -2.96116e-08 2.6976e-08 -2.74147e-08 -1.93034e-09
852 0.36 330 0 -9.86572e-09 3.08087e-08 -3.1722e-08 4.3391e-09 3.05143e-08 -3.05945e-08 2.76128e-08 -7.99813e-09 -2.94887e-08 2.83226e-08 -2.71093e-08 -1.38591e-09
852 0.37 330 0 -9.91312e-09 3.17246e-08 -3.17157e-08 5.33394e-09 3.01299e-08 -3.17001e-08 2.80037e-08 -8.78414e-09 -2.92633e-08 2.96835e-08 -2.67759e-08 -8.35426e-10
852 0.38 330 0 -9.89511e-09 3.26694e-08 -3.16615e-08 6.36039e-09 2.96462e-08 -3.27812e-08 2.83457e-08 -9.60447e-09 -2.8931e-08 3.10522e-08 -2.64102e-08 -2.83148e-10
852 0.39 330 0 -9.81206e-09 3.36414e-08 -3.15562e-08 7.41632e-09 2.90608e-08 -3.38312e-08 2.8635e-08 -1.04577e-08 -2.84886e-08 3.24237e-08 -2.60138e-08 2.70635e-10
852 0.4 330 0 -9.64964e-09 3.46352e-08 -3.13905e-08 8.49747e-09 2.83775e-08 -3.48426e-08 2.88673e-08 -1.13407e-08 -2.79313e-08 3.37902e-08 -2.55849e-08 8.24246e-10
852 0.41 330 0 -9.40484e-09 3.56454e-08 -3.11628e-08 9.60247e-09 2.75958e-08 -3.58086e-08 2.90401e-08 -1.2252e-08 -2.72564e-08 3.51436e-08 -2.51206e-08 1.3731e-09
852 0.42 330 0 -9.07326e-09 3.66673e-08 -3.08682e-08 1.07269e-08 2.6717e-08 -3.67218e-08 2.91494e-08 -1.31889e-08 -2.64608e-08 3.64769e-08 -2.46206e-08 1.91538e-09
852 0.43 330 0 -8.65704e-09 3.77101e-08 -3.05055e-08 1.18712e-08 2.57358e-08 -3.75689e-08 2.91909e-08 -1.41496e-08 -2.55381e-08 3.77841e-08 -2.40823e-08 2.44434e-09
852 0.44 330 0 -8.14919e-09 3.8762e-08 -3.00684e-08 1.30291e-08 2.46577e-08 -3.83436e-08 2.91609e-08 -1.51302e-08 -2.44877e-08 3.90557e-08 -2.3507e-08 2.96017e-09
852 0.45 330 0 -7.53261e-09 3.97951e-08 -2.9549e-08 1.41909e-08 2.34968e-08 -3.90449e-08 2.90579e-08 -1.6125e-08 -2.33133e-08 4.02763e-08 -2.28939e-08 3.46127e-09
852 0.46 330 0 -6.80825e-09 4.08098e-08 -2.89448e-08 1.53522e-08 2.22537e-08 -3.96624e-08 2.8878e-08 -1.71302e-08 -2.20125e-08 4.14379e-08 -2.22426e-08 3.94289e-09
852 0.47 330 0 -5.97451e-09 4.1799e-08 -2.82519e-08 1.65074e-08 2.09325e-08 -4.01877e-08 2.86178e-08 -1.8141e-08 -2.05854e-08 4.25299e-08 -2.15533e-08 4.40141e-09
852 0.48 330 0 -5.02604e-09 4.27507e-08 -2.74674e-08 1.76484e-08 1.95422e-08 -4.06143e-08 2.82752e-08 -1.91518e-08 -1.90336e-08 4.35404e-08 -2.08246e-08 4.83171e-09
852 0.49 330 0 -3.9623e-09 4.36562e-08 -2.65881e-08 1.87682e-08 1.80885e-08 -4.09346e-08 2.78472e-08 -2.0157e-08 -1.7359e-08 4.44582e-08 -2.00578e-08 5.22965e-09
852 0.5 330 0 -2.78216e-09 4.45045e-08 -2.56115e-08 1.98587e-08 1.65798e-08 -4.11419e-08 2.73318e-08 -2.11504e-08 -1.55653e-08 4.52711e-08 -1.92535e-08 5.5909e-09
852 0.51 330 0 -1.48929e-09 4.52857e-08 -2.45372e-08 2.09116e-08 1.50226e-08 -4.12302e-08 2.67272e-08 -2.21258e-08 -1.36572e-08 4.59682e-08 -1.84137e-08 5.91092e-09
852 0.52 330 0 -7.61331e-11 4.59825e-08 -2.33604e-08 2.19155e-08 1.34331e-08 -4.11952e-08 2.60318e-08 -2.30744e-08 -1.16403e-08 4.65344e-08 -1.75384e-08 6.18399e-09
852 0.53 330 0 1.45198e-09 4.65803e-08 -2.20817e-08 2.28603e-08 1.18206e-08 -4.10342e-08 2.52456e-08 -2.39893e-08 -9.52357e-09 4.69573e-08 -1.66304e-08 6.40577e-09
852 0.54 330 0 3.09016e-09 4.70734e-08 -2.07021e-08 2.37368e-08 1.01945e-08 -4.07403e-08 2.43671e-08 -2.48624e-08 -7.31245e-09 4.72273e-08 -1.56927e-08 6.5706e-09
852 0.55 330 0 4.83472e-09 4.74426e-08 -1.92217e-08 2.4532e-08 8.56928e-09 -4.03146e-08 2.33974e-08 -2.56846e-08 -5.01963e-09 4.73309e-08 -1.47286e-08 6.67428e-09
852 0.56 330 0 6.67894e-09 4.76759e-08 -1.76439e-08 2.52361e-08 6.95586e-09 -3.97542e-08 2.23374e-08 -2.6448e-08 -2.65425e-09 4.72561e-08 -1.37403e-08 6.70983e-09
852 0.57 330 0 8.61564e-09 4.77595e-08 -1.597e-08 2.58347e-08 5.36965e-09 -3.9061e-08 2.11885e-08 -2.71419e-08 -2.30817e-10 4.69934e-08 -1.27346e-08 6.67411e-09
852 0.58 330 0 1.06349e-08 4.76799e-08 -1.42054e-08 2.63174e-08 3.82204e-09 -3.82352e-08 1.99532e-08 -2.77578e-08 2.238e-09 4.65308e-08 -1.17146e-08 6.56075e-09
852 0.59 330 0 1.27265e-08 4.74237e-08 -1.23548e-08 2.66693e-08 2.32919e-09 -3.72817e-08 1.86349e-08 -2.82844e-08 4.73577e-09 4.58607e-08 -1.06874e-08 6.36516e-09
852 0.6 330 0 1.48744e-08 4.69807e-08 -1.04274e-08 2.68806e-08 8.99587e-10 -3.6202e-08 1.72378e-08 -2.87132e-08 7.24786e-09 4.49736e-08 -9.65774e-09 6.08141e-09
852 0.61 330 0 1.7071e-08 4.63331e-08 -8.42687e-09 2.69328e-08 -4.45626e-10 -3.50078e-08 1.57669e-08 -2.9031e-08 9.75341e-09 4.38621e-08 -8.63525e-09 5.70657e-09
852 0.62 330 0 1.92967e-08 4.54721e-08 -6.36495e-09 2.68153e-08 -1.69867e-09 -3.37033e-08 1.4228e-08 -2.92283e-08 1.22348e-08 4.25195e-08 -7.62621e-09 5.23624e-09
852 0.63 330 0 2.15339e-08 4.43869e-08 -4.25301e-09 2.65134e-08 -2.84564e-09 -3.2299e-08 1.2629e-08 -2.92931e-08 1.46718e-08 4.09413e-08 -6.63986e-09 4.66473e-09
852 0.64 330 0 2.37636e-08 4.30673e-08 -2.10338e-09 2.60121e-08 -3.87458e-09 -3.0807e-08 1.09786e-08 -2.92133e-08 1.70419e-08 3.91244e-08 -5.68648e-09 3.98953e-09
852 0.65 330 0 2.59639e-08 4.15068e-08 6.93616e-11 2.52978e-08 -4.77689e-09 -2.92375e-08 9.2859e-09 -2.89763e-08 1.93237e-08 3.70668e-08 -4.77704e-09 3.20657e-09
852 0.66 330 0 2.81133e-08 3.96972e-08 2.24844e-09 2.43582e-08 -5.54175e-09 -2.76066e-08 7.56306e-09 -2.85715e-08 2.14938e-08 3.47685e-08 -3.92385e-09 2.31465e-09
852 0.67 330 0 3.01881e-08 3.76334e-08 4.41505e-09 2.31795e-08 -6.16138e-09 -2.59298e-08 5.82306e-09 -2.79865e-08 2.35282e-08 3.22311e-08 -3.1397e-09 1.31215e-09
852 0.68 330 0 3.21612e-08 3.53141e-08 6.54676e-09 2.17498e-08 -6.63205e-09 -2.42206e-08 4.0808e-09 -2.72094e-08 2.5403e-08 2.94578e-08 -2.43758e-09 1.98837e-10
852 0.69 330 0 3.40108e-08 3.2734e-08 8.62236e-09 2.00532e-08 -6.9437e-09 -2.25019e-08 2.35343e-09 -2.62259e-08 2.70923e-08 2.64547e-08 -1.83473e-09 -1.02538e-09
852 0.7 330 0 3.57067e-08 2.98943e-08 1.06133e-08 1.8078e-08 -7.09745e-09 -2.07892e-08 6.60692e-10 -2.50237e-08 2.85711e-08 2.32277e-08 -1.34579e-09 -2.35805e-09
852 0.71 330 0 3.72199e-08 2.67966e-08 1.24899e-08 1.58115e-08 -7.09171e-09 -1.91031e-08 -9.74402e-10 -2.35891e-08 2.98124e-08 1.97864e-08 -9.9018e-10 -3.79623e-09
852 0.72 330 0 3.85215e-08 2.34473e-08 1.42176e-08 1.32432e-08 -6.92831e-09 -1.74613e-08 -2.52615e-09 -2.19093e-08 3.07914e-08 1.61421e-08 -7.86748e-10 -5.3347e-09
852 0.73 330 0 3.95818e-08 1.98538e-08 1.57571e-08 1.03631e-08 -6.60922e-09 -1.58846e-08 -3.9637e-09 -1.99717e-08 3.14814e-08 1.23087e-08 -7.55878e-10 -6.96566e-09
852 0.74 330 0 4.03663e-08 1.60255e-08 1.70643e-08 7.16307e-09 -6.14345e-09 -1.4389e-08 -5.25209e-09 -1.77637e-08 3.18551e-08 8.29935e-09 -9.21093e-10 -8.67947e-09
852 0.75 330 0 4.08439e-08 1.19644e-08 1.80894e-08 3.63313e-09 -5.53735e-09 -1.30039e-08 -6.34877e-09 -1.5273e-08 3.18832e-08 4.12933e-09 -1.30606e-09 -1.04621e-08
852 0.76 330 0 4.09824e-08 7.69292e-09 1.87733e-08 -2.26996e-10 -4.80022e-09 -1.17425e-08 -7.2055e-09 -1.24909e-08 3.15403e-08 -1.79223e-10 -1.93683e-09 -1.22962e-08
852 0.77 330 0 4.0743e-08 3.21828e-09 1.9049e-08 -4.41811e-09 -3.94816e-09 -1.06273e-08 -7.76443e-09 -9.41043e-09 3.07948e-08 -4.61044e-09 -2.83934e-09 -1.41586e-08
852 0.78 330 0 4.0091e-08 -1.43712e-09 1.88401e-08 -8.93071e-09 -2.99458e-09 -9.67343e-09 -7.95858e-09 -6.03004e-09 2.96184e-08 -9.13978e-09 -4.04355e-09 -1.60215e-08
852 0.79 330 0 3.89863e-08 -6.25706e-09 1.80571e-08 -1.37499e-08 -1.95862e-09 -8.89839e-09 -7.70841e-09 -2.35371e-09 2.79788e-08 -1.37455e-08 -5.57616e-09 -1.78479e-08
852 0.8 330 0 3.73843e-08 -1.12198e-08 1.6599e-08 -1.8844e-08 -8.59985e-10 -8.31431e-09 -6.9214e-09 1.60224e-09 2.58403e-08 -1.84042e-08 -7.46662e-09 -1.95936e-08
852 0.81 330 0 3.52395e-08 -1.63094e-08 1.43487e-08 -2.41707e-08 2.78622e-10 -7.94526e-09 -5.48719e-09 5.80961e-09 2.31641e-08 -2.3089e-08 -9.74027e-09 -2.1202e-08
852 0.82 330 0 3.24947e-08 -2.15031e-08 1.11751e-08 -2.96593e-08 1.43157e-09 -7.80047e-09 -3.28203e-09 1.02183e-08 1.99036e-08 -2.77749e-08 -1.24182e-08 -2.26051e-08
852 0.83 330 0 2.9095e-08 -2.67702e-08 6.90607e-09 -3.52537e-08 2.58183e-09 -7.89937e-09 -1.58684e-10 1.4809e-08 1.60037e-08 -3.24245e-08 -1.54929e-08 -2.37319e-08
852 0.84 330 0 2.49638e-08 -3.20925e-08 1.3874e-09 -4.07362e-08 3.70901e-09 -8.26167e-09 4.07273e-09 1.93797e-08 1.14168e-08 -3.7031e-08 -1.89837e-08 -2.4467e-08
852 0.85 330 0 1.9983e-08 -3.74482e-08 -5.5289e-09 -4.59095e-08 4.77198e-09 -8.88582e-09 9.56535e-09 2.37573e-08 6.03611e-09 -4.15601e-08 -2.28799e-08 -2.46991e-08
852 0.86 330 0 1.40056e-08 -4.2809e-08 -1.40146e-08 -5.05186e-08 5.72721e-09 -9.79631e-09 1.65001e-08 2.77107e-08 -2.70176e-10 -4.59687e-08 -2.71324e-08 -2.42989e-08
852 0.87 330 0 6.83026e-09 -4.81151e-08 -2.42311e-08 -5.42161e-08 6.53595e-09 -1.10054e-08 2.50563e-08 3.092e-08 -7.6838e-09 -5.01931e-08 -3.1654e-08 -2.31249e-08
852 0.88 330 0 -1.82496e-09 -5.32724e-08 -3.63106e-08 -5.65569e-08 7.14458e-09 -1.25369e-08 3.53937e-08 3.29634e-08 -1.64619e-08 -5.41304e-08 -3.63099e-08 -2.10359e-08
852 0.89 330 0 -1.23503e-08 -5.81195e-08 -5.03296e-08 -5.69834e-08 7.43314e-09 -1.44577e-08 4.76217e-08 3.33078e-08 -2.69504e-08 -5.75993e-08 -4.0908e-08 -1.79135e-08
852 0.9 330 0 -2.52707e-08 -6.23482e-08 -6.62415e-08 -5.47603e-08 7.3588e-09 -1.67665e-08 6.17521e-08 3.12257e-08 -3.96319e-08 -6.0321e-08 -4.51944e-08 -1.36655e-08
852 0.91 330 0 -4.13209e-08 -6.54074e-08 -8.3878e-08 -4.9037e-08 6.79349e-09 -1.95184e-08 7.76768e-08 2.58495e-08 -5.5187e-08 -6.17555e-08 -4.88556e-08 -8.27188e-09
852 0.92 330 0 -6.14902e-08 -6.62704e-08 -1.02909e-07 -3.87878e-08 5.56856e-09 -2.27793e-08 9.5127e-08 1.61114e-08 -7.45462e-08 -6.09085e-08 -5.15376e-08 -1.81469e-09
852 0.93 330 0 -8.70589e-08 -6.30593e-08 -1.22822e-07 -2.27374e-08 3.41e-09 -2.66518e-08 1.13643e-07 6.53165e-10 -9.89224e-08 -5.5949e-08 -5.28851e-08 5.49287e-09
852 0.94 330 0 -1.1956e-07 -5.22532e-08 -1.42894e-07 8.8317e-10 -1.50796e-10 -3.12845e-08 1.32526e-07 -2.24281e-08 -1.29773e-07 -4.34252e-08 -5.26023e-08 1.32924e-08
852 0.95 330 0 -1.60387e-07 -2.69777e-08 -1.62022e-07 3.49992e-08 -6.03757e-09 -3.68703e-08 1.50637e-07 -5.62723e-08 -1.68391e-07 -1.65548e-08 -5.05344e-08 2.10976e-08
852 0.96 330 0 -2.08735e-07 2.73607e-08 -1.77768e-07 8.55638e-08 -1.62427e-08 -4.35045e-08 1.65362e-07 -1.07183e-07 -2.13818e-07 3.91061e-08 -4.67727e-08 2.83631e-08
852 0.97 330 0 -2.49978e-07 1.44635e-07 -1.80983e-07 1.66663e-07 -3.58172e-08 -5.00402e-08 1.66905e-07 -1.8989e-07 -2.51102e-07 1.571e-07 -4.18204e-08 3.47074e-08
852 0.98 330 0 -1.78494e-07 3.91883e-07 -1.20811e-07 3.0676e-07 -7.77562e-08 -4.44234e-08 1.01544e-07 -3.33639e-07 -1.74034e-07 4.03153e-07 -3.67041e-08 4.09934e-08
852 0.99 330 0 4.2444e-07 4.1524e-07 1.9887e-07 3.50406e-07 -1.1437e-07 4.40975e-08 -2.34597e-07 -3.7316e-07 4.32569e-07 4.1904e-07 -2.69149e-08 5.21234e-08
852 1 330 0 -6.03902e-06 -2.37295e-07 1.93077e-07 7.12586e-10 -2.51976e-10 8.28507e-08 -2.29728e-07 -7.80141e-10 -6.03087e-06 -2.37288e-07 -6.69363e-11 5.50302e-08
852 1.01 330 0 4.16799e-08 6.32752e-10 9.19825e-08 2.32082e-10 -2.31104e-11 3.25517e-08 -1.1503e-07 -2.52268e-10 4.43249e-08 6.35819e-10 -7.46699e-12 3.38511e-08
852 1.02 330 0 3.13111e-08 3.77756e-10 6.04958e-08 1.3006e-10 -3.74892e-12 2.30216e-08 -7.99758e-08 -1.42299e-10 3.32609e-08 3.79905e-10 -2.52478e-12 2.8165e-08
852 1.03 330 0 2.2106e-08 2.65585e-10 4.38577e-08 8.70438e-11 2.71864e-12 1.845e-08 -6.11662e-08 -9.5503e-11 2.37768e-08 2.67311e-10 -1.86285e-13 2.45482e-08
852 1.04 330 0 1.53419e-08 2.03391e-10 3.34443e-08 6.40877e-11 5.92259e-12 1.58787e-08 -4.92423e-08 -7.02142e-11 1.69418e-08 2.04716e-10 1.14284e-12 2.19437e-08
852 1.05 330 0 1.02302e-08 1.64542e-10 2.62794e-08 5.02241e-11 7.79171e-12 1.43412e-08 -4.09552e-08 -5.47444e-11 1.18857e-08 1.65514e-10 1.99246e-12 1.99459e-08
852 1.06 330 0 6.19602e-09 1.3837e-10 2.103e-08 4.11755e-11 9.72688e-12 1.34176e-08 -3.48401e-08 -4.4284e-11 7.99298e-09 1.38663e-10 2.54963e-12 1.8353e-08
852 1.07 330 0 2.87803e-09 1.19899e-10 1.70035e-08 3.49893e-11 1.0616e-11 1.28988e-08 -3.01324e-08 -3.71723e-11 4.88217e-09 1.19893e-10 2.99024e-12 1.70494e-08
852 1.08 330 0 4.69498e-11 1.06345e-10 1.38023e-08 3.05562e-11 1.14019e-11 1.26648e-08 -2.63893e-08 -3.19648e-11 2.31062e-09 1.06024e-10 3.34238e-12 1.59628e-08
852 1.09 330 0 -2.4486e-09 9.6358e-11 1.11811e-08 2.73712e-11 1.27201e-11 1.2645e-08 -2.33367e-08 -2.79197e-11 1.19465e-10 9.53801e-11 3.62841e-12 1.50454e-08
852 1.1 330 0 -4.71454e-09 8.86078e-11 8.97961e-09 2.49545e-11 1.34094e-11 1.27982e-08 -2.07957e-08 -2.49144e-11 -1.79978e-09 8.72991e-11 3.8997e-12 1.42639e-08
852 1.11 330 0 -6.82669e-09 8.26919e-11 7.08849e-09 2.31359e-11 1.41676e-11 1.30972e-08 -1.86437e-08 -2.2544e-11 -3.52472e-09 8.10076e-11 4.16279e-12 1.35947e-08
852 1.12 330 0 -8.84244e-09 7.85307e-11 5.42992e-09 2.18951e-11 1.55779e-11 1.35252e-08 -1.67935e-08 -2.05752e-11 -5.11283e-09 7.60923e-11 4.42291e-12 1.30203e-08
852 1.13 330 0 -1.08101e-08 7.52187e-11 3.946e-09 2.09141e-11 1.65055e-11 1.40762e-08 -1.51822e-08 -1.90644e-11 -6.60904e-09 7.23157e-11 4.69879e-12 1.25282e-08
852 1.14 330 0 -1.27693e-08 7.29372e-11 2.59265e-09 2.02465e-11 1.76169e-11 1.47475e-08 -1.37621e-08 -1.78386e-11 -8.04991e-09 6.94787e-11 4.99854e-12 1.21089e-08
852 1.15 330 0 -1.47567e-08 7.19432e-11 1.33467e-09 1.99917e-11 1.94393e-11 1.55416e-08 -1.24964e-08 -1.68133e-11 -9.467e-09 6.75203e-11 5.33655e-12 1.17557e-08
852 1.16 330 0 -1.68099e-08 7.14181e-11 1.42246e-10 1.98584e-11 2.09576e-11 1.64683e-08 -1.13567e-08 -1.60364e-11 -1.08898e-08 6.62419e-11 5.71076e-12 1.14641e-08
852 1.17 330 0 -1.89659e-08 7.22617e-11 -1.01033e-09 2.01481e-11 2.33609e-11 1.75397e-08 -1.03194e-08 -1.54084e-11 -1.23467e-08 6.58315e-11 6.16252e-12 1.12315e-08
852 1.18 330 0 -2.12685e-08 7.35232e-11 -2.14763e-09 2.0542e-11 2.55463e-11 1.87766e-08 -9.36522e-09 -1.49759e-11 -1.38681e-08 6.6018e-11 6.67009e-12 1.10572e-08
852 1.19 330 0 -2.37672e-08 7.57866e-11 -3.29384e-09 2.12259e-11 2.8208e-11 2.02059e-08 -8.47754e-09 -1.46961e-11 -1.54879e-08 6.69722e-11 7.27194e-12 1.09423e-08
852 1.2 330 0 -2.65225e-08 7.98961e-11 -4.4746e-09 2.24833e-11 3.21716e-11 2.18634e-08 -7.64129e-09 -1.45718e-11 -1.72452e-08 6.90504e-11 8.03209e-12 1.089e-08
852 1.21 330 0 -2.96137e-08 8.49004e-11 -5.71999e-09 2.39754e-11 3.63678e-11 2.38014e-08 -6.8424e-09 -1.46274e-11 -1.91902e-08 7.1976e-11 8.92902e-12 1.09065e-08
852 1.22 330 0 -3.31425e-08 9.25877e-11 -7.06573e-09 2.62866e-11 4.24549e-11 2.60879e-08 -6.06647e-09 -1.48928e-11 -2.13862e-08 7.65552e-11 1.0101e-11 1.10012e-08
852 1.23 330 0 -3.72511e-08 1.0205e-10 -8.55897e-09 2.90947e-11 4.94095e-11 2.88222e-08 -5.29794e-09 -1.5394e-11 -2.39202e-08 8.25415e-11 1.15339e-11 1.11889e-08
852 1.24 330 0 -4.21368e-08 1.1627e-10 -1.02629e-08 3.3342e-11 5.97217e-11 3.21434e-08 -4.51823e-09 -1.62482e-11 -2.69127e-08 9.14788e-11 1.35017e-11 1.14913e-08
852 1.25 330 0 -4.80952e-08 1.3475e-10 -1.22698e-08 3.88246e-11 7.26255e-11 3.62628e-08 -3.70334e-09 -1.7519e-11 -3.05425e-08 1.03416e-10 1.60563e-11 1.19426e-08
852 1.26 330 0 -5.5578e-08 1.61575e-10 -1.47189e-08 4.67881e-11 9.1175e-11 4.1505e-08 -2.81929e-09 -1.94523e-11 -3.50827e-08 1.20761e-10 1.96577e-11 1.25961e-08
852 1.27 330 0 -6.53239e-08 2.03804e-10 -1.78357e-08 5.93845e-11 1.20493e-10 4.84026e-08 -1.81362e-09 -2.25323e-11 -4.09788e-08 1.47776e-10 2.51324e-11 1.35402e-08
852 1.28 330 0 -7.86339e-08 2.69184e-10 -2.20153e-08 7.88593e-11 1.65584e-10 5.78961e-08 -5.97105e-10 -2.74014e-11 -4.90145e-08 1.89704e-10 3.35733e-11 1.49318e-08
852 1.29 330 0 -9.8014e-08 3.87381e-10 -2.80174e-08 1.14199e-10 2.47753e-10 7.17982e-08 9.9944e-10 -3.61132e-11 -6.06989e-08 2.64634e-10 4.85366e-11 1.70749e-08
852 1.3 330 0 -1.29038e-07 6.20288e-10 -3.75286e-08 1.83899e-10 4.10263e-10 9.41437e-08 3.3484e-09 -5.31404e-11 -7.93872e-08 4.11397e-10 7.78546e-11 2.06466e-08
852 1.31 330 0 -1.87028e-07 1.22215e-09 -5.5184e-08 3.6457e-10 8.34375e-10 1.36027e-07 7.47012e-09 -9.61649e-11 -1.14303e-07 7.86017e-10 1.52734e-10 2.75107e-08
852 1.32 330 0 -3.35179e-07 3.70569e-09 -1.00095e-07 1.11207e-09 2.60193e-09 2.43207e-07 1.75653e-08 -2.69124e-10 -2.03484e-07 2.31309e-09 4.59128e-10 4.53565e-08
852 1.33 330 0 -1.53502e-06 7.31973e-08 -4.63026e-07 2.20922e-08 5.26655e-08 1.11195e-06 9.75097e-08 -4.9442e-09 -9.25671e-07 4.44083e-08 8.95593e-09 1.912e-07
852 1.34 330 0 6.02174e-07 1.07221e-08 1.83178e-07 3.255e-09 7.88178e-09 -4.35719e-07 -4.42755e-08 -6.80912e-10 3.60711e-07 6.32997e-09 1.28869e-09 -6.90421e-08
852 1.35 330 0 2.52877e-07 1.79632e-09 7.746e-08 5.48447e-10 1.34517e-09 -1.82863e-07 -2.0853e-08 -1.08578e-10 1.50466e-07 1.03361e-09 2.11058e-10 -2.66961e-08
852 1.36 330 0 1.60298e-07 6.94511e-10 4.93844e-08 2.13194e-10 5.27999e-10 -1.15894e-07 -1.45064e-08 -4.06494e-11 9.47454e-08 3.90608e-10 7.94484e-11 -1.55799e-08
852 1.37 330 0 1.17402e-07 3.57563e-10 3.63394e-08 1.10372e-10 2.75261e-10 -8.48951e-08 -1.14732e-08 -2.06463e-11 6.8931e-08 1.96985e-10 3.95788e-11 -1.05022e-08
852 1.38 330 0 9.26176e-08 2.15861e-10 2.87768e-08 6.69648e-11 1.67652e-10 -6.70053e-08 -9.65431e-09 -1.25578e-11 5.40197e-08 1.16994e-10 2.30432e-11 -7.62173e-09
852 1.39 330 0 7.6447e-08 1.43306e-10 2.38241e-08 4.4667e-11 1.11932e-10 -5.53483e-08 -8.4177e-09 -8.57713e-12 4.4295e-08 7.67307e-11 1.46901e-11 -5.78327e-09
852 1.4 330 0 6.50474e-08 1.00827e-10 2.03188e-08 3.15861e-11 7.89853e-11 -4.71415e-08 -7.50723e-09 -6.34415e-12 3.74433e-08 5.35276e-11 9.8414e-12 -4.51959e-09
852 1.41 330 0 5.65673e-08 7.47646e-11 1.77006e-08 2.35219e-11 5.85063e-11 -4.10446e-08 -6.79926e-09 -5.0325e-12 3.23502e-08 3.96045e-11 6.93445e-12 -3.60572e-09
852 1.42 330 0 5.00042e-08 5.75048e-11 1.5666e-08 1.81633e-11 4.4783e-11 -3.6332e-08 -6.22655e-09 -4.2085e-12 2.84122e-08 3.058e-11 5.04358e-12 -2.91999e-09
852 1.43 330 0 4.47679e-08 4.54955e-11 1.40361e-08 1.44234e-11 3.51136e-11 -3.25766e-08 -5.74935e-09 -3.67242e-12 2.52737e-08 2.44522e-11 3.75407e-12 -2.39087e-09
852 1.44 330 0 4.04883e-08 3.66496e-11 1.26988e-08 1.16678e-11 2.78892e-11 -2.95108e-08 -5.34255e-09 -3.32299e-12 2.27121e-08 2.0067e-11 2.80941e-12 -1.97363e-09
852 1.45 330 0 3.69219e-08 3.02379e-11 1.15802e-08 9.65782e-12 2.25448e-11 -2.69584e-08 -4.98956e-09 -3.10226e-12 2.05805e-08 1.70281e-11 2.15146e-12 -1.63885e-09
852 1.46 330 0 3.39013e-08 2.53596e-11 1.06294e-08 8.12373e-12 1.83736e-11 -2.47985e-08 -4.67882e-09 -2.97926e-12 1.87782e-08 1.48512e-11 1.66331e-12 -1.36642e-09
852 1.47 330 0 3.13081e-08 2.15639e-11 9.81047e-09 6.92645e-12 1.50055e-11 -2.29455e-08 -4.4021e-09 -2.94038e-12 1.72339e-08 1.3314e-11 1.29417e-12 -1.14214e-09
852 1.48 330 0 2.90559e-08 1.85566e-11 9.09705e-09 5.97511e-12 1.21788e-11 -2.13371e-08 -4.15331e-09 -2.98719e-12 1.58955e-08 1.22966e-11 1.00996e-12 -9.5569e-10
852 1.49 330 0 2.70803e-08 1.60833e-11 8.46949e-09 5.19402e-12 9.61198e-12 -1.99267e-08 -3.92787e-09 -3.15405e-12 1.47241e-08 1.17613e-11 7.76753e-13 -7.99435e-10
852 1.5 330 0 2.53323e-08 1.41174e-11 7.91281e-09 4.56817e-12 7.21557e-12 -1.8679e-08 -3.72226e-09 -3.4674e-12 1.36903e-08 1.1783e-11 6.03424e-13 -6.67576e-10
852 1.51 330 0 2.37738e-08 1.24914e-11 7.41536e-09 4.04924e-12 4.57073e-12 -1.75664e-08 -3.53376e-09 -4.07591e-12 1.27714e-08 1.26247e-11 4.64757e-13 -5.55654e-10
852 1.52 330 0 2.2375e-08 1.11332e-11 6.96797e-09 3.61479e-12 8.14986e-13 -1.6567e-08 -3.36038e-09 -5.40492e-12 1.19498e-08 1.52446e-11 3.5316e-13 -4.60182e-10
852 1.53 330 0 2.1112e-08 9.99172e-12 6.5633e-09 3.24863e-12 -8.23785e-12 -1.5661e-08 -3.20161e-09 -9.6588e-12 1.12143e-08 2.47456e-11 2.63153e-13 -3.784e-10
852 1.54 330 0 1.99656e-08 9.00876e-12 6.19544e-09 2.92705e-12 3.46729e-10 -1.49224e-08 -3.00934e-09 1.79818e-10 1.04448e-08 -4.15921e-10 2.08239e-13 -3.08101e-10
852 1.55 330 0 1.89198e-08 8.1821e-12 5.85942e-09 2.665e-12 2.08662e-11 -1.41132e-08 -2.90279e-09 6.7407e-12 9.91181e-09 -1.39562e-11 1.32276e-13 -2.47481e-10
852 1.56 330 0 1.79618e-08 7.46446e-12 5.55131e-09 2.43296e-12 1.307e-11 -1.34249e-08 -2.77412e-09 2.95049e-12 9.35931e-09 -5.37233e-12 8.31179e-14 -1.95093e-10
852 1.57 330 0 1.70807e-08 6.8449e-12 5.26771e-09 2.23135e-12 1.00744e-11 -1.27938e-08 -2.65229e-09 1.66918e-12 8.8501e-09 -2.58044e-12 4.52511e-14 -1.49722e-10
852 1.58 330 0 1.62676e-08 6.2961e-12 5.00581e-09 2.05313e-12 8.38725e-12 -1.22114e-08 -2.53755e-09 1.04904e-12 8.38107e-09 -1.30248e-12 1.15092e-14 -1.10376e-10
852 1.59 330 0 1.55146e-08 5.81406e-12 4.7632e-09 1.89608e-12 7.24616e-12 -1.16718e-08 -2.4294e-09 6.86959e-13 7.948e-09 -6.00173e-13 -1.60438e-14 -7.6217e-11
852 1.6 330 0 1.48152e-08 5.3881e-12 4.53783e-09 1.75691e-12 6.39912e-12 -1.11703e-08 -2.32736e-09 4.53941e-13 7.54707e-09 -1.77729e-13 -3.87502e-14 -4.65417e-11
852 1.61 330 0 1.41639e-08 5.01166e-12 4.32794e-09 1.6332e-12 5.72987e-12 -1.07027e-08 -2.23092e-09 2.91482e-13 7.17495e-09 9.92914e-14 -5.59673e-14 -2.07549e-11
852 1.62 330 0 1.35558e-08 4.67301e-12 4.13201e-09 1.52202e-12 5.18842e-12 -1.02657e-08 -2.13968e-09 1.7815e-13 6.82878e-09 2.73954e-13 -7.13947e-14 1.64486e-12
852 1.63 330 0 1.29867e-08 4.36921e-12 3.9487e-09 1.42194e-12 4.73584e-12 -9.8563e-09 -2.05323e-09 9.49285e-14 6.50601e-09 3.90515e-13 -8.39084e-14 2.10907e-11
852 1.64 330 0 1.24529e-08 4.0976e-12 3.77687e-09 1.332e-12 4.34765e-12 -9.47179e-09 -1.97123e-09 3.04093e-14 6.20443e-09 4.7601e-13 -9.31869e-14 3.79525e-11
852 1.65 330 0 1.19513e-08 3.85148e-12 3.6155e-09 1.25026e-12 4.01452e-12 -9.10994e-09 -1.89336e-09 -1.75462e-14 5.92212e-09 5.30663e-13 -1.00907e-13 5.25479e-11
852 1.66 330 0 1.1479e-08 3.62793e-12 3.46368e-09 1.17582e-12 3.72154e-12 -8.76876e-09 -1.81933e-09 -5.5224e-14 5.65736e-09 5.69517e-13 -1.0667e-13 6.51532e-11
852 1.67 330 0 1.10336e-08 3.42565e-12 3.32062e-09 1.10798e-12 3.46364e-12 -8.44649e-09 -1.7489e-09 -8.45675e-14 5.40865e-09 5.96481e-13 -1.10457e-13 7.60066e-11
852 1.68 330 0 1.06128e-08 3.24064e-12 3.18561e-09 1.04567e-12 3.23445e-12 -8.14156e-09 -1.68183e-09 -1.0716e-13 5.17464e-09 6.13391e-13 -1.12953e-13 8.53162e-11
852 1.69 330 0 1.02146e-08 3.0712e-12 3.05803e-09 9.88322e-13 3.0293e-12 -7.85259e-09 -1.6179e-09 -1.245e-13 4.95415e-09 6.23583e-13 -1.1429e-13 9.3263e-11
852 1.7 330 0 9.8374e-09 2.91544e-12 2.9373e-09 9.35303e-13 2.84454e-12 -7.57833e-09 -1.55692e-09 -1.37604e-13 4.74612e-09 6.28726e-13 -1.14549e-13 1.00006e-10
852 1.71 330 0 9.4795e-09 2.7721e-12 2.82292e-09 8.8615e-13 2.67712e-12 -7.31769e-09 -1.49871e-09 -1.47346e-13 4.54957e-09 6.30829e-13 -1.13701e-13 1.05684e-10
852 1.72 330 0 9.13953e-09 2.63968e-12 2.71442e-09 8.40342e-13 2.52465e-12 -7.06967e-09 -1.44311e-09 -1.54279e-13 4.36366e-09 6.30521e-13 -1.11761e-13 1.1042e-10
852 1.73 330 0 8.8162e-09 2.51724e-12 2.6114e-09 7.97471e-13 2.38504e-12 -6.83337e-09 -1.38997e-09 -1.58949e-13 4.1876e-09 6.29092e-13 -1.08574e-13 1.14322e-10
852 1.74 330 0 8.50836e-09 2.40344e-12 2.51348e-09 7.57118e-13 2.25616e-12 -6.60798e-09 -1.33915e-09 -1.61735e-13 4.02069e-09 6.2727e-13 -1.04175e-13 1.17485e-10
852 1.75 330 0 8.21496e-09 2.29742e-12 2.42031e-09 7.18896e-13 2.13683e-12 -6.39277e-09 -1.29052e-09 -1.62796e-13 3.86231e-09 6.25122e-13 -9.85686e-14 1.19993e-10
852 1.76 330 0 7.93505e-09 2.19815e-12 2.33158e-09 6.82426e-13 2.02511e-12 -6.18707e-09 -1.24396e-09 -1.62545e-13 3.71186e-09 6.23688e-13 -9.16936e-14 1.2192e-10
852 1.77 330 0 7.66777e-09 2.10525e-12 2.24702e-09 6.47152e-13 1.91949e-12 -5.99028e-09 -1.19936e-09 -1.61246e-13 3.56881e-09 6.24355e-13 -8.28158e-14 1.23334e-10
852 1.78 330 0 7.41231e-09 2.01795e-12 2.16635e-09 6.11787e-13 1.81696e-12 -5.80184e-09 -1.15662e-09 -1.59147e-13 3.4327e-09 6.29728e-13 -7.03313e-14 1.24291e-10
852 1.79 330 0 7.16795e-09 1.92635e-12 2.08931e-09 5.83142e-13 1.65065e-12 -5.62113e-09 -1.11567e-09 -2.09532e-13 3.30324e-09 7.22906e-13 -6.31546e-14 1.24818e-10
852 1.8 330 0 6.93402e-09 1.83434e-12 2.01573e-09 5.54311e-13 1.52908e-12 -5.44785e-09 -1.07638e-09 -2.27697e-13 3.17979e-09 7.52284e-13 -6.1754e-14 1.25005e-10
852 1.81 330 0 6.70991e-09 1.74595e-12 1.94538e-09 5.25658e-13 1.42828e-12 -5.28153e-09 -1.03868e-09 -2.33447e-13 3.06201e-09 7.57108e-13 -5.96625e-14 1.24883e-10
852 1.82 330 0 6.49505e-09 1.66219e-12 1.87809e-09 4.98087e-13 1.34309e-12 -5.12177e-09 -1.00249e-09 -2.31882e-13 2.94959e-09 7.46162e-13 -5.69768e-14 1.24487e-10
852 1.83 330 0 6.28893e-09 1.58259e-12 1.81367e-09 4.71774e-13 1.26658e-12 -4.96822e-09 -9.67732e-10 -2.27528e-13 2.84221e-09 7.29026e-13 -5.39944e-14 1.23849e-10
852 1.84 330 0 6.09106e-09 1.50745e-12 1.75197e-09 4.46836e-13 1.19799e-12 -4.82052e-09 -9.34344e-10 -2.21137e-13 2.73958e-09 7.07216e-13 -5.07618e-14 1.22998e-10
852 1.85 330 0 5.90099e-09 1.43676e-12 1.69284e-09 4.23221e-13 1.13617e-12 -4.67838e-09 -9.0226e-10 -2.13375e-13 2.64144e-09 6.82334e-13 -4.7262e-14 1.21961e-10
852 1.86 330 0 5.71832e-09 1.37059e-12 1.63614e-09 4.00963e-13 1.0805e-12 -4.5415e-09 -8.71419e-10 -2.04777e-13 2.54754e-09 6.55426e-13 -4.36139e-14 1.20761e-10
852 1.87 330 0 5.54266e-09 1.30868e-12 1.58174e-09 3.79901e-13 1.02984e-12 -4.40961e-09 -8.41765e-10 -1.95875e-13 2.45764e-09 6.27783e-13 -3.98142e-14 1.19419e-10
852 1.88 330 0 5.37365e-09 1.25117e-12 1.52952e-09 3.60176e-13 9.84166e-13 -4.28247e-09 -8.13243e-10 -1.86983e-13 2.37153e-09 5.99704e-13 -3.62398e-14 1.17955e-10
852 1.89 330 0 5.21096e-09 1.19785e-12 1.47937e-09 3.41842e-13 9.42812e-13 -4.15983e-09 -7.85804e-10 -1.78563e-13 2.28902e-09 5.71961e-13 -3.32853e-14 1.16385e-10
852 1.9 330 0 5.05427e-09 1.14819e-12 1.43119e-09 3.25781e-13 9.05512e-13 -4.04149e-09 -7.594e-10 -1.71042e-13 2.20991e-09 5.44408e-13 -3.22847e-14 1.14725e-10
852 1.91 330 0 4.9033e-09 1.10132e-12 1.38488e-09 3.10877e-13 8.70544e-13 -3.92725e-09 -7.33984e-10 -1.63888e-13 2.13403e-09 5.18057e-13 -3.15305e-14 1.12989e-10
852 1.92 330 0 4.75777e-09 1.05703e-12 1.34035e-09 2.96773e-13 8.37617e-13 -3.8169e-09 -7.09513e-10 -1.56967e-13 2.06121e-09 4.92953e-13 -3.06538e-14 1.11189e-10
852 1.93 330 0 4.61743e-09 1.01514e-12 1.2975e-09 2.83411e-13 8.06596e-13 -3.71029e-09 -6.85946e-10 -1.50257e-13 1.99131e-09 4.6896e-13 -2.96739e-14 1.09336e-10
852 1.94 330 0 4.48203e-09 9.75474e-13 1.25627e-09 2.70734e-13 7.77365e-13 -3.60723e-09 -6.63245e-10 -1.43735e-13 1.92417e-09 4.45956e-13 -2.86037e-14 1.07441e-10
852 1.95 330 0 4.35136e-09 9.37878e-13 1.21658e-09 2.5869e-13 7.4982e-13 -3.50758e-09 -6.41373e-10 -1.37378e-13 1.85966e-09 4.23822e-13 -2.74503e-14 1.05511e-10
852 1.96 330 0 4.22521e-09 9.0221e-13 1.17835e-09 2.47227e-13 7.23875e-13 -3.41118e-09 -6.20295e-10 -1.3116e-13 1.79766e-09 4.02434e-13 -2.62134e-14 1.03556e-10
852 1.97 330 0 4.10336e-09 8.6834e-13 1.14152e-09 2.36291e-13 6.99472e-13 -3.31791e-09 -5.99978e-10 -1.25042e-13 1.73805e-09 3.81637e-13 -2.48824e-14 1.01582e-10
852 1.98 330 0 3.98564e-09 8.36149e-13 1.10603e-09 2.25819e-13 6.76598e-13 -3.22762e-09 -5.80391e-10 -1.18963e-13 1.68071e-09 3.61204e-13 -2.34268e-14 9.95959e-11
852 1.99 330 0 3.87188e-09 8.05528e-13 1.07181e-09 2.15709e-13 6.55378e-13 -3.14019e-09 -5.61504e-10 -1.12779e-13 1.62554e-09 3.40647e-13 -2.1758e-14 9.76028e-11
852 2 330 0 3.76189e-09 7.76379e-13 1.03881e-09 2.05286e-13 6.37997e-13 -3.05552e-09 -5.43288e-10 -1.051e-13 1.57244e-09 3.15372e-13 -1.89243e-14 9.56081e-11
