852 0 560 0 -4.30603e-09 -8.92522e-10 1.25182e-08 2.0178e-09 0 0 0 0 0 0 1.38136e-08 4.91491e-10
852 0.01 560 0 -4.29806e-09 -8.96014e-10 1.2521e-08 2.01126e-09 -7.49778e-10 4.78259e-10 -3.3778e-10 4.39587e-11 7.04032e-10 -3.65871e-10 1.38128e-08 4.85501e-10
852 0.02 560 0 -4.27419e-09 -9.06529e-10 1.25294e-08 1.99163e-09 -1.49757e-09 9.58353e-10 -6.75334e-10 8.88078e-11 1.40666e-09 -7.33738e-10 1.38104e-08 4.67532e-10
852 0.03 560 0 -4.23452e-09 -9.24211e-10 1.25433e-08 1.95885e-09 -2.24138e-09 1.44211e-09 -1.01243e-09 1.35437e-10 2.10649e-09 -1.10559e-09 1.38062e-08 4.37588e-10
852 0.04 560 0 -4.17919e-09 -9.49275e-10 1.25626e-08 1.91284e-09 -2.9792e-09 1.93133e-09 -1.34884e-09 1.84734e-10 2.80207e-09 -1.48341e-09 1.38004e-08 3.95664e-10
852 0.05 560 0 -4.1085e-09 -9.82096e-10 1.25872e-08 1.85346e-09 -3.70899e-09 2.42777e-09 -1.68429e-09 2.37585e-10 3.49195e-09 -1.86914e-09 1.37926e-08 3.4178e-10
852 0.06 560 0 -4.02271e-09 -1.02301e-09 1.26167e-08 1.78058e-09 -4.42866e-09 2.93316e-09 -2.01853e-09 2.94871e-10 4.1746e-09 -2.2647e-09 1.37827e-08 2.75923e-10
852 0.07 560 0 -3.92226e-09 -1.0725e-09 1.26509e-08 1.69403e-09 -5.13611e-09 3.44915e-09 -2.35125e-09 3.57467e-10 4.84846e-09 -2.67197e-09 1.37706e-08 1.98126e-10
852 0.08 560 0 -3.80763e-09 -1.13118e-09 1.26895e-08 1.59357e-09 -5.82916e-09 3.97732e-09 -2.68213e-09 4.26245e-10 5.5119e-09 -3.0928e-09 1.37559e-08 1.08382e-10
852 0.09 560 0 -3.67934e-09 -1.19972e-09 1.2732e-08 1.47894e-09 -6.50557e-09 4.51915e-09 -3.01082e-09 5.02066e-10 6.16321e-09 -3.52894e-09 1.37384e-08 6.72199e-12
852 0.1 560 0 -3.53817e-09 -1.27875e-09 1.2778e-08 1.34997e-09 -7.16308e-09 5.07607e-09 -3.33693e-09 5.85781e-10 6.80057e-09 -3.98211e-09 1.37177e-08 -1.06783e-10
852 0.11 560 0 -3.38477e-09 -1.36914e-09 1.2827e-08 1.20629e-09 -7.7993e-09 5.64934e-09 -3.66002e-09 6.78234e-10 7.4221e-09 -4.45395e-09 1.36935e-08 -2.32127e-10
852 0.12 560 0 -3.22004e-09 -1.47156e-09 1.28784e-08 1.04772e-09 -8.41182e-09 6.24011e-09 -3.97962e-09 7.80238e-10 8.02582e-09 -4.94597e-09 1.36653e-08 -3.69218e-10
852 0.13 560 0 -3.04488e-09 -1.58705e-09 1.29314e-08 8.7382e-10 -8.99809e-09 6.84939e-09 -4.29519e-09 8.92614e-10 8.60958e-09 -5.45961e-09 1.36327e-08 -5.18039e-10
852 0.14 560 0 -2.86044e-09 -1.71646e-09 1.29855e-08 6.84366e-10 -9.55555e-09 7.47802e-09 -4.60615e-09 1.01614e-09 9.17117e-09 -5.99619e-09 1.35952e-08 -6.78445e-10
852 0.15 560 0 -2.66806e-09 -1.86086e-09 1.30397e-08 4.78998e-10 -1.00815e-08 8.12665e-09 -4.91187e-09 1.15157e-09 9.70821e-09 -6.55688e-09 1.35524e-08 -8.50309e-10
852 0.16 560 0 -2.46895e-09 -2.02118e-09 1.30933e-08 2.57381e-10 -1.05732e-08 8.79572e-09 -5.21163e-09 1.29964e-09 1.02182e-08 -7.14269e-09 1.35035e-08 -1.03354e-09
852 0.17 560 0 -2.26462e-09 -2.19831e-09 1.31451e-08 1.92755e-11 -1.10279e-08 9.4855e-09 -5.50465e-09 1.46104e-09 1.06986e-08 -7.75448e-09 1.3448e-08 -1.22793e-09
852 0.18 560 0 -2.0567e-09 -2.39335e-09 1.31943e-08 -2.35629e-10 -1.14426e-08 1.0196e-08 -5.79012e-09 1.63643e-09 1.11465e-08 -8.39294e-09 1.33853e-08 -1.43325e-09
852 0.19 560 0 -1.84716e-09 -2.60721e-09 1.32395e-08 -5.07616e-10 -1.18144e-08 1.0927e-08 -6.06709e-09 1.82641e-09 1.15592e-08 -9.05849e-09 1.33146e-08 -1.64929e-09
852 0.2 560 0 -1.63791e-09 -2.84081e-09 1.32797e-08 -7.96861e-10 -1.21402e-08 1.16779e-08 -6.33458e-09 2.03153e-09 1.19334e-08 -9.75137e-09 1.32352e-08 -1.87571e-09
852 0.21 560 0 -1.42815e-09 -3.09524e-09 1.33145e-08 -1.10355e-09 -1.24166e-08 1.24483e-08 -6.59163e-09 2.25237e-09 1.22663e-08 -1.04719e-08 1.31465e-08 -2.11212e-09
852 0.22 560 0 -1.22601e-09 -3.37083e-09 1.33404e-08 -1.42787e-09 -1.26414e-08 1.32363e-08 -6.83687e-09 2.48918e-09 1.25542e-08 -1.12191e-08 1.30475e-08 -2.35829e-09
852 0.23 560 0 -1.0312e-09 -3.66842e-09 1.3357e-08 -1.7698e-09 -1.28111e-08 1.40409e-08 -7.06916e-09 2.74238e-09 1.27939e-08 -1.19926e-08 1.29374e-08 -2.61363e-09
852 0.24 560 0 -8.46113e-10 -3.98842e-09 1.33627e-08 -2.12926e-09 -1.29226e-08 1.48603e-08 -7.28721e-09 3.01222e-09 1.29818e-08 -1.27917e-08 1.28153e-08 -2.87763e-09
852 0.25 560 0 -6.73968e-10 -4.33135e-09 1.33557e-08 -2.50618e-09 -1.29729e-08 1.56922e-08 -7.48961e-09 3.29884e-09 1.31144e-08 -1.36148e-08 1.26805e-08 -3.14968e-09
852 0.26 560 0 -5.17594e-10 -4.69727e-09 1.33343e-08 -2.90027e-09 -1.2959e-08 1.65341e-08 -7.67488e-09 3.60228e-09 1.31879e-08 -1.44603e-08 1.25319e-08 -3.42907e-09
852 0.27 560 0 -3.80241e-10 -5.08609e-09 1.32967e-08 -3.31112e-09 -1.28782e-08 1.73831e-08 -7.84147e-09 3.92245e-09 1.31988e-08 -1.53263e-08 1.23688e-08 -3.71501e-09
852 0.28 560 0 -2.65443e-10 -5.49766e-09 1.32408e-08 -3.73835e-09 -1.27276e-08 1.82357e-08 -7.98775e-09 4.25912e-09 1.31432e-08 -1.621e-08 1.21902e-08 -4.00668e-09
852 0.29 560 0 -1.76509e-10 -5.93116e-09 1.31646e-08 -4.18114e-09 -1.25049e-08 1.90881e-08 -8.11204e-09 4.61191e-09 1.30174e-08 -1.71085e-08 1.19951e-08 -4.30306e-09
852 0.3 560 0 -1.17238e-10 -6.38582e-09 1.30661e-08 -4.63869e-09 -1.22076e-08 1.99361e-08 -8.21259e-09 4.98028e-09 1.28178e-08 -1.80183e-08 1.17827e-08 -4.60306e-09
852 0.31 560 0 -9.13279e-11 -6.86019e-09 1.29431e-08 -5.10989e-09 -1.18338e-08 2.07752e-08 -8.28759e-09 5.3635e-09 1.25408e-08 -1.89354e-08 1.15522e-08 -4.90547e-09
852 0.32 560 0 -1.02776e-10 -7.35262e-09 1.27934e-08 -5.59349e-09 -1.13818e-08 2.16001e-08 -8.33522e-09 5.76065e-09 1.21831e-08 -1.98552e-08 1.13027e-08 -5.20897e-09
852 0.33 560 0 -1.5537e-10 -7.86098e-09 1.26148e-08 -6.08802e-09 -1.08502e-08 2.24054e-08 -8.35359e-09 6.17062e-09 1.17414e-08 -2.07726e-08 1.10333e-08 -5.51217e-09
852 0.34 560 0 -2.53162e-10 -8.38263e-09 1.24051e-08 -6.59164e-09 -1.02382e-08 2.31852e-08 -8.34086e-09 6.59204e-09 1.12128e-08 -2.1682e-08 1.07434e-08 -5.81338e-09
852 0.35 560 0 -3.99887e-10 -8.91443e-09 1.21622e-08 -7.10231e-09 -9.54543e-09 2.39332e-08 -8.29516e-09 7.02333e-09 1.05948e-08 -2.25771e-08 1.04323e-08 -6.11093e-09
852 0.36 560 0 -5.99336e-10 -9.45261e-09 1.18838e-08 -7.61767e-09 -8.77198e-09 2.46429e-08 -8.21466e-09 7.46266e-09 9.88498e-09 -2.34511e-08 1.00995e-08 -6.40296e-09
852 0.37 560 0 -8.55252e-10 -9.99298e-09 1.1568e-08 -8.13507e-09 -7.91874e-09 2.53073e-08 -8.09761e-09 7.90793e-09 9.08185e-09 -2.42966e-08 9.74452e-09 -6.68745e-09
852 0.38 560 0 -1.17094e-09 -1.05308e-08 1.12128e-08 -8.65165e-09 -6.98709e-09 2.59192e-08 -7.94231e-09 8.35678e-09 8.18412e-09 -2.51057e-08 9.36703e-09 -6.96232e-09
852 0.39 560 0 -1.54747e-09 -1.1062e-08 1.08173e-08 -9.16457e-09 -5.97819e-09 2.64711e-08 -7.74728e-09 8.8068e-09 7.19118e-09 -2.58704e-08 8.9671e-09 -7.22534e-09
852 0.4 560 0 -1.99201e-09 -1.15776e-08 1.03781e-08 -9.66916e-09 -4.89725e-09 2.69558e-08 -7.51093e-09 9.2546e-09 6.10352e-09 -2.65807e-08 8.54441e-09 -7.47399e-09
852 0.41 560 0 -2.50476e-09 -1.20721e-08 9.89474e-09 -1.0162e-08 -3.74717e-09 2.73655e-08 -7.23211e-09 9.69718e-09 4.92211e-09 -2.72276e-08 8.0994e-09 -7.70581e-09
852 0.42 560 0 -3.08729e-09 -1.25384e-08 9.36627e-09 -1.06386e-08 -2.53257e-09 2.76929e-08 -6.9098e-09 1.0131e-08 3.64888e-09 -2.78013e-08 7.63252e-09 -7.91818e-09
852 0.43 560 0 -3.73896e-09 -1.29774e-08 8.79227e-09 -1.10971e-08 -1.25575e-09 2.79258e-08 -6.54241e-09 1.05528e-08 2.28417e-09 -2.82918e-08 7.14446e-09 -8.1078e-09
852 0.44 560 0 -4.46067e-09 -1.33773e-08 8.17191e-09 -1.15315e-08 7.53211e-11 2.80584e-08 -6.12963e-09 1.09584e-08 8.33156e-10 -2.86886e-08 6.63603e-09 -8.27254e-09
852 0.45 560 0 -5.25521e-09 -1.37181e-08 7.50488e-09 -1.19334e-08 1.44818e-09 2.80898e-08 -5.67247e-09 1.13427e-08 -6.95703e-10 -2.89808e-08 6.10882e-09 -8.40995e-09
852 0.46 560 0 -6.11978e-09 -1.39948e-08 6.79212e-09 -1.22986e-08 2.85619e-09 2.80113e-08 -5.17082e-09 1.17015e-08 -2.29728e-09 -2.91579e-08 5.5644e-09 -8.51687e-09
852 0.47 560 0 -7.05116e-09 -1.41992e-08 6.03493e-09 -1.26216e-08 4.29037e-09 2.78168e-08 -4.62526e-09 1.203e-08 -3.96407e-09 -2.92098e-08 5.00468e-09 -8.59043e-09
852 0.48 560 0 -8.04603e-09 -1.43195e-08 5.23516e-09 -1.2896e-08 5.73931e-09 2.75023e-08 -4.03723e-09 1.23233e-08 -5.68624e-09 -2.91261e-08 4.43213e-09 -8.6278e-09
852 0.49 560 0 -9.09886e-09 -1.4347e-08 4.39547e-09 -1.31162e-08 7.19238e-09 2.70634e-08 -3.40834e-09 1.25764e-08 -7.45367e-09 -2.88972e-08 3.84946e-09 -8.62627e-09
852 0.5 560 0 -1.0203e-08 -1.42715e-08 3.51911e-09 -1.32761e-08 8.63723e-09 2.6497e-08 -2.74093e-09 1.27842e-08 -9.2541e-09 -2.85141e-08 3.25979e-09 -8.58334e-09
852 0.51 560 0 -1.13494e-08 -1.40852e-08 2.61076e-09 -1.33701e-08 1.00623e-08 2.5801e-08 -2.03793e-09 1.29416e-08 -1.10746e-08 -2.79691e-08 2.66686e-09 -8.49662e-09
852 0.52 560 0 -1.25308e-08 -1.37737e-08 1.67448e-09 -1.33908e-08 1.14515e-08 2.49771e-08 -1.30312e-09 1.30431e-08 -1.2899e-08 -2.72539e-08 2.07448e-09 -8.36382e-09
852 0.53 560 0 -1.37348e-08 -1.3329e-08 7.16881e-10 -1.33326e-08 1.27921e-08 2.40269e-08 -5.41014e-10 1.30838e-08 -1.4711e-08 -2.63633e-08 1.48732e-09 -8.18316e-09
852 0.54 560 0 -1.49486e-08 -1.27452e-08 -2.55547e-10 -1.31907e-08 1.40704e-08 2.29513e-08 2.43752e-10 1.30588e-08 -1.64938e-08 -2.52923e-08 9.10064e-10 -7.95325e-09
852 0.55 560 0 -1.61576e-08 -1.20126e-08 -1.23459e-09 -1.29595e-08 1.5272e-08 2.17571e-08 1.04493e-09 1.29638e-08 -1.82276e-08 -2.40384e-08 3.48155e-10 -7.67301e-09
852 0.56 560 0 -1.7346e-08 -1.11273e-08 -2.21179e-09 -1.2635e-08 1.63835e-08 2.04486e-08 1.85635e-09 1.27943e-08 -1.98933e-08 -2.26002e-08 -1.92867e-10 -7.34192e-09
852 0.57 560 0 -1.84961e-08 -1.00826e-08 -3.17705e-09 -1.22127e-08 1.73908e-08 1.90363e-08 2.67023e-09 1.25466e-08 -2.14692e-08 -2.09792e-08 -7.06827e-10 -6.96007e-09
852 0.58 560 0 -1.95892e-08 -8.87767e-09 -4.12002e-09 -1.16903e-08 1.82815e-08 1.75279e-08 3.47885e-09 1.22176e-08 -2.29343e-08 -1.91782e-08 -1.18753e-09 -6.52817e-09
852 0.59 560 0 -2.06047e-08 -7.50982e-09 -5.02864e-09 -1.10652e-08 1.90435e-08 1.59375e-08 4.27291e-09 1.18048e-08 -2.42659e-08 -1.72034e-08 -1.62818e-09 -6.04767e-09
852 0.6 560 0 -2.15218e-08 -5.98475e-09 -5.89076e-09 -1.03378e-08 1.9667e-08 1.42744e-08 5.04338e-09 1.13066e-08 -2.54431e-08 -1.50625e-08 -2.02211e-09 -5.52089e-09
852 0.61 560 0 -2.23178e-08 -4.29966e-09 -6.69266e-09 -9.50662e-09 2.01414e-08 1.25598e-08 5.77909e-09 1.07218e-08 -2.64416e-08 -1.27671e-08 -2.36213e-09 -4.95089e-09
852 0.62 560 0 -2.29704e-08 -2.46557e-09 -7.42059e-09 -8.57482e-09 2.04597e-08 1.08061e-08 6.46958e-09 1.00509e-08 -2.72405e-08 -1.03303e-08 -2.64137e-09 -4.3418e-09
852 0.63 560 0 -2.34558e-08 -4.91203e-10 -8.0596e-09 -7.5459e-09 2.06167e-08 9.03214e-09 7.103e-09 9.29543e-09 -2.78182e-08 -7.76933e-09 -2.85275e-09 -3.69881e-09
852 0.64 560 0 -2.37504e-08 1.61111e-09 -8.59433e-09 -6.42529e-09 2.06091e-08 7.25764e-09 7.66701e-09 8.45818e-09 -2.81541e-08 -5.10406e-09 -2.98941e-09 -3.02824e-09
852 0.65 560 0 -2.38321e-08 3.82396e-09 -9.00941e-09 -5.2208e-09 2.04358e-08 5.49993e-09 8.14916e-09 7.54326e-09 -2.82297e-08 -2.35631e-09 -3.04484e-09 -2.33746e-09
852 0.66 560 0 -2.36779e-08 6.12837e-09 -9.28887e-09 -3.94215e-09 2.00984e-08 3.78002e-09 8.53619e-09 6.55673e-09 -2.80272e-08 4.4801e-10 -3.01287e-09 -1.63521e-09
852 0.67 560 0 -2.32667e-08 8.5012e-09 -9.41685e-09 -2.60165e-09 1.96013e-08 2.11778e-09 8.81472e-09 5.5064e-09 -2.75313e-08 3.28061e-09 -2.88795e-09 -9.31523e-10
852 0.68 560 0 -2.25798e-08 1.09135e-08 -9.37808e-09 -1.2149e-09 1.89509e-08 5.30443e-10 8.97143e-09 4.40212e-09 -2.67295e-08 6.11069e-09 -2.66537e-09 -2.37766e-10
852 0.69 560 0 -2.15976e-08 1.3339e-08 -9.15675e-09 2.0146e-10 1.81581e-08 -9.58424e-10 8.99224e-09 3.25599e-09 -2.56104e-08 8.90385e-09 -2.34126e-09 4.33252e-10
852 0.7 560 0 -2.03061e-08 1.57412e-08 -8.73888e-09 1.62565e-09 1.72347e-08 -2.33406e-09 8.86407e-09 2.08265e-09 -2.41675e-08 1.16244e-08 -1.91313e-09 1.06732e-09
852 0.71 560 0 -1.86923e-08 1.80826e-08 -8.11121e-09 3.03313e-09 1.61964e-08 -3.57899e-09 8.57395e-09 8.99894e-10 -2.23969e-08 1.4233e-08 -1.38004e-09 1.64861e-09
852 0.72 560 0 -1.67481e-08 2.03216e-08 -7.26236e-09 4.39553e-09 1.50604e-08 -4.67997e-09 8.10979e-09 -2.71672e-10 -2.02985e-08 1.66894e-08 -7.42876e-10 2.16e-09
852 0.73 560 0 -1.44684e-08 2.24136e-08 -6.18304e-09 5.68039e-09 1.3847e-08 -5.62426e-09 7.46064e-09 -1.4075e-09 -1.78763e-08 1.89501e-08 -4.86081e-12 2.58275e-09
852 0.74 560 0 -1.18547e-08 2.43087e-08 -4.86753e-09 6.85035e-09 1.25762e-08 -6.40475e-09 6.61756e-09 -2.47923e-09 -1.51391e-08 2.09707e-08 8.28017e-10 2.89693e-09
852 0.75 560 0 -8.90942e-09 2.59585e-08 -3.31254e-09 7.86439e-09 1.12754e-08 -7.01152e-09 5.57351e-09 -3.45364e-09 -1.21002e-08 2.27039e-08 1.74658e-09 3.08115e-09
852 0.76 560 0 -5.66165e-09 2.73159e-08 -1.5288e-09 8.67952e-09 9.95676e-09 -7.40349e-09 4.33626e-09 -4.28804e-09 -8.77678e-09 2.40874e-08 2.73697e-09 3.11928e-09
852 0.77 560 0 -2.1064e-09 2.83022e-08 4.85378e-10 9.23905e-09 8.66873e-09 -7.64096e-09 2.89218e-09 -4.94784e-09 -5.20182e-09 2.50822e-08 3.78225e-09 2.98012e-09
852 0.78 560 0 1.72359e-09 2.88671e-08 2.71062e-09 9.48491e-09 7.43165e-09 -7.71256e-09 1.2525e-09 -5.38039e-09 -1.40492e-09 2.56392e-08 4.85877e-09 2.64103e-09
852 0.79 560 0 5.7936e-09 2.89494e-08 5.11753e-09 9.35351e-09 6.27154e-09 -7.62645e-09 -5.65118e-10 -5.52961e-09 2.57481e-09 2.57071e-08 5.93632e-09 2.07988e-09
852 0.8 560 0 1.0057e-08 2.8483e-08 7.66233e-09 8.77501e-09 5.21121e-09 -7.39654e-09 -2.53194e-09 -5.33256e-09 6.68988e-09 2.52319e-08 6.97615e-09 1.27829e-09
852 0.81 560 0 1.44625e-08 2.74039e-08 1.02846e-08 7.67643e-09 4.28128e-09 -7.04075e-09 -4.60342e-09 -4.72086e-09 1.08836e-08 2.41613e-08 7.93183e-09 2.20974e-10
852 0.82 560 0 1.8939e-08 2.564e-08 1.28992e-08 5.9833e-09 3.50232e-09 -6.583e-09 -6.71467e-09 -3.62256e-09 1.50868e-08 2.24378e-08 8.74689e-09 -1.10083e-09
852 0.83 560 0 2.34039e-08 2.31204e-08 1.53924e-08 3.62318e-09 2.89584e-09 -6.05301e-09 -8.77362e-09 -1.9648e-09 1.9219e-08 2.00064e-08 9.35614e-09 -2.68493e-09
852 0.84 560 0 2.7753e-08 1.97706e-08 1.76167e-08 5.33231e-10 2.47987e-09 -5.48395e-09 -1.06574e-08 3.20687e-10 2.31814e-08 1.68085e-08 9.68343e-09 -4.51451e-09
852 0.85 560 0 3.18556e-08 1.55109e-08 1.93825e-08 -3.33128e-09 2.26727e-09 -4.91232e-09 -1.22015e-08 3.28923e-09 2.68534e-08 1.27805e-08 9.64733e-09 -6.55396e-09
852 0.86 560 0 3.55449e-08 1.02549e-08 2.04572e-08 -7.97987e-09 2.27349e-09 -4.39762e-09 -1.31962e-08 6.96825e-09 3.0076e-08 7.85582e-09 9.15771e-09 -8.74549e-09
852 0.87 560 0 3.86089e-08 3.92603e-09 2.05571e-08 -1.33624e-08 2.49633e-09 -3.99765e-09 -1.33839e-08 1.13332e-08 3.26558e-08 1.97643e-09 8.12663e-09 -1.09945e-08
852 0.88 560 0 4.07701e-08 -3.5492e-09 1.93558e-08 -1.93516e-08 2.92642e-09 -3.77851e-09 -1.24577e-08 1.62909e-08 3.43375e-08 -4.91298e-09 6.48013e-09 -1.31669e-08
852 0.89 560 0 4.1657e-08 -1.22237e-08 1.64938e-08 -2.57048e-08 3.54239e-09 -3.81709e-09 -1.00707e-08 2.16411e-08 3.47789e-08 -1.28489e-08 4.17394e-09 -1.50867e-08
852 0.9 560 0 4.07619e-08 -2.21012e-08 1.16039e-08 -3.20298e-08 4.30623e-09 -4.19849e-09 -5.85657e-09 2.70407e-08 3.35101e-08 -2.18233e-08 1.2155e-09 -1.65372e-08
852 0.91 560 0 3.73876e-08 -3.30844e-08 4.35905e-09 -3.7748e-08 5.16054e-09 -5.03301e-09 5.27743e-10 3.19629e-08 2.98767e-08 -3.17288e-08 -2.31482e-09 -1.72752e-08
852 0.92 560 0 3.05475e-08 -4.48501e-08 -5.47586e-09 -4.20624e-08 6.02327e-09 -6.44178e-09 9.35087e-09 3.56598e-08 2.29438e-08 -4.22437e-08 -6.23926e-09 -1.70564e-08
852 0.93 560 0 1.898e-08 -5.6621e-08 -1.80159e-08 -4.39564e-08 6.86501e-09 -8.6199e-09 2.07755e-08 3.71749e-08 1.15015e-08 -5.26178e-08 -1.02434e-08 -1.56873e-08
852 0.94 560 0 5.96861e-10 -6.67477e-08 -3.30587e-08 -4.19593e-08 7.35737e-09 -1.19346e-08 3.46941e-08 3.4983e-08 -6.47501e-09 -6.1183e-08 -1.39774e-08 -1.30344e-08
852 0.95 560 0 -2.71706e-08 -7.13919e-08 -5.02429e-08 -3.43014e-08 6.79327e-09 -1.69112e-08 5.07727e-08 2.73202e-08 -3.34309e-08 -6.4084e-08 -1.6939e-08 -9.14368e-09
852 0.96 560 0 -6.6866e-08 -6.16284e-08 -6.85463e-08 -1.78141e-08 3.86809e-09 -2.42291e-08 6.80206e-08 1.09354e-08 -7.1747e-08 -5.24209e-08 -1.86454e-08 -4.23499e-09
852 0.97 560 0 -1.15535e-07 -1.4683e-08 -8.46888e-08 1.41005e-08 -5.26174e-09 -3.46133e-08 8.30752e-08 -2.09e-08 -1.18093e-07 -3.4128e-09 -1.86731e-08 1.27886e-09
852 0.98 560 0 -1.18747e-07 1.23727e-07 -8.00692e-08 7.62682e-08 -3.28953e-08 -4.34428e-08 7.68559e-08 -8.31058e-08 -1.16817e-07 1.36883e-07 -1.67371e-08 6.89845e-09
852 0.99 560 0 2.15266e-07 1.7843e-07 3.26988e-08 1.22392e-07 -7.89986e-08 5.27396e-09 -3.90544e-08 -1.27623e-07 2.25171e-07 1.88133e-07 -1.20458e-08 1.23527e-08
852 1 560 0 -6.1002e-06 -2.37998e-07 4.98939e-08 1.8349e-10 -2.22628e-10 6.34572e-08 -5.80986e-08 -2.00744e-10 -6.08759e-06 -2.37971e-07 -2.91667e-11 1.82251e-08
852 1.01 560 0 -2.29158e-08 2.08771e-10 1.86724e-08 4.66725e-11 -1.14082e-11 1.68712e-08 -2.21885e-08 -4.90102e-11 -1.81534e-08 2.13643e-10 4.30808e-13 6.89745e-09
852 1.02 560 0 -1.13287e-08 1.06006e-10 1.05219e-08 2.21816e-11 -2.90657e-12 1.06105e-08 -1.3154e-08 -2.34839e-11 -7.90437e-09 1.08958e-10 7.1224e-13 4.88123e-09
852 1.03 560 0 -7.95449e-09 6.52794e-11 6.72058e-09 1.29454e-11 -5.06902e-13 7.68366e-09 -8.8332e-09 -1.37803e-11 -5.26777e-09 6.73495e-11 7.57745e-13 3.74457e-09
852 1.04 560 0 -6.39e-09 4.45371e-11 4.58743e-09 8.44291e-12 4.69783e-13 5.99591e-09 -6.34821e-09 -9.00399e-12 -4.17658e-09 4.6067e-11 7.37382e-13 3.00002e-09
852 1.05 560 0 -5.47005e-09 3.24734e-11 3.26148e-09 5.92465e-12 9.21164e-13 4.90925e-09 -4.76606e-09 -6.30908e-12 -3.58546e-09 3.36404e-11 6.97722e-13 2.47302e-09
852 1.06 560 0 -4.85009e-09 2.48319e-11 2.3805e-09 4.38034e-12 1.2741e-12 4.15929e-09 -3.68988e-09 -4.62196e-12 -3.20568e-09 2.5678e-11 6.54573e-13 2.08127e-09
852 1.07 560 0 -4.39672e-09 1.96947e-11 1.7667e-09 3.38269e-12 1.36943e-12 3.61691e-09 -2.92274e-09 -3.53886e-12 -2.93363e-09 2.03517e-11 6.116e-13 1.77995e-09
852 1.08 560 0 -4.04784e-09 1.60783e-11 1.3234e-09 2.69954e-12 1.42113e-12 3.21079e-09 -2.35621e-09 -2.79051e-12 -2.72505e-09 1.65848e-11 5.72943e-13 1.54221e-09
852 1.09 560 0 -3.77046e-09 1.34753e-11 9.94032e-10 2.21817e-12 1.53261e-12 2.89879e-09 -1.92612e-09 -2.24342e-12 -2.55818e-09 1.38161e-11 5.4032e-13 1.3509e-09
852 1.1 560 0 -3.54545e-09 1.15038e-11 7.43559e-10 1.86485e-12 1.53567e-12 2.65484e-09 -1.59227e-09 -1.85099e-12 -2.42111e-09 1.1748e-11 5.10409e-13 1.19457e-09
852 1.11 560 0 -3.36064e-09 1.00006e-11 5.49296e-10 1.60049e-12 1.54025e-12 2.46148e-09 -1.32833e-09 -1.55365e-12 -2.30682e-09 1.01604e-11 4.85281e-13 1.0652e-09
852 1.12 560 0 -3.20788e-09 8.87688e-12 3.96014e-10 1.40547e-12 1.61377e-12 2.30687e-09 -1.11637e-09 -1.31796e-12 -2.21079e-09 8.92622e-12 4.66235e-13 9.57058e-10
852 1.13 560 0 -3.08185e-09 7.96498e-12 2.73136e-10 1.25074e-12 1.6201e-12 2.18308e-09 -9.43904e-10 -1.13885e-12 -2.13012e-09 7.94936e-12 4.49086e-13 8.65947e-10
852 1.14 560 0 -2.97861e-09 7.25211e-12 1.73153e-10 1.13117e-12 1.63916e-12 2.08424e-09 -8.01924e-10 -9.95903e-13 -2.06276e-09 7.17338e-12 4.3601e-13 7.88701e-10
852 1.15 560 0 -2.89545e-09 6.73264e-12 9.05884e-11 1.04555e-12 1.71833e-12 2.00618e-09 -6.83822e-10 -8.78282e-13 -2.00737e-09 6.56493e-12 4.28376e-13 7.22916e-10
852 1.16 560 0 -2.8307e-09 6.29993e-12 2.13273e-11 9.75031e-13 1.75635e-12 1.94616e-09 -5.84663e-10 -7.85774e-13 -1.96313e-09 6.07292e-12 4.22373e-13 6.66759e-10
852 1.17 560 0 -2.7832e-09 6.02005e-12 -3.7752e-11 9.30424e-13 1.85917e-12 1.9021e-09 -5.0067e-10 -7.08741e-13 -1.92954e-09 5.70412e-12 4.2265e-13 6.18792e-10
852 1.18 560 0 -2.75263e-09 5.79136e-12 -8.9129e-11 8.94215e-13 1.92853e-12 1.87288e-09 -4.2893e-10 -6.48091e-13 -1.90656e-09 5.41143e-12 4.24494e-13 5.77923e-10
852 1.19 560 0 -2.7392e-09 5.65133e-12 -1.34805e-10 8.72604e-13 2.02083e-12 1.85794e-09 -3.6714e-10 -5.99083e-13 -1.89447e-09 5.2006e-12 4.30771e-13 5.43311e-10
852 1.2 560 0 -2.74374e-09 5.64768e-12 -1.76468e-10 8.74157e-13 2.18921e-12 1.85732e-09 -3.13454e-10 -5.59752e-13 -1.89395e-09 5.08971e-12 4.44958e-13 5.14329e-10
852 1.21 560 0 -2.76812e-09 5.69319e-12 -2.15654e-10 8.83086e-13 2.34996e-12 1.87193e-09 -2.66371e-10 -5.3039e-13 -1.90629e-09 5.03899e-12 4.62856e-13 4.90571e-10
852 1.22 560 0 -2.81508e-09 5.89549e-12 -2.53808e-10 9.18445e-13 2.60645e-12 1.90332e-09 -2.24623e-10 -5.09861e-13 -1.93336e-09 5.09906e-12 4.91818e-13 4.71804e-10
852 1.23 560 0 -2.88907e-09 6.17337e-12 -2.92474e-10 9.65527e-13 2.88196e-12 1.95436e-09 -1.87117e-10 -4.98339e-13 -1.97812e-09 5.2327e-12 5.27762e-13 4.5803e-10
852 1.24 560 0 -2.99654e-09 6.6867e-12 -3.33398e-10 1.05214e-12 3.3109e-12 2.02935e-09 -1.52847e-10 -4.97385e-13 -2.04485e-09 5.52776e-12 5.82577e-13 4.49498e-10
852 1.25 560 0 -3.14772e-09 7.36981e-12 -3.78843e-10 1.16608e-12 3.82714e-12 2.13524e-09 -1.20828e-10 -5.07778e-13 -2.14026e-09 5.95811e-12 6.53629e-13 4.46845e-10
852 1.26 560 0 -3.3585e-09 8.40705e-12 -4.31952e-10 1.33869e-12 4.56813e-12 2.28297e-09 -8.99784e-11 -5.34107e-13 -2.2748e-09 6.63845e-12 7.56455e-13 4.51266e-10
852 1.27 560 0 -3.65525e-09 1.00911e-11 -4.97576e-10 1.61991e-12 5.74107e-12 2.4908e-09 -5.89469e-11 -5.86095e-13 -2.46578e-09 7.7585e-12 9.16548e-13 4.64932e-10
852 1.28 560 0 -4.08489e-09 1.26851e-11 -5.84003e-10 2.05217e-12 7.50402e-12 2.79127e-09 -2.57544e-11 -6.75816e-13 -2.74392e-09 9.51351e-12 1.16132e-12 4.91901e-10
852 1.29 560 0 -4.73798e-09 1.73753e-11 -7.06915e-10 2.83677e-12 1.06809e-11 3.24736e-09 1.30278e-11 -8.44608e-13 -3.16861e-09 1.26845e-11 1.59593e-12 5.40189e-10
852 1.3 560 0 -5.81659e-09 2.64822e-11 -9.00934e-10 4.36248e-12 1.68282e-11 3.99959e-09 6.45964e-11 -1.17944e-12 -3.87223e-09 1.88472e-11 2.43589e-12 6.27896e-10
852 1.31 560 0 -7.87653e-09 4.96619e-11 -1.26091e-09 8.26241e-12 3.25669e-11 5.43462e-09 1.48257e-10 -2.02609e-12 -5.21901e-09 3.44262e-11 4.5558e-12 8.05047e-10
852 1.32 560 0 -1.32111e-08 1.43309e-10 -2.17757e-09 2.40858e-11 9.6652e-11 9.14794e-09 3.42894e-10 -5.38631e-12 -8.71162e-09 9.68456e-11 1.30746e-11 1.27843e-09
852 1.33 560 0 -5.67151e-08 2.69382e-09 -9.59413e-09 4.57387e-10 1.86211e-09 3.94177e-08 1.84577e-09 -9.40909e-11 -3.72151e-08 1.77696e-09 2.43795e-10 5.19614e-09
852 1.34 560 0 2.08861e-08 3.75452e-10 3.61621e-09 6.44292e-11 2.6528e-10 -1.4571e-08 -8.07635e-10 -1.23324e-11 1.36366e-08 2.42005e-10 3.35917e-11 -1.81118e-09
852 1.35 560 0 8.24494e-09 5.98406e-11 1.45744e-09 1.03808e-11 4.31024e-11 -5.77423e-09 -3.65426e-10 -1.87433e-12 5.35576e-09 3.77407e-11 5.27624e-12 -6.7671e-10
852 1.36 560 0 4.91915e-09 2.20079e-11 8.85884e-10 3.859e-12 1.61082e-11 -3.45855e-09 -2.43793e-10 -6.69942e-13 3.1789e-09 1.36135e-11 1.9075e-12 -3.82059e-10
852 1.37 560 0 3.39484e-09 1.07758e-11 6.21692e-10 1.91075e-12 7.99577e-12 -2.39629e-09 -1.84733e-10 -3.25497e-13 2.18239e-09 6.54926e-12 9.14432e-13 -2.49451e-10
852 1.38 560 0 2.52629e-09 6.1864e-12 4.69661e-10 1.10879e-12 4.63731e-12 -1.7903e-09 -1.48843e-10 -1.89749e-13 1.61546e-09 3.70778e-12 5.1304e-13 -1.75573e-10
852 1.39 560 0 1.96892e-09 3.90535e-12 3.71051e-10 7.0741e-13 2.94826e-12 -1.40088e-09 -1.24223e-10 -1.24444e-13 1.25234e-09 2.31632e-12 3.15675e-13 -1.29383e-10
852 1.4 560 0 1.58336e-09 2.61215e-12 3.02075e-10 4.78495e-13 1.98093e-12 -1.13105e-09 -1.06027e-10 -8.85584e-14 1.00169e-09 1.53803e-12 2.04716e-13 -9.83429e-11
852 1.41 560 0 1.30249e-09 1.84151e-12 2.51261e-10 3.40841e-13 1.39716e-12 -9.34119e-10 -9.18967e-11 -6.76613e-14 8.19544e-10 1.08234e-12 1.39806e-13 -7.64318e-11
852 1.42 560 0 1.09e-09 1.34658e-12 2.12389e-10 2.51761e-13 1.01821e-12 -7.84827e-10 -8.05353e-11 -5.45492e-14 6.82113e-10 7.94345e-13 9.8771e-14 -6.04036e-11
852 1.43 560 0 9.24543e-10 1.01286e-12 1.81791e-10 1.91246e-13 7.59975e-13 -6.68321e-10 -7.11669e-11 -4.59252e-14 5.75411e-10 6.03414e-13 7.15709e-14 -4.83587e-11
852 1.44 560 0 7.92762e-10 7.75529e-13 1.57162e-10 1.47996e-13 5.74268e-13 -5.75305e-10 -6.32943e-11 -4.01425e-14 4.90687e-10 4.70173e-13 5.24123e-14 -3.91156e-11
852 1.45 560 0 6.85871e-10 6.0835e-13 1.36983e-10 1.17191e-13 4.41498e-13 -4.99666e-10 -5.6582e-11 -3.61979e-14 4.22189e-10 3.78772e-13 3.93385e-14 -3.19028e-11
852 1.46 560 0 5.97855e-10 4.85131e-13 1.20207e-10 9.43095e-14 3.41905e-13 -4.3722e-10 -5.07931e-11 -3.35916e-14 3.6598e-10 3.13628e-13 2.99208e-14 -2.6197e-11
852 1.47 560 0 5.24466e-10 3.92288e-13 1.06091e-10 7.69352e-14 2.64945e-13 -3.85007e-10 -4.57547e-11 -3.20525e-14 3.19281e-10 2.67001e-13 2.29999e-14 -2.16321e-11
852 1.48 560 0 4.62618e-10 3.21068e-13 9.40916e-11 6.35052e-14 2.03495e-13 -3.40881e-10 -4.13368e-11 -3.15013e-14 2.80072e-10 2.34303e-13 1.78293e-14 -1.79452e-11
852 1.49 560 0 4.10016e-10 2.64621e-13 8.38034e-11 5.2825e-14 1.51034e-13 -3.03242e-10 -3.74389e-11 -3.22221e-14 2.46854e-10 2.13086e-13 1.37787e-14 -1.49436e-11
852 1.5 560 0 3.64924e-10 2.20988e-13 7.49166e-11 4.44638e-14 1.05222e-13 -2.70878e-10 -3.39824e-11 -3.43292e-14 2.18492e-10 2.033e-13 1.08048e-14 -1.2483e-11
852 1.51 560 0 3.26e-10 1.86068e-13 6.71908e-11 3.77231e-14 5.86277e-14 -2.42855e-10 -3.09043e-11 -3.91588e-14 1.94112e-10 2.07837e-13 8.50023e-15 -1.0454e-11
852 1.52 560 0 2.92193e-10 1.57841e-13 6.04361e-11 3.22359e-14 -2.10131e-15 -2.18435e-10 -2.81541e-11 -5.04825e-14 1.73033e-10 2.40146e-13 6.70052e-15 -8.77249e-12
852 1.53 560 0 2.62672e-10 1.34858e-13 5.45012e-11 2.77347e-14 -1.38938e-13 -1.97019e-10 -2.56953e-11 -8.79931e-14 1.54736e-10 3.74823e-13 5.29066e-15 -7.37271e-12
852 1.54 560 0 2.36768e-10 1.16045e-13 4.92637e-11 2.4002e-14 4.64147e-12 -1.78079e-10 -2.35127e-11 1.46806e-12 1.38863e-10 -5.57885e-12 4.26285e-15 -6.20304e-12
852 1.55 560 0 2.13936e-10 1.00192e-13 4.46229e-11 2.08718e-14 2.79057e-13 -1.6168e-10 -2.14304e-11 5.80558e-14 1.24502e-10 -1.95875e-13 3.29804e-15 -5.22233e-12
852 1.56 560 0 1.93736e-10 8.70895e-14 4.04966e-11 1.82509e-14 1.64748e-13 -1.46885e-10 -1.96278e-11 2.49896e-14 1.12149e-10 -7.4015e-14 2.59174e-15 -4.39776e-12
852 1.57 560 0 1.75799e-10 7.61291e-14 3.68161e-11 1.60367e-14 1.20289e-13 -1.33721e-10 -1.79906e-11 1.39566e-14 1.01212e-10 -3.54548e-14 2.04345e-15 -3.7027e-12
852 1.58 560 0 1.59819e-10 6.67598e-14 3.35236e-11 1.41394e-14 9.51584e-14 -1.21959e-10 -1.65043e-11 8.71328e-15 9.15094e-11 -1.8441e-14 1.58448e-15 -3.11561e-12
852 1.59 560 0 1.45541e-10 5.87929e-14 3.05706e-11 1.2515e-14 7.82545e-14 -1.11418e-10 -1.51533e-11 5.72219e-15 8.28785e-11 -9.48856e-15 1.21656e-15 -2.6188e-12
852 1.6 560 0 1.32748e-10 5.19787e-14 2.79155e-11 1.11168e-14 6.58565e-14 -1.01944e-10 -1.39237e-11 3.84857e-15 7.51809e-11 -4.36796e-15 9.20334e-16 -2.19777e-12
852 1.61 560 0 1.21258e-10 4.61442e-14 2.55231e-11 9.90918e-15 5.62346e-14 -9.34081e-11 -1.28032e-11 2.58375e-15 6.82989e-11 -1.19366e-15 6.89434e-16 -1.84054e-12
852 1.62 560 0 1.10913e-10 4.1073e-14 2.33631e-11 8.85655e-15 4.85973e-14 -8.56995e-11 -1.17809e-11 1.72858e-15 6.21324e-11 6.70644e-16 4.9568e-16 -1.53715e-12
852 1.63 560 0 1.0158e-10 3.66707e-14 2.14092e-11 7.93735e-15 4.23537e-14 -7.87231e-11 -1.08472e-11 1.12196e-15 5.65952e-11 1.82062e-15 3.39636e-16 -1.27933e-12
852 1.64 560 0 9.31419e-11 3.28566e-14 1.96387e-11 7.13433e-15 3.71363e-14 -7.23969e-11 -9.99343e-12 6.71044e-16 5.16134e-11 2.59401e-15 2.19361e-16 -1.06015e-12
852 1.65 560 0 8.55e-11 2.95113e-14 1.80317e-11 6.42712e-15 3.27636e-14 -6.66496e-11 -9.21212e-12 3.4805e-16 4.71231e-11 3.02415e-15 1.2074e-16 -8.7379e-13
852 1.66 560 0 7.85666e-11 2.65744e-14 1.65711e-11 5.80251e-15 2.90278e-14 -6.14195e-11 -8.49643e-12 1.06085e-16 4.30689e-11 3.28289e-15 4.36791e-17 -7.15364e-13
852 1.67 560 0 7.22661e-11 2.39972e-14 1.52416e-11 5.25054e-15 2.58253e-14 -5.66524e-11 -7.84033e-12 -7.41877e-17 3.94028e-11 3.42305e-15 -1.48977e-17 -5.80746e-13
852 1.68 560 0 6.6532e-11 2.17169e-14 1.40299e-11 4.75963e-15 2.30588e-14 -5.23009e-11 -7.23836e-12 -2.0623e-16 3.60825e-11 3.46851e-15 -6.02338e-17 -4.66442e-13
852 1.69 560 0 6.13059e-11 1.96956e-14 1.29241e-11 4.32204e-15 2.06538e-14 -4.83232e-11 -6.68567e-12 -3.0219e-16 3.30712e-11 3.45483e-15 -9.43243e-17 -3.69491e-13
852 1.7 560 0 5.65365e-11 1.7898e-14 1.1914e-11 3.93064e-15 1.85517e-14 -4.46825e-11 -6.17786e-12 -3.70363e-16 3.03366e-11 3.40064e-15 -1.19022e-16 -2.87376e-13
852 1.71 560 0 5.21785e-11 1.62968e-14 1.09901e-11 3.57975e-15 1.67048e-14 -4.13462e-11 -5.71098e-12 -4.17533e-16 2.78502e-11 3.32471e-15 -1.35355e-16 -2.17954e-13
852 1.72 560 0 4.81916e-11 1.48657e-14 1.01444e-11 3.26399e-15 1.5075e-14 -3.82854e-11 -5.28148e-12 -4.48134e-16 2.55868e-11 3.23407e-15 -1.44567e-16 -1.59396e-13
852 1.73 560 0 4.45403e-11 1.35848e-14 9.36933e-12 2.97901e-15 1.363e-14 -3.54741e-11 -4.88612e-12 -4.66174e-16 2.35242e-11 3.13942e-15 -1.47063e-16 -1.10142e-13
852 1.74 560 0 4.11927e-11 1.24341e-14 8.65848e-12 2.72077e-15 1.23421e-14 -3.28896e-11 -4.522e-12 -4.74267e-16 2.16425e-11 3.04523e-15 -1.43787e-16 -6.88549e-14
852 1.75 560 0 3.81205e-11 1.13978e-14 8.00594e-12 2.48575e-15 1.11916e-14 -3.05111e-11 -4.18646e-12 -4.73735e-16 1.99241e-11 2.95131e-15 -1.35298e-16 -3.43897e-14
852 1.76 560 0 3.52985e-11 1.04611e-14 7.40643e-12 2.27078e-15 1.01564e-14 -2.83204e-11 -3.8771e-12 -4.66801e-16 1.83535e-11 2.86379e-15 -1.21954e-16 -5.76496e-15
852 1.77 560 0 3.27039e-11 9.61425e-15 6.85522e-12 2.07254e-15 9.2197e-15 -2.63008e-11 -3.59175e-12 -4.54596e-16 1.69167e-11 2.78979e-15 -1.02e-16 1.78617e-14
852 1.78 560 0 3.03164e-11 8.84601e-15 6.34805e-12 1.88507e-15 8.35959e-15 -2.44374e-11 -3.32841e-12 -4.36689e-16 1.5601e-11 2.74101e-15 -7.03424e-17 3.72126e-14
852 1.79 560 0 2.81177e-11 8.06934e-15 5.881e-12 1.70417e-15 7.19342e-15 -2.27164e-11 -3.08536e-12 -5.61366e-16 1.43963e-11 3.14831e-15 -3.42e-17 5.27935e-14
852 1.8 560 0 2.60912e-11 7.35171e-15 5.45071e-12 1.54756e-15 6.34394e-15 -2.11263e-11 -2.86087e-12 -5.93428e-16 1.3291e-11 3.18741e-15 -2.81969e-17 6.53316e-14
852 1.81 560 0 2.42221e-11 6.69898e-15 5.05402e-12 1.40528e-15 5.65373e-15 -1.96561e-11 -2.65343e-12 -5.89138e-16 1.22766e-11 3.0999e-15 -2.49407e-17 7.52403e-14
852 1.82 560 0 2.24971e-11 6.10884e-15 4.68808e-12 1.27682e-15 5.08074e-15 -1.82958e-11 -2.46167e-12 -5.65046e-16 1.13448e-11 2.94357e-15 -2.23719e-17 8.29052e-14
852 1.83 560 0 2.09039e-11 5.57237e-15 4.35031e-12 1.16019e-15 4.58189e-15 -1.70364e-11 -2.28436e-12 -5.34577e-16 1.04885e-11 2.76826e-15 -1.98022e-17 8.86606e-14
852 1.84 560 0 1.94315e-11 5.08609e-15 4.03837e-12 1.05463e-15 4.14674e-15 -1.58697e-11 -2.12034e-12 -5.00489e-16 9.70096e-12 2.58333e-15 -1.71982e-17 9.27997e-14
852 1.85 560 0 1.807e-11 4.64577e-15 3.75012e-12 9.59095e-16 3.76508e-15 -1.47882e-11 -1.96856e-12 -4.6487e-16 8.97632e-12 2.39667e-15 -1.43984e-17 9.55749e-14
852 1.86 560 0 1.68102e-11 4.24753e-15 3.48364e-12 8.72833e-16 3.42939e-15 -1.37852e-11 -1.82808e-12 -4.29325e-16 8.30913e-12 2.2129e-15 -1.16986e-17 9.72036e-14
852 1.87 560 0 1.5644e-11 3.88711e-15 3.23715e-12 7.9479e-16 3.1318e-15 -1.28545e-11 -1.698e-12 -3.95053e-16 7.69449e-12 2.03661e-15 -9.02606e-18 9.78734e-14
852 1.88 560 0 1.45638e-11 3.56161e-15 3.00906e-12 7.24622e-16 2.86862e-15 -1.19904e-11 -1.57752e-12 -3.62759e-16 7.12797e-12 1.86833e-15 -7.06914e-18 9.77457e-14
852 1.89 560 0 1.35627e-11 3.26777e-15 2.7979e-12 6.61758e-16 2.63478e-15 -1.11878e-11 -1.46589e-12 -3.33225e-16 6.60552e-12 1.71021e-15 -6.24987e-18 9.69593e-14
852 1.9 560 0 1.26346e-11 3.00139e-15 2.60232e-12 6.06412e-16 2.42568e-15 -1.0442e-11 -1.36245e-12 -3.07162e-16 6.12349e-12 1.56199e-15 -8.14648e-18 9.56323e-14
852 1.91 560 0 1.17736e-11 2.75869e-15 2.4211e-12 5.56278e-16 2.23525e-15 -9.74868e-12 -1.26656e-12 -2.83268e-16 5.67852e-12 1.42664e-15 -9.94301e-18 9.38668e-14
852 1.92 560 0 1.09746e-11 2.53748e-15 2.25312e-12 5.10551e-16 2.06164e-15 -9.10384e-12 -1.17764e-12 -2.61143e-16 5.26758e-12 1.30323e-15 -1.12028e-17 9.17508e-14
852 1.93 560 0 1.02328e-11 2.33564e-15 2.09736e-12 4.68804e-16 1.90323e-15 -8.50386e-12 -1.09517e-12 -2.4063e-16 4.8879e-12 1.19046e-15 -1.20283e-17 8.93589e-14
852 1.94 560 0 9.54374e-12 2.15125e-15 1.95286e-12 4.30656e-16 1.75859e-15 -7.94542e-12 -1.01867e-12 -2.21587e-16 4.53695e-12 1.0872e-15 -1.25008e-17 8.67547e-14
852 1.95 560 0 8.90351e-12 1.98264e-15 1.81877e-12 3.95765e-16 1.62643e-15 -7.42543e-12 -9.47674e-13 -2.03886e-16 4.21242e-12 9.92449e-16 -1.26843e-17 8.39925e-14
852 1.96 560 0 8.30839e-12 1.82831e-15 1.69429e-12 3.63821e-16 1.50563e-15 -6.94109e-12 -8.8178e-13 -1.87402e-16 3.9122e-12 9.05296e-16 -1.2628e-17 8.11182e-14
852 1.97 560 0 7.75499e-12 1.68689e-15 1.5787e-12 3.34541e-16 1.3952e-15 -6.4898e-12 -8.20607e-13 -1.72009e-16 3.63437e-12 8.24859e-16 -1.23673e-17 7.81707e-14
852 1.98 560 0 7.2402e-12 1.55715e-15 1.47133e-12 3.0766e-16 1.2943e-15 -6.06915e-12 -7.63802e-13 -1.5756e-16 3.37715e-12 7.50193e-16 -1.19209e-17 7.51826e-14
852 1.99 560 0 6.76117e-12 1.43795e-15 1.37157e-12 2.8291e-16 1.20242e-15 -5.67696e-12 -7.11043e-13 -1.43824e-16 3.13894e-12 6.79946e-16 -1.12768e-17 7.21812e-14
852 2 560 0 6.31527e-12 1.32748e-15 1.27883e-12 2.59684e-16 1.12271e-15 -5.31117e-12 -6.62032e-13 -1.29099e-16 2.91826e-12 6.04862e-16 -1.00927e-17 6.91893e-14
