852 0 600 0 8.71663e-09 7.09877e-09 -3.10151e-08 -1.39328e-08 0 0 0 0 0 0 -3.39233e-08 -1.11822e-08
852 0.01 600 0 8.72188e-09 7.09479e-09 -3.10225e-08 -1.39165e-08 -1.34746e-10 -4.41441e-11 1.85103e-10 1.62124e-10 1.90947e-10 1.35504e-10 -3.3929e-08 -1.11631e-08
852 0.02 600 0 8.73758e-09 7.0828e-09 -3.10448e-08 -1.38676e-08 -2.69466e-10 -8.77935e-11 3.70826e-10 3.23754e-10 3.82234e-10 2.70362e-10 -3.39461e-08 -1.1106e-08
852 0.03 600 0 8.76371e-09 7.06273e-09 -3.10818e-08 -1.37859e-08 -4.0413e-10 -1.30454e-10 5.57787e-10 4.84394e-10 5.74199e-10 4.03927e-10 -3.39744e-08 -1.10107e-08
852 0.04 600 0 8.80021e-09 7.03445e-09 -3.11332e-08 -1.36714e-08 -5.38703e-10 -1.71633e-10 7.466e-10 6.43537e-10 7.67171e-10 5.35548e-10 -3.40135e-08 -1.0877e-08
852 0.05 600 0 8.84699e-09 6.99778e-09 -3.11987e-08 -1.35238e-08 -6.73139e-10 -2.1084e-10 9.37874e-10 8.00664e-10 9.61469e-10 6.64566e-10 -3.4063e-08 -1.07048e-08
852 0.06 600 0 8.90392e-09 6.95249e-09 -3.12778e-08 -1.33427e-08 -8.07381e-10 -2.47588e-10 1.13221e-09 9.55233e-10 1.1574e-09 7.90317e-10 -3.41222e-08 -1.04938e-08
852 0.07 600 0 8.97085e-09 6.89828e-09 -3.13699e-08 -1.31278e-08 -9.41359e-10 -2.81393e-10 1.33018e-09 1.10669e-09 1.35523e-09 9.12126e-10 -3.41905e-08 -1.02437e-08
852 0.08 600 0 9.0476e-09 6.83481e-09 -3.14743e-08 -1.28787e-08 -1.07498e-09 -3.11781e-10 1.53238e-09 1.25443e-09 1.55525e-09 1.02931e-09 -3.42668e-08 -9.95407e-09
852 0.09 600 0 9.13396e-09 6.7617e-09 -3.15902e-08 -1.25949e-08 -1.20813e-09 -3.38281e-10 1.73934e-09 1.39784e-09 1.75766e-09 1.14116e-09 -3.43501e-08 -9.6245e-09
852 0.1 600 0 9.22963e-09 6.67853e-09 -3.17167e-08 -1.22759e-08 -1.34069e-09 -3.60428e-10 1.95162e-09 1.53626e-09 1.96269e-09 1.24698e-09 -3.44392e-08 -9.25467e-09
852 0.11 600 0 9.33435e-09 6.5848e-09 -3.18527e-08 -1.19212e-08 -1.47247e-09 -3.77771e-10 2.16971e-09 1.66901e-09 2.17049e-09 1.34604e-09 -3.45328e-08 -8.84408e-09
852 0.12 600 0 9.4477e-09 6.48003e-09 -3.19969e-08 -1.153e-08 -1.60331e-09 -3.89871e-10 2.3941e-09 1.79533e-09 2.38119e-09 1.4376e-09 -3.46293e-08 -8.39223e-09
852 0.13 600 0 9.56937e-09 6.36361e-09 -3.21481e-08 -1.11018e-08 -1.73297e-09 -3.96298e-10 2.62523e-09 1.91444e-09 2.59488e-09 1.5209e-09 -3.4727e-08 -7.89862e-09
852 0.14 600 0 9.69883e-09 6.23497e-09 -3.23048e-08 -1.06359e-08 -1.86121e-09 -3.96647e-10 2.86351e-09 2.02549e-09 2.81157e-09 1.59518e-09 -3.4824e-08 -7.36282e-09
852 0.15 600 0 9.83558e-09 6.09344e-09 -3.24654e-08 -1.01316e-08 -1.98772e-09 -3.90531e-10 3.1093e-09 2.12759e-09 3.03124e-09 1.65964e-09 -3.49184e-08 -6.78431e-09
852 0.16 600 0 9.97903e-09 5.93832e-09 -3.2628e-08 -9.58812e-09 -2.11218e-09 -3.77588e-10 3.3629e-09 2.21977e-09 3.25381e-09 1.71351e-09 -3.50077e-08 -6.16261e-09
852 0.17 600 0 1.01285e-08 5.76897e-09 -3.27907e-08 -9.00489e-09 -2.23423e-09 -3.57471e-10 3.62456e-09 2.30103e-09 3.47912e-09 1.75596e-09 -3.50896e-08 -5.49741e-09
852 0.18 600 0 1.02833e-08 5.58465e-09 -3.29513e-08 -8.3812e-09 -2.35345e-09 -3.29872e-10 3.89446e-09 2.37028e-09 3.70696e-09 1.78619e-09 -3.51616e-08 -4.78837e-09
852 0.19 600 0 1.04425e-08 5.38458e-09 -3.31077e-08 -7.71637e-09 -2.46939e-09 -2.94531e-10 4.17271e-09 2.42638e-09 3.93701e-09 1.80338e-09 -3.52206e-08 -4.0352e-09
852 0.2 600 0 1.06052e-08 5.16802e-09 -3.32573e-08 -7.00982e-09 -2.58158e-09 -2.5121e-10 4.45929e-09 2.4681e-09 4.16888e-09 1.8067e-09 -3.52637e-08 -3.23779e-09
852 0.21 600 0 1.07713e-08 4.93463e-09 -3.33974e-08 -6.26094e-09 -2.6894e-09 -1.9959e-10 4.75423e-09 2.49424e-09 4.40225e-09 1.79531e-09 -3.52882e-08 -2.39608e-09
852 0.22 600 0 1.09379e-08 4.68282e-09 -3.35251e-08 -5.46938e-09 -2.79242e-09 -1.39789e-10 5.05716e-09 2.50335e-09 4.63629e-09 1.76846e-09 -3.52896e-08 -1.51023e-09
852 0.23 600 0 1.11046e-08 4.41227e-09 -3.36373e-08 -4.63469e-09 -2.88997e-09 -7.16137e-11 5.36782e-09 2.49405e-09 4.87045e-09 1.72534e-09 -3.52647e-08 -5.80496e-10
852 0.24 600 0 1.12701e-08 4.12236e-09 -3.37308e-08 -3.75676e-09 -2.98141e-09 4.99106e-12 5.68578e-09 2.46495e-09 5.10399e-09 1.66516e-09 -3.52097e-08 3.92412e-10
852 0.25 600 0 1.14328e-08 3.81232e-09 -3.3802e-08 -2.83538e-09 -3.06606e-09 8.99361e-11 6.01042e-09 2.41447e-09 5.336e-09 1.58721e-09 -3.51204e-08 1.40794e-09
852 0.26 600 0 1.15912e-08 3.48162e-09 -3.38473e-08 -1.8707e-09 -3.1432e-09 1.83122e-10 6.34095e-09 2.34111e-09 5.56551e-09 1.49079e-09 -3.49927e-08 2.46493e-09
852 0.27 600 0 1.17435e-08 3.12971e-09 -3.38626e-08 -8.63015e-10 -3.21212e-09 2.84341e-10 6.67641e-09 2.24325e-09 5.79141e-09 1.37527e-09 -3.48219e-08 3.56207e-09
852 0.28 600 0 1.18877e-08 2.75607e-09 -3.38438e-08 1.87207e-10 -3.27205e-09 3.93285e-10 7.01565e-09 2.11925e-09 6.01247e-09 1.24005e-09 -3.46036e-08 4.69779e-09
852 0.29 600 0 1.20219e-08 2.36045e-09 -3.37866e-08 1.2791e-09 -3.32225e-09 5.09595e-10 7.35729e-09 1.96753e-09 6.22735e-09 1.08466e-09 -3.43328e-08 5.8699e-09
852 0.3 600 0 1.21439e-08 1.9426e-09 -3.36864e-08 2.41159e-09 -3.36195e-09 6.3277e-10 7.69973e-09 1.78645e-09 6.43457e-09 9.08691e-10 -3.40047e-08 7.07596e-09
852 0.31 600 0 1.22514e-08 1.50248e-09 -3.35385e-08 3.58315e-09 -3.3904e-09 7.62261e-10 8.04111e-09 1.57447e-09 6.63257e-09 7.11843e-10 -3.36143e-08 8.31293e-09
852 0.32 600 0 1.23419e-08 1.04017e-09 -3.33379e-08 4.79201e-09 -3.40686e-09 8.97338e-10 8.37929e-09 1.33e-09 6.81964e-09 4.93966e-10 -3.31563e-08 9.57744e-09
852 0.33 600 0 1.24129e-08 5.55954e-10 -3.30794e-08 6.03588e-09 -3.41062e-09 1.03722e-09 8.71188e-09 1.05161e-09 6.99395e-09 2.55013e-10 -3.26257e-08 1.08654e-08
852 0.34 600 0 1.24617e-08 5.04175e-11 -3.2758e-08 7.312e-09 -3.40104e-09 1.18097e-09 9.03617e-09 7.3796e-10 7.1536e-09 -4.85018e-12 -3.20172e-08 1.21723e-08
852 0.35 600 0 1.24855e-08 -4.75661e-10 -3.23683e-08 8.61708e-09 -3.37751e-09 1.32759e-09 9.34917e-09 3.87879e-10 7.29656e-09 -2.85319e-10 -3.13259e-08 1.34928e-08
852 0.36 600 0 1.24813e-08 -1.02121e-09 -3.19048e-08 9.94726e-09 -3.3395e-09 1.47595e-09 9.64756e-09 3.92823e-13 7.42074e-09 -5.85873e-10 -3.05468e-08 1.48208e-08
852 0.37 600 0 1.24464e-08 -1.58487e-09 -3.13622e-08 1.12981e-08 -3.28658e-09 1.62478e-09 9.92765e-09 -4.25291e-10 7.52396e-09 -9.05757e-10 -2.9675e-08 1.61499e-08
852 0.38 600 0 1.23777e-08 -2.16498e-09 -3.07351e-08 1.26645e-08 -3.21841e-09 1.77273e-09 1.01855e-08 -8.89634e-10 7.604e-09 -1.24402e-09 -2.87062e-08 1.74725e-08
852 0.39 600 0 1.22729e-08 -2.75956e-09 -3.00181e-08 1.4041e-08 -3.13454e-09 1.91845e-09 1.04171e-08 -1.39287e-09 7.65871e-09 -1.59955e-09 -2.76365e-08 1.87811e-08
852 0.4 600 0 1.21276e-08 -3.36595e-09 -2.92062e-08 1.54203e-08 -3.03542e-09 2.06021e-09 1.06173e-08 -1.93452e-09 7.68559e-09 -1.97052e-09 -2.64615e-08 2.00657e-08
852 0.41 600 0 1.19395e-08 -3.98138e-09 -2.82943e-08 1.67954e-08 -2.92092e-09 2.19648e-09 1.07816e-08 -2.51397e-09 7.68251e-09 -2.35525e-09 -2.51786e-08 2.13169e-08
852 0.42 600 0 1.1706e-08 -4.60251e-09 -2.7278e-08 1.8158e-08 -2.79131e-09 2.32563e-09 1.09047e-08 -3.12992e-09 7.64729e-09 -2.75163e-09 -2.37853e-08 2.25242e-08
852 0.43 600 0 1.14248e-08 -5.22673e-09 -2.61483e-08 1.95006e-08 -2.64536e-09 2.44521e-09 1.098e-08 -3.78203e-09 7.57653e-09 -3.15741e-09 -2.22765e-08 2.36782e-08
852 0.44 600 0 1.10934e-08 -5.84966e-09 -2.49039e-08 2.08114e-08 -2.48454e-09 2.55364e-09 1.10023e-08 -4.46665e-09 7.4689e-09 -3.56972e-09 -2.0653e-08 2.47647e-08
852 0.45 600 0 1.07089e-08 -6.46511e-09 -2.3547e-08 2.20783e-08 -2.31188e-09 2.65001e-09 1.09674e-08 -5.17896e-09 7.32397e-09 -3.985e-09 -1.89193e-08 2.57691e-08
852 0.46 600 0 1.02697e-08 -7.06848e-09 -2.20734e-08 2.32903e-08 -2.12762e-09 2.73237e-09 1.08692e-08 -5.91555e-09 7.13953e-09 -4.39996e-09 -1.70755e-08 2.66789e-08
852 0.47 600 0 9.77457e-09 -7.65441e-09 -2.04812e-08 2.44349e-08 -1.93292e-09 2.79902e-09 1.07016e-08 -6.67158e-09 6.9141e-09 -4.81087e-09 -1.51241e-08 2.74799e-08
852 0.48 600 0 9.22257e-09 -8.21657e-09 -1.87708e-08 2.54983e-08 -1.72971e-09 2.84862e-09 1.04593e-08 -7.44091e-09 6.64684e-09 -5.21348e-09 -1.30701e-08 2.81574e-08
852 0.49 600 0 8.61349e-09 -8.74868e-09 -1.69429e-08 2.64664e-08 -1.51963e-09 2.87977e-09 1.0137e-08 -8.21663e-09 6.33699e-09 -5.60341e-09 -1.09197e-08 2.86965e-08
852 0.5 600 0 7.94771e-09 -9.244e-09 -1.50001e-08 2.7324e-08 -1.30478e-09 2.89129e-09 9.72985e-09 -8.99069e-09 5.98434e-09 -5.97596e-09 -8.68077e-09 2.90819e-08
852 0.51 600 0 7.22696e-09 -9.6957e-09 -1.29464e-08 2.80553e-08 -1.08713e-09 2.88227e-09 9.23363e-09 -9.75406e-09 5.58921e-09 -6.32633e-09 -6.36363e-09 2.92987e-08
852 0.52 600 0 6.45195e-09 -1.00954e-08 -1.07884e-08 2.86434e-08 -8.69955e-10 2.85222e-09 8.64469e-09 -1.04959e-08 5.1524e-09 -6.64883e-09 -3.98072e-09 2.93307e-08
852 0.53 600 0 5.62619e-09 -1.04358e-08 -8.53449e-09 2.90718e-08 -6.5576e-10 2.80101e-09 7.96087e-09 -1.12048e-08 4.67557e-09 -6.93828e-09 -1.54713e-09 2.91636e-08
852 0.54 600 0 4.75354e-09 -1.07094e-08 -6.19385e-09 2.93231e-08 -4.4694e-10 2.72826e-09 7.18036e-09 -1.18684e-08 4.16045e-09 -7.18921e-09 9.21084e-10 2.87834e-08
852 0.55 600 0 3.83899e-09 -1.09081e-08 -3.78023e-09 2.93803e-08 -2.46702e-10 2.63487e-09 6.30369e-09 -1.24727e-08 3.61018e-09 -7.39606e-09 3.40353e-09 2.81769e-08
852 0.56 600 0 2.88858e-09 -1.10248e-08 -1.30803e-09 2.92262e-08 -5.75656e-11 2.52127e-09 5.33222e-09 -1.30033e-08 3.02798e-09 -7.55327e-09 5.87897e-09 2.73324e-08
852 0.57 600 0 1.90959e-09 -1.10516e-08 1.20381e-09 2.88444e-08 1.17289e-10 2.38919e-09 4.27002e-09 -1.34444e-08 2.41854e-09 -7.65544e-09 8.32211e-09 2.62399e-08
852 0.58 600 0 9.10463e-10 -1.09821e-08 3.73501e-09 2.82187e-08 2.75455e-10 2.23988e-09 3.12261e-09 -1.37798e-08 1.78669e-09 -7.69728e-09 1.07065e-08 2.48911e-08
852 0.59 600 0 -9.89406e-11 -1.08093e-08 6.26062e-09 2.73349e-08 4.14138e-10 2.07601e-09 1.89881e-09 -1.39926e-08 1.1388e-09 -7.6739e-09 1.30018e-08 2.32808e-08
852 0.6 600 0 -1.10741e-09 -1.05287e-08 8.75421e-09 2.61796e-08 5.31672e-10 1.89936e-09 6.09385e-10 -1.40663e-08 4.81342e-10 -7.5809e-09 1.5177e-08 2.14065e-08
852 0.61 600 0 -2.103e-09 -1.0134e-08 1.11833e-08 2.47421e-08 6.25211e-10 1.71413e-09 -7.30641e-10 -1.39833e-08 -1.77253e-10 -7.41388e-09 1.71963e-08 1.92689e-08
852 0.62 600 0 -3.07195e-09 -9.62249e-09 1.35146e-08 2.30134e-08 6.93792e-10 1.52287e-09 -2.10402e-09 -1.37273e-08 -8.28671e-10 -7.16961e-09 1.90242e-08 1.68727e-08
852 0.63 600 0 -3.99927e-09 -8.99192e-09 1.57097e-08 2.09887e-08 7.36319e-10 1.32956e-09 -3.48913e-09 -1.32832e-08 -1.46305e-09 -6.84553e-09 2.06224e-08 1.42277e-08
852 0.64 600 0 -4.86887e-09 -8.24158e-09 1.77271e-08 1.86669e-08 7.52297e-10 1.13836e-09 -4.86057e-09 -1.26369e-08 -2.06972e-09 -6.44004e-09 2.19513e-08 1.13484e-08
852 0.65 600 0 -5.66367e-09 -7.37292e-09 1.9522e-08 1.60508e-08 7.42059e-10 9.52955e-10 -6.18898e-09 -1.17769e-08 -2.6374e-09 -5.95246e-09 2.29705e-08 8.2545e-09
852 0.66 600 0 -6.36543e-09 -6.38919e-09 2.10459e-08 1.31496e-08 7.06374e-10 7.77773e-10 -7.44054e-09 -1.06946e-08 -3.15358e-09 -5.38357e-09 2.36391e-08 4.97247e-09
852 0.67 600 0 -6.95507e-09 -5.29615e-09 2.22473e-08 9.97851e-09 6.46864e-10 6.16969e-10 -8.57702e-09 -9.38539e-09 -3.60503e-09 -4.73559e-09 2.39166e-08 1.53539e-09
852 0.68 600 0 -7.41296e-09 -4.10283e-09 2.30725e-08 6.56017e-09 5.6593e-10 4.73946e-10 -9.55631e-09 -7.8497e-09 -3.97798e-09 -4.01252e-09 2.37639e-08 -2.01643e-09
852 0.69 600 0 -7.71866e-09 -2.81952e-09 2.3464e-08 2.92662e-09 4.66443e-10 3.53523e-10 -1.03307e-08 -6.09372e-09 -4.25724e-09 -3.22009e-09 2.31425e-08 -5.63454e-09
852 0.7 600 0 -7.85175e-09 -1.4617e-09 2.33641e-08 -8.80738e-10 3.52342e-10 2.58265e-10 -1.08496e-08 -4.13177e-09 -4.42772e-09 -2.36656e-09 2.20186e-08 -9.26212e-09
852 0.71 600 0 -7.79172e-09 -4.7983e-11 2.27144e-08 -4.80832e-09 2.28076e-10 1.91117e-10 -1.10587e-08 -1.98714e-09 -4.47346e-09 -1.46291e-09 2.03626e-08 -1.2833e-08
852 0.72 600 0 -7.51871e-09 1.39871e-09 2.14569e-08 -8.78974e-09 9.87225e-11 1.53805e-10 -1.0901e-08 3.05904e-10 -4.37845e-09 -5.22957e-10 1.81508e-08 -1.62719e-08
852 0.73 600 0 -7.01372e-09 2.8508e-09 1.95362e-08 -1.27431e-08 -3.01566e-11 1.47617e-10 -1.03179e-08 2.70011e-09 -4.12651e-09 4.35688e-10 1.53677e-08 -1.94934e-08
852 0.74 600 0 -6.2598e-09 4.27494e-09 1.6902e-08 -1.65701e-08 -1.5287e-10 1.72033e-10 -9.25155e-09 5.13308e-09 -3.70217e-09 1.39142e-09 1.20086e-08 -2.24025e-08
852 0.75 600 0 -5.24162e-09 5.63327e-09 1.35111e-08 -2.01516e-08 -2.62821e-10 2.27271e-10 -7.64494e-09 7.5242e-09 -3.0903e-09 2.31766e-09 8.0806e-09 -2.48932e-08
852 0.76 600 0 -3.94828e-09 6.88007e-09 9.33286e-09 -2.33485e-08 -3.54005e-10 3.1063e-10 -5.44864e-09 9.77269e-09 -2.27815e-09 3.18236e-09 3.60824e-09 -2.68507e-08
852 0.77 600 0 -2.37369e-09 7.96289e-09 4.354e-09 -2.59978e-08 -4.20465e-10 4.18896e-10 -2.62308e-09 1.17547e-08 -1.25563e-09 3.94691e-09 -1.36397e-09 -2.81518e-08
852 0.78 600 0 -5.18879e-10 8.82164e-09 -1.41513e-09 -2.79109e-08 -4.56669e-10 5.47331e-10 8.5515e-10 1.332e-08 -1.71889e-11 4.56567e-09 -6.76732e-09 -2.8666e-08
852 0.79 600 0 1.60578e-09 9.38802e-09 -7.93076e-09 -2.88732e-08 -4.57712e-10 6.90155e-10 4.98491e-09 1.42906e-08 1.43624e-09 4.98476e-09 -1.25033e-08 -2.82592e-08
852 0.8 600 0 3.97212e-09 9.58679e-09 -1.51097e-08 -2.8659e-08 -4.30705e-10 8.48425e-10 9.73335e-09 1.44717e-08 3.09822e-09 5.13873e-09 -1.84338e-08 -2.68034e-08
852 0.81 600 0 6.54243e-09 9.33646e-09 -2.28066e-08 -2.70068e-08 -3.55859e-10 1.00903e-09 1.5017e-08 1.36261e-08 4.93475e-09 4.95494e-09 -2.4383e-08 -2.41675e-08
852 0.82 600 0 9.26195e-09 8.54116e-09 -3.07911e-08 -2.36147e-08 -2.2788e-10 1.1618e-09 2.06812e-08 1.14786e-08 6.90671e-09 4.3588e-09 -3.0134e-08 -2.02418e-08
852 0.83 600 0 1.20389e-08 7.10683e-09 -3.87459e-08 -1.8205e-08 -5.06835e-11 1.29929e-09 2.64929e-08 7.75874e-09 8.9508e-09 3.26385e-09 -3.54086e-08 -1.49518e-08
852 0.84 600 0 1.47473e-08 4.94088e-09 -4.62275e-08 -1.05154e-08 1.75078e-10 1.40941e-09 3.21054e-08 2.19546e-09 1.09699e-08 1.58162e-09 -3.98742e-08 -8.27009e-09
852 0.85 600 0 1.72177e-08 1.96157e-09 -5.26468e-08 -3.41339e-10 4.46998e-10 1.48127e-09 3.7034e-08 -5.44617e-09 1.28267e-08 -7.71519e-10 -4.3143e-08 -2.43382e-10
852 0.86 600 0 1.92311e-08 -1.88874e-09 -5.72443e-08 1.24145e-08 7.62831e-10 1.49933e-09 4.06303e-08 -1.53228e-08 1.43352e-08 -3.86234e-09 -4.4782e-08 8.97978e-09
852 0.87 600 0 2.05081e-08 -6.62878e-09 -5.90862e-08 2.7661e-08 1.11037e-09 1.44278e-09 4.20676e-08 -2.74359e-08 1.52516e-08 -7.72699e-09 -4.43329e-08 1.91135e-08
852 0.88 600 0 2.07047e-08 -1.22018e-08 -5.70814e-08 4.50132e-08 1.47996e-09 1.30121e-09 4.03437e-08 -4.15325e-08 1.52651e-08 -1.23383e-08 -4.1352e-08 2.9692e-08
852 0.89 600 0 1.94319e-08 -1.84398e-08 -5.00371e-08 6.36674e-08 1.86243e-09 1.06323e-09 3.43303e-08 -5.698e-08 1.40131e-08 -1.75683e-08 -3.54755e-08 4.0046e-08
852 0.9 600 0 1.62676e-08 -2.50297e-08 -3.67889e-08 8.22706e-08 2.24067e-09 7.12313e-10 2.28793e-08 -7.26313e-08 1.10902e-08 -2.31547e-08 -2.65077e-08 4.92965e-08
852 0.91 600 0 1.07974e-08 -3.14654e-08 -1.64099e-08 9.88006e-08 2.59713e-09 2.30032e-10 5.01196e-09 -8.66925e-08 6.08301e-09 -2.86489e-08 -1.45335e-08 5.63813e-08
852 0.92 600 0 2.66953e-09 -3.70062e-08 1.14681e-08 1.10504e-07 2.90649e-09 -4.04767e-10 -1.97746e-08 -9.66335e-08 -1.37901e-09 -3.33702e-08 -3.64389e-11 6.01402e-08
852 0.93 600 0 -8.33458e-09 -4.06338e-08 4.62528e-08 1.13965e-07 3.14302e-09 -1.22183e-09 -5.11116e-08 -9.92203e-08 -1.15545e-08 -3.63515e-08 1.60024e-08 5.947e-08
852 0.94 600 0 -2.22132e-08 -4.09913e-08 8.58292e-08 1.05078e-07 3.24918e-09 -2.25798e-09 -8.7179e-08 -9.04341e-08 -2.44871e-08 -3.62687e-08 3.207e-08 5.36083e-08
852 0.95 600 0 -3.86886e-08 -3.62026e-08 1.26245e-07 8.04117e-08 3.1545e-09 -3.6912e-09 -1.2435e-07 -6.68458e-08 -3.99915e-08 -3.12466e-08 4.62453e-08 4.21925e-08
852 0.96 600 0 -5.69796e-08 -2.32817e-08 1.61132e-07 3.65656e-08 2.46925e-09 -5.69767e-09 -1.56578e-07 -2.48987e-08 -5.73002e-08 -1.82481e-08 5.62644e-08 2.57181e-08
852 0.97 600 0 -7.42865e-08 3.98723e-09 1.81053e-07 -2.81375e-08 3.29456e-10 -8.50593e-09 -1.74657e-07 3.73465e-08 -7.35827e-08 9.01036e-09 5.98516e-08 5.59689e-09
852 0.98 600 0 -7.43983e-08 5.96809e-08 1.73384e-07 -1.12595e-07 -6.28534e-09 -1.12207e-08 -1.66106e-07 1.19119e-07 -7.23419e-08 6.46193e-08 5.49391e-08 -1.57128e-08
852 0.99 600 0 2.25289e-08 1.05981e-07 1.20487e-07 -2.29182e-07 -1.8303e-08 -3.93037e-10 -1.1326e-07 2.33423e-07 2.66923e-08 1.09606e-07 3.97225e-08 -3.44648e-08
852 1 600 0 4.13165e-08 1.51172e-10 -6.24227e-06 -2.386e-07 -5.4882e-11 1.48308e-08 6.25369e-06 2.38624e-07 4.74765e-08 1.65075e-10 1.00773e-10 -5.9536e-08
852 1.01 600 0 1.47606e-08 3.65742e-11 -7.7426e-08 3.81239e-11 -2.95709e-12 3.55288e-09 8.19947e-08 -3.79259e-11 1.70679e-08 3.79361e-11 -4.73546e-12 -1.95939e-08
852 1.02 600 0 8.0895e-09 1.6828e-11 -4.08461e-08 2.32283e-11 -9.44937e-13 2.17358e-09 4.43125e-08 -2.34159e-11 9.78485e-09 1.75805e-11 -4.24048e-12 -1.33852e-08
852 1.03 600 0 5.05289e-09 9.56323e-12 -2.61027e-08 1.59988e-11 -3.46704e-13 1.5486e-09 2.8898e-08 -1.63357e-11 6.3978e-09 1.00373e-11 -3.69792e-12 -1.00187e-08
852 1.04 600 0 3.3834e-09 6.09252e-12 -1.83052e-08 1.17738e-11 -8.91755e-14 1.19581e-09 2.06349e-08 -1.21814e-11 4.49549e-09 6.40127e-12 -3.22972e-12 -7.87806e-09
852 1.05 600 0 2.36467e-09 4.18571e-12 -1.35934e-08 9.05799e-12 3.93006e-14 9.71941e-10 1.55782e-08 -9.49753e-12 3.30983e-09 4.38725e-12 -2.84289e-12 -6.39977e-09
852 1.06 600 0 1.69939e-09 3.03276e-12 -1.05037e-08 7.2249e-12 1.35284e-13 8.18848e-10 1.22227e-08 -7.68702e-12 2.51902e-09 3.14492e-12 -2.53934e-12 -5.32392e-09
852 1.07 600 0 1.24347e-09 2.30018e-12 -8.36102e-09 5.88086e-12 1.71116e-13 7.08634e-10 9.86932e-09 -6.34165e-12 1.96557e-09 2.36167e-12 -2.27024e-12 -4.51163e-09
852 1.08 600 0 9.19447e-10 1.80514e-12 -6.8126e-09 4.89183e-12 1.93471e-13 6.26151e-10 8.15039e-09 -5.34677e-12 1.56391e-09 1.82809e-12 -2.04952e-12 -3.8812e-09
852 1.09 600 0 6.82498e-10 1.45895e-12 -5.65774e-09 4.16563e-12 2.23569e-13 5.62585e-10 6.8553e-09 -4.61979e-12 1.26399e-09 1.44146e-12 -1.87988e-12 -3.38134e-09
852 1.1 600 0 5.05148e-10 1.20881e-12 -4.77468e-09 3.58278e-12 2.30318e-13 5.1254e-10 5.85549e-09 -4.02667e-12 1.03488e-09 1.16904e-12 -1.72492e-12 -2.97827e-09
852 1.11 600 0 3.69797e-10 1.0234e-12 -4.08565e-09 3.12715e-12 2.35213e-13 4.72458e-10 5.0683e-09 -3.56147e-12 8.56527e-10 9.65139e-13 -1.59654e-12 -2.64877e-09
852 1.12 600 0 2.64748e-10 8.86425e-13 -3.53903e-09 2.78901e-12 2.51817e-13 4.39938e-10 4.43849e-09 -3.22193e-12 7.15448e-10 8.03403e-13 -1.50493e-12 -2.37642e-09
852 1.13 600 0 1.81964e-10 7.79459e-13 -3.09952e-09 2.50075e-12 2.5472e-13 4.13384e-10 3.9281e-09 -2.9267e-12 6.02352e-10 6.82957e-13 -1.41753e-12 -2.14937e-09
852 1.14 600 0 1.15798e-10 6.97035e-13 -2.74217e-09 2.27268e-12 2.59069e-13 3.91617e-10 3.51013e-09 -2.69437e-12 5.1062e-10 5.87437e-13 -1.34852e-12 -1.9588e-09
852 1.15 600 0 6.21791e-11 6.36901e-13 -2.44905e-09 2.10654e-12 2.73381e-13 3.73802e-10 3.16506e-09 -2.5316e-12 4.3545e-10 5.08037e-13 -1.30563e-12 -1.79812e-09
852 1.16 600 0 1.80883e-11 5.88029e-13 -2.20704e-09 1.96211e-12 2.79744e-13 3.59377e-10 2.87858e-09 -2.38779e-12 3.73303e-10 4.46683e-13 -1.26517e-12 -1.66233e-09
852 1.17 600 0 -1.8733e-11 5.5535e-13 -2.00636e-09 1.86766e-12 2.96681e-13 3.4791e-10 2.63994e-09 -2.30286e-12 3.21505e-10 3.9436e-13 -1.25089e-12 -1.54758e-09
852 1.18 600 0 -5.0046e-11 5.28957e-13 -1.83971e-09 1.78629e-12 3.07446e-13 3.39148e-10 2.44118e-09 -2.22932e-12 2.78024e-10 3.53615e-13 -1.23862e-12 -1.451e-09
852 1.19 600 0 -7.72425e-11 5.11764e-13 -1.70159e-09 1.73158e-12 3.21518e-13 3.32937e-10 2.27626e-09 -2.18686e-12 2.41283e-10 3.2013e-13 -1.24049e-12 -1.37038e-09
852 1.2 600 0 -1.01464e-10 5.08073e-13 -1.58789e-09 1.71997e-12 3.47912e-13 3.29225e-10 2.14072e-09 -2.19897e-12 2.10049e-10 2.91066e-13 -1.27151e-12 -1.30416e-09
852 1.21 600 0 -1.23714e-10 5.0918e-13 -1.49569e-09 1.72101e-12 3.72381e-13 3.28108e-10 2.03151e-09 -2.22553e-12 1.83348e-10 2.68635e-13 -1.30972e-12 -1.25134e-09
852 1.22 600 0 -1.44899e-10 5.25139e-13 -1.42299e-09 1.76912e-12 4.11941e-13 3.29782e-10 1.94663e-09 -2.31442e-12 1.60396e-10 2.49499e-13 -1.38438e-12 -1.21143e-09
852 1.23 600 0 -1.65947e-10 5.47923e-13 -1.36877e-09 1.83694e-12 4.53817e-13 3.34651e-10 1.88536e-09 -2.42928e-12 1.40563e-10 2.35562e-13 -1.4751e-12 -1.18459e-09
852 1.24 600 0 -1.87859e-10 5.92295e-13 -1.33297e-09 1.97296e-12 5.19532e-13 3.43331e-10 1.84817e-09 -2.63787e-12 1.23326e-10 2.24406e-13 -1.62418e-12 -1.17168e-09
852 1.25 600 0 -2.11895e-10 6.51647e-13 -1.31686e-09 2.15441e-12 5.98059e-13 3.56853e-10 1.83738e-09 -2.91015e-12 1.08254e-10 2.18052e-13 -1.81513e-12 -1.17465e-09
852 1.26 600 0 -2.39753e-10 7.42605e-13 -1.32346e-09 2.43416e-12 7.10819e-13 3.76839e-10 1.85777e-09 -3.32112e-12 9.49739e-11 2.15811e-13 -2.09645e-12 -1.19706e-09
852 1.27 600 0 -2.7402e-10 8.91655e-13 -1.35877e-09 2.8921e-12 8.89527e-13 4.0602e-10 1.91839e-09 -3.9853e-12 8.31515e-11 2.18306e-13 -2.54379e-12 -1.24529e-09
852 1.28 600 0 -3.19068e-10 1.12122e-12 -1.43442e-09 3.59674e-12 1.15739e-12 4.49279e-10 2.03642e-09 -5.00325e-12 7.24609e-11 2.28701e-13 -3.22679e-12 -1.33112e-09
852 1.29 600 0 -3.83137e-10 1.53787e-12 -1.57376e-09 4.87094e-12 1.63988e-12 5.16073e-10 2.24606e-09 -6.83889e-12 6.25254e-11 2.50762e-13 -4.45321e-12 -1.47777e-09
852 1.3 600 0 -4.84379e-10 2.34704e-12 -1.82981e-09 7.33587e-12 2.57149e-12 6.27527e-10 2.6247e-09 -1.03915e-11 5.27817e-11 2.96659e-13 -6.82749e-12 -1.73755e-09
852 1.31 600 0 -6.72473e-10 4.41018e-12 -2.3496e-09 1.3584e-11 4.95279e-12 8.41784e-10 3.38651e-09 -1.94096e-11 4.19884e-11 4.02335e-13 -1.28593e-11 -2.2549e-09
852 1.32 600 0 -1.15203e-09 1.27539e-11 -3.74126e-09 3.86816e-11 1.46278e-11 1.39879e-09 5.41703e-09 -5.57352e-11 2.5486e-11 7.56492e-13 -3.72135e-11 -3.62668e-09
852 1.33 600 0 -5.035e-09 2.40256e-10 -1.52637e-08 7.16925e-10 2.80419e-10 5.9497e-09 2.21968e-08 -1.04138e-09 -6.59735e-11 7.43806e-12 -7.00364e-10 -1.49374e-08
852 1.34 600 0 1.88266e-09 3.35684e-11 5.34841e-09 9.84917e-11 3.97598e-11 -2.17127e-09 -7.80989e-09 -1.44193e-10 8.30422e-11 1.85211e-13 -9.76321e-11 5.28134e-09
852 1.35 600 0 7.52721e-10 5.36351e-12 2.01072e-09 1.54566e-11 6.42827e-12 -8.49382e-10 -2.94759e-09 -2.28022e-11 5.38756e-11 -8.90391e-14 -1.55361e-11 2.00245e-09
852 1.36 600 0 4.53899e-10 1.97718e-12 1.14363e-09 5.59373e-12 2.39059e-12 -5.02225e-10 -1.68268e-09 -8.31339e-12 4.35912e-11 -6.91611e-14 -5.6974e-12 1.1481e-09
852 1.37 600 0 3.16017e-10 9.70558e-13 7.53102e-10 2.69271e-12 1.18087e-12 -3.43516e-10 -1.11194e-09 -4.03105e-12 3.72701e-11 -4.86091e-14 -2.77744e-12 7.61798e-10
852 1.38 600 0 2.36857e-10 5.58373e-13 5.35246e-10 1.51904e-12 6.81578e-13 -2.53368e-10 -7.92871e-10 -2.29014e-12 3.25982e-11 -3.41108e-14 -1.58583e-12 5.45307e-10
852 1.39 600 0 1.8566e-10 3.53175e-13 3.98763e-10 9.41627e-13 4.31289e-13 -1.95731e-10 -5.92512e-10 -1.42946e-12 2.88521e-11 -2.40555e-14 -9.94404e-13 4.09e-10
852 1.4 600 0 1.49967e-10 2.36752e-13 3.06796e-10 6.17731e-13 2.88452e-13 -1.56024e-10 -4.57169e-10 -9.44258e-13 2.57202e-11 -1.68474e-14 -6.5955e-13 3.16667e-10
852 1.41 600 0 1.23771e-10 1.67158e-13 2.41648e-10 4.27045e-13 2.02555e-13 -1.27228e-10 -3.61053e-10 -6.57214e-13 2.30387e-11 -1.16421e-14 -4.60776e-13 2.50907e-10
852 1.42 600 0 1.03814e-10 1.22387e-13 1.93784e-10 3.05988e-13 1.47007e-13 -1.05547e-10 -2.90257e-10 -4.74106e-13 2.07084e-11 -7.73928e-15 -3.335e-13 2.02331e-10
852 1.43 600 0 8.81732e-11 9.21503e-14 1.57629e-10 2.25394e-13 1.09311e-13 -8.87505e-11 -2.36643e-10 -3.51626e-13 1.8663e-11 -4.73954e-15 -2.48044e-13 1.65438e-10
852 1.44 600 0 7.56434e-11 7.0655e-14 1.29714e-10 1.68762e-13 8.2331e-14 -7.54438e-11 -1.95146e-10 -2.65165e-13 1.68551e-11 -2.27119e-15 -1.87433e-13 1.36802e-10
852 1.45 600 0 6.54278e-11 5.54526e-14 1.0778e-10 1.29463e-13 6.31378e-14 -6.47099e-11 -1.62459e-10 -2.04912e-13 1.52489e-11 -3.15269e-16 -1.45068e-13 1.14182e-10
852 1.46 600 0 5.69785e-11 4.42321e-14 9.0291e-11 1.00895e-13 4.88286e-14 -5.59221e-11 -1.36334e-10 -1.60947e-13 1.38162e-11 1.36424e-15 -1.14025e-13 9.60547e-11
852 1.47 600 0 4.99068e-11 3.57666e-14 7.61751e-11 7.96894e-14 3.7857e-14 -4.86377e-11 -1.15199e-10 -1.28215e-13 1.25341e-11 2.8937e-15 -9.08003e-14 8.13507e-11
852 1.48 600 0 4.39285e-11 2.92654e-14 6.46621e-11 6.36649e-14 2.91856e-14 -4.25359e-11 -9.79236e-11 -1.03444e-13 1.13839e-11 4.40709e-15 -7.31151e-14 6.93007e-11
852 1.49 600 0 3.88316e-11 2.41228e-14 5.51872e-11 5.11341e-14 2.18924e-14 -3.73786e-11 -8.3676e-11 -8.41144e-14 1.03496e-11 6.16907e-15 -5.91617e-14 5.93382e-11
852 1.5 600 0 3.44543e-11 2.01298e-14 4.73281e-11 4.16317e-14 1.56585e-14 -3.29854e-11 -7.18345e-11 -6.95778e-14 9.41783e-12 8.26594e-15 -4.85193e-14 5.10383e-11
852 1.51 600 0 3.0671e-11 1.69317e-14 4.07638e-11 3.4154e-14 9.51576e-15 -2.92178e-11 -6.19252e-11 -5.84449e-14 8.57675e-12 1.13856e-14 -4.00839e-14 4.40768e-11
852 1.52 600 0 2.7383e-11 1.43459e-14 3.52471e-11 2.82112e-14 1.8409e-15 -2.59677e-11 -5.35823e-11 -5.03903e-14 7.81585e-12 1.72746e-14 -3.33328e-14 3.82029e-11
852 1.53 600 0 2.45115e-11 1.22386e-14 3.05852e-11 2.34559e-14 -1.47829e-14 -2.31514e-11 -4.65195e-11 -4.70804e-14 7.12378e-12 3.49209e-14 -2.7895e-14 3.32204e-11
852 1.54 600 0 2.19928e-11 1.05762e-14 2.6626e-11 1.96249e-14 4.51795e-13 -2.03678e-11 -4.06117e-11 1.01099e-13 6.90438e-12 -5.44918e-13 -2.346e-14 2.89738e-11
852 1.55 600 0 1.97748e-11 9.06756e-15 2.32482e-11 1.64805e-14 3.35301e-14 -1.85236e-11 -3.53869e-11 -2.01e-14 5.95897e-12 -2.92738e-14 -1.98394e-14 2.53388e-11
852 1.56 600 0 1.78151e-11 7.86574e-15 2.03547e-11 1.39159e-14 2.00967e-14 -1.66366e-11 -3.09842e-11 -1.96023e-14 5.44187e-12 -1.42985e-14 -1.68499e-14 2.22152e-11
852 1.57 600 0 1.60779e-11 6.85933e-15 1.78667e-11 1.18253e-14 1.4754e-14 -1.49704e-11 -2.71948e-11 -1.74784e-14 4.97513e-12 -9.06493e-15 -1.44009e-14 1.95214e-11
852 1.58 600 0 1.45338e-11 6.00201e-15 1.57198e-11 1.00627e-14 1.1679e-14 -1.34957e-11 -2.39218e-11 -1.52397e-14 4.55152e-12 -6.43e-15 -1.23203e-14 1.71908e-11
852 1.59 600 0 1.31576e-11 5.27347e-15 1.38614e-11 8.59488e-15 9.58638e-15 -1.21872e-11 -2.10861e-11 -1.32213e-14 4.16635e-12 -4.83169e-15 -1.05778e-14 1.51682e-11
852 1.6 600 0 1.19282e-11 4.65088e-15 1.22479e-11 7.36555e-15 8.03986e-15 -1.1023e-11 -1.86222e-11 -1.1458e-14 3.81575e-12 -3.76227e-15 -9.11021e-15 1.34083e-11
852 1.61 600 0 1.08275e-11 4.11766e-15 1.08431e-11 6.34086e-15 6.83628e-15 -9.98474e-12 -1.64758e-11 -9.95406e-15 3.49636e-12 -2.99379e-15 -7.8818e-15 1.18728e-11
852 1.62 600 0 9.84008e-12 3.6556e-15 9.61695e-12 5.46469e-15 5.87638e-15 -9.05667e-12 -1.46012e-11 -8.63968e-15 3.20517e-12 -2.42869e-15 -6.82422e-15 1.05301e-11
852 1.63 600 0 8.95267e-12 3.25495e-15 8.54403e-12 4.72155e-15 5.09065e-15 -8.22537e-12 -1.29603e-11 -7.51003e-15 2.93952e-12 -1.99478e-15 -5.92254e-15 9.35324e-12
852 1.64 600 0 8.15376e-12 2.9079e-15 7.60311e-12 4.09471e-15 4.43532e-15 -7.47931e-12 -1.1521e-11 -6.5503e-15 2.69702e-12 -1.64872e-15 -5.15927e-15 8.3197e-12
852 1.65 600 0 7.43337e-12 2.60425e-15 6.77617e-12 3.55538e-15 3.88489e-15 -6.80852e-12 -1.02558e-11 -5.7159e-15 2.47551e-12 -1.37308e-15 -4.49865e-15 7.41023e-12
852 1.66 600 0 6.78282e-12 2.33803e-15 6.04794e-12 3.09552e-15 3.41683e-15 -6.2044e-12 -9.14167e-12 -5.00042e-15 2.27307e-12 -1.14859e-15 -3.93317e-15 6.6085e-12
852 1.67 600 0 6.19454e-12 2.10472e-15 5.40542e-12 2.70103e-15 3.01537e-15 -5.65946e-12 -8.1588e-12 -4.38371e-15 2.08797e-12 -9.61512e-16 -3.4461e-15 5.90052e-12
852 1.68 600 0 5.66187e-12 1.89869e-15 4.83751e-12 2.36094e-15 2.66936e-15 -5.16718e-12 -7.29026e-12 -3.84925e-15 1.91862e-12 -8.06179e-16 -3.02435e-15 5.27434e-12
852 1.69 600 0 5.17897e-12 1.71639e-15 4.33467e-12 2.06724e-15 2.36916e-15 -4.72185e-12 -6.52154e-12 -3.38577e-15 1.76361e-12 -6.75412e-16 -2.65865e-15 4.71966e-12
852 1.7 600 0 4.74069e-12 1.55456e-15 3.88874e-12 1.81319e-15 2.10743e-15 -4.31847e-12 -5.84014e-12 -2.98342e-15 1.62167e-12 -5.64637e-16 -2.34112e-15 4.2276e-12
852 1.71 600 0 4.34249e-12 1.41067e-15 3.49266e-12 1.59332e-15 1.87798e-15 -3.95264e-12 -5.2353e-12 -2.63437e-15 1.49163e-12 -4.69617e-16 -2.06543e-15 3.79052e-12
852 1.72 600 0 3.98033e-12 1.28226e-15 3.14034e-12 1.40287e-15 1.67605e-15 -3.62048e-12 -4.69767e-12 -2.33144e-15 1.37244e-12 -3.87848e-16 -1.82596e-15 3.40176e-12
852 1.73 600 0 3.65064e-12 1.16746e-15 2.8265e-12 1.23805e-15 1.49747e-15 -3.31856e-12 -4.21919e-12 -2.06912e-15 1.26316e-12 -3.16689e-16 -1.61831e-15 3.05556e-12
852 1.74 600 0 3.35023e-12 1.06447e-15 2.54657e-12 1.09548e-15 1.33891e-15 -3.04385e-12 -3.79282e-12 -1.84233e-15 1.16292e-12 -2.54502e-16 -1.4385e-15 2.74689e-12
852 1.75 600 0 3.07628e-12 9.718e-16 2.29657e-12 9.72257e-16 1.19768e-15 -2.79365e-12 -3.41243e-12 -1.64642e-15 1.07094e-12 -1.99925e-16 -1.28301e-15 2.4714e-12
852 1.76 600 0 2.82624e-12 8.88115e-16 2.07302e-12 8.66295e-16 1.07138e-15 -2.56557e-12 -3.07271e-12 -1.47845e-15 9.86504e-13 -1.51853e-16 -1.1495e-15 2.22524e-12
852 1.77 600 0 2.59786e-12 8.1241e-16 1.87288e-12 7.76108e-16 9.57753e-16 -2.35746e-12 -2.76897e-12 -1.33631e-15 9.08969e-13 -1.08702e-16 -1.03636e-15 2.00507e-12
852 1.78 600 0 2.3891e-12 7.43283e-16 1.69351e-12 7.02e-16 8.54546e-16 -2.16742e-12 -2.49713e-12 -1.22044e-15 8.37748e-13 -6.93004e-17 -9.44185e-16 1.80797e-12
852 1.79 600 0 2.19814e-12 6.47574e-16 1.53272e-12 7.19235e-16 7.27203e-16 -1.99368e-12 -2.2539e-12 -1.24827e-15 7.72376e-13 -2.96428e-17 -9.80201e-16 1.63158e-12
852 1.8 600 0 2.02335e-12 5.75513e-16 1.38824e-12 6.81116e-16 6.34923e-16 -1.83482e-12 -2.03567e-12 -1.18671e-15 7.12238e-13 -8.13247e-18 -9.37536e-16 1.47328e-12
852 1.81 600 0 1.86327e-12 5.14902e-16 1.25832e-12 6.3008e-16 5.59672e-16 -1.68942e-12 -1.83976e-12 -1.10253e-15 6.56927e-13 5.77741e-18 -8.74144e-16 1.33115e-12
852 1.82 600 0 1.71655e-12 4.62817e-16 1.1414e-12 5.75005e-16 4.96783e-16 -1.55627e-12 -1.66376e-12 -1.01014e-15 6.06045e-13 1.48584e-17 -8.02669e-16 1.20344e-12
852 1.83 600 0 1.58202e-12 4.16601e-16 1.03607e-12 5.22518e-16 4.42348e-16 -1.43424e-12 -1.50553e-12 -9.21256e-16 5.59228e-13 2.08455e-17 -7.33355e-16 1.08862e-12
852 1.84 600 0 1.45859e-12 3.75607e-16 9.41106e-13 4.73179e-16 3.95139e-16 -1.32234e-12 -1.36317e-12 -8.36993e-16 5.16138e-13 2.45138e-17 -6.67223e-16 9.85312e-13
852 1.85 600 0 1.34528e-12 3.39233e-16 8.55414e-13 4.27416e-16 3.54098e-16 -1.21965e-12 -1.23498e-12 -7.58268e-16 4.7647e-13 2.64683e-17 -6.0514e-16 8.92288e-13
852 1.86 600 0 1.24121e-12 3.06952e-16 7.78025e-13 3.85258e-16 3.18379e-16 -1.12538e-12 -1.11947e-12 -6.85267e-16 4.3994e-13 2.71097e-17 -5.47352e-16 8.08469e-13
852 1.87 600 0 1.14558e-12 2.78302e-16 7.08078e-13 3.46798e-16 2.87261e-16 -1.03878e-12 -1.01531e-12 -6.18316e-16 4.06292e-13 2.67591e-17 -4.94221e-16 7.32896e-13
852 1.88 600 0 1.05767e-12 2.52951e-16 6.44807e-13 3.11643e-16 2.60188e-16 -9.59195e-13 -9.21326e-13 -5.56796e-16 3.75291e-13 2.57153e-17 -4.45316e-16 6.64712e-13
852 1.89 600 0 9.76815e-13 2.30537e-16 5.87532e-13 2.79686e-16 2.36566e-16 -8.86009e-13 -8.36464e-13 -5.0062e-16 3.46721e-13 2.42901e-17 -4.00649e-16 6.03157e-13
852 1.9 600 0 9.02417e-13 2.1004e-16 5.35648e-13 2.50911e-16 2.15114e-16 -8.1868e-13 -7.59791e-13 -4.49488e-16 3.20385e-13 2.28461e-17 -3.601e-16 5.47554e-13
852 1.91 600 0 8.33932e-13 1.91334e-16 4.88615e-13 2.25267e-16 1.95591e-16 -7.56709e-13 -6.90474e-13 -4.03729e-16 2.96103e-13 2.14757e-17 -3.23784e-16 4.97299e-13
852 1.92 600 0 7.70864e-13 1.74399e-16 4.45948e-13 2.02352e-16 1.7796e-16 -6.99645e-13 -6.27771e-13 -3.62769e-16 2.7371e-13 2.01646e-17 -2.91224e-16 4.5185e-13
852 1.93 600 0 7.12763e-13 1.59051e-16 4.07218e-13 1.81842e-16 1.62028e-16 -6.47077e-13 -5.71017e-13 -3.26045e-16 2.53054e-13 1.8905e-17 -2.61983e-16 4.10727e-13
852 1.94 600 0 6.59217e-13 1.45128e-16 3.72038e-13 1.63459e-16 1.4762e-16 -5.9863e-13 -5.19618e-13 -2.93065e-16 2.33997e-13 1.76921e-17 -2.35683e-16 3.73498e-13
852 1.95 600 0 6.09852e-13 1.32489e-16 3.40062e-13 1.46958e-16 1.34581e-16 -5.53963e-13 -4.73046e-13 -2.63402e-16 2.16411e-13 1.65223e-17 -2.11989e-16 3.39778e-13
852 1.96 600 0 5.64324e-13 1.21002e-16 3.10983e-13 1.3212e-16 1.22774e-16 -5.12767e-13 -4.30823e-13 -2.36673e-16 2.00178e-13 1.5392e-17 -1.90604e-16 3.09219e-13
852 1.97 600 0 5.22322e-13 1.10555e-16 2.8452e-13 1.18753e-16 1.12075e-16 -4.74757e-13 -3.92525e-13 -2.12533e-16 1.85193e-13 1.42962e-17 -1.71258e-16 2.81514e-13
852 1.98 600 0 4.8356e-13 1.0104e-16 2.60426e-13 1.06671e-16 1.02376e-16 -4.39675e-13 -3.5777e-13 -1.90649e-16 1.71356e-13 1.32257e-17 -1.53687e-16 2.56383e-13
852 1.99 600 0 4.47777e-13 9.23613e-17 2.38477e-13 9.56748e-17 9.35854e-17 -4.07283e-13 -3.26214e-13 -1.70643e-16 1.58576e-13 1.21561e-17 -1.37588e-16 2.33578e-13
852 2 600 0 4.14733e-13 8.44006e-17 2.18469e-13 8.49803e-17 8.57574e-17 -3.77366e-13 -2.9755e-13 -1.50838e-16 1.46771e-13 1.07909e-17 -1.21539e-16 2.12873e-13
