852 0 370 0 -1.4382e-08 -1.85012e-08 3.73771e-08 2.0744e-08 0 0 0 0 0 0 4.50074e-08 1.74809e-08
852 0.01 370 0 -1.43925e-08 -1.84979e-08 3.7383e-08 2.07305e-08 3.50164e-10 1.09296e-10 -1.5953e-10 -1.57925e-10 -4.09222e-10 -3.52055e-10 4.5013e-08 1.74636e-08
852 0.02 370 0 -1.44241e-08 -1.84866e-08 3.74007e-08 2.06898e-08 7.0018e-10 2.17661e-10 -3.19594e-10 -3.15777e-10 -8.19056e-10 -7.03156e-10 4.50297e-08 1.74118e-08
852 0.03 370 0 -1.44765e-08 -1.84696e-08 3.74301e-08 2.06224e-08 1.04989e-09 3.24128e-10 -4.8072e-10 -4.73528e-10 -1.23011e-09 -1.05234e-09 4.50573e-08 1.73252e-08
852 0.04 370 0 -1.45498e-08 -1.84457e-08 3.7471e-08 2.05279e-08 1.39913e-09 4.27759e-10 -6.43445e-10 -6.31107e-10 -1.64297e-09 -1.39863e-09 4.50956e-08 1.72039e-08
852 0.05 370 0 -1.46441e-08 -1.84143e-08 3.75234e-08 2.04062e-08 1.74772e-09 5.27619e-10 -8.08307e-10 -7.88444e-10 -2.05824e-09 -1.74107e-09 4.51443e-08 1.70476e-08
852 0.06 370 0 -1.47591e-08 -1.83753e-08 3.75868e-08 2.02571e-08 2.09548e-09 6.22775e-10 -9.75846e-10 -9.45453e-10 -2.47648e-09 -2.07865e-09 4.5203e-08 1.68561e-08
852 0.07 370 0 -1.48948e-08 -1.83281e-08 3.76611e-08 2.00805e-08 2.44217e-09 7.12299e-10 -1.14661e-09 -1.10204e-09 -2.89825e-09 -2.41039e-09 4.52712e-08 1.66291e-08
852 0.08 370 0 -1.50511e-08 -1.82723e-08 3.77458e-08 1.98762e-08 2.78756e-09 7.95283e-10 -1.32114e-09 -1.25808e-09 -3.32406e-09 -2.73526e-09 4.53482e-08 1.63664e-08
852 0.09 370 0 -1.52279e-08 -1.82071e-08 3.78405e-08 1.96438e-08 3.13137e-09 8.70821e-10 -1.5e-09 -1.41345e-09 -3.75441e-09 -3.05223e-09 4.54335e-08 1.60674e-08
852 0.1 370 0 -1.5425e-08 -1.81307e-08 3.79448e-08 1.93829e-08 3.47332e-09 9.3809e-10 -1.68377e-09 -1.56788e-09 -4.18977e-09 -3.36025e-09 4.55262e-08 1.5732e-08
852 0.11 370 0 -1.56421e-08 -1.80448e-08 3.80581e-08 1.90937e-08 3.81301e-09 9.96077e-10 -1.87299e-09 -1.72138e-09 -4.63054e-09 -3.65819e-09 4.56254e-08 1.53596e-08
852 0.12 370 0 -1.58793e-08 -1.79474e-08 3.81792e-08 1.87754e-08 4.14999e-09 1.04401e-09 -2.0682e-09 -1.87362e-09 -5.07712e-09 -3.94495e-09 4.57305e-08 1.49501e-08
852 0.13 370 0 -1.61359e-08 -1.78362e-08 3.83086e-08 1.84277e-08 4.48401e-09 1.08112e-09 -2.27008e-09 -2.02424e-09 -5.52984e-09 -4.21947e-09 4.58395e-08 1.45024e-08
852 0.14 370 0 -1.64114e-08 -1.77127e-08 3.84449e-08 1.80508e-08 4.81449e-09 1.10644e-09 -2.47913e-09 -2.17318e-09 -5.98893e-09 -4.48052e-09 4.59515e-08 1.40163e-08
852 0.15 370 0 -1.67057e-08 -1.75746e-08 3.85874e-08 1.76438e-08 5.14087e-09 1.11927e-09 -2.69597e-09 -2.31997e-09 -6.45463e-09 -4.72691e-09 4.60652e-08 1.34912e-08
852 0.16 370 0 -1.70185e-08 -1.74195e-08 3.8735e-08 1.72061e-08 5.46259e-09 1.11901e-09 -2.92121e-09 -2.46407e-09 -6.92708e-09 -4.95746e-09 4.61791e-08 1.29267e-08
852 0.17 370 0 -1.73491e-08 -1.72486e-08 3.88864e-08 1.67376e-08 5.77879e-09 1.10473e-09 -3.15535e-09 -2.60536e-09 -7.40635e-09 -5.1708e-09 4.62921e-08 1.23223e-08
852 0.18 370 0 -1.76966e-08 -1.70596e-08 3.90415e-08 1.6238e-08 6.08909e-09 1.07583e-09 -3.39909e-09 -2.74318e-09 -7.8924e-09 -5.36579e-09 4.64013e-08 1.16772e-08
852 0.19 370 0 -1.80605e-08 -1.68496e-08 3.91987e-08 1.57064e-08 6.39257e-09 1.03191e-09 -3.65302e-09 -2.87678e-09 -8.38516e-09 -5.54111e-09 4.65054e-08 1.09912e-08
852 0.2 370 0 -1.84398e-08 -1.66197e-08 3.93566e-08 1.51429e-08 6.68833e-09 9.72119e-10 -3.91763e-09 -3.00589e-09 -8.88438e-09 -5.69536e-09 4.66021e-08 1.02635e-08
852 0.21 370 0 -1.88357e-08 -1.63673e-08 3.95131e-08 1.45458e-08 6.97518e-09 8.95967e-10 -4.19351e-09 -3.12956e-09 -9.39012e-09 -5.82716e-09 4.66906e-08 9.49423e-09
852 0.22 370 0 -1.92432e-08 -1.60908e-08 3.96685e-08 1.39167e-08 7.25273e-09 8.03331e-10 -4.48127e-09 -3.2472e-09 -9.90132e-09 -5.93524e-09 4.6766e-08 8.68218e-09
852 0.23 370 0 -1.96631e-08 -1.57874e-08 3.98205e-08 1.32536e-08 7.51967e-09 6.9394e-10 -4.78144e-09 -3.35758e-09 -1.04178e-08 -6.01821e-09 4.68269e-08 7.82752e-09
852 0.24 370 0 -2.00941e-08 -1.54568e-08 3.9967e-08 1.25565e-08 7.77467e-09 5.67357e-10 -5.09442e-09 -3.46007e-09 -1.09388e-08 -6.07458e-09 4.68714e-08 6.93031e-09
852 0.25 370 0 -2.05343e-08 -1.50985e-08 4.0107e-08 1.18257e-08 8.0169e-09 4.23264e-10 -5.42074e-09 -3.55378e-09 -1.14636e-08 -6.10305e-09 4.6895e-08 5.98963e-09
852 0.26 370 0 -2.09825e-08 -1.47085e-08 4.02379e-08 1.10596e-08 8.24479e-09 2.6202e-10 -5.76079e-09 -3.63715e-09 -1.19912e-08 -6.10216e-09 4.68962e-08 5.00628e-09
852 0.27 370 0 -2.14363e-08 -1.42876e-08 4.03585e-08 1.02593e-08 8.45744e-09 8.32498e-11 -6.11493e-09 -3.70943e-09 -1.25206e-08 -6.07064e-09 4.68701e-08 3.9797e-09
852 0.28 370 0 -2.18939e-08 -1.38316e-08 4.04666e-08 9.42333e-09 8.65334e-09 -1.12367e-10 -6.48357e-09 -3.76873e-09 -1.30504e-08 -6.00711e-09 4.68142e-08 2.91051e-09
852 0.29 370 0 -2.23534e-08 -1.33403e-08 4.0559e-08 8.55177e-09 8.8308e-09 -3.24655e-10 -6.86673e-09 -3.81389e-09 -1.35794e-08 -5.91017e-09 4.67253e-08 1.79931e-09
852 0.3 370 0 -2.28117e-08 -1.28122e-08 4.06347e-08 7.64493e-09 8.98898e-09 -5.53212e-10 -7.26469e-09 -3.84333e-09 -1.41058e-08 -5.77874e-09 4.65985e-08 6.46424e-10
852 0.31 370 0 -2.32667e-08 -1.22469e-08 4.06898e-08 6.70287e-09 9.12575e-09 -7.97559e-10 -7.67723e-09 -3.85575e-09 -1.46278e-08 -5.61138e-09 4.64307e-08 -5.46997e-10
852 0.32 370 0 -2.37149e-08 -1.16408e-08 4.07232e-08 5.72506e-09 9.24047e-09 -1.05648e-09 -8.10456e-09 -3.84869e-09 -1.51437e-08 -5.4073e-09 4.62169e-08 -1.77988e-09
852 0.33 370 0 -2.41536e-08 -1.09936e-08 4.07308e-08 4.71179e-09 9.33093e-09 -1.32909e-09 -8.54619e-09 -3.82058e-09 -1.56511e-08 -5.16521e-09 4.59538e-08 -3.05065e-09
852 0.34 370 0 -2.4579e-08 -1.03045e-08 4.07109e-08 3.66376e-09 9.39642e-09 -1.61436e-09 -9.00185e-09 -3.76942e-09 -1.61477e-08 -4.88448e-09 4.56356e-08 -4.3577e-09
852 0.35 370 0 -2.49878e-08 -9.57252e-09 4.06592e-08 2.58104e-09 9.43484e-09 -1.91079e-09 -9.47077e-09 -3.69311e-09 -1.66311e-08 -4.56415e-09 4.52591e-08 -5.69862e-09
852 0.36 370 0 -2.53758e-08 -8.79696e-09 4.05731e-08 1.46447e-09 9.44523e-09 -2.21693e-09 -9.95221e-09 -3.58952e-09 -1.70985e-08 -4.20374e-09 4.48188e-08 -7.0709e-09
852 0.37 370 0 -2.57387e-08 -7.97753e-09 4.04499e-08 3.15034e-10 9.42674e-09 -2.53107e-09 -1.04452e-08 -3.45632e-09 -1.7547e-08 -3.80299e-09 4.43093e-08 -8.47174e-09
852 0.38 370 0 -2.60726e-08 -7.11381e-09 4.02849e-08 -8.66616e-10 9.37737e-09 -2.85108e-09 -1.09483e-08 -3.29117e-09 -1.79734e-08 -3.36147e-09 4.37268e-08 -9.89751e-09
852 0.39 370 0 -2.63745e-08 -6.20657e-09 4.00745e-08 -2.0794e-09 9.296e-09 -3.17533e-09 -1.14602e-08 -3.09176e-09 -1.8375e-08 -2.87913e-09 4.30664e-08 -1.13447e-08
852 0.4 370 0 -2.66355e-08 -5.2556e-09 3.98167e-08 -3.32086e-09 9.18324e-09 -3.50075e-09 -1.19787e-08 -2.85556e-09 -1.87475e-08 -2.35692e-09 4.23215e-08 -1.28081e-08
852 0.41 370 0 -2.68529e-08 -4.26203e-09 3.95059e-08 -4.58999e-09 9.03705e-09 -3.82488e-09 -1.25017e-08 -2.58009e-09 -1.90876e-08 -1.79504e-09 4.14889e-08 -1.42831e-08
852 0.42 370 0 -2.70211e-08 -3.22752e-09 3.91386e-08 -5.8845e-09 8.85738e-09 -4.14526e-09 -1.30266e-08 -2.26305e-09 -1.93916e-08 -1.19456e-09 4.05632e-08 -1.57637e-08
852 0.43 370 0 -2.71368e-08 -2.15256e-09 3.87035e-08 -7.20393e-09 8.63967e-09 -4.45905e-09 -1.35496e-08 -1.90063e-09 -1.96537e-08 -5.55052e-10 3.95352e-08 -1.72463e-08
852 0.44 370 0 -2.71939e-08 -1.03868e-09 3.81996e-08 -8.5439e-09 8.38585e-09 -4.76258e-09 -1.40677e-08 -1.4912e-09 -1.98708e-08 1.21133e-10 3.84021e-08 -1.87219e-08
852 0.45 370 0 -2.71841e-08 1.07286e-10 3.76314e-08 -9.89774e-09 8.10147e-09 -5.05308e-09 -1.45779e-08 -1.03506e-09 -2.00412e-08 8.29531e-10 3.71645e-08 -2.01803e-08
852 0.46 370 0 -2.7103e-08 1.28351e-09 3.699e-08 -1.1264e-08 7.78429e-09 -5.32688e-09 -1.50755e-08 -5.29029e-10 -2.01598e-08 1.5687e-09 3.58174e-08 -2.16142e-08
852 0.47 370 0 -2.69448e-08 2.48669e-09 3.62708e-08 -1.26393e-08 7.4354e-09 -5.58057e-09 -1.5556e-08 2.91435e-11 -2.02224e-08 2.3359e-09 3.43563e-08 -2.3015e-08
852 0.48 370 0 -2.67042e-08 3.70989e-09 3.54699e-08 -1.40173e-08 7.05644e-09 -5.81122e-09 -1.60139e-08 6.396e-10 -2.02252e-08 3.12721e-09 3.27787e-08 -2.43725e-08
852 0.49 370 0 -2.63758e-08 4.94843e-09 3.45824e-08 -1.53936e-08 6.64884e-09 -6.01533e-09 -1.64438e-08 1.30375e-09 -2.01642e-08 3.93895e-09 3.10819e-08 -2.56761e-08
852 0.5 370 0 -2.59543e-08 6.19686e-09 3.3604e-08 -1.67631e-08 6.21502e-09 -6.18923e-09 -1.68395e-08 2.02274e-09 -2.00356e-08 4.76674e-09 2.92642e-08 -2.69147e-08
852 0.51 370 0 -2.5437e-08 7.44731e-09 3.25292e-08 -1.8119e-08 5.75598e-09 -6.33015e-09 -1.71944e-08 2.79584e-09 -1.98363e-08 5.606e-09 2.73256e-08 -2.80765e-08
852 0.52 370 0 -2.48158e-08 8.69056e-09 3.13564e-08 -1.94521e-08 5.27739e-09 -6.43514e-09 -1.75011e-08 3.62127e-09 -1.9562e-08 6.44994e-09 2.52643e-08 -2.91474e-08
852 0.53 370 0 -2.40875e-08 9.91896e-09 3.00817e-08 -2.07567e-08 4.78265e-09 -6.50126e-09 -1.77526e-08 4.49874e-09 -1.92107e-08 7.29282e-09 2.30833e-08 -3.01144e-08
852 0.54 370 0 -2.32502e-08 1.11226e-08 2.86997e-08 -2.20222e-08 4.27369e-09 -6.52607e-09 -1.79407e-08 5.42466e-09 -1.87788e-08 8.12835e-09 2.07833e-08 -3.09633e-08
852 0.55 370 0 -2.22996e-08 1.22915e-08 2.72089e-08 -2.3241e-08 3.7568e-09 -6.5075e-09 -1.80576e-08 6.39673e-09 -1.82651e-08 8.94897e-09 1.83692e-08 -3.16793e-08
852 0.56 370 0 -2.12346e-08 1.34148e-08 2.56044e-08 -2.44013e-08 3.23453e-09 -6.44341e-09 -1.80943e-08 7.40998e-09 -1.7667e-08 9.74737e-09 1.58452e-08 -3.22468e-08
852 0.57 370 0 -2.00534e-08 1.44795e-08 2.38867e-08 -2.54918e-08 2.71427e-09 -6.33354e-09 -1.8043e-08 8.45821e-09 -1.69839e-08 1.05146e-08 1.32179e-08 -3.265e-08
852 0.58 370 0 -1.87563e-08 1.54741e-08 2.20516e-08 -2.64998e-08 2.199e-09 -6.17618e-09 -1.78942e-08 9.53479e-09 -1.62145e-08 1.12424e-08 1.04951e-08 -3.28727e-08
852 0.59 370 0 -1.73435e-08 1.63842e-08 2.01009e-08 -2.74117e-08 1.69653e-09 -5.97239e-09 -1.76402e-08 1.06306e-08 -1.53596e-08 1.1921e-08 7.68697e-09 -3.28981e-08
852 0.6 370 0 -1.58189e-08 1.71975e-08 1.80317e-08 -2.82128e-08 1.20909e-09 -5.72157e-09 -1.72722e-08 1.17362e-08 -1.44195e-08 1.25414e-08 4.80519e-09 -3.27101e-08
852 0.61 370 0 -1.41822e-08 1.78971e-08 1.58484e-08 -2.88875e-08 7.46641e-10 -5.42614e-09 -1.67824e-08 1.28389e-08 -1.3396e-08 1.30917e-08 1.86438e-09 -3.22908e-08
852 0.62 370 0 -1.24393e-08 1.84694e-08 1.3552e-08 -2.94181e-08 3.13382e-10 -5.08755e-09 -1.61637e-08 1.39257e-08 -1.22911e-08 1.35621e-08 -1.12076e-09 -3.16237e-08
852 0.63 370 0 -1.05972e-08 1.88978e-08 1.11465e-08 -2.97857e-08 -8.60185e-11 -4.70863e-09 -1.54096e-08 1.498e-08 -1.11086e-08 1.39408e-08 -4.13011e-09 -3.06925e-08
852 0.64 370 0 -8.66249e-09 1.91663e-08 8.63826e-09 -2.99716e-08 -4.44484e-10 -4.29336e-09 -1.45146e-08 1.5985e-08 -9.85321e-09 1.4216e-08 -7.14287e-09 -2.94812e-08
852 0.65 370 0 -6.64585e-09 1.9258e-08 6.03475e-09 -2.99526e-08 -7.58473e-10 -3.84558e-09 -1.34756e-08 1.69192e-08 -8.53e-09 1.43753e-08 -1.01353e-08 -2.7974e-08
852 0.66 370 0 -4.55744e-09 1.91561e-08 3.34652e-09 -2.97071e-08 -1.02198e-09 -3.37077e-09 -1.22902e-08 1.77615e-08 -7.14601e-09 1.4406e-08 -1.30804e-08 -2.61565e-08
852 0.67 370 0 -2.41127e-09 1.88427e-08 5.8656e-10 -2.92105e-08 -1.2315e-09 -2.8748e-09 -1.09588e-08 1.84868e-08 -5.70973e-09 1.42943e-08 -1.59473e-08 -2.40153e-08
852 0.68 370 0 -2.24741e-10 1.83003e-08 -2.228e-09 -2.84356e-08 -1.38404e-09 -2.36409e-09 -9.48549e-09 1.90671e-08 -4.23098e-09 1.40266e-08 -1.87034e-08 -2.15386e-08
852 0.69 370 0 1.9856e-09 1.75078e-08 -5.07547e-09 -2.73558e-08 -1.47472e-09 -1.84802e-09 -7.87661e-09 1.94717e-08 -2.72227e-09 1.35864e-08 -2.131e-08 -1.87153e-08
852 0.7 370 0 4.19712e-09 1.64467e-08 -7.93249e-09 -2.59421e-08 -1.50361e-09 -1.3352e-09 -6.14213e-09 1.96686e-08 -1.19778e-09 1.29586e-08 -2.37257e-08 -1.5538e-08
852 0.71 370 0 6.38369e-09 1.51016e-08 -1.07653e-08 -2.4165e-08 -1.46868e-09 -8.30165e-10 -4.3008e-09 1.9623e-08 3.25166e-10 1.21283e-08 -2.59043e-08 -1.20048e-08
852 0.72 370 0 8.51688e-09 1.34526e-08 -1.35364e-08 -2.19928e-08 -1.3703e-09 -3.43547e-10 -2.37442e-09 1.92975e-08 1.82712e-09 1.10785e-08 -2.77957e-08 -8.11349e-09
852 0.73 370 0 1.05627e-08 1.14824e-08 -1.61986e-08 -1.93945e-08 -1.20917e-09 1.16724e-10 -3.94121e-10 1.86527e-08 3.28404e-09 9.79238e-09 -2.93438e-08 -3.86891e-09
852 0.74 370 0 1.24813e-08 9.17486e-09 -1.86963e-08 -1.63386e-08 -9.88693e-10 5.43018e-10 1.60062e-09 1.76483e-08 4.66801e-09 8.25303e-09 -3.0488e-08 7.18909e-10
852 0.75 370 0 1.4229e-08 6.51128e-09 -2.09604e-08 -1.27967e-08 -7.1075e-10 9.23411e-10 3.55884e-09 1.62423e-08 5.94463e-09 6.44205e-09 -3.11599e-08 5.63316e-09
852 0.76 370 0 1.57519e-08 3.47818e-09 -2.29093e-08 -8.74196e-09 -3.80739e-10 1.25041e-09 5.41615e-09 1.4394e-08 7.07372e-09 4.34294e-09 -3.12875e-08 1.08472e-08
852 0.77 370 0 1.69878e-08 6.30364e-11 -2.44458e-08 -4.15383e-09 -4.46575e-12 1.51446e-09 7.0935e-09 1.20655e-08 8.0065e-09 1.93946e-09 -3.07925e-08 1.63232e-08
852 0.78 370 0 1.78647e-08 -3.74008e-09 -2.54524e-08 9.79389e-10 4.10522e-10 1.70882e-09 8.49133e-09 9.22468e-09 8.68508e-09 -7.81053e-10 -2.95902e-08 2.20092e-08
852 0.79 370 0 1.82985e-08 -7.9326e-09 -2.57911e-08 6.65506e-09 8.55046e-10 1.82455e-09 9.48985e-09 5.84901e-09 9.03956e-09 -3.82785e-09 -2.75918e-08 2.78356e-08
852 0.8 370 0 1.81906e-08 -1.25027e-08 -2.52987e-08 1.28506e-08 1.31948e-09 1.85859e-09 9.94289e-09 1.93245e-09 8.98672e-09 -7.2016e-09 -2.47052e-08 3.37109e-08
852 0.81 370 0 1.74262e-08 -1.74313e-08 -2.37845e-08 1.95128e-08 1.79437e-09 1.80041e-09 9.6755e-09 -2.50894e-09 8.42584e-09 -1.08956e-08 -2.0839e-08 3.95172e-08
852 0.82 370 0 1.58744e-08 -2.26732e-08 -2.10322e-08 2.65469e-08 2.26582e-09 1.64683e-09 8.4843e-09 -7.42187e-09 7.23951e-09 -1.4883e-08 -1.5905e-08 4.51041e-08
852 0.83 370 0 1.33833e-08 -2.81597e-08 -1.67982e-08 3.38012e-08 2.72202e-09 1.39365e-09 6.13419e-09 -1.27039e-08 5.28957e-09 -1.91171e-08 -9.82979e-09 5.02832e-08
852 0.84 370 0 9.78431e-09 -3.37821e-08 -1.08197e-08 4.10458e-08 3.1498e-09 1.03903e-09 2.36354e-09 -1.81823e-08 2.4173e-09 -2.35159e-08 -2.56052e-09 5.48233e-08
852 0.85 370 0 4.89303e-09 -3.93827e-08 -2.82816e-09 4.795e-08 3.53375e-09 5.81706e-10 -3.10402e-09 -2.35916e-08 -1.55486e-09 -2.79528e-08 5.91674e-09 5.84452e-08
852 0.86 370 0 -1.49553e-09 -4.47765e-08 7.38187e-09 5.39696e-08 3.81805e-09 3.27201e-11 -1.05082e-08 -2.84698e-08 -6.81641e-09 -3.22601e-08 1.55482e-08 6.08479e-08
852 0.87 370 0 -9.543e-09 -4.9578e-08 2.00308e-08 5.85409e-08 4.05692e-09 -6.24265e-10 -2.01035e-08 -3.23023e-08 -1.35551e-08 -3.61272e-08 2.62296e-08 6.16427e-08
852 0.88 370 0 -1.94167e-08 -5.34067e-08 3.51831e-08 6.09093e-08 4.23141e-09 -1.38568e-09 -3.20075e-08 -3.44212e-08 -2.19552e-08 -3.92103e-08 3.77211e-08 6.04319e-08
852 0.89 370 0 -3.12317e-08 -5.57562e-08 5.26966e-08 6.01079e-08 4.33128e-09 -2.25689e-09 -4.61662e-08 -3.39361e-08 -3.21677e-08 -4.10404e-08 4.96444e-08 5.68196e-08
852 0.9 370 0 -4.50493e-08 -5.60078e-08 7.21124e-08 5.4992e-08 4.27149e-09 -3.27982e-09 -6.225e-08 -2.97645e-08 -4.42886e-08 -4.10059e-08 6.14585e-08 5.04651e-08
852 0.91 370 0 -6.07748e-08 -5.33392e-08 9.25259e-08 4.42954e-08 4.01631e-09 -4.46265e-09 -7.95055e-08 -2.06556e-08 -5.82723e-08 -3.83118e-08 7.24328e-08 4.11534e-08
852 0.92 370 0 -7.81555e-08 -4.6777e-08 1.12442e-07 2.68377e-08 3.52916e-09 -5.82515e-09 -9.65984e-08 -5.40527e-09 -7.39304e-08 -3.19944e-08 8.16839e-08 2.88759e-08
852 0.93 370 0 -9.67592e-08 -3.51356e-08 1.29669e-07 1.71149e-09 2.71724e-09 -7.41317e-09 -1.115e-07 1.69701e-08 -9.08909e-08 -2.08449e-08 8.82378e-08 1.39165e-08
852 0.94 370 0 -1.15942e-07 -1.68262e-08 1.41254e-07 -3.1398e-08 1.41548e-09 -9.29566e-09 -1.21396e-07 4.69142e-08 -1.08553e-07 -3.22496e-09 9.11328e-08 -3.08547e-09
852 0.95 370 0 -1.34718e-07 1.06657e-08 1.43485e-07 -7.17749e-08 -7.0999e-10 -1.15704e-08 -1.22662e-07 8.38765e-08 -1.25939e-07 2.3456e-08 8.95561e-08 -2.11232e-08
852 0.96 370 0 -1.51029e-07 5.22997e-08 1.32026e-07 -1.16925e-07 -4.39422e-09 -1.4322e-08 -1.10994e-07 1.25514e-07 -1.40923e-07 6.42401e-08 8.29655e-08 -3.8868e-08
852 0.97 370 0 -1.57473e-07 1.19717e-07 1.02907e-07 -1.60923e-07 -1.15358e-08 -1.72408e-08 -8.24652e-08 1.65958e-07 -1.45896e-07 1.30815e-07 7.11379e-08 -5.47407e-08
852 0.98 370 0 -1.12968e-07 2.36942e-07 6.09231e-08 -1.924e-07 -2.72208e-08 -1.61408e-08 -4.2374e-08 1.93781e-07 -9.92189e-08 2.46923e-07 5.40997e-08 -6.67664e-08
852 0.99 370 0 1.44982e-07 2.80966e-07 4.0399e-08 -2.58305e-07 -4.2713e-08 1.58604e-08 -2.65807e-08 2.58502e-07 1.61428e-07 2.8723e-07 3.33136e-08 -7.18699e-08
852 1 370 0 1.45999e-07 5.35929e-10 -6.40032e-06 -2.38705e-07 -1.02263e-10 3.37358e-08 6.41969e-06 2.38728e-07 1.65502e-07 5.64981e-10 8.05059e-11 -8.53797e-08
852 1.01 370 0 6.67877e-08 1.66548e-10 -1.36934e-07 1.40604e-10 -9.93487e-12 1.33604e-08 1.49427e-07 -1.43437e-10 7.83226e-08 1.71398e-10 -1.376e-11 -4.69151e-08
852 1.02 370 0 4.27142e-08 9.01184e-11 -8.78317e-08 9.35638e-11 -2.956e-12 9.7914e-09 9.92047e-08 -9.61794e-11 5.2758e-08 9.30652e-11 -1.36913e-11 -3.85775e-08
852 1.03 370 0 3.02447e-08 5.8556e-11 -6.55955e-08 7.03571e-11 -5.62794e-13 8.06279e-09 7.61492e-08 -7.29869e-11 3.93577e-08 6.05002e-11 -1.33259e-11 -3.33648e-08
852 1.04 370 0 2.25806e-08 4.19899e-11 -5.26368e-08 5.63317e-11 6.3894e-13 7.06258e-09 6.25401e-08 -5.90456e-11 3.10386e-08 4.32284e-11 -1.2908e-11 -2.96765e-08
852 1.05 370 0 1.73983e-08 3.21345e-11 -4.41205e-08 4.698e-11 1.3454e-12 6.4326e-09 5.34896e-08 -4.97906e-11 2.53692e-08 3.28415e-11 -1.25176e-11 -2.68997e-08
852 1.06 370 0 1.36664e-08 2.57498e-11 -3.81088e-08 4.04315e-11 2.02557e-12 6.01881e-09 4.70304e-08 -4.33757e-11 2.12644e-08 2.5888e-11 -1.22469e-11 -2.47284e-08
852 1.07 370 0 1.08531e-08 2.1455e-11 -3.36597e-08 3.54697e-11 2.35042e-12 5.74464e-09 4.22022e-08 -3.84985e-11 1.81625e-08 2.12487e-11 -1.19288e-11 -2.29875e-08
852 1.08 370 0 8.6556e-09 1.8405e-11 -3.02556e-08 3.17085e-11 2.62181e-12 5.56658e-09 3.84749e-08 -3.48251e-11 1.57415e-08 1.78902e-11 -1.16828e-11 -2.15674e-08
852 1.09 370 0 6.8886e-09 1.62008e-11 -2.75883e-08 2.89138e-11 3.02955e-12 5.45887e-09 3.55313e-08 -3.21564e-11 1.38037e-08 1.52786e-11 -1.15829e-11 -2.03961e-08
852 1.1 370 0 5.43211e-09 1.45553e-11 -2.54628e-08 2.66116e-11 3.24056e-12 5.40616e-09 3.31702e-08 -2.99452e-11 1.22212e-08 1.33758e-11 -1.14497e-11 -1.94238e-08
852 1.11 370 0 4.20493e-09 1.33181e-11 -2.37497e-08 2.48054e-11 3.45582e-12 5.39818e-09 3.12573e-08 -2.82415e-11 1.09071e-08 1.18838e-11 -1.13853e-11 -1.86155e-08
852 1.12 370 0 3.15e-09 1.2438e-11 -2.236e-08 2.3558e-11 3.84543e-12 5.42827e-09 2.97005e-08 -2.71512e-11 9.80041e-09 1.0617e-11 -1.15018e-11 -1.79457e-08
852 1.13 370 0 2.22543e-09 1.17541e-11 -2.12321e-08 2.24853e-11 4.08905e-12 5.49328e-09 2.84359e-08 -2.62115e-11 8.85757e-09 9.66477e-12 -1.15851e-11 -1.73964e-08
852 1.14 370 0 1.39985e-09 1.12689e-11 -2.03214e-08 2.17184e-11 4.37317e-12 5.59109e-09 2.74175e-08 -2.56044e-11 8.04599e-09 8.88295e-12 -1.17628e-11 -1.69546e-08
852 1.15 370 0 6.48765e-10 1.10186e-11 -1.95964e-08 2.13522e-11 4.83933e-12 5.72127e-09 2.6613e-08 -2.54644e-11 7.34119e-09 8.19117e-12 -1.21331e-11 -1.66113e-08
852 1.16 370 0 -4.79971e-11 1.08592e-11 -1.90353e-08 2.10883e-11 5.21448e-12 5.88531e-09 2.60009e-08 -2.54221e-11 6.72447e-09 7.66649e-12 -1.25063e-11 -1.63614e-08
852 1.17 370 0 -7.07234e-10 1.09294e-11 -1.8623e-08 2.12467e-11 5.8094e-12 6.08535e-09 2.55673e-08 -2.58958e-11 6.18104e-09 7.19045e-12 -1.31342e-11 -1.62026e-08
852 1.18 370 0 -1.34433e-09 1.10709e-11 -1.83515e-08 2.15046e-11 6.33877e-12 6.32572e-09 2.53059e-08 -2.64793e-11 5.69938e-09 6.84101e-12 -1.37967e-11 -1.61358e-08
852 1.19 370 0 -1.9738e-09 1.13726e-11 -1.82182e-08 2.2041e-11 6.9784e-12 6.61222e-09 2.52171e-08 -2.74117e-11 5.27017e-09 6.56024e-12 -1.46414e-11 -1.61654e-08
852 1.2 370 0 -2.61029e-09 1.19706e-11 -1.82259e-08 2.31194e-11 7.93648e-12 6.95278e-09 2.53082e-08 -2.90403e-11 4.8858e-09 6.30533e-12 -1.58836e-11 -1.62993e-08
852 1.21 370 0 -3.27038e-09 1.26996e-11 -1.83849e-08 2.44238e-11 8.93731e-12 7.35914e-09 2.55961e-08 -3.0967e-11 4.54021e-09 6.14387e-12 -1.73006e-11 -1.6551e-08
852 1.22 370 0 -3.97303e-09 1.38469e-11 -1.87129e-08 2.64822e-11 1.03907e-11 7.84671e-09 2.61072e-08 -3.38884e-11 4.22826e-09 6.01036e-12 -1.93184e-11 -1.69398e-08
852 1.23 370 0 -4.74271e-09 1.52554e-11 -1.92394e-08 2.89996e-11 1.20375e-11 8.4381e-09 2.68844e-08 -3.74327e-11 3.94581e-09 5.96888e-12 -2.17289e-11 -1.74955e-08
852 1.24 370 0 -5.61157e-09 1.73919e-11 -2.00095e-08 3.28238e-11 1.44784e-11 9.16505e-09 2.79913e-08 -4.27313e-11 3.68932e-09 5.96204e-12 -2.52355e-11 -1.82611e-08
852 1.25 370 0 -6.62609e-09 2.01602e-11 -2.10942e-08 3.77671e-11 1.75159e-11 1.00759e-08 2.95275e-08 -4.95613e-11 3.45596e-09 6.06257e-12 -2.97276e-11 -1.93032e-08
852 1.26 370 0 -7.85578e-09 2.41819e-11 -2.26056e-08 4.4944e-11 2.18705e-11 1.1245e-08 3.16497e-08 -5.9435e-11 3.24334e-09 6.25618e-12 -3.61694e-11 -2.07255e-08
852 1.27 370 0 -9.41285e-09 3.0533e-11 -2.47306e-08 5.62211e-11 2.87381e-11 1.27943e-08 3.46172e-08 -7.49021e-11 3.04961e-09 6.55844e-12 -4.62029e-11 -2.26992e-08
852 1.28 370 0 -1.14935e-08 4.03445e-11 -2.78009e-08 7.36019e-11 3.9261e-11 1.49392e-08 3.88911e-08 -9.87501e-11 2.87353e-09 7.07629e-12 -6.16711e-11 -2.55278e-08
852 1.29 370 0 -1.44743e-08 5.81012e-11 -3.24598e-08 1.04898e-10 5.83848e-11 1.80953e-08 4.5363e-08 -1.41692e-10 2.71467e-09 7.88394e-12 -8.95106e-11 -2.97978e-08
852 1.3 370 0 -1.91908e-08 9.30464e-11 -4.01407e-08 1.66233e-10 9.60782e-11 2.31872e-08 5.60207e-08 -2.25988e-10 2.5744e-09 9.29261e-12 -1.4427e-10 -3.68153e-08
852 1.31 370 0 -2.7939e-08 1.83346e-10 -5.47898e-08 3.23841e-10 1.94136e-10 3.27577e-08 7.63338e-08 -4.42964e-10 2.45901e-09 1.19629e-11 -2.85536e-10 -5.01751e-08
852 1.32 370 0 -5.01841e-08 5.55737e-10 -9.26871e-08 9.70053e-10 6.01393e-10 5.72943e-08 1.28868e-07 -1.3347e-09 2.39869e-09 1.8653e-11 -8.67985e-10 -8.47041e-08
852 1.33 370 0 -2.29928e-07 1.09678e-08 -4.01547e-07 1.89109e-08 1.20899e-08 2.56368e-07 5.56967e-07 -2.6166e-08 2.86651e-09 5.65403e-11 -1.71537e-08 -3.66001e-07
852 1.34 370 0 9.01087e-08 1.60477e-09 1.49337e-07 2.73238e-09 1.79718e-09 -9.83712e-08 -2.06584e-07 -3.80126e-09 1.693e-09 -3.3033e-11 -2.51028e-09 1.35692e-07
852 1.35 370 0 3.77519e-08 2.6841e-10 5.95604e-08 4.5096e-10 3.04561e-10 -4.0442e-08 -8.21473e-08 -6.30659e-10 1.7593e-09 -1.16035e-11 -4.19214e-10 5.39228e-08
852 1.36 370 0 2.38493e-08 1.03546e-10 3.59219e-08 1.71625e-10 1.18694e-10 -2.5119e-08 -4.9383e-08 -2.41238e-10 1.70479e-09 -6.45137e-12 -1.61298e-10 3.23893e-08
852 1.37 370 0 1.73916e-08 5.31739e-11 2.50732e-08 8.68781e-11 6.14275e-11 -1.804e-08 -3.43474e-08 -1.22729e-10 1.63213e-09 -4.16263e-12 -8.24791e-11 2.25055e-08
852 1.38 370 0 1.36499e-08 3.19967e-11 1.88804e-08 5.15366e-11 3.71389e-11 -1.39652e-08 -2.57661e-08 -7.31644e-11 1.55651e-09 -2.88743e-12 -4.93886e-11 1.68633e-08
852 1.39 370 0 1.12014e-08 2.11631e-11 1.48971e-08 3.35918e-11 2.46117e-11 -1.13185e-08 -2.0248e-08 -4.79253e-11 1.48216e-09 -2.07989e-12 -3.24722e-11 1.32347e-08
852 1.4 370 0 9.47024e-09 1.48308e-11 1.21338e-08 2.31728e-11 1.72345e-11 -9.46211e-09 -1.64216e-08 -3.32292e-11 1.41055e-09 -1.51981e-12 -2.25786e-11 1.07182e-08
852 1.41 370 0 8.17894e-09 1.09455e-11 1.01141e-08 1.68441e-11 1.26687e-11 -8.08896e-09 -1.36266e-08 -2.42812e-11 1.34221e-09 -1.11721e-12 -1.6534e-11 8.87995e-09
852 1.42 370 0 7.17709e-09 8.37553e-12 8.58029e-09 1.26903e-11 9.6225e-12 -7.03269e-09 -1.15056e-08 -1.83951e-11 1.27729e-09 -8.10339e-13 -1.25421e-11 7.485e-09
852 1.43 370 0 6.37605e-09 6.58974e-12 7.38083e-09 9.82857e-12 7.48644e-12 -6.19542e-09 -9.84839e-09 -1.43326e-11 1.21574e-09 -5.67108e-13 -9.77488e-12 6.39523e-09
852 1.44 370 0 5.72024e-09 5.27833e-12 6.42089e-09 7.7385e-12 5.8982e-12 -5.51584e-09 -8.52356e-09 -1.1363e-11 1.15746e-09 -3.59072e-13 -7.7393e-12 5.52421e-09
852 1.45 370 0 5.17301e-09 4.32757e-12 5.63814e-09 6.24196e-12 4.73011e-12 -4.95355e-09 -7.44465e-09 -9.23716e-12 1.1023e-09 -1.84681e-13 -6.2757e-12 4.81507e-09
852 1.46 370 0 4.70913e-09 3.60554e-12 4.9899e-09 5.11493e-12 3.82425e-12 -4.48088e-09 -6.55243e-09 -7.6397e-12 1.05011e-09 -2.62427e-14 -5.1676e-12 4.22888e-09
852 1.47 370 0 4.31074e-09 3.04478e-12 4.44602e-09 4.2477e-12 3.09851e-12 -4.0782e-09 -5.80506e-09 -6.41735e-12 1.00069e-09 1.26458e-13 -4.31051e-12 3.7381e-09
852 1.48 370 0 3.96476e-09 2.60146e-12 3.9846e-09 3.56815e-12 2.49514e-12 -3.73125e-09 -5.17214e-09 -5.47097e-12 9.53905e-10 2.85616e-13 -3.63558e-12 3.32273e-09
852 1.49 370 0 3.66145e-09 2.23853e-12 3.58936e-09 3.0139e-12 1.95358e-12 -3.42938e-09 -4.63107e-09 -4.7193e-12 9.09572e-10 4.76506e-13 -3.08121e-12 2.96789e-09
852 1.5 370 0 3.39334e-09 1.95001e-12 3.24797e-09 2.58017e-12 1.4561e-12 -3.16453e-09 -4.16472e-09 -4.16267e-12 8.67523e-10 7.12301e-13 -2.64655e-12 2.6623e-09
852 1.51 370 0 3.15466e-09 1.71196e-12 2.95091e-09 2.22581e-12 9.17207e-13 -2.93046e-09 -3.75983e-09 -3.76902e-12 8.27573e-10 1.06705e-12 -2.28996e-12 2.39726e-09
852 1.52 370 0 2.94083e-09 1.51373e-12 2.69073e-09 1.93327e-12 1.66255e-13 -2.72236e-09 -3.40601e-09 -3.58902e-12 7.89436e-10 1.73803e-12 -1.99432e-12 2.16593e-09
852 1.53 370 0 2.74821e-09 1.34733e-12 2.4615e-09 1.69016e-12 -1.63213e-12 -2.53693e-09 -3.09471e-09 -4.00158e-12 7.5222e-10 3.75052e-12 -1.74785e-12 1.96291e-09
852 1.54 370 0 2.57383e-09 1.21962e-12 2.25848e-09 1.49039e-12 4.26408e-11 -2.30492e-09 -2.85108e-09 1.762e-11 7.97797e-10 -5.13162e-11 -1.53805e-12 1.78383e-09
852 1.55 370 0 2.41526e-09 1.0868e-12 2.07781e-09 1.31338e-12 3.90488e-12 -2.2124e-09 -2.57916e-09 -6.41891e-13 6.92001e-10 -3.45604e-12 -1.36301e-12 1.62515e-09
852 1.56 370 0 2.2705e-09 9.83138e-13 1.91634e-09 1.16618e-12 2.44541e-12 -2.0756e-09 -2.36178e-09 -1.06694e-12 6.60074e-10 -1.78052e-12 -1.2123e-12 1.48398e-09
852 1.57 370 0 2.13788e-09 8.94054e-13 1.77145e-09 1.04189e-12 1.87313e-12 -1.95026e-09 -2.16768e-09 -1.10824e-12 6.30589e-10 -1.18613e-12 -1.08481e-12 1.35792e-09
852 1.58 370 0 2.01598e-09 8.15608e-13 1.64097e-09 9.32399e-13 1.5461e-12 -1.83544e-09 -1.99359e-09 -1.05913e-12 6.02774e-10 -8.8175e-13 -9.719e-13 1.24498e-09
852 1.59 370 0 1.90361e-09 7.46973e-13 1.52306e-09 8.37522e-13 1.32291e-12 -1.73001e-09 -1.83689e-09 -9.87217e-13 5.76408e-10 -6.9323e-13 -8.73791e-13 1.14347e-09
852 1.6 370 0 1.79973e-09 6.86578e-13 1.41619e-09 7.54803e-13 1.15628e-12 -1.63293e-09 -1.69543e-09 -9.1071e-13 5.51368e-10 -5.64029e-13 -7.8804e-13 1.05197e-09
852 1.61 370 0 1.70348e-09 6.33433e-13 1.31904e-09 6.83198e-13 1.02451e-12 -1.54331e-09 -1.56737e-09 -8.3818e-13 5.27563e-10 -4.68633e-13 -7.13718e-13 9.69281e-10
852 1.62 370 0 1.61408e-09 5.85863e-13 1.2305e-09 6.19199e-13 9.1737e-13 -1.46037e-09 -1.45115e-09 -7.67993e-13 5.04913e-10 -3.96405e-13 -6.47013e-13 8.94373e-10
852 1.63 370 0 1.53088e-09 5.43357e-13 1.1496e-09 5.62621e-13 8.27619e-13 -1.38345e-09 -1.34543e-09 -7.03322e-13 4.83353e-10 -3.39147e-13 -5.8791e-13 8.26358e-10
852 1.64 370 0 1.4533e-09 5.05559e-13 1.0755e-09 5.13017e-13 7.50797e-13 -1.31194e-09 -1.24905e-09 -6.45587e-13 4.62819e-10 -2.91824e-13 -5.36097e-13 7.64472e-10
852 1.65 370 0 1.38083e-09 4.71428e-13 1.0075e-09 4.68364e-13 6.84473e-13 -1.24534e-09 -1.16099e-09 -5.92113e-13 4.43255e-10 -2.52693e-13 -4.89277e-13 7.08052e-10
852 1.66 370 0 1.31302e-09 4.4063e-13 9.44947e-10 4.28732e-13 6.2649e-13 -1.1832e-09 -1.0804e-09 -5.441e-13 4.24608e-10 -2.19651e-13 -4.47693e-13 6.5652e-10
852 1.67 370 0 1.24946e-09 4.12881e-13 8.87309e-10 3.93198e-13 5.75177e-13 -1.12511e-09 -1.0065e-09 -5.00695e-13 4.06828e-10 -1.90878e-13 -4.10337e-13 6.09371e-10
852 1.68 370 0 1.18982e-09 3.87632e-13 8.34097e-10 3.61194e-13 5.29578e-13 -1.07073e-09 -9.38626e-10 -4.6124e-13 3.89869e-10 -1.65969e-13 -3.76624e-13 5.66164e-10
852 1.69 370 0 1.13377e-09 3.64628e-13 7.84889e-10 3.32311e-13 4.88724e-13 -1.01974e-09 -8.76183e-10 -4.25444e-13 3.73688e-10 -1.44031e-13 -3.46162e-13 5.26507e-10
852 1.7 370 0 1.08103e-09 3.43602e-13 7.39309e-10 3.06189e-13 4.51927e-13 -9.71861e-10 -8.18653e-10 -3.92966e-13 3.58245e-10 -1.24568e-13 -3.18576e-13 4.90058e-10
852 1.71 370 0 1.03134e-09 3.24368e-13 6.97024e-10 2.82542e-13 4.18555e-13 -9.26842e-10 -7.65574e-10 -3.63589e-13 3.43501e-10 -1.07026e-13 -2.93588e-13 4.5651e-10
852 1.72 370 0 9.84484e-10 3.06709e-13 6.5774e-10 2.61109e-13 3.8817e-13 -8.84459e-10 -7.16535e-10 -3.37031e-13 3.29422e-10 -9.11571e-14 -2.70925e-13 4.25595e-10
852 1.73 370 0 9.40244e-10 2.90479e-13 6.21191e-10 2.41687e-13 3.60341e-13 -8.44511e-10 -6.71172e-10 -3.13141e-13 3.15973e-10 -7.66087e-14 -2.50393e-13 3.9707e-10
852 1.74 370 0 8.98437e-10 2.75512e-13 5.87143e-10 2.2411e-13 3.34741e-13 -8.06817e-10 -6.29157e-10 -2.91764e-13 3.03122e-10 -6.32031e-14 -2.31846e-13 3.7072e-10
852 1.75 370 0 8.58891e-10 2.6168e-13 5.55385e-10 2.08198e-13 3.11142e-13 -7.7121e-10 -5.902e-10 -2.72649e-13 2.90841e-10 -5.0803e-14 -2.15089e-13 3.46354e-10
852 1.76 370 0 8.21452e-10 2.48854e-13 5.25728e-10 1.93903e-13 2.89298e-13 -7.37543e-10 -5.54037e-10 -2.5584e-13 2.79101e-10 -3.92939e-14 -2.00134e-13 3.23797e-10
852 1.77 370 0 7.85978e-10 2.36994e-13 4.98e-10 1.81172e-13 2.69027e-13 -7.05679e-10 -5.20434e-10 -2.4134e-13 2.67877e-10 -2.84687e-14 -1.86926e-13 3.02895e-10
852 1.78 370 0 7.52339e-10 2.26037e-13 4.72048e-10 1.70223e-13 2.50326e-13 -6.75495e-10 -4.89178e-10 -2.29435e-13 2.57143e-10 -1.83345e-14 -1.75673e-13 2.83509e-10
852 1.79 370 0 7.20417e-10 2.05817e-13 4.47758e-10 1.74098e-13 2.25046e-13 -6.46864e-10 -4.60134e-10 -2.42312e-13 2.46893e-10 -1.04728e-14 -1.85821e-13 2.65552e-10
852 1.8 370 0 6.90101e-10 1.90503e-13 4.24966e-10 1.69318e-13 2.05539e-13 -6.19705e-10 -4.33045e-10 -2.39962e-13 2.37073e-10 -4.96859e-15 -1.84191e-13 2.48852e-10
852 1.81 370 0 6.61291e-10 1.77451e-13 4.03567e-10 1.62006e-13 1.89114e-13 -5.93918e-10 -4.07772e-10 -2.32366e-13 2.2767e-10 -7.79205e-16 -1.78381e-13 2.33319e-10
852 1.82 370 0 6.33895e-10 1.66029e-13 3.83459e-10 1.53504e-13 1.74989e-13 -5.69415e-10 -3.84176e-10 -2.21855e-13 2.18668e-10 2.45957e-15 -1.70198e-13 2.1886e-10
852 1.83 370 0 6.07828e-10 1.55557e-13 3.64547e-10 1.45008e-13 1.62355e-13 -5.46114e-10 -3.62132e-10 -2.10774e-13 2.10048e-10 4.94737e-15 -1.61562e-13 2.05395e-10
852 1.84 370 0 5.83011e-10 1.45972e-13 3.46747e-10 1.36642e-13 1.51053e-13 -5.23943e-10 -3.41522e-10 -1.99412e-13 2.01792e-10 6.81996e-15 -1.52677e-13 1.92846e-10
852 1.85 370 0 5.59371e-10 1.37218e-13 3.29979e-10 1.28533e-13 1.40955e-13 -5.02834e-10 -3.22239e-10 -1.8806e-13 1.93884e-10 8.17884e-15 -1.43767e-13 1.81143e-10
852 1.86 370 0 5.3684e-10 1.29233e-13 3.14171e-10 1.20729e-13 1.31942e-13 -4.82723e-10 -3.04185e-10 -1.76874e-13 1.86308e-10 9.09456e-15 -1.34959e-13 1.70222e-10
852 1.87 370 0 5.15357e-10 1.21977e-13 2.99258e-10 1.13302e-13 1.2394e-13 -4.63553e-10 -2.87271e-10 -1.66053e-13 1.79048e-10 9.61032e-15 -1.26423e-13 1.60024e-10
852 1.88 370 0 4.94861e-10 1.15416e-13 2.85178e-10 1.06209e-13 1.16863e-13 -4.45269e-10 -2.71414e-10 -1.5557e-13 1.7209e-10 9.8049e-15 -1.18165e-13 1.50495e-10
852 1.89 370 0 4.75299e-10 1.0949e-13 2.71876e-10 9.94746e-14 1.106e-13 -4.27823e-10 -2.56538e-10 -1.45516e-13 1.65421e-10 9.76431e-15 -1.10299e-13 1.41587e-10
852 1.9 370 0 4.5662e-10 1.0376e-13 2.59301e-10 9.31753e-14 1.04629e-13 -4.11167e-10 -2.42575e-10 -1.35908e-13 1.59026e-10 9.65624e-15 -1.0294e-13 1.33255e-10
852 1.91 370 0 4.38776e-10 9.82977e-14 2.47405e-10 8.7334e-14 9.89563e-14 -3.95258e-10 -2.29461e-10 -1.26955e-13 1.52894e-10 9.53866e-15 -9.60987e-14 1.25457e-10
852 1.92 370 0 4.21724e-10 9.31741e-14 2.36144e-10 8.18929e-14 9.36484e-14 -3.80054e-10 -2.17138e-10 -1.18616e-13 1.47013e-10 9.40453e-15 -8.97112e-14 1.18155e-10
852 1.93 370 0 4.05421e-10 8.83626e-14 2.25479e-10 7.68152e-14 8.86783e-14 -3.6552e-10 -2.05552e-10 -1.10831e-13 1.41373e-10 9.25193e-15 -8.37337e-14 1.11315e-10
852 1.94 370 0 3.89828e-10 8.3839e-14 2.15372e-10 7.20674e-14 8.40214e-14 -3.51618e-10 -1.94652e-10 -1.03545e-13 1.35962e-10 9.07987e-15 -7.81267e-14 1.04903e-10
852 1.95 370 0 3.7491e-10 7.95814e-14 2.05788e-10 6.76194e-14 7.96549e-14 -3.38317e-10 -1.84393e-10 -9.67084e-14 1.30771e-10 8.88777e-15 -7.28533e-14 9.8891e-11
852 1.96 370 0 3.60632e-10 7.55693e-14 1.96695e-10 6.34423e-14 7.55578e-14 -3.25585e-10 -1.74733e-10 -9.02753e-14 1.25789e-10 8.67487e-15 -6.78775e-14 9.32506e-11
852 1.97 370 0 3.46962e-10 7.17834e-14 1.88065e-10 5.95074e-14 7.17107e-14 -3.13394e-10 -1.65632e-10 -8.41963e-14 1.21009e-10 8.43949e-15 -6.31607e-14 8.79568e-11
852 1.98 370 0 3.3387e-10 6.82042e-14 1.79868e-10 5.57819e-14 6.8096e-14 -3.01716e-10 -1.57054e-10 -7.84132e-14 1.1642e-10 8.17714e-15 -5.86547e-14 8.29862e-11
852 1.99 370 0 3.21328e-10 6.48097e-14 1.7208e-10 5.2215e-14 6.4699e-14 -2.90526e-10 -1.48965e-10 -7.28283e-14 1.12015e-10 7.87378e-15 -5.42742e-14 7.83173e-11
852 2 370 0 3.09309e-10 6.15408e-14 1.64677e-10 4.84409e-14 6.15629e-14 -2.798e-10 -1.41334e-10 -6.66737e-14 1.07786e-10 7.34851e-15 -4.9313e-14 7.39299e-11
