852 0 200 0 0 0 0 0 -1.01099e-07 -1.51478e-07 -1.40662e-08 -1.12377e-07 5.68685e-08 1.58935e-07 0 0
852 0.01 200 0 1.43155e-13 2.90071e-09 -2.51023e-11 1.39905e-09 -1.01114e-07 -1.51425e-07 -1.40853e-08 -1.12363e-07 5.68945e-08 1.58914e-07 -9.5626e-11 -2.08028e-10
852 0.02 200 0 2.77484e-12 5.79888e-09 -4.86303e-11 2.79664e-09 -1.01157e-07 -1.51265e-07 -1.41429e-08 -1.1232e-07 5.69726e-08 1.58853e-07 -1.91248e-10 -4.15942e-10
852 0.03 200 0 1.03727e-11 8.69193e-09 -6.90163e-11 4.19129e-09 -1.01229e-07 -1.50998e-07 -1.42386e-08 -1.12249e-07 5.71025e-08 1.58749e-07 -2.86862e-10 -6.2363e-10
852 0.04 200 0 2.5402e-11 1.15773e-08 -8.46997e-11 5.58152e-09 -1.01328e-07 -1.50624e-07 -1.43725e-08 -1.12149e-07 5.72841e-08 1.58605e-07 -3.82462e-10 -8.30978e-10
852 0.05 200 0 5.02883e-11 1.44524e-08 -9.41411e-11 6.96582e-09 -1.01454e-07 -1.50144e-07 -1.45443e-08 -1.1202e-07 5.75171e-08 1.58418e-07 -4.78042e-10 -1.03787e-09
852 0.06 200 0 8.74203e-11 1.73145e-08 -9.58346e-11 8.34268e-09 -1.01607e-07 -1.49556e-07 -1.47538e-08 -1.11861e-07 5.78012e-08 1.58188e-07 -5.73597e-10 -1.24421e-09
852 0.07 200 0 1.39153e-10 2.0161e-08 -8.82795e-11 9.71055e-09 -1.01785e-07 -1.48862e-07 -1.50007e-08 -1.11672e-07 5.8136e-08 1.57915e-07 -6.69128e-10 -1.44987e-09
852 0.08 200 0 2.07636e-10 2.29893e-08 -7.00356e-11 1.10678e-08 -1.01986e-07 -1.4806e-07 -1.52847e-08 -1.11452e-07 5.85202e-08 1.57597e-07 -7.64571e-10 -1.65475e-09
852 0.09 200 0 2.95245e-10 2.57964e-08 -3.97374e-11 1.24129e-08 -1.02209e-07 -1.4715e-07 -1.56052e-08 -1.11201e-07 5.89545e-08 1.57234e-07 -8.60022e-10 -1.85876e-09
852 0.1 200 0 4.04079e-10 2.85795e-08 4.02397e-12 1.37442e-08 -1.02452e-07 -1.46133e-07 -1.59618e-08 -1.10918e-07 5.94376e-08 1.56824e-07 -9.55424e-10 -2.06179e-09
852 0.11 200 0 5.36172e-10 3.13357e-08 6.24188e-11 1.506e-08 -1.02714e-07 -1.45008e-07 -1.63534e-08 -1.10602e-07 5.99686e-08 1.56367e-07 -1.05079e-09 -2.26383e-09
852 0.12 200 0 6.93413e-10 3.4062e-08 1.36885e-10 1.63584e-08 -1.02991e-07 -1.43775e-07 -1.67804e-08 -1.10252e-07 6.05467e-08 1.5586e-07 -1.14609e-09 -2.46464e-09
852 0.13 200 0 8.77582e-10 3.67554e-08 2.28467e-10 1.76376e-08 -1.03281e-07 -1.42434e-07 -1.72416e-08 -1.09868e-07 6.11707e-08 1.55303e-07 -1.24131e-09 -2.66418e-09
852 0.14 200 0 1.0904e-09 3.94127e-08 3.38252e-10 1.88959e-08 -1.03581e-07 -1.40984e-07 -1.7736e-08 -1.09448e-07 6.18394e-08 1.54693e-07 -1.33646e-09 -2.86237e-09
852 0.15 200 0 1.33316e-09 4.20308e-08 4.67244e-10 2.01313e-08 -1.0389e-07 -1.39427e-07 -1.82629e-08 -1.0899e-07 6.25509e-08 1.54029e-07 -1.43144e-09 -3.05912e-09
852 0.16 200 0 1.60754e-09 4.46059e-08 6.16075e-10 2.13418e-08 -1.04202e-07 -1.37761e-07 -1.88206e-08 -1.08495e-07 6.3305e-08 1.53309e-07 -1.52645e-09 -3.25453e-09
852 0.17 200 0 1.91458e-09 4.7135e-08 7.85883e-10 2.25254e-08 -1.04515e-07 -1.35987e-07 -1.94092e-08 -1.07959e-07 6.40993e-08 1.52532e-07 -1.62135e-09 -3.44825e-09
852 0.18 200 0 2.25526e-09 4.96143e-08 9.77181e-10 2.36798e-08 -1.04825e-07 -1.34105e-07 -2.00267e-08 -1.07383e-07 6.49322e-08 1.51694e-07 -1.71614e-09 -3.64034e-09
852 0.19 200 0 2.63004e-09 5.20407e-08 1.19044e-09 2.4803e-08 -1.05129e-07 -1.32116e-07 -2.06718e-08 -1.06765e-07 6.58009e-08 1.50795e-07 -1.8107e-09 -3.83072e-09
852 0.2 200 0 3.03996e-09 5.44097e-08 1.42584e-09 2.5893e-08 -1.05422e-07 -1.3002e-07 -2.13426e-08 -1.06103e-07 6.67045e-08 1.49832e-07 -1.90535e-09 -4.01954e-09
852 0.21 200 0 3.48585e-09 5.67168e-08 1.68464e-09 2.69464e-08 -1.05699e-07 -1.27816e-07 -2.20382e-08 -1.05395e-07 6.76395e-08 1.48802e-07 -1.99994e-09 -4.20631e-09
852 0.22 200 0 3.96578e-09 5.89606e-08 1.96538e-09 2.79622e-08 -1.05957e-07 -1.25508e-07 -2.27566e-08 -1.04642e-07 6.86037e-08 1.47703e-07 -2.09416e-09 -4.39134e-09
852 0.23 200 0 4.48073e-09 6.11355e-08 2.26828e-09 2.89378e-08 -1.0619e-07 -1.23095e-07 -2.34953e-08 -1.0384e-07 6.95949e-08 1.46534e-07 -2.18853e-09 -4.57473e-09
852 0.24 200 0 5.03009e-09 6.32378e-08 2.59359e-09 2.98702e-08 -1.06394e-07 -1.20578e-07 -2.4253e-08 -1.02988e-07 7.06095e-08 1.45292e-07 -2.28271e-09 -4.75605e-09
852 0.25 200 0 5.6123e-09 6.52638e-08 2.94041e-09 3.07573e-08 -1.06564e-07 -1.1796e-07 -2.5027e-08 -1.02085e-07 7.16436e-08 1.43974e-07 -2.37663e-09 -4.93546e-09
852 0.26 200 0 6.22692e-09 6.72087e-08 3.30783e-09 3.15967e-08 -1.06694e-07 -1.15241e-07 -2.58144e-08 -1.0113e-07 7.26945e-08 1.42578e-07 -2.47077e-09 -5.11317e-09
852 0.27 200 0 6.87156e-09 6.90692e-08 3.6953e-09 3.23856e-08 -1.06778e-07 -1.12424e-07 -2.66134e-08 -1.0012e-07 7.37575e-08 1.41103e-07 -2.56459e-09 -5.28878e-09
852 0.28 200 0 7.54454e-09 7.08404e-08 4.10093e-09 3.31217e-08 -1.06812e-07 -1.09511e-07 -2.74201e-08 -9.90554e-08 7.48293e-08 1.39545e-07 -2.65866e-09 -5.46267e-09
852 0.29 200 0 8.24325e-09 7.25188e-08 4.5238e-09 3.38022e-08 -1.06788e-07 -1.06504e-07 -2.82325e-08 -9.79332e-08 7.59049e-08 1.37903e-07 -2.75266e-09 -5.63446e-09
852 0.3 200 0 8.96452e-09 7.41006e-08 4.96167e-09 3.44253e-08 -1.06703e-07 -1.03409e-07 -2.90463e-08 -9.6753e-08 7.6979e-08 1.36174e-07 -2.84661e-09 -5.80459e-09
852 0.31 200 0 9.70559e-09 7.55815e-08 5.41299e-09 3.49878e-08 -1.06549e-07 -1.00226e-07 -2.98589e-08 -9.55133e-08 7.80475e-08 1.34358e-07 -2.94078e-09 -5.97261e-09
852 0.32 200 0 1.04619e-08 7.69583e-08 5.87487e-09 3.54883e-08 -1.0632e-07 -9.69607e-08 -3.06657e-08 -9.42136e-08 7.91041e-08 1.32453e-07 -3.03504e-09 -6.13903e-09
852 0.33 200 0 1.12296e-08 7.82268e-08 6.34492e-09 3.59237e-08 -1.06012e-07 -9.36166e-08 -3.14636e-08 -9.28526e-08 8.01438e-08 1.30456e-07 -3.12959e-09 -6.30338e-09
852 0.34 200 0 1.20035e-08 7.93845e-08 6.81995e-09 3.62927e-08 -1.05617e-07 -9.02002e-08 -3.22476e-08 -9.143e-08 8.11597e-08 1.28368e-07 -3.22436e-09 -6.46621e-09
852 0.35 200 0 1.27786e-08 8.04281e-08 7.29705e-09 3.65929e-08 -1.0513e-07 -8.67154e-08 -3.30142e-08 -8.99451e-08 8.2146e-08 1.26187e-07 -3.31941e-09 -6.62705e-09
852 0.36 200 0 1.35496e-08 8.13541e-08 7.77225e-09 3.68229e-08 -1.04546e-07 -8.31682e-08 -3.37581e-08 -8.83981e-08 8.30966e-08 1.23913e-07 -3.41535e-09 -6.78635e-09
852 0.37 200 0 1.43095e-08 8.21614e-08 8.24184e-09 3.69815e-08 -1.03858e-07 -7.95657e-08 -3.44748e-08 -8.6789e-08 8.40034e-08 1.21546e-07 -3.51174e-09 -6.94405e-09
852 0.38 200 0 1.50516e-08 8.28477e-08 8.70175e-09 3.70667e-08 -1.03062e-07 -7.59141e-08 -3.51597e-08 -8.51178e-08 8.48597e-08 1.19087e-07 -3.60866e-09 -7.09984e-09
852 0.39 200 0 1.57701e-08 8.34078e-08 9.14787e-09 3.70766e-08 -1.02151e-07 -7.22217e-08 -3.58067e-08 -8.33852e-08 8.56576e-08 1.16535e-07 -3.70715e-09 -7.25388e-09
852 0.4 200 0 1.64552e-08 8.38479e-08 9.57425e-09 3.70141e-08 -1.01124e-07 -6.8496e-08 -3.64117e-08 -8.15936e-08 8.63904e-08 1.13894e-07 -3.80626e-09 -7.40662e-09
852 0.41 200 0 1.70998e-08 8.41647e-08 9.97643e-09 3.68773e-08 -9.99749e-08 -6.47456e-08 -3.69689e-08 -7.97441e-08 8.705e-08 1.11165e-07 -3.90669e-09 -7.55778e-09
852 0.42 200 0 1.76958e-08 8.43582e-08 1.03494e-08 3.66661e-08 -9.86995e-08 -6.09783e-08 -3.74733e-08 -7.7838e-08 8.76289e-08 1.08351e-07 -4.00849e-09 -7.70682e-09
852 0.43 200 0 1.82252e-08 8.44183e-08 1.06853e-08 3.63745e-08 -9.72907e-08 -5.72027e-08 -3.79155e-08 -7.5873e-08 8.81126e-08 1.05447e-07 -4.11056e-09 -7.85013e-09
852 0.44 200 0 1.86832e-08 8.43497e-08 1.09788e-08 3.60051e-08 -9.57475e-08 -5.3432e-08 -3.8291e-08 -7.38544e-08 8.84941e-08 1.02459e-07 -4.21282e-09 -7.99032e-09
852 0.45 200 0 1.90696e-08 8.4172e-08 1.12264e-08 3.55707e-08 -9.4075e-08 -4.96791e-08 -3.85988e-08 -7.17928e-08 8.8773e-08 9.94058e-08 -4.31753e-09 -8.1314e-09
852 0.46 200 0 1.93714e-08 8.38828e-08 1.14219e-08 3.50698e-08 -9.22702e-08 -4.59528e-08 -3.88326e-08 -6.9689e-08 8.89386e-08 9.62874e-08 -4.42423e-09 -8.27061e-09
852 0.47 200 0 1.9578e-08 8.34851e-08 1.15586e-08 3.45044e-08 -9.03326e-08 -4.22643e-08 -3.89865e-08 -6.7547e-08 8.89821e-08 9.31092e-08 -4.53297e-09 -8.40753e-09
852 0.48 200 0 1.96809e-08 8.2988e-08 1.16309e-08 3.38805e-08 -8.8264e-08 -3.86249e-08 -3.90556e-08 -6.5373e-08 8.88975e-08 8.98799e-08 -4.6444e-09 -8.54227e-09
852 0.49 200 0 1.96701e-08 8.23963e-08 1.16327e-08 3.31997e-08 -8.60637e-08 -3.50463e-08 -3.90339e-08 -6.3172e-08 8.86769e-08 8.66059e-08 -4.75795e-09 -8.67524e-09
852 0.5 200 0 1.95359e-08 8.17177e-08 1.15584e-08 3.24676e-08 -8.37356e-08 -3.15404e-08 -3.89175e-08 -6.09504e-08 8.83133e-08 8.32965e-08 -4.8741e-09 -8.80594e-09
852 0.51 200 0 1.92708e-08 8.0957e-08 1.14034e-08 3.16868e-08 -8.12811e-08 -2.81203e-08 -3.87014e-08 -5.87142e-08 8.77994e-08 7.996e-08 -4.99311e-09 -8.93445e-09
852 0.52 200 0 1.8867e-08 8.01341e-08 1.11617e-08 3.08706e-08 -7.871e-08 -2.47937e-08 -3.83846e-08 -5.6473e-08 8.71333e-08 7.66099e-08 -5.11512e-09 -9.06009e-09
852 0.53 200 0 1.83195e-08 7.92583e-08 1.08307e-08 3.00249e-08 -7.60265e-08 -2.15725e-08 -3.79642e-08 -5.42344e-08 8.63107e-08 7.32567e-08 -5.24144e-09 -9.18289e-09
852 0.54 200 0 1.76172e-08 7.83373e-08 1.04042e-08 2.91536e-08 -7.32367e-08 -1.84698e-08 -3.74358e-08 -5.20058e-08 8.53243e-08 6.99113e-08 -5.3698e-09 -9.30374e-09
852 0.55 200 0 1.67604e-08 7.73891e-08 9.88107e-09 2.82697e-08 -7.03507e-08 -1.5493e-08 -3.68005e-08 -4.97972e-08 8.41754e-08 6.65872e-08 -5.50326e-09 -9.42002e-09
852 0.56 200 0 1.57398e-08 7.64225e-08 9.25682e-09 2.73775e-08 -6.73759e-08 -1.2654e-08 -3.60551e-08 -4.76167e-08 8.28588e-08 6.3296e-08 -5.63953e-09 -9.53375e-09
852 0.57 200 0 1.45576e-08 7.54601e-08 8.53209e-09 2.64922e-08 -6.4325e-08 -9.95973e-09 -3.52026e-08 -4.54753e-08 8.13774e-08 6.00536e-08 -5.78062e-09 -9.64265e-09
852 0.58 200 0 1.32065e-08 7.45097e-08 7.70302e-09 2.56185e-08 -6.12079e-08 -7.41959e-09 -3.4241e-08 -4.33816e-08 7.97286e-08 5.68716e-08 -5.92498e-09 -9.74829e-09
852 0.59 200 0 1.16924e-08 7.3596e-08 6.77291e-09 2.47721e-08 -5.8038e-08 -5.03851e-09 -3.31755e-08 -4.13463e-08 7.79182e-08 5.37663e-08 -6.07447e-09 -9.84812e-09
852 0.6 200 0 1.00098e-08 7.27222e-08 5.73969e-09 2.39554e-08 -5.48265e-08 -2.82849e-09 -3.20046e-08 -3.93782e-08 7.59429e-08 5.0749e-08 -6.22759e-09 -9.94371e-09
852 0.61 200 0 8.17075e-09 7.19245e-08 4.60944e-09 2.31909e-08 -5.15897e-08 -7.83464e-10 -3.07385e-08 -3.74892e-08 7.3817e-08 4.78375e-08 -6.38544e-09 -1.00329e-08
852 0.62 200 0 6.17225e-09 7.12075e-08 3.38207e-09 2.24822e-08 -4.83407e-08 1.08719e-09 -2.93776e-08 -3.56879e-08 7.15397e-08 4.50433e-08 -6.54675e-09 -1.01181e-08
852 0.63 200 0 4.02659e-09 7.05932e-08 2.06454e-09 2.18421e-08 -4.50953e-08 2.78233e-09 -2.79302e-08 -3.39838e-08 6.91222e-08 4.2382e-08 -6.71135e-09 -1.01962e-08
852 0.64 200 0 1.7523e-09 7.01007e-08 6.75361e-10 2.12871e-08 -4.18787e-08 4.30011e-09 -2.6408e-08 -3.23906e-08 6.65861e-08 3.98676e-08 -6.88093e-09 -1.02827e-08
852 0.65 200 0 -6.57589e-10 6.97417e-08 -7.9453e-10 2.08243e-08 -3.86902e-08 5.64223e-09 -2.4814e-08 -3.09143e-08 6.3921e-08 3.75091e-08 -7.0588e-09 -1.03596e-08
852 0.66 200 0 -3.18747e-09 6.95311e-08 -2.33266e-09 2.04635e-08 -3.55481e-08 6.81504e-09 -2.31593e-08 -2.95624e-08 6.11438e-08 3.53178e-08 -7.24374e-09 -1.04306e-08
852 0.67 200 0 -5.82036e-09 6.94871e-08 -3.92991e-09 2.02111e-08 -3.24674e-08 7.82203e-09 -2.14541e-08 -2.83399e-08 5.82687e-08 3.33064e-08 -7.43346e-09 -1.04909e-08
852 0.68 200 0 -8.5434e-09 6.96176e-08 -5.57558e-09 2.00727e-08 -2.94649e-08 8.66138e-09 -1.97085e-08 -2.72539e-08 5.53071e-08 3.14855e-08 -7.62857e-09 -1.05411e-08
852 0.69 200 0 -1.13358e-08 6.99446e-08 -7.25455e-09 2.00656e-08 -2.65511e-08 9.35587e-09 -1.79381e-08 -2.63114e-08 5.22793e-08 2.98611e-08 -7.83036e-09 -1.05855e-08
852 0.7 200 0 -1.41817e-08 7.04745e-08 -8.9573e-09 2.01896e-08 -2.37408e-08 9.9057e-09 -1.61525e-08 -2.55152e-08 4.91967e-08 2.84433e-08 -8.03661e-09 -1.06202e-08
852 0.71 200 0 -1.70568e-08 7.12208e-08 -1.06681e-08 2.04513e-08 -2.10447e-08 1.03248e-08 -1.43672e-08 -2.4867e-08 4.60803e-08 2.72373e-08 -8.24763e-09 -1.06431e-08
852 0.72 200 0 -1.99445e-08 7.21892e-08 -1.23736e-08 2.08557e-08 -1.84754e-08 1.06229e-08 -1.25942e-08 -2.43712e-08 4.29427e-08 2.62491e-08 -8.46368e-09 -1.06568e-08
852 0.73 200 0 -2.28177e-08 7.3388e-08 -1.40559e-08 2.14053e-08 -1.60407e-08 1.08137e-08 -1.08508e-08 -2.40263e-08 3.98064e-08 2.54805e-08 -8.68425e-09 -1.06597e-08
852 0.74 200 0 -2.56606e-08 7.4816e-08 -1.57026e-08 2.20982e-08 -1.37548e-08 1.09035e-08 -9.14857e-09 -2.38329e-08 3.66836e-08 2.4936e-08 -8.90977e-09 -1.06504e-08
852 0.75 200 0 -2.84381e-08 7.64886e-08 -1.72917e-08 2.29424e-08 -1.16133e-08 1.09243e-08 -7.50663e-09 -2.37873e-08 3.36009e-08 2.46124e-08 -9.13957e-09 -1.06304e-08
852 0.76 200 0 -3.11282e-08 7.84024e-08 -1.88105e-08 2.39299e-08 -9.62453e-09 1.08831e-08 -5.93659e-09 -2.38842e-08 3.05741e-08 2.45109e-08 -9.37112e-09 -1.05973e-08
852 0.77 200 0 -3.37067e-08 8.05601e-08 -2.02396e-08 2.50609e-08 -7.78885e-09 1.08021e-08 -4.45425e-09 -2.41194e-08 2.76218e-08 2.46277e-08 -9.60397e-09 -1.05549e-08
852 0.78 200 0 -3.61499e-08 8.29564e-08 -2.15624e-08 2.63301e-08 -6.10916e-09 1.06917e-08 -3.0738e-09 -2.4488e-08 2.47595e-08 2.49609e-08 -9.84168e-09 -1.05033e-08
852 0.79 200 0 -3.84288e-08 8.55917e-08 -2.27638e-08 2.77325e-08 -4.58608e-09 1.05681e-08 -1.80783e-09 -2.49834e-08 2.20068e-08 2.55107e-08 -1.00842e-08 -1.04408e-08
852 0.8 200 0 -4.05236e-08 8.84597e-08 -2.38352e-08 2.92565e-08 -3.22899e-09 1.04422e-08 -6.65579e-10 -2.55976e-08 1.938e-08 2.62784e-08 -1.03304e-08 -1.03647e-08
852 0.81 200 0 -4.23895e-08 9.1568e-08 -2.47467e-08 3.09079e-08 -2.0106e-09 1.03446e-08 3.33272e-10 -2.63239e-08 1.69053e-08 2.72554e-08 -1.05845e-08 -1.0278e-08
852 0.82 200 0 -4.39658e-08 9.4922e-08 -2.54538e-08 3.26863e-08 -9.48104e-10 1.02784e-08 1.15293e-09 -2.71612e-08 1.46281e-08 2.84534e-08 -1.08458e-08 -1.01784e-08
852 0.83 200 0 -4.52416e-08 9.84936e-08 -2.59602e-08 3.45628e-08 -2.29648e-11 1.02605e-08 1.79587e-09 -2.80858e-08 1.25544e-08 2.98515e-08 -1.11172e-08 -1.0064e-08
852 0.84 200 0 -4.61789e-08 1.02275e-07 -2.62483e-08 3.65262e-08 7.76679e-10 1.03096e-08 2.24881e-09 -2.90851e-08 1.07111e-08 3.14431e-08 -1.14004e-08 -9.93274e-09
852 0.85 200 0 -4.6746e-08 1.06254e-07 -2.63057e-08 3.85615e-08 1.44216e-09 1.04373e-08 2.49938e-09 -3.0149e-08 9.12525e-09 3.32283e-08 -1.16976e-08 -9.78044e-09
852 0.86 200 0 -4.68797e-08 1.10425e-07 -2.61039e-08 4.0662e-08 2.02505e-09 1.0661e-08 2.53399e-09 -3.12619e-08 7.83128e-09 3.51905e-08 -1.2012e-08 -9.6037e-09
852 0.87 200 0 -4.65358e-08 1.14774e-07 -2.56285e-08 4.28155e-08 2.52371e-09 1.09907e-08 2.33941e-09 -3.24165e-08 6.8657e-09 3.73294e-08 -1.23452e-08 -9.39564e-09
852 0.88 200 0 -4.56528e-08 1.19291e-07 -2.48566e-08 4.50151e-08 2.95593e-09 1.14383e-08 1.89933e-09 -3.36073e-08 6.27422e-09 3.96404e-08 -1.26984e-08 -9.14799e-09
852 0.89 200 0 -4.41557e-08 1.23966e-07 -2.37594e-08 4.72603e-08 3.34299e-09 1.20185e-08 1.19117e-09 -3.48339e-08 6.11449e-09 4.21196e-08 -1.30714e-08 -8.85046e-09
852 0.9 200 0 -4.1961e-08 1.28792e-07 -2.23024e-08 4.95565e-08 3.68253e-09 1.27621e-08 1.78878e-10 -3.61063e-08 6.46524e-09 4.47711e-08 -1.34609e-08 -8.48966e-09
852 0.91 200 0 -3.89205e-08 1.33767e-07 -2.04098e-08 5.19229e-08 4.05434e-09 1.36594e-08 -1.18975e-09 -3.74394e-08 7.42223e-09 4.75851e-08 -1.38629e-08 -8.05217e-09
852 0.92 200 0 -3.4865e-08 1.38898e-07 -1.79863e-08 5.43894e-08 4.47359e-09 1.47471e-08 -3.01057e-09 -3.8867e-08 9.13684e-09 5.05741e-08 -1.42671e-08 -7.52143e-09
852 0.93 200 0 -2.95148e-08 1.44208e-07 -1.48586e-08 5.70032e-08 5.00196e-09 1.60534e-08 -5.44876e-09 -4.04355e-08 1.18404e-08 5.37525e-08 -1.46597e-08 -6.88011e-09
852 0.94 200 0 -2.24034e-08 1.49741e-07 -1.07223e-08 5.98275e-08 5.72514e-09 1.76431e-08 -8.80923e-09 -4.22023e-08 1.59355e-08 5.71422e-08 -1.50225e-08 -6.1084e-09
852 0.95 200 0 -1.26047e-08 1.55519e-07 -4.96607e-09 6.29115e-08 6.79057e-09 1.94833e-08 -1.36813e-08 -4.42134e-08 2.21701e-08 6.0744e-08 -1.53374e-08 -5.17878e-09
852 0.96 200 0 1.82462e-09 1.61352e-07 3.68345e-09 6.6159e-08 8.3787e-09 2.16502e-08 -2.1354e-08 -4.63475e-08 3.22047e-08 6.43471e-08 -1.55769e-08 -4.03735e-09
852 0.97 200 0 2.56791e-08 1.65479e-07 1.83292e-08 6.84589e-08 1.08346e-08 2.43093e-08 -3.4981e-08 -4.74004e-08 5.01467e-08 6.63161e-08 -1.56688e-08 -2.54578e-09
852 0.98 200 0 7.02506e-08 1.54601e-07 4.62298e-08 6.13128e-08 1.54359e-08 2.80685e-08 -6.19218e-08 -3.83757e-08 8.56614e-08 5.46844e-08 -1.51869e-08 -3.63675e-10
852 0.99 200 0 1.00548e-07 6.31339e-08 6.50813e-08 2.76865e-09 2.85291e-08 3.03254e-08 -7.80669e-08 2.44727e-08 1.06579e-07 -2.86611e-08 -1.21026e-08 1.42287e-09
852 1 200 0 1.10852e-10 4.7256e-08 2.26648e-11 -7.97456e-09 6.98494e-08 1.04594e-10 -6.91009e-11 4.45551e-08 1.5403e-10 -5.82027e-08 -1.22523e-08 -1.86791e-11
852 1.01 200 0 -1.14772e-11 7.36403e-08 -5.49778e-11 9.93365e-09 2.48645e-08 -6.07967e-11 6.10027e-11 1.02251e-08 -4.29466e-11 -7.17501e-09 -1.04905e-08 -1.57912e-11
852 1.02 200 0 -2.71706e-11 7.85422e-08 -6.13505e-11 1.3167e-08 1.92357e-08 -4.98471e-11 6.66316e-11 3.63204e-09 -5.34508e-11 3.01125e-09 -9.85419e-09 -1.53943e-11
852 1.03 200 0 -3.16168e-11 7.94588e-08 -6.12178e-11 1.37557e-08 1.55367e-08 -4.41243e-11 6.65033e-11 6.59176e-10 -5.61901e-11 8.13644e-09 -9.27019e-09 -1.44776e-11
852 1.04 200 0 -3.45487e-11 7.87142e-08 -6.05399e-11 1.32321e-08 1.25347e-08 -3.89648e-11 6.56007e-11 -7.74068e-10 -5.74681e-11 1.11006e-08 -8.72445e-09 -1.36845e-11
852 1.05 200 0 -3.68671e-11 7.70516e-08 -5.99366e-11 1.20899e-08 9.81708e-09 -3.46193e-11 6.47498e-11 -1.36414e-09 -5.84536e-11 1.28791e-08 -8.20587e-09 -1.30266e-11
852 1.06 200 0 -4.11605e-11 7.47775e-08 -6.1294e-11 1.05342e-08 7.19397e-09 -2.80824e-11 6.47761e-11 -1.41647e-09 -5.97156e-11 1.39038e-08 -7.70513e-09 -1.26165e-11
852 1.07 200 0 -4.34933e-11 7.20192e-08 -6.1279e-11 8.65262e-09 4.54038e-09 -2.42799e-11 6.42886e-11 -1.08439e-09 -6.07127e-11 1.43957e-08 -7.21578e-09 -1.20289e-11
852 1.08 200 0 -4.61804e-11 6.88412e-08 -6.16773e-11 6.48985e-09 1.78422e-09 -2.05687e-11 6.41589e-11 -4.52944e-10 -6.20076e-11 1.44796e-08 -6.73165e-09 -1.15692e-11
852 1.09 200 0 -5.12673e-11 6.5265e-08 -6.41072e-11 4.06159e-09 -1.13252e-09 -1.44827e-11 6.49937e-11 4.30823e-10 -6.38967e-11 1.42279e-08 -6.24705e-09 -1.13204e-11
852 1.1 200 0 -5.46117e-11 6.12769e-08 -6.53102e-11 1.36098e-09 -4.27305e-09 -1.06895e-11 6.54185e-11 1.54287e-09 -6.56246e-11 1.3682e-08 -5.75753e-09 -1.0894e-11
852 1.11 200 0 -5.8638e-11 5.6855e-08 -6.70145e-11 -1.62507e-09 -7.6873e-09 -6.61213e-12 6.61984e-11 2.87204e-09 -6.77405e-11 1.28651e-08 -5.25806e-09 -1.05668e-11
852 1.12 200 0 -6.55211e-11 5.1964e-08 -7.10041e-11 -4.91894e-09 -1.14262e-08 1.37316e-13 6.81363e-11 4.41736e-09 -7.072e-11 1.17873e-08 -4.74341e-09 -1.04788e-11
852 1.13 200 0 -7.08865e-11 4.65406e-08 -7.38942e-11 -8.56067e-09 -1.55603e-08 4.92999e-12 6.97109e-11 6.18885e-09 -7.36102e-11 1.04451e-08 -4.20853e-09 -1.02086e-11
852 1.14 200 0 -7.74006e-11 4.05175e-08 -7.75941e-11 -1.25935e-08 -2.01563e-08 1.04293e-11 7.18296e-11 8.2021e-09 -7.70989e-11 8.82848e-09 -3.64739e-09 -1.00601e-11
852 1.15 200 0 -8.74703e-11 3.38078e-08 -8.39399e-11 -1.70737e-08 -2.52942e-08 1.91271e-11 7.52658e-11 1.04814e-08 -8.17105e-11 6.91728e-09 -3.05288e-09 -1.01343e-11
852 1.16 200 0 -9.66873e-11 2.62918e-08 -8.96143e-11 -2.20785e-08 -3.10812e-08 2.64621e-11 7.86156e-11 1.30616e-08 -8.65298e-11 4.67992e-09 -2.41733e-09 -1.01045e-11
852 1.17 200 0 -1.10688e-10 1.7833e-08 -9.86585e-11 -2.76964e-08 -3.76342e-08 3.78688e-11 8.37239e-11 1.59865e-08 -9.30156e-11 2.07575e-09 -1.7308e-09 -1.04322e-11
852 1.18 200 0 -1.24191e-10 8.24477e-09 -1.07429e-10 -3.40485e-08 -4.51131e-08 4.82658e-11 8.89711e-11 1.93159e-08 -9.99158e-11 -9.52997e-10 -9.81517e-10 -1.05854e-11
852 1.19 200 0 -1.40839e-10 -2.70456e-09 -1.18318e-10 -4.12853e-08 -5.37125e-08 6.09371e-11 9.55024e-11 2.3127e-08 -1.08273e-10 -4.48101e-09 -1.54317e-10 -1.09192e-11
852 1.2 200 0 -1.65188e-10 -1.53136e-08 -1.3455e-10 -4.96009e-08 -6.36819e-08 8.00247e-11 1.04886e-10 2.75202e-08 -1.19455e-10 -8.60699e-09 7.70224e-10 -1.17141e-11
852 1.21 200 0 -1.9195e-10 -2.9994e-08 -1.52339e-10 -5.92628e-08 -7.53655e-08 1.00317e-10 1.15503e-10 3.26337e-08 -1.3231e-10 -1.34675e-08 1.81737e-09 -1.25627e-11
852 1.22 200 0 -2.30644e-10 -4.72851e-08 -1.78276e-10 -7.06217e-08 -8.92114e-08 1.30334e-10 1.30539e-10 3.86517e-08 -1.49707e-10 -1.92448e-08 3.02159e-09 -1.40835e-11
852 1.23 200 0 -2.76098e-10 -6.79554e-08 -2.08737e-10 -8.41774e-08 -1.05859e-07 1.64969e-10 1.48502e-10 4.58351e-08 -1.70616e-10 -2.61985e-08 4.43025e-09 -1.58165e-11
852 1.24 200 0 -3.43778e-10 -9.3084e-08 -2.54088e-10 -1.00632e-07 -1.26203e-07 2.17486e-10 1.74668e-10 5.45532e-08 -2.00099e-10 -3.46956e-08 6.11104e-09 -1.88887e-11
852 1.25 200 0 -4.30336e-10 -1.24295e-07 -3.12077e-10 -1.21041e-07 -1.51592e-07 2.84185e-10 2.08339e-10 6.53606e-08 -2.38017e-10 -4.52891e-08 8.16434e-09 -2.27542e-11
852 1.26 200 0 -5.56408e-10 -1.64084e-07 -3.96365e-10 -1.47028e-07 -1.84096e-07 3.81986e-10 2.56875e-10 7.91117e-08 -2.91892e-10 -5.88305e-08 1.07452e-08 -2.87765e-11
852 1.27 200 0 -7.58075e-10 -2.16541e-07 -5.30907e-10 -1.81254e-07 -2.27107e-07 5.40488e-10 3.33079e-10 9.72069e-08 -3.74795e-10 -7.6716e-08 1.41076e-08 -3.89969e-11
852 1.28 200 0 -1.07375e-09 -2.88874e-07 -7.40828e-10 -2.28407e-07 -2.86603e-07 7.89324e-10 4.51509e-10 1.22114e-07 -5.02687e-10 -1.01408e-07 1.86976e-08 -5.54324e-11
852 1.29 200 0 -1.65724e-09 -3.94985e-07 -1.12757e-09 -2.9753e-07 -3.74114e-07 1.25439e-09 6.66587e-10 1.58596e-07 -7.31211e-10 -1.37656e-07 2.53773e-08 -8.7064e-11
852 1.3 200 0 -2.83075e-09 -5.65795e-07 -1.90236e-09 -4.08736e-07 -5.15281e-07 2.19586e-09 1.09373e-09 2.17242e-07 -1.18038e-09 -1.96028e-07 3.60614e-08 -1.52445e-10
852 1.31 200 0 -5.94228e-09 -8.86338e-07 -3.9484e-09 -6.17337e-07 -7.80623e-07 4.71673e-09 2.20669e-09 3.27182e-07 -2.33406e-09 -3.05584e-07 5.60185e-08 -3.31255e-10
852 1.32 200 0 -1.91323e-08 -1.70732e-06 -1.25836e-08 -1.15145e-06 -1.46097e-06 1.55002e-08 6.84427e-09 6.08544e-07 -7.07623e-09 -5.86183e-07 1.0697e-07 -1.11091e-09
852 1.33 200 0 -3.9993e-07 -8.36493e-06 -2.60632e-07 -5.48196e-06 -6.98154e-06 3.29974e-07 1.38096e-07 2.88896e-06 -1.39233e-07 -2.86162e-06 5.19292e-07 -2.42558e-08
852 1.34 200 0 -6.18415e-08 3.49684e-06 -3.99735e-08 2.23357e-06 2.85569e-06 5.18962e-08 2.0644e-08 -1.17396e-06 -2.02123e-08 1.19236e-06 -2.1529e-07 -3.94174e-09
852 1.35 200 0 -1.09099e-08 1.55942e-06 -6.99902e-09 9.73202e-07 1.24948e-06 9.30296e-09 3.52079e-09 -5.10081e-07 -3.33646e-09 5.30187e-07 -9.51339e-08 -7.3144e-10
852 1.36 200 0 -4.42793e-09 1.04661e-06 -2.82128e-09 6.39545e-07 8.24685e-07 3.83289e-09 1.38212e-09 -3.34266e-07 -1.26297e-09 3.54886e-07 -6.32725e-08 -3.12512e-10
852 1.37 200 0 -2.38847e-09 8.09477e-07 -1.51231e-09 4.85205e-07 6.28486e-07 2.09946e-09 7.19565e-10 -2.52887e-07 -6.29999e-10 2.7379e-07 -4.84938e-08 -1.77589e-10
852 1.38 200 0 -1.50568e-09 6.728e-07 -9.47773e-10 3.96216e-07 5.15594e-07 1.34359e-09 4.37138e-10 -2.05924e-07 -3.6465e-10 2.27023e-07 -3.99425e-08 -1.17881e-10
852 1.39 200 0 -1.04091e-09 5.83883e-07 -6.51619e-10 3.38296e-07 4.42304e-07 9.43783e-10 2.89954e-10 -1.75322e-07 -2.2828e-10 1.96573e-07 -3.43522e-08 -8.56209e-11
852 1.4 200 0 -7.61431e-10 5.21398e-07 -4.74127e-10 2.9757e-07 3.90929e-07 7.03517e-10 2.01394e-10 -1.53776e-07 -1.46772e-10 1.75153e-07 -3.04013e-08 -6.59152e-11
852 1.41 200 0 -5.8488e-10 4.75074e-07 -3.62255e-10 2.6736e-07 3.52952e-07 5.51828e-10 1.45267e-10 -1.37766e-07 -9.56493e-11 1.59251e-07 -2.74537e-08 -5.31043e-11
852 1.42 200 0 -4.64667e-10 4.39349e-07 -2.86234e-10 2.44046e-07 3.2376e-07 4.49626e-10 1.06114e-10 -1.25389e-07 -5.98718e-11 1.46969e-07 -2.51646e-08 -4.4138e-11
852 1.43 200 0 -3.78555e-10 4.10949e-07 -2.31869e-10 2.25498e-07 3.00637e-07 3.78211e-10 7.6588e-11 -1.15523e-07 -3.23635e-11 1.37188e-07 -2.33309e-08 -3.75185e-11
852 1.44 200 0 -3.13164e-10 3.87822e-07 -1.90618e-10 2.10383e-07 2.81882e-07 3.27056e-10 5.16818e-11 -1.07465e-07 -8.01128e-12 1.29206e-07 -2.18253e-08 -3.25245e-11
852 1.45 200 0 -2.6406e-10 3.68619e-07 -1.59542e-10 1.97822e-07 2.66374e-07 2.92011e-10 3.00913e-11 -1.00754e-07 1.41226e-11 1.22565e-07 -2.05644e-08 -2.85638e-11
852 1.46 200 0 -2.25172e-10 3.52413e-07 -1.34831e-10 1.87211e-07 2.53345e-07 2.69514e-10 8.61935e-12 -9.50723e-08 3.77719e-11 1.16948e-07 -1.94904e-08 -2.53154e-11
852 1.47 200 0 -1.93309e-10 3.38546e-07 -1.14465e-10 1.78125e-07 2.42247e-07 2.58953e-10 -1.54715e-11 -9.01972e-08 6.63911e-11 1.12133e-07 -1.85625e-08 -2.25374e-11
852 1.48 200 0 -1.66242e-10 3.26541e-07 -9.69486e-11 1.70252e-07 2.32682e-07 2.62477e-10 -4.62833e-11 -8.59673e-08 1.05475e-10 1.07961e-07 -1.77509e-08 -2.00732e-11
852 1.49 200 0 -1.41409e-10 3.16043e-07 -8.0651e-11 1.6336e-07 2.24349e-07 2.87938e-10 -9.27952e-11 -8.22652e-08 1.67696e-10 1.04317e-07 -1.70327e-08 -1.79187e-11
852 1.5 200 0 -1.18143e-10 3.06779e-07 -6.48125e-11 1.57272e-07 2.17006e-07 3.53212e-10 -1.70751e-10 -7.90109e-08 2.75325e-10 1.01128e-07 -1.63908e-08 -1.55808e-11
852 1.51 200 0 -9.25822e-11 2.98539e-07 -4.66022e-11 1.51853e-07 2.10438e-07 5.17753e-10 -3.33183e-10 -7.61665e-08 5.04364e-10 9.83714e-08 -1.58099e-08 -1.28323e-11
852 1.52 200 0 -5.66794e-11 2.91159e-07 -1.95793e-11 1.46992e-07 2.04336e-07 1.03063e-09 -7.9432e-10 -7.38137e-08 1.16301e-09 9.61943e-08 -1.5274e-08 -8.75422e-12
852 1.53 200 0 2.8812e-11 2.84502e-07 4.79056e-11 1.42597e-07 1.97209e-07 4.07302e-09 -3.39803e-09 -7.30356e-08 4.91263e-09 9.61993e-08 -1.47439e-08 9.70102e-13
852 1.54 200 0 -2.84914e-09 2.77859e-07 -2.39807e-09 1.38478e-07 -1.27477e-06 4.72592e-07 -3.87462e-07 -1.28476e-06 5.62713e-07 1.85334e-06 -1.64146e-08 -1.03296e-09
852 1.55 200 0 -2.38483e-10 2.73006e-07 -1.72153e-10 1.35055e-07 1.89128e-07 3.31192e-09 -2.49297e-09 -6.83793e-08 3.68397e-09 9.12945e-08 -1.41395e-08 -3.52243e-11
852 1.56 200 0 -1.6607e-10 2.67975e-07 -1.14466e-10 1.31725e-07 1.86916e-07 9.56364e-10 -6.20117e-10 -6.52066e-08 9.47006e-10 8.75608e-08 -1.37222e-08 -2.46781e-11
852 1.57 200 0 -1.37709e-10 2.63353e-07 -9.25531e-11 1.28668e-07 1.83748e-07 4.81113e-10 -2.56326e-10 -6.32574e-08 4.11484e-10 8.55223e-08 -1.33647e-08 -2.11159e-11
852 1.58 200 0 -1.21294e-10 2.59086e-07 -8.01541e-11 1.25846e-07 1.8068e-07 3.08159e-10 -1.30278e-10 -6.15939e-08 2.24094e-10 8.38357e-08 -1.30393e-08 -1.89671e-11
852 1.59 200 0 -1.09995e-10 2.55134e-07 -7.17635e-11 1.23231e-07 1.77816e-07 2.24354e-10 -7.26901e-11 -6.00851e-08 1.3743e-10 8.23202e-08 -1.2738e-08 -1.75346e-11
852 1.6 200 0 -1.01436e-10 2.51459e-07 -6.55329e-11 1.20799e-07 1.75158e-07 1.76633e-10 -4.20802e-11 -5.86911e-08 9.0708e-11 8.09238e-08 -1.24569e-08 -1.64905e-11
852 1.61 200 0 -9.46195e-11 2.48033e-07 -6.06467e-11 1.1853e-07 1.72694e-07 1.46131e-10 -2.38862e-11 -5.73915e-08 6.25033e-11 7.96225e-08 -1.21931e-08 -1.57541e-11
852 1.62 200 0 -8.89561e-11 2.44827e-07 -5.66352e-11 1.16407e-07 1.70404e-07 1.25523e-10 -1.2695e-11 -5.6174e-08 4.47562e-11 7.84024e-08 -1.19448e-08 -1.50832e-11
852 1.63 200 0 -8.41863e-11 2.41821e-07 -5.32451e-11 1.14415e-07 1.68273e-07 1.10613e-10 -5.33525e-12 -5.50288e-08 3.27551e-11 7.72529e-08 -1.17103e-08 -1.45074e-11
852 1.64 200 0 -8.00063e-11 2.38993e-07 -5.03776e-11 1.12541e-07 1.66286e-07 9.91809e-11 -1.35809e-13 -5.39481e-08 2.41712e-11 7.61661e-08 -1.14882e-08 -1.41089e-11
852 1.65 200 0 -7.64016e-11 2.36326e-07 -4.78399e-11 1.10774e-07 1.64428e-07 9.03476e-11 3.41322e-12 -5.29256e-08 1.80128e-11 7.51356e-08 -1.12773e-08 -1.36894e-11
852 1.66 200 0 -7.31782e-11 2.33806e-07 -4.56367e-11 1.09104e-07 1.62687e-07 8.31812e-11 6.04295e-12 -5.19557e-08 1.33674e-11 7.41555e-08 -1.10766e-08 -1.33853e-11
852 1.67 200 0 -7.03236e-11 2.3142e-07 -4.36761e-11 1.07522e-07 1.61053e-07 7.72877e-11 7.98024e-12 -5.10337e-08 9.79144e-12 7.32215e-08 -1.08852e-08 -1.31116e-11
852 1.68 200 0 -6.77725e-11 2.29154e-07 -4.19108e-11 1.06021e-07 1.59517e-07 7.23647e-11 9.40767e-12 -5.01555e-08 7.00522e-12 7.23292e-08 -1.07025e-08 -1.28644e-11
852 1.69 200 0 -6.54591e-11 2.27e-07 -4.03179e-11 1.04594e-07 1.58068e-07 6.8175e-11 1.04752e-11 -4.93174e-08 4.79877e-12 7.1475e-08 -1.05275e-08 -1.26436e-11
852 1.7 200 0 -6.33565e-11 2.24946e-07 -3.88703e-11 1.03235e-07 1.56701e-07 6.4564e-11 1.12732e-11 -4.85162e-08 3.02122e-12 7.06557e-08 -1.03599e-08 -1.24406e-11
852 1.71 200 0 -6.14289e-11 2.22987e-07 -3.75462e-11 1.01938e-07 1.55407e-07 6.14048e-11 1.18722e-11 -4.77489e-08 1.56179e-12 6.98685e-08 -1.01989e-08 -1.22521e-11
852 1.72 200 0 -5.96696e-11 2.21112e-07 -3.63237e-11 1.00698e-07 1.54181e-07 5.86173e-11 1.23117e-11 -4.70129e-08 3.36965e-13 6.91109e-08 -1.00442e-08 -1.20669e-11
852 1.73 200 0 -5.80698e-11 2.19317e-07 -3.51782e-11 9.95114e-08 1.53018e-07 5.61295e-11 1.26224e-11 -4.6306e-08 -7.26234e-13 6.83805e-08 -9.89527e-09 -1.18773e-11
852 1.74 200 0 -5.66035e-11 2.17595e-07 -3.40966e-11 9.8374e-08 1.51912e-07 5.38754e-11 1.28305e-11 -4.56261e-08 -1.6775e-12 6.76754e-08 -9.7517e-09 -1.16786e-11
852 1.75 200 0 -5.52663e-11 2.1594e-07 -3.30481e-11 9.72822e-08 1.50859e-07 5.18253e-11 1.29242e-11 -4.49712e-08 -2.54209e-12 6.69937e-08 -9.61313e-09 -1.14304e-11
852 1.76 200 0 -5.40401e-11 2.14348e-07 -3.20073e-11 9.62326e-08 1.49855e-07 4.99221e-11 1.29226e-11 -4.43396e-08 -3.36416e-12 6.63338e-08 -9.4792e-09 -1.11366e-11
852 1.77 200 0 -5.2952e-11 2.12814e-07 -3.09175e-11 9.52225e-08 1.48896e-07 4.81344e-11 1.2799e-11 -4.37298e-08 -4.20213e-12 6.5694e-08 -9.34958e-09 -1.07346e-11
852 1.78 200 0 -5.20394e-11 2.11334e-07 -2.96882e-11 9.4249e-08 1.47979e-07 4.64062e-11 1.25118e-11 -4.31401e-08 -5.14134e-12 6.50731e-08 -9.2239e-09 -1.00841e-11
852 1.79 200 0 -4.9848e-11 2.09902e-07 -2.7997e-11 9.33087e-08 1.47097e-07 4.23778e-11 1.34096e-11 -4.25712e-08 -7.45171e-12 6.44722e-08 -9.10268e-09 -8.96006e-12
852 1.8 200 0 -4.78911e-11 2.08518e-07 -2.67559e-11 9.24009e-08 1.46252e-07 3.97016e-11 1.37538e-11 -4.20196e-08 -8.4177e-12 6.3887e-08 -8.98482e-09 -8.6241e-12
852 1.81 200 0 -4.631e-11 2.07179e-07 -2.56529e-11 9.15233e-08 1.45442e-07 3.76772e-11 1.3775e-11 -4.14845e-08 -8.99259e-12 6.33167e-08 -8.87033e-09 -8.29084e-12
852 1.82 200 0 -4.50194e-11 2.0588e-07 -2.46803e-11 9.0674e-08 1.44663e-07 3.61294e-11 1.35925e-11 -4.09652e-08 -9.3096e-12 6.27607e-08 -8.75902e-09 -7.94154e-12
852 1.83 200 0 -4.38714e-11 2.04619e-07 -2.37877e-11 8.98511e-08 1.43913e-07 3.48115e-11 1.3338e-11 -4.04607e-08 -9.50807e-12 6.22183e-08 -8.65078e-09 -7.59339e-12
852 1.84 200 0 -4.28612e-11 2.03395e-07 -2.29785e-11 8.90531e-08 1.4319e-07 3.37018e-11 1.30317e-11 -3.99703e-08 -9.61266e-12 6.16887e-08 -8.54546e-09 -7.24936e-12
852 1.85 200 0 -4.19806e-11 2.02204e-07 -2.22405e-11 8.82785e-08 1.42493e-07 3.27669e-11 1.26892e-11 -3.94932e-08 -9.65421e-12 6.11711e-08 -8.44289e-09 -6.90499e-12
852 1.86 200 0 -4.12339e-11 2.01045e-07 -2.15767e-11 8.7526e-08 1.41819e-07 3.19923e-11 1.23272e-11 -3.90288e-08 -9.65561e-12 6.0665e-08 -8.34293e-09 -6.5628e-12
852 1.87 200 0 -4.06268e-11 1.99915e-07 -2.09732e-11 8.67943e-08 1.41167e-07 3.1348e-11 1.19611e-11 -3.85763e-08 -9.65218e-12 6.01698e-08 -8.24545e-09 -6.22337e-12
852 1.88 200 0 -4.01984e-11 1.98814e-07 -2.04136e-11 8.60823e-08 1.40535e-07 3.08405e-11 1.15886e-11 -3.81353e-08 -9.66765e-12 5.96848e-08 -8.1503e-09 -5.89036e-12
852 1.89 200 0 -3.99551e-11 1.97739e-07 -1.98335e-11 8.53889e-08 1.39923e-07 3.0448e-11 1.11988e-11 -3.7705e-08 -9.72031e-12 5.92097e-08 -8.05742e-09 -5.58182e-12
852 1.9 200 0 -3.9641e-11 1.96689e-07 -1.93414e-11 8.4713e-08 1.39329e-07 3.0101e-11 1.0858e-11 -3.72851e-08 -9.6819e-12 5.87439e-08 -7.96673e-09 -5.34716e-12
852 1.91 200 0 -3.93083e-11 1.95662e-07 -1.8907e-11 8.40537e-08 1.38752e-07 2.97734e-11 1.05434e-11 -3.68751e-08 -9.61814e-12 5.82869e-08 -7.8781e-09 -5.12793e-12
852 1.92 200 0 -3.90094e-11 1.94658e-07 -1.84886e-11 8.34103e-08 1.3819e-07 2.94752e-11 1.02341e-11 -3.64744e-08 -9.55804e-12 5.78383e-08 -7.79144e-09 -4.91005e-12
852 1.93 200 0 -3.87435e-11 1.93674e-07 -1.8085e-11 8.27819e-08 1.37643e-07 2.9206e-11 9.92872e-12 -3.60826e-08 -9.50091e-12 5.73977e-08 -7.70667e-09 -4.69281e-12
852 1.94 200 0 -3.85107e-11 1.92711e-07 -1.76948e-11 8.21677e-08 1.3711e-07 2.89657e-11 9.62595e-12 -3.56993e-08 -9.44631e-12 5.69647e-08 -7.6237e-09 -4.47527e-12
852 1.95 200 0 -3.83121e-11 1.91766e-07 -1.73166e-11 8.15671e-08 1.36591e-07 2.87549e-11 9.32403e-12 -3.53242e-08 -9.39406e-12 5.65389e-08 -7.54245e-09 -4.2561e-12
852 1.96 200 0 -3.81501e-11 1.90838e-07 -1.69485e-11 8.09794e-08 1.36083e-07 2.85747e-11 9.02067e-12 -3.49569e-08 -9.34424e-12 5.61201e-08 -7.46287e-09 -4.03331e-12
852 1.97 200 0 -3.80297e-11 1.89928e-07 -1.65883e-11 8.04039e-08 1.35587e-07 2.84285e-11 8.71239e-12 -3.4597e-08 -9.29724e-12 5.5708e-08 -7.38487e-09 -3.80375e-12
852 1.98 200 0 -3.79617e-11 1.89034e-07 -1.62322e-11 7.98402e-08 1.35102e-07 2.83231e-11 8.39296e-12 -3.42444e-08 -9.25408e-12 5.53023e-08 -7.3084e-09 -3.56156e-12
852 1.99 200 0 -3.79745e-11 1.88155e-07 -1.58721e-11 7.92877e-08 1.34627e-07 2.82773e-11 8.04759e-12 -3.38986e-08 -9.21754e-12 5.49026e-08 -7.23339e-09 -3.29267e-12
852 2 200 0 -3.83673e-11 1.8729e-07 -1.54331e-11 7.87458e-08 1.34161e-07 2.84927e-11 7.52982e-12 -3.35593e-08 -9.21786e-12 5.45088e-08 -7.15978e-09 -2.85725e-12
