852 0 250 0 0 0 0 0 -1.03746e-07 -2.60379e-08 -1.41657e-20 -5.94555e-20 1.06445e-07 6.15978e-08 0 0
852 0.01 250 0 -9.63484e-11 2.98321e-09 2.04376e-22 7.00221e-22 -1.03727e-07 -2.60031e-08 -1.70336e-20 -6.61417e-20 1.0644e-07 6.15753e-08 -6.75647e-23 -1.69891e-22
852 0.02 250 0 -1.92469e-10 5.96469e-09 1.04516e-22 1.29268e-21 -1.0367e-07 -2.58987e-08 1.81923e-21 -6.57191e-20 1.06427e-07 6.1508e-08 3.47044e-23 -3.45593e-22
852 0.03 250 0 -2.88141e-10 8.94274e-09 8.27649e-23 1.85086e-21 -1.03574e-07 -2.57243e-08 -2.13816e-20 -6.02899e-20 1.06405e-07 6.13952e-08 2.61047e-23 -8.13388e-22
852 0.04 250 0 -3.83158e-10 1.19156e-08 7.2326e-22 2.96503e-21 -1.03439e-07 -2.54813e-08 -2.70529e-20 -6.14447e-20 1.06373e-07 6.1238e-08 -9.16485e-22 -7.98262e-22
852 0.05 250 0 -4.77331e-10 1.48815e-08 -1.18965e-22 4.03815e-21 -1.03266e-07 -2.51692e-08 -2.57078e-20 -6.26913e-20 1.06332e-07 6.10359e-08 -7.21583e-22 -8.94631e-22
852 0.06 250 0 -5.70498e-10 1.78388e-08 1.5832e-21 3.7854e-21 -1.03053e-07 -2.47885e-08 -1.75691e-20 -5.11264e-20 1.06282e-07 6.07888e-08 6.21978e-22 -1.30028e-21
852 0.07 250 0 -6.62533e-10 2.07858e-08 9.39532e-22 4.64506e-21 -1.028e-07 -2.43394e-08 -1.20504e-20 -5.41335e-20 1.0622e-07 6.04968e-08 -4.06566e-22 -1.68065e-21
852 0.08 250 0 -7.53344e-10 2.37206e-08 8.21657e-22 5.53479e-21 -1.02506e-07 -2.38225e-08 -1.33442e-20 -5.98343e-20 1.06148e-07 6.01597e-08 -1.79931e-22 -1.97534e-21
852 0.09 250 0 -8.42892e-10 2.66416e-08 2.61657e-21 5.67376e-21 -1.02171e-07 -2.32383e-08 -2.28842e-20 -5.70238e-20 1.06064e-07 5.97777e-08 -7.33583e-22 -2.14412e-21
852 0.1 250 0 -9.31186e-10 2.9547e-08 1.77029e-21 6.21373e-21 -1.01793e-07 -2.25875e-08 -1.42955e-20 -5.33965e-20 1.05968e-07 5.93507e-08 1.14791e-22 -1.99185e-21
852 0.11 250 0 -1.0183e-09 3.24351e-08 2.88411e-22 7.33981e-21 -1.01372e-07 -2.18708e-08 -1.22951e-20 -6.23338e-20 1.05858e-07 5.88786e-08 -1.08884e-21 -2.30759e-21
852 0.12 250 0 -1.10426e-09 3.53041e-08 1.83158e-21 5.76286e-21 -1.00908e-07 -2.10883e-08 1.58405e-21 -5.5654e-20 1.05735e-07 5.83612e-08 2.42883e-21 -2.9063e-21
852 0.13 250 0 -1.18949e-09 3.81523e-08 4.83862e-22 9.16919e-21 -1.00397e-07 -2.02423e-08 -1.04294e-20 -6.19812e-20 1.05596e-07 5.77993e-08 -1.61576e-21 -3.12635e-21
852 0.14 250 0 -1.27415e-09 4.09781e-08 1.64879e-21 1.00073e-20 -9.98379e-08 -1.93325e-08 -1.68439e-20 -5.7421e-20 1.0544e-07 5.71919e-08 -3.94203e-25 -2.89464e-21
852 0.15 250 0 -1.35868e-09 4.37796e-08 2.37446e-22 8.76139e-21 -9.92309e-08 -1.83614e-08 4.67093e-21 -6.16927e-20 1.05267e-07 5.65403e-08 6.84589e-22 -4.78013e-21
852 0.16 250 0 -1.44353e-09 4.65551e-08 4.71364e-23 9.97032e-21 -9.85742e-08 -1.73295e-08 -1.08409e-20 -6.18349e-20 1.05075e-07 5.5844e-08 -1.22767e-21 -2.7303e-21
852 0.17 250 0 -1.52927e-09 4.9303e-08 3.66564e-21 1.20513e-20 -9.78663e-08 -1.62382e-08 -1.78174e-20 -5.88559e-20 1.04862e-07 5.51032e-08 -1.90999e-21 -3.38898e-21
852 0.18 250 0 -1.61643e-09 5.20216e-08 5.2929e-21 1.26934e-20 -9.71076e-08 -1.50883e-08 -2.27898e-20 -5.50499e-20 1.04628e-07 5.43177e-08 -6.8214e-22 -3.82762e-21
852 0.19 250 0 -1.70608e-09 5.47093e-08 2.01653e-21 1.08834e-20 -9.62923e-08 -1.38821e-08 -3.55057e-21 -5.8051e-20 1.0437e-07 5.34881e-08 4.86906e-22 -4.927e-21
852 0.2 250 0 -1.79908e-09 5.73644e-08 8.98493e-22 1.33558e-20 -9.54211e-08 -1.26221e-08 -4.59432e-21 -6.37304e-20 1.04087e-07 5.26153e-08 -2.28116e-21 -4.47289e-21
852 0.21 250 0 -1.89698e-09 5.99853e-08 2.67491e-21 1.1234e-20 -9.44921e-08 -1.13112e-08 -9.38902e-22 -5.69288e-20 1.03776e-07 5.17004e-08 3.50987e-21 -6.26208e-21
852 0.22 250 0 -1.99991e-09 6.25706e-08 2.36208e-21 1.47958e-20 -9.35038e-08 -9.94818e-09 -1.33566e-20 -6.20412e-20 1.03436e-07 5.07416e-08 -5.49787e-21 -5.15707e-21
852 0.23 250 0 -2.1094e-09 6.51189e-08 5.80664e-21 1.2786e-20 -9.2456e-08 -8.53551e-09 -4.26784e-21 -5.27948e-20 1.03067e-07 4.97396e-08 3.33521e-21 -5.24844e-21
852 0.24 250 0 -2.22753e-09 6.76285e-08 4.29599e-21 1.24238e-20 -9.13436e-08 -7.07834e-09 -3.60837e-21 -5.8675e-20 1.02663e-07 4.86969e-08 8.63654e-22 -6.8077e-21
852 0.25 250 0 -2.35562e-09 7.00982e-08 3.6375e-21 1.43091e-20 -9.01665e-08 -5.57791e-09 -5.74653e-21 -6.25914e-20 1.02225e-07 4.76135e-08 4.53605e-22 -6.1886e-21
852 0.26 250 0 -2.49505e-09 7.25269e-08 3.2197e-21 1.84333e-20 -8.89247e-08 -4.03565e-09 -1.64801e-20 -6.09692e-20 1.01749e-07 4.64893e-08 -3.69494e-21 -3.7629e-21
852 0.27 250 0 -2.64852e-09 7.49133e-08 6.56971e-21 1.13534e-20 -8.76132e-08 -2.45717e-09 -6.28828e-21 -5.17042e-20 1.01234e-07 4.53272e-08 2.35874e-21 -7.96861e-21
852 0.28 250 0 -2.81775e-09 7.72565e-08 4.82038e-21 1.81762e-20 -8.6232e-08 -8.44301e-10 -1.8561e-20 -5.60825e-20 1.00676e-07 4.41275e-08 -6.22415e-22 -3.92514e-21
852 0.29 250 0 -3.00451e-09 7.95556e-08 1.45921e-21 1.92969e-20 -8.47813e-08 8.00919e-10 -1.14037e-20 -6.13257e-20 1.00074e-07 4.28906e-08 -4.31876e-21 -6.52777e-21
852 0.3 250 0 -3.21215e-09 8.18098e-08 2.35129e-21 2.32711e-20 -8.32563e-08 2.47234e-09 -1.741e-20 -6.27145e-20 9.9424e-08 4.16198e-08 -6.60598e-21 -5.39743e-21
852 0.31 250 0 -3.44279e-09 8.40185e-08 4.07321e-21 1.51059e-20 -8.16572e-08 4.16748e-09 -5.20017e-21 -5.43964e-20 9.87245e-08 4.03159e-08 3.057e-21 -1.03825e-20
852 0.32 250 0 -3.69937e-09 8.61818e-08 5.08672e-21 1.90531e-20 -7.99848e-08 5.88218e-09 -5.58621e-21 -6.14288e-20 9.79714e-08 3.89812e-08 -2.35401e-21 -8.48677e-21
852 0.33 250 0 -3.98433e-09 8.82988e-08 2.49121e-21 1.4504e-20 -7.82343e-08 7.61275e-09 -1.29252e-21 -5.67912e-20 9.71645e-08 3.76173e-08 1.02837e-21 -1.10289e-20
852 0.34 250 0 -4.30026e-09 9.03702e-08 1.37471e-21 1.7e-20 -7.64083e-08 9.35584e-09 -7.62557e-23 -5.52453e-20 9.63001e-08 3.62257e-08 8.73671e-22 -1.04078e-20
852 0.35 250 0 -4.65159e-09 9.23959e-08 5.8994e-21 1.81188e-20 -7.4503e-08 1.11044e-08 -1.0754e-20 -5.75079e-20 9.53752e-08 3.4811e-08 -1.4029e-21 -9.90365e-21
852 0.36 250 0 -5.04068e-09 9.43767e-08 4.22711e-21 2.46606e-20 -7.25191e-08 1.28557e-08 -1.03158e-20 -5.84455e-20 9.43873e-08 3.33744e-08 -6.52374e-21 -7.48567e-21
852 0.37 250 0 -5.47104e-09 9.63134e-08 -1.70386e-22 1.16195e-20 -7.04591e-08 1.46036e-08 1.40519e-20 -5.45643e-20 9.33342e-08 3.19201e-08 5.76307e-21 -1.56666e-20
852 0.38 250 0 -5.94643e-09 9.82074e-08 9.29586e-21 3.26203e-20 -6.83186e-08 1.63438e-08 -2.50522e-20 -6.15444e-20 9.22129e-08 3.04507e-08 -1.29534e-20 -2.07674e-21
852 0.39 250 0 -6.47009e-09 1.0006e-07 2.69653e-21 2.49815e-20 -6.61027e-08 1.80702e-08 -9.94923e-21 -5.71991e-20 9.10215e-08 2.89708e-08 -5.6845e-21 -1.09054e-20
852 0.4 250 0 -7.04635e-09 1.01874e-07 5.64688e-21 2.48507e-20 -6.38097e-08 1.97773e-08 -1.65779e-20 -5.84665e-20 8.97562e-08 2.74845e-08 -1.05155e-20 -5.89873e-21
852 0.41 250 0 -7.67779e-09 1.0365e-07 3.95559e-21 2.6439e-20 -6.14388e-08 2.14612e-08 -5.65972e-21 -5.56104e-20 8.84171e-08 2.59944e-08 -3.8755e-21 -1.01149e-20
852 0.42 250 0 -8.36829e-09 1.05393e-07 5.89511e-21 1.56782e-20 -5.8996e-08 2.31145e-08 4.35464e-21 -5.5305e-20 8.70017e-08 2.4507e-08 4.01678e-21 -1.66123e-20
852 0.43 250 0 -9.12167e-09 1.07104e-07 9.3764e-21 1.83317e-20 -5.64788e-08 2.4733e-08 -7.23447e-21 -5.11095e-20 8.55075e-08 2.30259e-08 3.96346e-21 -1.48588e-20
852 0.44 250 0 -9.94055e-09 1.08789e-07 2.83392e-21 2.40983e-20 -5.38936e-08 2.63104e-08 -1.29776e-20 -5.93604e-20 8.39338e-08 2.15569e-08 -6.90192e-21 -8.95493e-21
852 0.45 250 0 -1.08288e-08 1.1045e-07 8.28905e-21 3.06307e-20 -5.12418e-08 2.78408e-08 -1.31022e-20 -6.39316e-20 8.22792e-08 2.01058e-08 -1.09293e-20 -8.79174e-21
852 0.46 250 0 -1.17919e-08 1.12093e-07 1.38046e-20 2.36773e-20 -4.85266e-08 2.93163e-08 -2.52605e-20 -5.21707e-20 8.05417e-08 1.86805e-08 -6.00254e-21 -1.23316e-20
852 0.47 250 0 -1.28281e-08 1.13722e-07 6.96558e-21 1.51704e-20 -4.57526e-08 3.0736e-08 3.91287e-21 -4.78248e-20 7.87234e-08 1.72833e-08 3.68654e-21 -2.13599e-20
852 0.48 250 0 -1.39421e-08 1.15344e-07 9.43177e-21 1.87593e-20 -4.29241e-08 3.2092e-08 -1.0357e-20 -5.40182e-20 7.68232e-08 1.59227e-08 -2.61131e-22 -1.77107e-20
852 0.49 250 0 -1.51361e-08 1.16965e-07 1.17057e-20 3.09807e-20 -4.00464e-08 3.33792e-08 -2.2209e-20 -6.00142e-20 7.48415e-08 1.46056e-08 -1.15039e-20 -9.09857e-21
852 0.5 250 0 -1.64118e-08 1.18591e-07 -5.04037e-21 1.575e-20 -3.7125e-08 3.45927e-08 1.61466e-21 -4.91472e-20 7.27796e-08 1.33391e-08 1.54838e-21 -2.029e-20
852 0.51 250 0 -1.77703e-08 1.20229e-07 1.30193e-20 3.27128e-20 -3.41664e-08 3.57278e-08 -2.00585e-20 -5.7153e-20 7.06392e-08 1.21305e-08 -1.57289e-20 -5.16528e-21
852 0.52 250 0 -1.92134e-08 1.21889e-07 7.13205e-21 1.59166e-20 -3.11783e-08 3.67795e-08 -1.21355e-20 -5.0527e-20 6.84218e-08 1.09885e-08 -4.81833e-22 -2.60144e-20
852 0.53 250 0 -2.07386e-08 1.23576e-07 1.47177e-20 1.74376e-20 -2.81666e-08 3.77458e-08 -1.56114e-20 -4.86901e-20 6.61323e-08 9.91855e-09 -4.89135e-21 -1.93222e-20
852 0.54 250 0 -2.23463e-08 1.25301e-07 1.6868e-20 1.87233e-20 -2.51402e-08 3.86225e-08 -2.05942e-20 -4.61013e-20 6.37738e-08 8.92956e-09 -7.09904e-21 -2.34124e-20
852 0.55 250 0 -2.40347e-08 1.27072e-07 8.76232e-21 3.77891e-20 -2.21076e-08 3.9407e-08 -1.49001e-20 -6.84426e-20 6.13511e-08 8.02939e-09 -2.02281e-20 -2.73176e-21
852 0.56 250 0 -2.58013e-08 1.28898e-07 1.1456e-20 1.8464e-20 -1.90774e-08 4.00974e-08 -1.55134e-20 -4.75722e-20 5.88684e-08 7.22598e-09 -9.02666e-21 -1.88284e-20
852 0.57 250 0 -2.76416e-08 1.30789e-07 2.19695e-20 2.28763e-20 -1.60601e-08 4.06926e-08 -2.79505e-20 -4.86727e-20 5.6335e-08 6.52694e-09 -1.38777e-20 -1.2336e-20
852 0.58 250 0 -2.95512e-08 1.32756e-07 1.49811e-20 1.90715e-20 -1.30653e-08 4.1192e-08 -1.69323e-20 -4.48046e-20 5.37571e-08 5.93996e-09 -8.49851e-21 -1.9152e-20
852 0.59 250 0 -3.15217e-08 1.34806e-07 5.57874e-21 9.37495e-21 -1.01033e-08 4.15965e-08 -1.04632e-20 -4.09723e-20 5.11438e-08 5.47152e-09 -6.71115e-21 -2.84387e-20
852 0.6 250 0 -3.35507e-08 1.36953e-07 2.23964e-20 2.31112e-20 -7.18531e-09 4.19069e-08 -2.5161e-20 -4.95484e-20 4.85035e-08 5.13129e-09 -1.3476e-20 -1.68143e-20
852 0.61 250 0 -3.56246e-08 1.39203e-07 1.28506e-20 1.50632e-20 -4.3191e-09 4.21269e-08 -1.40892e-20 -4.1166e-20 4.58483e-08 4.92232e-09 -1.25802e-20 -2.25582e-20
852 0.62 250 0 -3.77331e-08 1.41566e-07 8.66169e-21 1.43046e-20 -1.51945e-09 4.22591e-08 -1.82185e-20 -4.09764e-20 4.31911e-08 4.85243e-09 -1.23742e-20 -2.17724e-20
852 0.63 250 0 -3.98655e-08 1.44053e-07 5.95885e-21 1.09239e-20 1.20426e-09 4.23086e-08 -8.70551e-21 -3.44269e-20 4.05444e-08 4.92692e-09 -1.21161e-20 -3.32854e-20
852 0.64 250 0 -4.20106e-08 1.46673e-07 2.30262e-20 2.22841e-20 3.8419e-09 4.22817e-08 -2.72838e-20 -4.11321e-20 3.79212e-08 5.15105e-09 -2.02074e-20 -1.53986e-20
852 0.65 250 0 -4.41477e-08 1.49431e-07 2.14778e-20 3.43837e-20 6.3813e-09 4.21852e-08 -3.67921e-20 -4.79912e-20 3.5341e-08 5.52683e-09 -2.17008e-20 -1.07637e-21
852 0.66 250 0 -4.62619e-08 1.52336e-07 -3.78931e-21 1.34798e-20 8.81283e-09 4.20278e-08 -4.78648e-21 -3.47286e-20 3.28194e-08 6.05743e-09 -1.57238e-20 -2.22384e-20
852 0.67 250 0 -4.83342e-08 1.55393e-07 1.83026e-20 2.0067e-20 1.11275e-08 4.18192e-08 -1.70391e-20 -3.22721e-20 3.03735e-08 6.744e-09 -2.41705e-20 -1.88354e-20
852 0.68 250 0 -5.03405e-08 1.58606e-07 2.64665e-20 7.53437e-21 1.33127e-08 4.15705e-08 -3.8534e-20 -2.9815e-20 2.80282e-08 7.58598e-09 -2.43859e-20 -2.01745e-20
852 0.69 250 0 -5.2261e-08 1.61978e-07 3.18465e-20 2.49062e-20 1.53651e-08 4.12943e-08 -4.10673e-20 -3.47853e-20 2.57999e-08 8.58106e-09 -2.16349e-20 4.89174e-22
852 0.7 250 0 -5.40676e-08 1.6551e-07 7.21457e-21 1.98929e-20 1.7272e-08 4.10046e-08 -1.7746e-20 -3.9997e-20 2.37149e-08 9.72609e-09 -2.51213e-20 -1.43624e-20
852 0.71 250 0 -5.57324e-08 1.692e-07 -1.53073e-20 1.13876e-20 1.90291e-08 4.07159e-08 -1.12967e-21 -3.59078e-20 2.17979e-08 1.10139e-08 -2.38716e-20 -2.36087e-20
852 0.72 250 0 -5.72257e-08 1.73044e-07 -2.85111e-20 5.40252e-21 2.06314e-08 4.04444e-08 2.33681e-20 -3.65854e-20 2.00738e-08 1.24363e-08 -3.51118e-20 -3.90634e-20
852 0.73 250 0 -5.85157e-08 1.77036e-07 3.22299e-20 1.77072e-20 2.20731e-08 4.02096e-08 -4.59389e-20 -3.08891e-20 1.85712e-08 1.39824e-08 -2.85325e-20 2.25924e-21
852 0.74 250 0 -5.95638e-08 1.81164e-07 -2.16008e-20 1.0256e-20 2.33516e-08 4.00276e-08 -3.03001e-21 -2.01404e-20 1.73219e-08 1.56364e-08 -3.22496e-20 -2.16347e-20
852 0.75 250 0 -6.03349e-08 1.85414e-07 4.30315e-21 2.89757e-20 2.44658e-08 3.99222e-08 -2.00952e-20 -4.31252e-20 1.63562e-08 1.7381e-08 -2.34877e-20 1.3909e-21
852 0.76 250 0 -6.07854e-08 1.89765e-07 9.17261e-21 6.72436e-21 2.54165e-08 3.99121e-08 -2.27514e-20 -3.19417e-20 1.571e-08 1.91925e-08 -2.68704e-20 -8.95216e-22
852 0.77 250 0 -6.08736e-08 1.94197e-07 1.49103e-20 2.08826e-20 2.62079e-08 4.0022e-08 -3.01675e-20 -3.23635e-20 1.54171e-08 2.10453e-08 -2.60542e-20 -1.03398e-25
852 0.78 250 0 -6.05513e-08 1.98677e-07 3.84338e-20 -3.20408e-21 2.68449e-08 4.02784e-08 -4.64123e-20 -5.47798e-21 1.55178e-08 2.29048e-08 -3.09232e-20 2.06195e-21
852 0.79 250 0 -5.97663e-08 2.03173e-07 3.59926e-20 4.78297e-21 2.73369e-08 4.0707e-08 -5.99805e-20 -8.97033e-21 1.60543e-08 2.47346e-08 -2.55223e-20 1.25508e-20
852 0.8 250 0 -5.84627e-08 2.07674e-07 3.8144e-20 3.0858e-21 2.76992e-08 4.13484e-08 -4.89345e-20 3.20333e-21 1.70722e-08 2.65076e-08 -3.23201e-20 1.2331e-20
852 0.81 250 0 -5.65815e-08 2.11992e-07 -6.06889e-20 2.02537e-20 2.79496e-08 4.21962e-08 3.69962e-20 -2.2544e-20 1.8617e-08 2.80789e-08 -5.11308e-20 -1.53356e-20
852 0.82 250 0 -5.40921e-08 2.16122e-07 -3.42572e-20 1.19463e-20 2.81103e-08 4.32916e-08 1.66043e-20 -1.37597e-20 2.07155e-08 2.94183e-08 -4.10676e-20 1.58767e-21
852 0.83 250 0 -5.08947e-08 2.19984e-07 -1.19738e-20 5.6575e-21 2.82108e-08 4.46714e-08 -1.16836e-20 -6.40796e-21 2.34361e-08 3.04491e-08 -3.38814e-20 7.33461e-21
852 0.84 250 0 -4.69107e-08 2.23459e-07 3.46018e-20 -6.29836e-21 2.82863e-08 4.63642e-08 -4.40635e-20 -1.6136e-21 2.68373e-08 3.10538e-08 -2.61664e-20 2.22393e-20
852 0.85 250 0 -4.20873e-08 2.26392e-07 4.67316e-21 1.07884e-20 2.83796e-08 4.83923e-08 -6.33651e-21 -1.06212e-20 3.09615e-08 3.10855e-08 -2.48357e-20 1.02005e-20
852 0.86 250 0 -3.63595e-08 2.28601e-07 -5.09739e-20 2.8323e-20 2.85522e-08 5.07837e-08 2.02209e-20 -1.17046e-20 3.58501e-08 3.03663e-08 -3.66647e-20 1.49047e-20
852 0.87 250 0 -2.96678e-08 2.2985e-07 -1.51443e-20 5.74249e-21 2.88761e-08 5.35586e-08 3.07406e-21 3.26088e-21 4.15371e-08 2.8671e-08 -2.8224e-20 2.26427e-20
852 0.88 250 0 -2.19769e-08 2.29844e-07 -2.70565e-20 2.63511e-20 2.94515e-08 5.67311e-08 2.36212e-20 -1.51838e-20 4.80251e-08 2.57142e-08 -2.60068e-20 1.7839e-20
852 0.89 250 0 -1.32896e-08 2.28204e-07 -7.7333e-20 6.79825e-20 3.04023e-08 6.02967e-08 6.17005e-20 -2.9875e-20 5.52734e-08 2.11332e-08 -3.6789e-20 1.36703e-20
852 0.9 250 0 -3.68579e-09 2.24451e-07 -2.53915e-20 1.9295e-20 3.18879e-08 6.42215e-08 7.11081e-21 5.56879e-21 6.31548e-08 1.44708e-08 -8.52937e-21 4.13756e-21
852 0.91 250 0 6.61165e-09 2.1799e-07 -4.18266e-20 4.25052e-20 3.41181e-08 6.84182e-08 4.5594e-20 -3.01042e-20 7.13853e-08 5.16472e-09 -2.17101e-20 6.97313e-21
852 0.92 250 0 1.71426e-08 2.08116e-07 -5.57876e-20 5.73575e-20 3.73426e-08 7.27067e-08 5.82016e-20 -3.59113e-20 7.94307e-08 -7.44164e-09 -2.32e-20 1.7293e-20
852 0.93 250 0 2.70532e-08 1.94076e-07 -5.17401e-20 4.84379e-20 4.18421e-08 7.67544e-08 6.47748e-20 -4.31295e-20 8.6347e-08 -2.40246e-08 -1.58572e-20 2.59002e-20
852 0.94 250 0 3.48914e-08 1.75277e-07 -5.51016e-20 6.93105e-20 4.78789e-08 7.99878e-08 6.72586e-20 -4.68883e-20 9.05776e-08 -4.50604e-08 -1.34972e-20 1.44261e-20
852 0.95 250 0 3.84757e-08 1.51749e-07 -8.1451e-20 1.41735e-19 5.55404e-08 8.15097e-08 1.02832e-19 -1.02109e-19 8.98396e-08 -7.03481e-08 -1.8207e-20 1.37386e-20
852 0.96 250 0 3.5094e-08 1.24977e-07 -5.48931e-20 9.92329e-20 6.44849e-08 8.00913e-08 8.10825e-20 -1.05804e-19 8.13479e-08 -9.81786e-08 -1.596e-20 1.15543e-20
852 0.97 250 0 2.2633e-08 9.88667e-08 -4.43996e-20 8.02878e-20 7.36295e-08 7.44093e-08 6.6496e-20 -7.62922e-20 6.29624e-08 -1.24424e-07 -7.66259e-21 2.95582e-21
852 0.98 250 0 2.03132e-09 7.98563e-08 -4.90994e-20 9.98752e-20 8.11697e-08 6.35682e-08 6.88353e-20 -9.17655e-20 3.55454e-08 -1.42572e-07 -1.32814e-20 -2.40063e-22
852 0.99 250 0 -1.96191e-08 7.51891e-08 -1.65439e-20 9.96188e-20 8.56445e-08 4.70764e-08 2.93212e-20 -1.08733e-19 5.50531e-09 -1.45731e-07 -5.91434e-21 4.62009e-21
852 1 250 0 -2.69739e-10 1.24668e-07 -3.68793e-20 2.01772e-19 1.14782e-07 2.42808e-10 5.46089e-20 -3.30279e-19 -2.98079e-11 -1.09553e-07 -7.19845e-20 -8.30784e-21
852 1.01 250 0 -2.59279e-10 5.18605e-08 -4.01997e-20 4.68695e-20 4.16966e-08 1.09735e-10 6.44542e-20 -5.81816e-20 -8.71026e-11 -1.40094e-07 -2.29032e-20 -2.02872e-20
852 1.02 250 0 -3.62665e-10 1.9952e-08 -4.42336e-20 1.50769e-19 1.6032e-08 1.42231e-10 7.07523e-20 -1.69295e-19 -1.72165e-10 -1.55263e-07 -3.52621e-20 -2.6393e-20
852 1.03 250 0 -4.93571e-10 -1.94632e-08 -5.0519e-20 9.46607e-20 -1.00942e-08 1.93781e-10 8.07135e-20 -1.10954e-19 -2.73029e-10 -1.77335e-07 -3.38325e-20 -3.24213e-20
852 1.04 250 0 -6.84625e-10 -7.11522e-08 -6.13154e-20 1.92901e-19 -4.09071e-08 2.76889e-10 9.7512e-20 -1.87353e-19 -4.14117e-10 -2.08525e-07 -3.87029e-20 -4.19463e-20
852 1.05 250 0 -1.0007e-09 -1.42139e-07 -7.03143e-20 1.50328e-19 -8.07589e-08 4.21238e-10 1.17488e-19 -1.71076e-19 -6.41262e-10 -2.53062e-07 -5.3004e-20 -5.62305e-20
852 1.06 250 0 -1.55407e-09 -2.4548e-07 -9.60233e-20 1.50036e-19 -1.36809e-07 6.83115e-10 1.54243e-19 -2.45568e-19 -1.03055e-09 -3.19323e-07 -1.23374e-19 -7.24708e-20
852 1.07 250 0 -2.68454e-09 -4.09085e-07 -1.31226e-19 2.76763e-19 -2.23832e-07 1.2302e-09 2.17395e-19 -3.60009e-19 -1.81366e-09 -4.2552e-07 -1.37091e-19 -1.10738e-19
852 1.08 250 0 -5.53744e-09 -7.05839e-07 -1.74063e-19 2.58912e-19 -3.80005e-07 2.63726e-09 2.81514e-19 -3.88866e-19 -3.76366e-09 -6.19452e-07 -2.14657e-19 -1.45492e-19
852 1.09 250 0 -1.64533e-08 -1.40527e-06 -3.76607e-19 3.03107e-19 -7.46131e-07 8.12473e-09 6.17742e-19 -4.13472e-19 -1.11256e-08 -1.07812e-06 -2.29729e-19 -3.29306e-19
852 1.1 250 0 -1.64627e-07 -5.01499e-06 -1.00948e-18 1.01712e-18 -2.63146e-06 8.42973e-08 1.63342e-18 -1.47465e-18 -1.0952e-07 -3.44876e-06 -6.40954e-19 -8.84128e-19
852 1.11 250 0 -1.50625e-07 5.29947e-06 8.51554e-19 7.07815e-19 2.75281e-06 8.05511e-08 -1.40515e-18 -8.61354e-19 -9.71654e-08 3.32756e-06 -4.47838e-19 7.71268e-19
852 1.12 250 0 -1.86939e-08 2.03547e-06 4.66877e-19 -5.24746e-19 1.04836e-06 1.06772e-08 -7.591e-19 8.76221e-19 -1.13913e-08 1.18371e-06 4.87601e-19 4.27178e-19
852 1.13 250 0 -7.14858e-09 1.36359e-06 3.22334e-19 -4.54564e-19 6.97223e-07 4.6464e-09 -5.28511e-19 7.85905e-19 -3.82845e-09 7.4265e-07 4.3402e-19 3.03055e-19
852 1.14 250 0 -3.79971e-09 1.07449e-06 3.26033e-19 -5.9629e-19 5.45889e-07 3.32555e-09 -5.31612e-19 1.01614e-18 -1.28806e-09 5.5306e-07 5.86573e-19 3.09191e-19
852 1.15 250 0 -2.24338e-09 9.14036e-07 3.07979e-19 -3.72824e-19 4.61308e-07 4.31557e-09 -5.29532e-19 6.05133e-19 1.21017e-09 4.48317e-07 3.78777e-19 3.07182e-19
852 1.16 250 0 -7.54385e-10 8.12343e-07 1.40896e-19 -3.17134e-19 4.01587e-07 2.45992e-08 -4.99239e-19 9.6441e-19 1.96317e-08 3.86986e-07 4.39077e-19 2.19721e-19
852 1.17 250 0 -2.84664e-09 7.41916e-07 -5.25995e-19 2.0462e-19 3.56617e-07 3.1262e-08 1.05963e-18 -4.04607e-19 2.32545e-08 3.4775e-07 -1.42801e-19 -5.94222e-19
852 1.18 250 0 -1.6496e-09 6.91097e-07 -2.59675e-19 3.99337e-19 3.44892e-07 3.95416e-09 4.02901e-19 -5.82567e-19 1.67127e-09 3.019e-07 -3.47609e-19 -2.58072e-19
852 1.19 250 0 -1.28562e-09 6.52453e-07 -1.06993e-19 1.71592e-19 3.25737e-07 1.78529e-09 1.75681e-19 -2.61338e-19 2.34887e-10 2.75618e-07 -1.36401e-19 -1.1067e-19
852 1.2 250 0 -1.07606e-09 6.2224e-07 -6.56506e-20 2.09944e-19 3.10375e-07 1.14175e-09 1.03576e-19 -2.74866e-19 -8.42135e-11 2.55384e-07 -1.69995e-19 -6.63796e-20
852 1.21 250 0 -9.34156e-10 5.98059e-07 -3.74908e-20 1.59131e-19 2.98065e-07 8.48584e-10 6.85503e-20 -2.42609e-19 -1.80302e-10 2.3919e-07 -1.53207e-19 -4.33482e-20
852 1.22 250 0 -8.30642e-10 5.78339e-07 -2.35231e-20 2.27704e-20 2.88073e-07 6.82896e-10 4.96856e-20 -4.59845e-20 -2.09838e-10 2.25932e-07 -3.72252e-21 -3.08638e-20
852 1.23 250 0 -7.51402e-10 5.62011e-07 -1.86374e-20 1.19858e-19 2.79861e-07 5.74947e-10 3.47653e-20 -1.43671e-19 -2.16685e-10 2.14888e-07 -8.52778e-20 -2.32418e-20
852 1.24 250 0 -6.88947e-10 5.48321e-07 -1.29139e-20 4.68008e-20 2.73045e-07 4.99961e-10 2.56059e-20 -4.37911e-20 -2.13609e-10 2.05555e-07 -6.32297e-21 -1.73515e-20
852 1.25 250 0 -6.38232e-10 5.36721e-07 -9.76012e-21 5.48938e-20 2.67341e-07 4.43763e-10 1.82793e-20 -4.11311e-20 -2.07288e-10 1.97576e-07 -4.6562e-21 -1.31922e-20
852 1.26 250 0 -5.96398e-10 5.26808e-07 -7.1614e-21 5.34462e-20 2.62537e-07 4.00673e-10 1.71753e-20 -4.94561e-20 -1.99364e-10 1.90681e-07 -8.94617e-21 -1.20825e-20
852 1.27 250 0 -5.61023e-10 5.18273e-07 -5.46347e-21 2.85342e-20 2.5847e-07 3.65816e-10 1.14095e-20 -3.06993e-20 -1.91437e-10 1.84672e-07 6.37549e-22 -8.5186e-21
852 1.28 250 0 -5.30285e-10 5.10878e-07 -3.66732e-21 6.82461e-20 2.55017e-07 3.36279e-10 9.39242e-21 -7.40993e-20 -1.84056e-10 1.79395e-07 -3.36179e-20 -7.1238e-21
852 1.29 250 0 -5.0367e-10 5.04439e-07 -2.40082e-21 8.25361e-20 2.52078e-07 3.11811e-10 6.42119e-21 -8.27817e-20 -1.76749e-10 1.74726e-07 -3.91788e-20 -5.13462e-21
852 1.3 250 0 -4.79187e-10 4.98806e-07 -1.80426e-21 2.98906e-20 2.49574e-07 2.89258e-10 6.42152e-21 -1.77301e-20 -1.70226e-10 1.70572e-07 6.40155e-21 -5.05745e-21
852 1.31 250 0 -4.56286e-10 4.93859e-07 -1.586e-21 8.07539e-20 2.47442e-07 2.68354e-10 5.78056e-21 -6.60302e-20 -1.64048e-10 1.66855e-07 -2.7445e-20 -4.58932e-21
852 1.32 250 0 -4.3003e-10 4.89497e-07 -6.619e-22 2.02457e-20 2.45621e-07 2.42711e-10 3.40987e-21 -8.08197e-21 -1.58734e-10 1.63514e-07 1.11969e-20 -3.07202e-21
852 1.33 250 0 -4.16979e-10 4.85655e-07 -2.04996e-23 4.94807e-20 2.44094e-07 2.34875e-10 2.64676e-21 -4.05496e-20 -1.51236e-10 1.60491e-07 -1.35308e-20 -2.42509e-21
852 1.34 250 0 -4.0547e-10 4.82258e-07 -1.55551e-22 5.25719e-20 2.4281e-07 2.27924e-10 2.35022e-21 -3.95505e-20 -1.4468e-10 1.57748e-07 -9.31819e-21 -2.30535e-21
852 1.35 250 0 -3.95274e-10 4.79251e-07 2.06566e-22 4.74049e-20 2.4174e-07 2.21749e-10 1.417e-21 -4.31562e-20 -1.38899e-10 1.55249e-07 -1.87259e-20 -1.56612e-21
852 1.36 250 0 -3.86205e-10 4.76586e-07 2.56833e-22 4.20307e-20 2.40858e-07 2.16256e-10 1.29149e-21 -3.36186e-20 -1.33768e-10 1.52966e-07 -1.10453e-20 -1.45697e-21
852 1.37 250 0 -3.78108e-10 4.74225e-07 5.01147e-22 4.34301e-20 2.40144e-07 2.11364e-10 5.48681e-22 -3.86859e-20 -1.29184e-10 1.50872e-07 -1.36474e-20 -8.93681e-22
852 1.38 250 0 -3.70854e-10 4.72133e-07 2.58188e-22 4.58707e-20 2.39578e-07 2.07001e-10 9.2885e-22 -4.27425e-20 -1.25068e-10 1.48946e-07 -1.89511e-20 -1.15318e-21
852 1.39 250 0 -3.64338e-10 4.70281e-07 1.95294e-22 5.26176e-20 2.39145e-07 2.03105e-10 1.27493e-21 -4.4528e-20 -1.21353e-10 1.47169e-07 -1.60741e-20 -1.42294e-21
852 1.4 250 0 -3.58468e-10 4.68644e-07 7.62456e-22 3.15625e-20 2.3883e-07 1.99622e-10 -3.42709e-22 -2.65969e-20 -1.17987e-10 1.45525e-07 -8.08155e-21 -1.40477e-22
852 1.41 250 0 -3.53168e-10 4.67199e-07 2.94929e-22 4.43464e-20 2.38623e-07 1.96507e-10 1.9014e-22 -3.30942e-20 -1.14924e-10 1.44001e-07 -8.42277e-21 -4.76945e-22
852 1.42 250 0 -3.48373e-10 4.65928e-07 5.61087e-22 7.44485e-20 2.38513e-07 1.93719e-10 -3.25286e-22 -4.87252e-20 -1.12126e-10 1.42585e-07 -1.79916e-20 -6.23667e-23
852 1.43 250 0 -3.44028e-10 4.64814e-07 6.00805e-22 5.70343e-20 2.3849e-07 1.91226e-10 -2.63132e-22 -3.10583e-20 -1.09562e-10 1.41265e-07 -4.48228e-21 7.06033e-23
852 1.44 250 0 -3.40085e-10 4.63842e-07 2.54036e-22 5.36185e-20 2.38547e-07 1.88999e-10 1.08503e-22 -4.21432e-20 -1.07203e-10 1.40033e-07 -1.58127e-20 -2.1706e-22
852 1.45 250 0 -3.36509e-10 4.62999e-07 6.13396e-23 5.71462e-20 2.38675e-07 1.87016e-10 -1.70427e-23 -3.03147e-20 -1.05027e-10 1.38881e-07 -6.84719e-21 -4.592e-24
