852 0 590 0 -3.33208e-09 -2.01921e-09 9.86525e-09 6.06584e-09 0 0 0 0 0 0 1.13884e-08 5.21124e-09
852 0.01 590 0 -3.32375e-09 -2.01924e-09 9.87002e-09 6.06112e-09 -8.32431e-10 1.32948e-10 -2.97323e-10 -8.2143e-11 7.5634e-10 -5.36485e-11 1.139e-08 5.20569e-09
852 0.02 590 0 -3.2988e-09 -2.01936e-09 9.8843e-09 6.04693e-09 -1.66381e-09 2.68354e-10 -5.94782e-10 -1.63423e-10 1.5122e-09 -1.09676e-10 1.13946e-08 5.18904e-09
852 0.03 590 0 -3.25727e-09 -2.01976e-09 9.90804e-09 6.02319e-09 -2.49308e-09 4.08666e-10 -8.92508e-10 -2.42977e-10 2.26709e-09 -1.70459e-10 1.14023e-08 5.16127e-09
852 0.04 590 0 -3.19918e-09 -2.02069e-09 9.94118e-09 5.9898e-09 -3.31914e-09 5.56323e-10 -1.19062e-09 -3.19937e-10 3.0205e-09 -2.3837e-10 1.14129e-08 5.12234e-09
852 0.05 590 0 -3.12468e-09 -2.0226e-09 9.98361e-09 5.94657e-09 -4.14086e-09 7.13738e-10 -1.48923e-09 -3.93435e-10 3.77184e-09 -3.15778e-10 1.14263e-08 5.07223e-09
852 0.06 590 0 -3.03384e-09 -2.02589e-09 1.00352e-08 5.89327e-09 -4.95707e-09 8.83292e-10 -1.78843e-09 -4.626e-10 4.52053e-09 -4.0503e-10 1.14424e-08 5.01084e-09
852 0.07 590 0 -2.92689e-09 -2.03119e-09 1.00956e-08 5.82967e-09 -5.76651e-09 1.06733e-09 -2.08828e-09 -5.26554e-10 5.26585e-09 -5.08469e-10 1.14609e-08 4.93813e-09
852 0.08 590 0 -2.80401e-09 -2.03924e-09 1.01648e-08 5.75541e-09 -6.56784e-09 1.26815e-09 -2.38883e-09 -5.84416e-10 6.00706e-09 -6.2841e-10 1.14817e-08 4.85399e-09
852 0.09 590 0 -2.66541e-09 -2.05085e-09 1.02424e-08 5.67014e-09 -7.35966e-09 1.48799e-09 -2.69008e-09 -6.35299e-10 6.74327e-09 -7.6715e-10 1.15044e-08 4.75835e-09
852 0.1 590 0 -2.51155e-09 -2.06691e-09 1.03281e-08 5.5735e-09 -8.14044e-09 1.72902e-09 -2.99199e-09 -6.78314e-10 7.47352e-09 -9.26965e-10 1.15288e-08 4.65114e-09
852 0.11 590 0 -2.34267e-09 -2.08845e-09 1.04216e-08 5.46503e-09 -8.90854e-09 1.99335e-09 -3.29451e-09 -7.12562e-10 8.19671e-09 -1.11009e-09 1.15545e-08 4.53223e-09
852 0.12 590 0 -2.15932e-09 -2.11644e-09 1.05223e-08 5.34427e-09 -9.66224e-09 2.28297e-09 -3.5975e-09 -7.37151e-10 8.91161e-09 -1.31869e-09 1.1581e-08 4.40153e-09
852 0.13 590 0 -1.96191e-09 -2.15218e-09 1.06299e-08 5.21067e-09 -1.03996e-08 2.59978e-09 -3.9008e-09 -7.5117e-10 9.61683e-09 -1.55492e-09 1.1608e-08 4.25891e-09
852 0.14 590 0 -1.75116e-09 -2.19689e-09 1.07438e-08 5.06372e-09 -1.11186e-08 2.94556e-09 -4.20416e-09 -7.53722e-10 1.03108e-08 -1.82083e-09 1.16349e-08 4.1043e-09
852 0.15 590 0 -1.52785e-09 -2.25207e-09 1.08634e-08 4.90282e-09 -1.18171e-08 3.32194e-09 -4.50731e-09 -7.43904e-10 1.09919e-08 -2.11843e-09 1.16613e-08 3.93762e-09
852 0.16 590 0 -1.29274e-09 -2.31902e-09 1.0988e-08 4.72735e-09 -1.24927e-08 3.73039e-09 -4.80987e-09 -7.20816e-10 1.16581e-08 -2.44959e-09 1.16865e-08 3.75872e-09
852 0.17 590 0 -1.04685e-09 -2.39916e-09 1.11169e-08 4.53674e-09 -1.3143e-08 4.17227e-09 -5.11141e-09 -6.83571e-10 1.23073e-08 -2.81612e-09 1.171e-08 3.56758e-09
852 0.18 590 0 -7.91234e-10 -2.4941e-09 1.12492e-08 4.33036e-09 -1.37652e-08 4.6487e-09 -5.41142e-09 -6.31286e-10 1.29374e-08 -3.21971e-09 1.1731e-08 3.36415e-09
852 0.19 590 0 -5.27329e-10 -2.60545e-09 1.13839e-08 4.10751e-09 -1.43566e-08 5.16054e-09 -5.70928e-09 -5.63098e-10 1.35456e-08 -3.66184e-09 1.17489e-08 3.14837e-09
852 0.2 590 0 -2.56538e-10 -2.73475e-09 1.15201e-08 3.86762e-09 -1.49142e-08 5.7085e-09 -6.0043e-09 -4.78168e-10 1.41293e-08 -4.14389e-09 1.17628e-08 2.92027e-09
852 0.21 590 0 2.21691e-11 -2.88274e-09 1.16575e-08 3.61041e-09 -1.54346e-08 6.29343e-09 -6.29584e-09 -3.75646e-10 1.46858e-08 -4.66731e-09 1.17721e-08 2.68e-09
852 0.22 590 0 3.01741e-10 -3.05277e-09 1.17931e-08 3.33448e-09 -1.5915e-08 6.91458e-09 -6.58274e-09 -2.54807e-10 1.52114e-08 -5.2325e-09 1.17757e-08 2.42733e-09
852 0.23 590 0 5.82643e-10 -3.24551e-09 1.19265e-08 3.03968e-09 -1.63518e-08 7.57216e-09 -6.86415e-09 -1.14898e-10 1.57028e-08 -5.84041e-09 1.17726e-08 2.16254e-09
852 0.24 590 0 8.62825e-10 -3.46225e-09 1.20562e-08 2.72554e-09 -1.67413e-08 8.26578e-09 -7.13896e-09 4.47747e-11 1.61566e-08 -6.49155e-09 1.17621e-08 1.8858e-09
852 0.25 590 0 1.13954e-09 -3.70467e-09 1.21806e-08 2.39148e-09 -1.70801e-08 8.99441e-09 -7.40596e-09 2.24825e-10 1.65687e-08 -7.18596e-09 1.17429e-08 1.59735e-09
852 0.26 590 0 1.41021e-09 -3.97388e-09 1.2298e-08 2.03718e-09 -1.73643e-08 9.75687e-09 -7.66383e-09 4.258e-10 1.69351e-08 -7.92348e-09 1.17142e-08 1.29749e-09
852 0.27 590 0 1.6718e-09 -4.27102e-09 1.24066e-08 1.66232e-09 -1.75901e-08 1.05514e-08 -7.91113e-09 6.48151e-10 1.72516e-08 -8.7035e-09 1.16746e-08 9.86611e-10
852 0.28 590 0 1.92103e-09 -4.59724e-09 1.25044e-08 1.26659e-09 -1.77536e-08 1.13759e-08 -8.1463e-09 8.92251e-10 1.75136e-08 -9.52499e-09 1.16232e-08 6.65147e-10
852 0.29 590 0 2.15451e-09 -4.95303e-09 1.25894e-08 8.50001e-10 -1.78512e-08 1.22277e-08 -8.36766e-09 1.15833e-09 1.77165e-08 -1.03865e-08 1.15586e-08 3.33675e-10
852 0.3 590 0 2.36847e-09 -5.33905e-09 1.26594e-08 4.12584e-10 -1.78789e-08 1.31037e-08 -8.57344e-09 1.44649e-09 1.78556e-08 -1.12861e-08 1.14798e-08 -7.1071e-12
852 0.31 590 0 2.55893e-09 -5.75533e-09 1.27121e-08 -4.54133e-11 -1.78331e-08 1.40004e-08 -8.76175e-09 1.75672e-09 1.79259e-08 -1.22213e-08 1.13854e-08 -3.5643e-10
852 0.32 590 0 2.72161e-09 -6.2018e-09 1.27449e-08 -5.2361e-10 -1.77103e-08 1.49136e-08 -8.93058e-09 2.08878e-09 1.79227e-08 -1.3189e-08 1.12743e-08 -7.13373e-10
852 0.33 590 0 2.8522e-09 -6.67783e-09 1.27555e-08 -1.02143e-09 -1.75071e-08 1.58384e-08 -9.07783e-09 2.44231e-09 1.78408e-08 -1.41856e-08 1.11451e-08 -1.07694e-09
852 0.34 590 0 2.94599e-09 -7.18245e-09 1.27411e-08 -1.53793e-09 -1.72204e-08 1.67698e-08 -9.20133e-09 2.8167e-09 1.76756e-08 -1.52067e-08 1.09966e-08 -1.44586e-09
852 0.35 590 0 2.99834e-09 -7.71406e-09 1.26991e-08 -2.07201e-09 -1.68476e-08 1.77019e-08 -9.29884e-09 3.21113e-09 1.74221e-08 -1.62473e-08 1.08277e-08 -1.81881e-09
852 0.36 590 0 3.00437e-09 -8.27053e-09 1.26268e-08 -2.62223e-09 -1.63862e-08 1.86285e-08 -9.36804e-09 3.62455e-09 1.70758e-08 -1.73019e-08 1.06372e-08 -2.19431e-09
852 0.37 590 0 2.95907e-09 -8.84923e-09 1.25213e-08 -3.18689e-09 -1.58344e-08 1.95426e-08 -9.40659e-09 4.05562e-09 1.66324e-08 -1.83638e-08 1.04238e-08 -2.57063e-09
852 0.38 590 0 2.85765e-09 -9.44689e-09 1.23799e-08 -3.76397e-09 -1.51908e-08 2.04368e-08 -9.41213e-09 4.50276e-09 1.60878e-08 -1.94261e-08 1.01867e-08 -2.94597e-09
852 0.39 590 0 2.69758e-09 -1.00601e-08 1.22007e-08 -4.3512e-09 -1.44538e-08 2.13036e-08 -9.38246e-09 4.96421e-09 1.54384e-08 -2.04813e-08 9.92508e-09 -3.31826e-09
852 0.4 590 0 2.46911e-09 -1.06829e-08 1.19792e-08 -4.94544e-09 -1.36255e-08 2.21341e-08 -9.31497e-09 5.43743e-09 1.46812e-08 -2.15196e-08 9.63778e-09 -3.6853e-09
852 0.41 590 0 2.1701e-09 -1.13102e-08 1.17139e-08 -5.54364e-09 -1.27057e-08 2.292e-08 -9.2076e-09 5.92001e-09 1.38137e-08 -2.2532e-08 9.32433e-09 -4.04466e-09
852 0.42 590 0 1.79648e-09 -1.19359e-08 1.14022e-08 -6.14215e-09 -1.16961e-08 2.36523e-08 -9.05822e-09 6.40906e-09 1.28344e-08 -2.35086e-08 8.98426e-09 -4.39374e-09
852 0.43 590 0 1.34913e-09 -1.25599e-08 1.10432e-08 -6.73901e-09 -1.05948e-08 2.4319e-08 -8.86426e-09 6.90198e-09 1.17401e-08 -2.44394e-08 8.61709e-09 -4.72944e-09
852 0.44 590 0 8.23131e-10 -1.31716e-08 1.06341e-08 -7.32916e-09 -9.40696e-09 2.49114e-08 -8.62404e-09 7.39496e-09 1.05319e-08 -2.53125e-08 8.22283e-09 -5.04936e-09
852 0.45 590 0 2.09e-10 -1.37539e-08 1.01719e-08 -7.90509e-09 -8.1438e-09 2.54236e-08 -8.3368e-09 7.88313e-09 9.21393e-09 -2.61145e-08 7.80209e-09 -5.35058e-09
852 0.46 590 0 -4.92317e-10 -1.43006e-08 9.65612e-09 -8.46245e-09 -6.80869e-09 2.58452e-08 -8.00101e-09 8.3625e-09 7.78748e-09 -2.68335e-08 7.35528e-09 -5.6297e-09
852 0.47 590 0 -1.28063e-09 -1.48027e-08 9.08617e-09 -8.99582e-09 -5.40795e-09 2.61668e-08 -7.6157e-09 8.82852e-09 6.25619e-09 -2.74569e-08 6.88322e-09 -5.88343e-09
852 0.48 590 0 -2.15672e-09 -1.5248e-08 8.46172e-09 -9.49867e-09 -3.95104e-09 2.63806e-08 -7.18055e-09 9.27603e-09 4.62592e-09 -2.79715e-08 6.38724e-09 -6.10832e-09
852 0.49 590 0 -3.11835e-09 -1.5626e-08 7.78336e-09 -9.96479e-09 -2.44658e-09 2.64784e-08 -6.69546e-09 9.69987e-09 2.90315e-09 -2.83644e-08 5.86899e-09 -6.30092e-09
852 0.5 590 0 -4.16256e-09 -1.59249e-08 7.05222e-09 -1.03875e-08 -9.05354e-10 2.64529e-08 -6.16095e-09 1.00945e-08 1.09658e-09 -2.86224e-08 5.33055e-09 -6.45789e-09
852 0.51 590 0 -5.28334e-09 -1.61339e-08 6.27087e-09 -1.07602e-08 6.62234e-10 2.62976e-08 -5.57819e-09 1.04542e-08 -7.8388e-10 -2.87337e-08 4.7746e-09 -6.57577e-09
852 0.52 590 0 -6.47837e-09 -1.62371e-08 5.44078e-09 -1.10745e-08 2.24028e-09 2.60085e-08 -4.9489e-09 1.07727e-08 -2.72541e-09 -2.86847e-08 4.20401e-09 -6.65118e-09
852 0.53 590 0 -7.73843e-09 -1.62226e-08 4.56638e-09 -1.13234e-08 3.81575e-09 2.55825e-08 -4.27578e-09 1.10439e-08 -4.71403e-09 -2.84648e-08 3.62253e-09 -6.68093e-09
852 0.54 590 0 -9.05322e-09 -1.60802e-08 3.65227e-09 -1.15002e-08 5.3752e-09 2.50156e-08 -3.56171e-09 1.12619e-08 -6.73486e-09 -2.80633e-08 3.03413e-09 -6.66223e-09
852 0.55 590 0 -1.04117e-08 -1.5796e-08 2.70437e-09 -1.1597e-08 6.90226e-09 2.43092e-08 -2.81112e-09 1.14203e-08 -8.76961e-09 -2.74712e-08 2.44357e-09 -6.59232e-09
852 0.56 590 0 -1.17999e-08 -1.5361e-08 1.72942e-09 -1.16075e-08 8.38231e-09 2.34628e-08 -2.02855e-09 1.15134e-08 -1.08e-08 -2.66808e-08 1.85589e-09 -6.46898e-09
852 0.57 590 0 -1.32028e-08 -1.47629e-08 7.3558e-10 -1.15245e-08 9.79817e-09 2.24816e-08 -1.22016e-09 1.15352e-08 -1.28043e-08 -2.56862e-08 1.27694e-09 -6.29033e-09
852 0.58 590 0 -1.46026e-08 -1.3995e-08 -2.68118e-10 -1.13426e-08 1.11349e-08 2.13687e-08 -3.92316e-10 1.14804e-08 -1.47611e-08 -2.44832e-08 7.12771e-10 -6.05513e-09
852 0.59 590 0 -1.598e-08 -1.3048e-08 -1.27105e-09 -1.10558e-08 1.2376e-08 2.01335e-08 4.46934e-10 1.13437e-08 -1.6646e-08 -2.30706e-08 1.70257e-10 -5.76265e-09
852 0.6 590 0 -1.73129e-08 -1.19208e-08 -2.26157e-09 -1.06608e-08 1.35084e-08 1.8782e-08 1.28947e-09 1.11211e-08 -1.84358e-08 -2.14492e-08 -3.436e-10 -5.41307e-09
852 0.61 590 0 -1.858e-08 -1.06039e-08 -3.22717e-09 -1.01524e-08 1.45149e-08 1.73307e-08 2.12505e-09 1.08082e-08 -2.01031e-08 -1.96224e-08 -8.21062e-10 -5.00709e-09
852 0.62 590 0 -1.97559e-08 -9.10093e-09 -4.15385e-09 -9.52947e-09 1.53842e-08 1.57896e-08 2.94358e-09 1.04024e-08 -2.16228e-08 -1.75968e-08 -1.2544e-09 -4.5466e-09
852 0.63 590 0 -2.08149e-08 -7.41322e-09 -5.0264e-09 -8.79108e-09 1.61046e-08 1.41753e-08 3.73334e-09 9.90164e-09 -2.29684e-08 -1.53823e-08 -1.63534e-09 -4.03443e-09
852 0.64 590 0 -2.17299e-08 -5.54575e-09 -5.82868e-09 -7.93809e-09 1.66665e-08 1.25058e-08 4.48177e-09 9.30531e-09 -2.41131e-08 -1.29924e-08 -1.95553e-09 -3.47458e-09
852 0.65 590 0 -2.24737e-08 -3.5089e-09 -6.54385e-09 -6.97367e-09 1.70628e-08 1.0798e-08 5.17581e-09 8.61384e-09 -2.50317e-08 -1.0443e-08 -2.20665e-09 -2.87221e-09
852 0.66 590 0 -2.30181e-08 -1.31472e-09 -7.154e-09 -5.90274e-09 1.7288e-08 9.07289e-09 5.80113e-09 7.82941e-09 -2.56988e-08 -7.75446e-09 -2.38034e-09 -2.2339e-09
852 0.67 590 0 -2.33353e-08 1.0201e-09 -7.64063e-09 -4.73283e-09 1.73401e-08 7.35151e-09 6.34282e-09 6.9559e-09 -2.60904e-08 -4.95042e-09 -2.46849e-09 -1.56767e-09
852 0.68 590 0 -2.33984e-08 3.47249e-09 -7.98497e-09 -3.47479e-09 1.72192e-08 5.65307e-09 6.78549e-09 5.99929e-09 -2.61847e-08 -2.05793e-09 -2.46348e-09 -8.83114e-10
852 0.69 590 0 -2.31805e-08 6.02135e-09 -8.16758e-09 -2.14061e-09 1.69289e-08 4.00395e-09 7.11255e-09 4.96756e-09 -2.59607e-08 8.91799e-10 -2.35811e-09 -1.91414e-10
852 0.7 590 0 -2.26572e-08 8.63449e-09 -8.16944e-09 -7.47583e-10 1.64757e-08 2.42279e-09 7.30771e-09 3.8715e-09 -2.54013e-08 3.8648e-09 -2.14625e-09 4.9445e-10
852 0.71 590 0 -2.18055e-08 1.1278e-08 -7.97169e-09 6.83953e-10 1.58697e-08 9.31753e-10 7.3541e-09 2.725e-09 -2.44913e-08 6.82264e-09 -1.82282e-09 1.15956e-09
852 0.72 590 0 -2.06056e-08 1.39123e-08 -7.55643e-09 2.12946e-09 1.51235e-08 -4.50533e-10 7.23511e-09 1.545e-09 -2.32196e-08 9.72452e-09 -1.3843e-09 1.78722e-09
852 0.73 590 0 -1.90407e-08 1.64939e-08 -6.90698e-09 3.55985e-09 1.42534e-08 -1.70515e-09 6.93441e-09 3.52539e-10 -2.15785e-08 1.25254e-08 -8.29067e-10 2.35863e-09
852 0.74 590 0 -1.70992e-08 1.89723e-08 -6.00908e-09 4.94043e-09 1.32769e-08 -2.81866e-09 6.43687e-09 -8.27112e-10 -1.95649e-08 1.5178e-08 -1.57966e-10 2.8531e-09
852 0.75 590 0 -1.47715e-08 2.12977e-08 -4.85037e-09 6.23225e-09 1.2218e-08 -3.77334e-09 5.7283e-09 -1.96355e-09 -1.71801e-08 1.76307e-08 6.25324e-10 3.24785e-09
852 0.76 590 0 -1.20563e-08 2.34103e-08 -3.42344e-09 7.38878e-09 1.10998e-08 -4.56129e-09 4.79756e-09 -3.02074e-09 -1.44313e-08 1.983e-08 1.51326e-09 3.51837e-09
852 0.77 590 0 -8.95754e-09 2.52473e-08 -1.72613e-09 8.35712e-09 9.94862e-09 -5.1754e-09 3.63703e-09 -3.95608e-09 -1.13314e-08 2.17186e-08 2.49378e-09 3.63846e-09
852 0.78 590 0 -5.4873e-09 2.67413e-08 2.36241e-10 9.07725e-09 8.79146e-09 -5.61383e-09 2.24444e-09 -4.72009e-09 -7.90001e-09 2.32373e-08 3.54929e-09 3.58086e-09
852 0.79 590 0 -1.67314e-09 2.78253e-08 2.44563e-09 9.48289e-09 7.65085e-09 -5.8554e-09 6.30617e-10 -5.25254e-09 -4.16253e-09 2.43177e-08 4.65564e-09 3.3211e-09
852 0.8 590 0 2.45191e-09 2.84062e-08 4.87281e-09 9.50056e-09 6.56152e-09 -5.91953e-09 -1.19002e-09 -5.49161e-09 -1.62966e-10 2.48798e-08 5.78033e-09 2.83188e-09
852 0.81 590 0 6.85642e-09 2.84116e-08 7.48021e-09 9.04633e-09 5.56571e-09 -5.8363e-09 -3.19609e-09 -5.36575e-09 4.05023e-09 2.48735e-08 6.88248e-09 2.08001e-09
852 0.82 590 0 1.14805e-08 2.77585e-08 1.01989e-08 8.03174e-09 4.68734e-09 -5.61757e-09 -5.33689e-09 -4.79205e-09 8.41915e-09 2.42283e-08 7.90866e-09 1.04797e-09
852 0.83 590 0 1.62497e-08 2.63569e-08 1.2932e-08 6.3683e-09 3.95345e-09 -5.28469e-09 -7.53711e-09 -3.68462e-09 1.28691e-08 2.28681e-08 8.79439e-09 -2.77055e-10
852 0.84 590 0 2.10718e-08 2.4114e-08 1.55472e-08 3.96868e-09 3.39045e-09 -4.86794e-09 -9.68894e-09 -1.95609e-09 1.73098e-08 2.07181e-08 9.46305e-09 -1.89241e-09
852 0.85 590 0 2.58244e-08 2.09282e-08 1.78685e-08 7.59816e-10 3.0184e-09 -4.40299e-09 -1.16442e-08 4.72796e-10 2.16258e-08 1.76947e-08 9.82623e-09 -3.77884e-09
852 0.86 590 0 3.03587e-08 1.66971e-08 1.96691e-08 -3.30495e-09 2.86267e-09 -3.93452e-09 -1.32039e-08 3.66136e-09 2.56737e-08 1.37154e-08 9.78876e-09 -5.89063e-09
852 0.87 590 0 3.44657e-08 1.13032e-08 2.06691e-08 -8.22874e-09 2.93802e-09 -3.51736e-09 -1.41136e-08 7.63348e-09 2.92607e-08 8.6824e-09 9.25145e-09 -8.15357e-09
852 0.88 590 0 3.7872e-08 4.63429e-09 2.0531e-08 -1.39308e-08 3.24804e-09 -3.23159e-09 -1.40621e-08 1.23389e-08 3.21323e-08 2.50793e-09 8.11637e-09 -1.04531e-08
852 0.89 590 0 4.02121e-08 -3.40395e-09 1.88715e-08 -2.02252e-08 3.78489e-09 -3.15668e-09 -1.26859e-08 1.76316e-08 3.39505e-08 -4.88234e-09 6.31044e-09 -1.26247e-08
852 0.9 590 0 4.09798e-08 -1.28756e-08 1.52815e-08 -2.67787e-08 4.51964e-09 -3.39096e-09 -9.58508e-09 2.32264e-08 3.42467e-08 -1.35336e-08 3.80453e-09 -1.4456e-08
852 0.91 590 0 3.94754e-08 -2.37457e-08 9.36833e-09 -3.30644e-08 5.41228e-09 -4.05129e-09 -4.36007e-09 2.86505e-08 3.23638e-08 -2.33978e-08 6.38757e-10 -1.56963e-08
852 0.92 590 0 3.47012e-08 -3.57959e-08 8.11584e-10 -3.83268e-08 6.38e-09 -5.28095e-09 3.33427e-09 3.32015e-08 2.73612e-08 -3.42505e-08 -3.0498e-09 -1.60782e-08
852 0.93 590 0 2.52407e-08 -4.83801e-08 -1.05627e-08 -4.15418e-08 7.31116e-09 -7.26051e-09 1.37175e-08 3.59014e-08 1.78816e-08 -4.54486e-08 -7.0087e-09 -1.53581e-08
852 0.94 590 0 9.28993e-09 -5.99874e-08 -2.47531e-08 -4.1341e-08 8.16898e-09 -1.03356e-08 2.6857e-08 3.54148e-08 2.17994e-09 -5.55253e-08 -1.08386e-08 -1.33757e-08
852 0.95 590 0 -1.62229e-08 -6.71294e-08 -4.14307e-08 -3.58736e-08 8.10971e-09 -1.51327e-08 4.24853e-08 2.98361e-08 -2.26998e-08 -6.09118e-08 -1.41e-08 -1.00812e-08
852 0.96 590 0 -5.41357e-08 -6.13249e-08 -5.97431e-08 -2.20935e-08 5.92901e-09 -2.24008e-08 5.97795e-08 1.60776e-08 -5.94213e-08 -5.31621e-08 -1.62562e-08 -5.63969e-09
852 0.97 590 0 -1.02657e-07 -2.0559e-08 -7.67844e-08 6.2892e-09 -2.07454e-09 -3.30717e-08 7.57763e-08 -1.22672e-08 -1.05823e-07 -1.02493e-08 -1.68181e-08 -4.15642e-10
852 0.98 590 0 -1.11613e-07 1.09223e-07 -7.57851e-08 6.35177e-08 -2.81216e-08 -4.33331e-08 7.33026e-08 -6.95271e-08 -1.10538e-07 1.21579e-07 -1.54036e-08 5.0844e-09
852 0.99 590 0 2.03979e-07 1.68404e-07 2.48441e-08 1.09788e-07 -7.50912e-08 1.18986e-09 -3.01069e-08 -1.14385e-07 2.12844e-07 1.7775e-07 -1.1242e-08 1.04476e-08
852 1 590 0 -6.09214e-06 -2.38018e-07 4.32711e-08 1.58867e-10 -2.17657e-10 6.07825e-08 -5.03106e-08 -1.74079e-10 -6.08041e-06 -2.37993e-07 -2.72864e-11 1.63865e-08
852 1.01 590 0 -2.32833e-08 1.83908e-10 1.56416e-08 3.89951e-11 -1.02472e-11 1.51823e-08 -1.84949e-08 -4.08576e-11 -1.90749e-08 1.88243e-10 4.7045e-13 5.80544e-09
852 1.02 590 0 -1.12613e-08 9.13697e-11 8.63266e-09 1.81255e-11 -2.58603e-12 9.33726e-09 -1.07282e-08 -1.91458e-11 -8.2942e-09 9.39536e-11 6.49651e-13 4.01389e-09
852 1.03 590 0 -7.64687e-09 5.52814e-11 5.42259e-09 1.03881e-11 -4.7717e-13 6.64267e-09 -7.07871e-09 -1.1033e-11 -5.3559e-09 5.70682e-11 6.5554e-13 3.02374e-09
852 1.04 590 0 -5.94629e-09 3.7141e-11 3.64861e-09 6.6683e-12 3.58671e-13 5.10399e-09 -5.01041e-09 -7.0959e-12 -4.08551e-09 3.84461e-11 6.18369e-13 2.38524e-09
852 1.05 590 0 -4.94573e-09 2.67089e-11 2.56106e-09 4.61257e-12 7.32934e-13 4.12061e-09 -3.71059e-09 -4.90179e-12 -3.38196e-09 2.76942e-11 5.71834e-13 1.9393e-09
852 1.06 590 0 -4.27638e-09 2.01665e-11 1.84776e-09 3.36501e-12 1.01559e-12 3.44571e-09 -2.83694e-09 -3.54408e-12 -2.92857e-09 2.08764e-11 5.26772e-13 1.61172e-09
852 1.07 590 0 -3.79196e-09 1.58061e-11 1.3569e-09 2.5666e-12 1.08352e-12 2.95955e-09 -2.22108e-09 -2.68066e-12 -2.60673e-09 1.63536e-11 4.84241e-13 1.36244e-09
852 1.08 590 0 -3.42308e-09 1.27607e-11 1.00664e-09 2.02447e-12 1.11505e-12 2.59642e-09 -1.77104e-09 -2.08965e-12 -2.3635e-09 1.31807e-11 4.47079e-13 1.16768e-09
852 1.09 590 0 -3.13242e-09 1.05826e-11 7.49479e-10 1.64496e-12 1.19285e-12 2.31773e-09 -1.43281e-09 -1.66164e-12 -2.17189e-09 1.08668e-11 4.16189e-13 1.01236e-09
852 1.1 590 0 -2.89813e-09 8.94363e-12 5.56241e-10 1.3684e-12 1.18469e-12 2.0996e-09 -1.17282e-09 -1.35681e-12 -2.01665e-09 9.14846e-12 3.88297e-13 8.86485e-10
852 1.11 590 0 -2.70625e-09 7.70014e-12 4.08172e-10 1.16259e-12 1.17795e-12 1.9262e-09 -9.69196e-10 -1.12756e-12 -1.88855e-09 7.83688e-12 3.6489e-13 7.83122e-10
852 1.12 590 0 -2.5475e-09 6.77181e-12 2.9278e-10 1.01095e-12 1.22405e-12 1.78677e-09 -8.07178e-10 -9.47291e-13 -1.78156e-09 6.82229e-12 3.46821e-13 6.97326e-10
852 1.13 590 0 -2.41562e-09 6.02179e-12 2.01458e-10 8.91262e-13 1.21858e-12 1.6741e-09 -6.76534e-10 -8.10996e-13 -1.69169e-09 6.02194e-12 3.30554e-13 6.25502e-10
852 1.14 590 0 -2.30605e-09 5.43533e-12 1.28145e-10 7.98796e-13 1.22285e-12 1.58283e-09 -5.69939e-10 -7.02848e-13 -1.61609e-09 5.38758e-12 3.17704e-13 5.64958e-10
852 1.15 590 0 -2.21553e-09 5.00365e-12 6.84555e-11 7.31839e-13 1.2718e-12 1.50916e-09 -4.82052e-10 -6.14385e-13 -1.55278e-09 4.88987e-12 3.09192e-13 5.13653e-10
852 1.16 590 0 -2.14189e-09 4.6437e-12 1.91298e-11 6.76705e-13 1.28971e-12 1.4505e-09 -4.0891e-10 -5.45002e-13 -1.5004e-09 4.48682e-12 3.02013e-13 4.70035e-10
852 1.17 590 0 -2.0835e-09 4.40203e-12 -2.22808e-11 6.40405e-13 1.35477e-12 1.40487e-09 -3.47503e-10 -4.87444e-13 -1.45799e-09 4.18135e-12 2.99541e-13 4.32889e-10
852 1.18 590 0 -2.03949e-09 4.20173e-12 -5.76935e-11 6.10561e-13 1.39462e-12 1.37108e-09 -2.95522e-10 -4.42102e-13 -1.42503e-09 3.93627e-12 2.98214e-13 4.01289e-10
852 1.19 590 0 -2.00947e-09 4.06878e-12 -8.86308e-11 5.91163e-13 1.45043e-12 1.34838e-09 -2.51159e-10 -4.05404e-13 -1.40132e-09 3.75446e-12 3.0005e-13 3.74513e-10
852 1.2 590 0 -1.99354e-09 4.03573e-12 -1.1635e-10 5.87691e-13 1.55976e-12 1.3365e-09 -2.12977e-10 -3.75773e-13 -1.38698e-09 3.64753e-12 3.07422e-13 3.52017e-10
852 1.21 590 0 -1.99261e-09 4.0383e-12 -1.41966e-10 5.89284e-13 1.66211e-12 1.3358e-09 -1.79817e-10 -3.53297e-13 -1.3826e-09 3.58513e-12 3.17217e-13 3.33422e-10
852 1.22 590 0 -2.00815e-09 4.15155e-12 -1.66495e-10 6.08413e-13 1.83033e-12 1.3471e-09 -1.50718e-10 -3.36987e-13 -1.38921e-09 3.60233e-12 3.3447e-13 3.18482e-10
852 1.23 590 0 -2.04284e-09 4.31622e-12 -1.90989e-10 6.3505e-13 2.00945e-12 1.37213e-09 -1.24862e-10 -3.26871e-13 -1.40856e-09 3.671e-12 3.56169e-13 3.0712e-10
852 1.24 590 0 -2.10071e-09 4.64227e-12 -2.16596e-10 6.87179e-13 2.29238e-12 1.41353e-09 -1.01518e-10 -3.23756e-13 -1.44333e-09 3.85161e-12 3.90276e-13 2.99424e-10
852 1.25 590 0 -2.18824e-09 5.08097e-12 -2.44771e-10 7.56384e-13 2.63144e-12 1.47574e-09 -7.99882e-11 -3.28045e-13 -1.4978e-09 4.12347e-12 4.34684e-13 2.95742e-10
852 1.26 590 0 -2.31568e-09 5.75629e-12 -2.77494e-10 8.625e-13 3.11937e-12 1.56578e-09 -5.95383e-11 -3.42475e-13 -1.57872e-09 4.56379e-12 4.99492e-13 2.9678e-10
852 1.27 590 0 -2.50011e-09 6.86241e-12 -3.17787e-10 1.03677e-12 3.8937e-12 1.69546e-09 -3.92835e-11 -3.72981e-13 -1.69735e-09 5.29895e-12 6.01042e-13 3.03869e-10
852 1.28 590 0 -2.77203e-09 8.56841e-12 -3.70778e-10 1.30485e-12 5.05509e-12 1.88589e-09 -1.79699e-11 -4.2687e-13 -1.8738e-09 6.45547e-12 7.56382e-13 3.19531e-10
852 1.29 590 0 -3.19043e-09 1.16582e-11 -4.46134e-10 1.79213e-12 7.14715e-12 2.17798e-09 6.52691e-12 -5.29474e-13 -2.14696e-09 8.55211e-12 1.0326e-12 3.48791e-10
852 1.3 590 0 -3.88706e-09 1.76509e-11 -5.6517e-10 2.73849e-12 1.11861e-11 2.66312e-09 3.86111e-11 -7.33851e-13 -2.60365e-09 1.26264e-11 1.56583e-12 4.03025e-10
852 1.31 590 0 -5.22443e-09 3.2883e-11 -7.86235e-10 5.15408e-12 2.15058e-11 3.59285e-09 9.00322e-11 -1.25119e-12 -3.48286e-09 2.29179e-11 2.91004e-12 5.13727e-10
852 1.32 590 0 -8.69848e-09 9.42706e-11 -1.34966e-09 1.49314e-11 6.34085e-11 6.00516e-09 2.08703e-10 -3.30149e-12 -5.77071e-09 6.40677e-11 8.29974e-12 8.11139e-10
852 1.33 590 0 -3.70727e-08 1.76051e-09 -5.91077e-09 2.81805e-10 1.21372e-09 2.56957e-08 1.12148e-09 -5.7249e-11 -2.44727e-08 1.16821e-09 1.5382e-10 3.27828e-09
852 1.34 590 0 1.35552e-08 2.43786e-10 2.21455e-09 3.94542e-11 1.71796e-10 -9.43324e-09 -4.89027e-10 -7.44947e-12 8.90328e-09 1.5811e-10 2.10688e-11 -1.13636e-09
852 1.35 590 0 5.31339e-09 3.86054e-11 8.87202e-10 6.31843e-12 2.77347e-11 -3.71281e-09 -2.20317e-10 -1.12431e-12 3.47207e-09 2.45044e-11 3.29009e-12 -4.22261e-10
852 1.36 590 0 3.1481e-09 1.41072e-11 5.36066e-10 2.33477e-12 1.02991e-11 -2.20887e-09 -1.46281e-10 -3.99197e-13 2.04649e-09 8.78419e-12 1.1827e-12 -2.37123e-10
852 1.37 590 0 2.15769e-09 6.86327e-12 3.73969e-10 1.14916e-12 5.07989e-12 -1.52024e-09 -1.10282e-10 -1.92743e-13 1.39531e-09 4.19976e-12 5.63848e-13 -1.54004e-10
852 1.38 590 0 1.59477e-09 3.91521e-12 2.8085e-10 6.62906e-13 2.92763e-12 -1.12831e-09 -8.83887e-11 -1.11707e-13 1.02583e-09 2.36286e-12 3.14637e-13 -1.07831e-10
852 1.39 590 0 1.23459e-09 2.45596e-12 2.20579e-10 4.20446e-13 1.84964e-12 -8.77112e-10 -7.33721e-11 -7.2867e-14 7.89908e-10 1.46693e-12 1.92575e-13 -7.90578e-11
852 1.4 590 0 9.86245e-10 1.63234e-12 1.78524e-10 2.82729e-13 1.235e-12 -7.03583e-10 -6.22833e-11 -5.15968e-14 6.27618e-10 9.67955e-13 1.24253e-13 -5.97905e-11
852 1.41 590 0 8.0597e-10 1.14354e-12 1.47629e-10 2.00221e-13 8.65636e-13 -5.77351e-10 -5.36854e-11 -3.92355e-14 5.1012e-10 6.76896e-13 8.4434e-14 -4.62409e-11
852 1.42 590 0 6.70099e-10 8.30972e-13 1.24066e-10 1.47036e-13 6.2694e-13 -4.81992e-10 -4.67877e-11 -3.14889e-14 4.21816e-10 4.9366e-13 5.93636e-14 -3.63681e-11
852 1.43 590 0 5.64722e-10 6.21139e-13 1.05579e-10 1.11049e-13 4.65037e-13 -4.07852e-10 -4.11155e-11 -2.63938e-14 3.53539e-10 3.72637e-13 4.28148e-14 -2.89789e-11
852 1.44 590 0 4.81139e-10 4.72638e-13 9.07507e-11 8.54425e-14 3.4922e-13 -3.48889e-10 -3.63639e-11 -2.29723e-14 2.9956e-10 2.88515e-13 3.12178e-14 -2.3332e-11
852 1.45 590 0 4.13631e-10 3.6846e-13 7.86459e-11 6.7271e-14 2.66813e-13 -3.01137e-10 -3.23267e-11 -2.06254e-14 2.56112e-10 2.30955e-13 2.3331e-14 -1.8944e-11
852 1.46 590 0 3.58289e-10 2.92019e-13 6.86209e-11 5.38277e-14 2.05335e-13 -2.61877e-10 -2.8858e-11 -1.90575e-14 2.20621e-10 1.9002e-13 1.76736e-14 -1.54877e-11
852 1.47 590 0 3.12351e-10 2.34685e-13 6.02188e-11 4.36621e-14 1.5811e-13 -2.29192e-10 -2.58511e-11 -1.81056e-14 1.91272e-10 1.60744e-13 1.35336e-14 -1.27345e-11
852 1.48 590 0 2.73815e-10 1.90904e-13 5.31059e-11 3.58366e-14 1.20652e-13 -2.0169e-10 -2.32255e-11 -1.77172e-14 1.66747e-10 1.40167e-13 1.04538e-14 -1.05204e-11
852 1.49 590 0 2.41193e-10 1.56382e-13 4.70329e-11 2.96419e-14 8.89326e-14 -1.78336e-10 -2.0919e-11 -1.80454e-14 1.46069e-10 1.2667e-13 8.0547e-15 -8.72576e-12
852 1.5 590 0 2.13361e-10 1.29804e-13 4.18096e-11 2.48102e-14 6.14766e-14 -1.58347e-10 -1.88829e-11 -1.91428e-14 1.28499e-10 1.20098e-13 6.29819e-15 -7.26102e-12
852 1.51 590 0 1.8945e-10 1.08633e-13 3.72885e-11 2.09312e-14 3.38553e-14 -1.41119e-10 -1.7078e-11 -2.17432e-14 1.13471e-10 1.2202e-13 4.94286e-15 -6.0585e-12
852 1.52 590 0 1.68784e-10 9.15994e-14 3.33533e-11 1.7787e-14 -1.71913e-15 -1.26176e-10 -1.54727e-11 -2.7914e-14 1.00542e-10 1.40132e-13 3.88891e-15 -5.06623e-12
852 1.53 590 0 1.50826e-10 7.77937e-14 2.99112e-11 1.52184e-14 -8.10879e-14 -1.13135e-10 -1.40441e-11 -4.8459e-14 8.93732e-11 2.17425e-13 3.06662e-15 -4.24381e-12
852 1.54 590 0 1.35146e-10 6.65457e-14 2.68875e-11 1.30993e-14 2.67462e-12 -1.01645e-10 -1.27853e-11 8.03993e-13 7.97467e-11 -3.21218e-12 2.46326e-15 -3.55956e-12
852 1.55 590 0 1.21394e-10 5.71118e-14 2.42205e-11 1.13269e-14 1.59827e-13 -9.17598e-11 -1.15858e-11 3.17211e-14 7.10639e-11 -1.12318e-13 1.91041e-15 -2.98832e-12
852 1.56 590 0 1.09287e-10 4.93503e-14 2.18603e-11 9.85024e-15 9.3735e-14 -8.288e-11 -1.05536e-11 1.36064e-14 6.36375e-11 -4.22224e-14 1.5034e-15 -2.51007e-12
852 1.57 590 0 9.85907e-11 4.28866e-14 1.97649e-11 8.60794e-15 6.80115e-14 -7.50166e-11 -9.62095e-12 7.57513e-15 5.70967e-11 -2.01316e-14 1.18792e-15 -2.10864e-12
852 1.58 590 0 8.91094e-11 3.73888e-14 1.78993e-11 7.54827e-15 5.34773e-14 -6.80255e-11 -8.77847e-12 4.71613e-15 5.13239e-11 -1.04326e-14 9.25468e-16 -1.77097e-12
852 1.59 590 0 8.06804e-11 3.27355e-14 1.62339e-11 6.64497e-15 4.37169e-14 -6.17909e-11 -8.01651e-12 3.09039e-15 4.6215e-11 -5.35902e-15 7.15756e-16 -1.48642e-12
852 1.6 590 0 7.31666e-11 2.8774e-14 1.47438e-11 5.87076e-15 3.65759e-14 -5.62154e-11 -7.32649e-12 2.07569e-15 4.16821e-11 -2.47657e-15 5.47465e-16 -1.24624e-12
852 1.61 590 0 6.64519e-11 2.53974e-14 1.34075e-11 5.20497e-15 3.10513e-14 -5.1217e-11 -6.70082e-12 1.39366e-15 3.76502e-11 -7.0378e-16 4.16313e-16 -1.04327e-12
852 1.62 590 0 6.04373e-11 2.24767e-14 1.22068e-11 4.62724e-15 2.66805e-14 -4.67255e-11 -6.13287e-12 9.34287e-16 3.40562e-11 3.27765e-16 3.06899e-16 -8.71564e-13
852 1.63 590 0 5.50384e-11 1.99533e-14 1.11259e-11 4.12497e-15 2.31204e-14 -4.2681e-11 -5.61673e-12 6.09896e-16 3.08455e-11 9.56926e-16 2.18991e-16 -7.26205e-13
852 1.64 590 0 5.01825e-11 1.77768e-14 1.01512e-11 3.68804e-15 2.01576e-14 -3.90318e-11 -5.14719e-12 3.70079e-16 2.79718e-11 1.37443e-15 1.51147e-16 -6.03089e-13
852 1.65 590 0 4.58069e-11 1.58769e-14 9.27091e-12 3.305e-15 1.76841e-14 -3.57333e-11 -4.71965e-12 1.9908e-16 2.5395e-11 1.60148e-15 9.56749e-17 -4.98788e-13
852 1.66 590 0 4.18574e-11 1.42167e-14 8.47462e-12 2.96818e-15 1.558e-14 -3.27467e-11 -4.33e-12 7.17463e-17 2.30805e-11 1.73384e-15 5.22775e-17 -4.10428e-13
852 1.67 590 0 3.82866e-11 1.27664e-14 7.75337e-12 2.67186e-15 1.37839e-14 -3.00383e-11 -3.97458e-12 -2.25793e-17 2.09983e-11 1.80139e-15 1.9106e-17 -3.35596e-13
852 1.68 590 0 3.50534e-11 1.14892e-14 7.09921e-12 2.40952e-15 1.2239e-14 -2.75784e-11 -3.65014e-12 -9.12372e-17 1.91223e-11 1.81777e-15 -6.6846e-18 -2.72256e-13
852 1.69 590 0 3.21218e-11 1.03624e-14 6.5052e-12 2.17673e-15 1.09018e-14 -2.53413e-11 -3.35376e-12 -1.40797e-16 1.74296e-11 1.80261e-15 -2.62498e-17 -2.18691e-13
852 1.7 590 0 2.946e-11 9.3649e-15 5.96519e-12 1.96948e-15 9.73828e-15 -2.33041e-11 -3.08282e-12 -1.75738e-16 1.59005e-11 1.76623e-15 -4.06563e-17 -1.73447e-13
852 1.71 590 0 2.70402e-11 8.48057e-15 5.47375e-12 1.78453e-15 8.72066e-15 -2.14467e-11 -2.83499e-12 -1.997e-16 1.45172e-11 1.71882e-15 -5.05286e-17 -1.3529e-13
852 1.72 590 0 2.48379e-11 7.69381e-15 5.02604e-12 1.61889e-15 7.82674e-15 -1.97512e-11 -2.60813e-12 -2.15063e-16 1.32645e-11 1.66419e-15 -5.65836e-17 -1.03174e-13
852 1.73 590 0 2.28311e-11 6.9929e-15 4.6178e-12 1.47011e-15 7.03788e-15 -1.8202e-11 -2.40037e-12 -2.23956e-16 1.21288e-11 1.60803e-15 -5.91061e-17 -7.62078e-14
852 1.74 590 0 2.10007e-11 6.36619e-15 4.24521e-12 1.33594e-15 6.33812e-15 -1.67848e-11 -2.20998e-12 -2.27769e-16 1.10981e-11 1.55265e-15 -5.86274e-17 -5.36328e-14
852 1.75 590 0 1.93295e-11 5.80436e-15 3.90485e-12 1.21447e-15 5.716e-15 -1.54873e-11 -2.03542e-12 -2.27229e-16 1.01616e-11 1.49794e-15 -5.548e-17 -3.4802e-14
852 1.76 590 0 1.78022e-11 5.29897e-15 3.5937e-12 1.10394e-15 5.15911e-15 -1.42983e-11 -1.8753e-12 -2.23484e-16 9.31012e-12 1.44698e-15 -4.98855e-17 -1.91629e-14
852 1.77 590 0 1.64051e-11 4.84421e-15 3.30903e-12 1.00259e-15 4.65781e-15 -1.32077e-11 -1.72834e-12 -2.17139e-16 8.5351e-12 1.40342e-15 -4.10549e-17 -6.24366e-15
852 1.78 590 0 1.5126e-11 4.43351e-15 3.04838e-12 9.07409e-16 4.20014e-15 -1.22066e-11 -1.59339e-12 -2.08005e-16 7.8291e-12 1.37311e-15 -2.65959e-17 4.35883e-15
852 1.79 590 0 1.39542e-11 4.02183e-15 2.80954e-12 8.15273e-16 3.59159e-15 -1.12866e-11 -1.46947e-12 -2.6599e-16 7.1859e-12 1.57364e-15 -9.12576e-18 1.29333e-14
852 1.8 590 0 1.28796e-11 3.64428e-15 2.59058e-12 7.36226e-16 3.14911e-15 -1.0441e-11 -1.35558e-12 -2.79896e-16 6.59886e-12 1.58621e-15 -6.53297e-18 1.98692e-14
852 1.81 590 0 1.18935e-11 3.30278e-15 2.38971e-12 6.64945e-16 2.79064e-15 -9.66306e-12 -1.25087e-12 -2.76601e-16 6.06279e-12 1.53519e-15 -5.41675e-18 2.53966e-14
852 1.82 590 0 1.0988e-11 2.99561e-15 2.20532e-12 6.00983e-16 2.4939e-15 -8.94693e-12 -1.15456e-12 -2.64059e-16 5.57293e-12 1.45042e-15 -4.70052e-18 2.97273e-14
852 1.83 590 0 1.0156e-11 2.71784e-15 2.03596e-12 5.43242e-16 2.23666e-15 -8.28726e-12 -1.06594e-12 -2.48645e-16 5.12502e-12 1.35705e-15 -3.98934e-18 3.30438e-14
852 1.84 590 0 9.39094e-12 2.46734e-15 1.88032e-12 4.91265e-16 2.01318e-15 -7.67923e-12 -9.84385e-13 -2.31683e-16 4.71522e-12 1.25984e-15 -3.25986e-18 3.55051e-14
852 1.85 590 0 8.68709e-12 2.24165e-15 1.7372e-12 4.44473e-16 1.81796e-15 -7.11847e-12 -9.09291e-13 -2.1416e-16 4.34005e-12 1.16273e-15 -2.42966e-18 3.72474e-14
852 1.86 590 0 8.03914e-12 2.03851e-15 1.60555e-12 4.02443e-16 1.64694e-15 -6.60102e-12 -8.40128e-13 -1.96827e-16 3.99637e-12 1.06795e-15 -1.63173e-18 3.83876e-14
852 1.87 590 0 7.44233e-12 1.85556e-15 1.48437e-12 3.64617e-16 1.49596e-15 -6.1233e-12 -7.76406e-13 -1.8023e-16 3.68138e-12 9.77698e-16 -8.28666e-19 3.90258e-14
852 1.88 590 0 6.89233e-12 1.69109e-15 1.37279e-12 3.30775e-16 1.36294e-15 -5.68202e-12 -7.1768e-13 -1.64683e-16 3.39251e-12 8.92171e-16 -3.2586e-19 3.92478e-14
852 1.89 590 0 6.3852e-12 1.54331e-15 1.26999e-12 3.00595e-16 1.24522e-15 -5.27421e-12 -6.63541e-13 -1.5053e-16 3.12747e-12 8.12336e-16 -3.00442e-19 3.9127e-14
852 1.9 590 0 5.91736e-12 1.40996e-15 1.17525e-12 2.74082e-16 1.14032e-15 -4.89716e-12 -6.13618e-13 -1.38073e-16 2.88416e-12 7.3803e-16 -1.42123e-18 3.87257e-14
852 1.91 590 0 5.48558e-12 1.28906e-15 1.08789e-12 2.50166e-16 1.04524e-15 -4.54839e-12 -5.67568e-13 -1.26705e-16 2.6607e-12 6.70552e-16 -2.45106e-18 3.80973e-14
852 1.92 590 0 5.08689e-12 1.17941e-15 1.00731e-12 2.28456e-16 9.58953e-16 -4.22565e-12 -5.25079e-13 -1.16235e-16 2.45537e-12 6.0935e-16 -3.20966e-18 3.72875e-14
852 1.93 590 0 4.71859e-12 1.07984e-15 9.32956e-13 2.08732e-16 8.80598e-16 -3.92687e-12 -4.85867e-13 -1.06578e-16 2.26662e-12 5.53725e-16 -3.74879e-18 3.6335e-14
852 1.94 590 0 4.37823e-12 9.89336e-16 8.64318e-13 1.90796e-16 8.09389e-16 -3.65017e-12 -4.49668e-13 -9.76625e-17 2.09302e-12 5.03068e-16 -4.1096e-18 3.52725e-14
852 1.95 590 0 4.06355e-12 9.06982e-16 8.00935e-13 1.74471e-16 7.4463e-16 -3.39382e-12 -4.16243e-13 -8.94205e-17 1.93331e-12 4.56845e-16 -4.32476e-18 3.41278e-14
852 1.96 590 0 3.77251e-12 8.3197e-16 7.42384e-13 1.59599e-16 6.85708e-16 -3.15623e-12 -3.85372e-13 -8.17888e-17 1.7863e-12 4.1457e-16 -4.41978e-18 3.29243e-14
852 1.97 590 0 3.50322e-12 7.63576e-16 6.88278e-13 1.46034e-16 6.32084e-16 -2.93596e-12 -3.56854e-13 -7.4704e-17 1.65093e-12 3.75781e-16 -4.41371e-18 3.16817e-14
852 1.98 590 0 3.25398e-12 7.01143e-16 6.38265e-13 1.33645e-16 5.8331e-16 -2.73168e-12 -3.30502e-13 -6.80949e-17 1.52624e-12 3.39999e-16 -4.31848e-18 3.04163e-14
852 1.99 590 0 3.02321e-12 6.44061e-16 5.92019e-13 1.22299e-16 5.39077e-16 -2.54217e-12 -3.06147e-13 -6.18556e-17 1.41134e-12 3.06567e-16 -4.13405e-18 2.91419e-14
852 2 590 0 2.80946e-12 5.91439e-16 5.49245e-13 1.11738e-16 5.00746e-16 -2.3663e-12 -2.83633e-13 -5.52533e-17 1.30542e-12 2.71271e-16 -3.74888e-18 2.78696e-14
