852 0 310 0 -2.95517e-08 -4.25552e-09 4.40735e-08 -8.35536e-09 0 0 0 0 0 0 4.94127e-08 -2.02916e-08
852 0.01 310 0 -2.95593e-08 -4.24456e-09 4.40681e-08 -8.36744e-09 4.68956e-10 -2.26638e-10 -1.63359e-10 2.43571e-11 -7.23312e-10 4.65065e-11 4.94049e-08 -2.03067e-08
852 0.02 310 0 -2.95818e-08 -4.21168e-09 4.40516e-08 -8.40368e-09 9.3692e-10 -4.53978e-10 -3.2712e-10 4.8898e-11 -1.44638e-09 9.43105e-11 4.93816e-08 -2.0352e-08
852 0.03 310 0 -2.96193e-08 -4.15676e-09 4.4024e-08 -8.46406e-09 1.4029e-09 -6.82716e-10 -4.91682e-10 7.38095e-11 -2.16896e-09 1.44709e-10 4.93426e-08 -2.04275e-08
852 0.04 310 0 -2.96716e-08 -4.07967e-09 4.39854e-08 -8.54852e-09 1.8659e-09 -9.13543e-10 -6.57448e-10 9.92817e-11 -2.89079e-09 1.99e-10 4.92876e-08 -2.05331e-08
852 0.05 310 0 -2.97384e-08 -3.98015e-09 4.39354e-08 -8.65699e-09 2.3249e-09 -1.14713e-09 -8.24821e-10 1.25515e-10 -3.61159e-09 2.58478e-10 4.92165e-08 -2.06687e-08
852 0.06 310 0 -2.98193e-08 -3.85797e-09 4.38739e-08 -8.78941e-09 2.7789e-09 -1.38413e-09 -9.94198e-10 1.52722e-10 -4.33108e-09 3.24435e-10 4.91288e-08 -2.08343e-08
852 0.07 310 0 -2.9914e-08 -3.71282e-09 4.38008e-08 -8.94568e-09 3.22686e-09 -1.62518e-09 -1.16598e-09 1.81126e-10 -5.04892e-09 3.98163e-10 4.9024e-08 -2.10297e-08
852 0.08 310 0 -3.0022e-08 -3.54424e-09 4.37156e-08 -9.12564e-09 3.66775e-09 -1.87087e-09 -1.34057e-09 2.10972e-10 -5.76476e-09 4.80947e-10 4.89016e-08 -2.12548e-08
852 0.09 310 0 -3.01423e-08 -3.35061e-09 4.36182e-08 -9.32961e-09 4.10054e-09 -2.12171e-09 -1.5184e-09 2.42639e-10 -6.47823e-09 5.74094e-10 4.87608e-08 -2.15092e-08
852 0.1 310 0 -3.0275e-08 -3.13384e-09 4.35074e-08 -9.55695e-09 4.52399e-09 -2.37833e-09 -1.69975e-09 2.76219e-10 -7.18885e-09 6.78838e-10 4.86018e-08 -2.17929e-08
852 0.11 310 0 -3.04191e-08 -2.89227e-09 4.33842e-08 -9.80712e-09 4.9372e-09 -2.64118e-09 -1.88515e-09 3.12062e-10 -7.89614e-09 7.96459e-10 4.84223e-08 -2.21058e-08
852 0.12 310 0 -3.05736e-08 -2.62542e-09 4.32476e-08 -1.00804e-08 5.339e-09 -2.91069e-09 -2.07492e-09 3.50545e-10 -8.59958e-09 9.28205e-10 4.8222e-08 -2.24474e-08
852 0.13 310 0 -3.07378e-08 -2.33246e-09 4.30969e-08 -1.03764e-08 5.72821e-09 -3.18722e-09 -2.26946e-09 3.9203e-10 -9.29857e-09 1.07534e-09 4.8e-08 -2.28174e-08
852 0.14 310 0 -3.09101e-08 -2.01179e-09 4.2932e-08 -1.06954e-08 6.10378e-09 -3.47103e-09 -2.46921e-09 4.371e-10 -9.99247e-09 1.23912e-09 4.7755e-08 -2.32152e-08
852 0.15 310 0 -3.10902e-08 -1.66487e-09 4.27519e-08 -1.10362e-08 6.46439e-09 -3.76249e-09 -2.67442e-09 4.85867e-10 -1.06805e-08 1.42067e-09 4.74862e-08 -2.36407e-08
852 0.16 310 0 -3.12764e-08 -1.28977e-09 4.25554e-08 -1.13992e-08 6.80874e-09 -4.06166e-09 -2.88543e-09 5.39035e-10 -1.13618e-08 1.62124e-09 4.71927e-08 -2.40931e-08
852 0.17 310 0 -3.14674e-08 -8.86104e-10 4.23433e-08 -1.17835e-08 7.13592e-09 -4.3687e-09 -3.10271e-09 5.97026e-10 -1.20355e-08 1.84195e-09 4.68718e-08 -2.45719e-08
852 0.18 310 0 -3.16613e-08 -4.51912e-10 4.21144e-08 -1.21894e-08 7.44462e-09 -4.6835e-09 -3.32662e-09 6.60694e-10 -1.27008e-08 2.084e-09 4.65229e-08 -2.50764e-08
852 0.19 310 0 -3.18572e-08 1.13715e-11 4.18678e-08 -1.26156e-08 7.73345e-09 -5.00611e-09 -3.55729e-09 7.30245e-10 -1.33563e-08 2.34835e-09 4.61443e-08 -2.56059e-08
852 0.2 310 0 -3.20526e-08 5.06621e-10 4.16021e-08 -1.3063e-08 8.00114e-09 -5.33612e-09 -3.79508e-09 8.0689e-10 -1.40011e-08 2.63617e-09 4.57352e-08 -2.61592e-08
852 0.21 310 0 -3.22492e-08 1.0324e-09 4.13166e-08 -1.35293e-08 8.24614e-09 -5.67371e-09 -4.04025e-09 8.90596e-10 -1.46341e-08 2.9486e-09 4.5293e-08 -2.67361e-08
852 0.22 310 0 -3.24392e-08 1.59022e-09 4.10122e-08 -1.40149e-08 8.46797e-09 -6.01789e-09 -4.293e-09 9.82775e-10 -1.52533e-08 3.28608e-09 4.48156e-08 -2.73348e-08
852 0.23 310 0 -3.26223e-08 2.18189e-09 4.06861e-08 -1.452e-08 8.66488e-09 -6.36816e-09 -4.55346e-09 1.08455e-09 -1.58575e-08 3.64978e-09 4.43021e-08 -2.79539e-08
852 0.24 310 0 -3.27976e-08 2.80549e-09 4.03389e-08 -1.50424e-08 8.83577e-09 -6.72425e-09 -4.82182e-09 1.19604e-09 -1.64453e-08 4.04036e-09 4.37497e-08 -2.85926e-08
852 0.25 310 0 -3.29613e-08 3.46384e-09 3.99689e-08 -1.55826e-08 8.97949e-09 -7.08494e-09 -5.09819e-09 1.31902e-09 -1.70147e-08 4.45861e-09 4.31567e-08 -2.92489e-08
852 0.26 310 0 -3.31118e-08 4.15514e-09 3.95743e-08 -1.61393e-08 9.09436e-09 -7.44958e-09 -5.38227e-09 1.45396e-09 -1.7564e-08 4.905e-09 4.2522e-08 -2.99213e-08
852 0.27 310 0 -3.32454e-08 4.88143e-09 3.91556e-08 -1.67119e-08 9.17996e-09 -7.81689e-09 -5.67438e-09 1.60251e-09 -1.80913e-08 5.38009e-09 4.18419e-08 -3.06078e-08
852 0.28 310 0 -3.336e-08 5.64123e-09 3.87103e-08 -1.72993e-08 9.23444e-09 -8.18572e-09 -5.97394e-09 1.7654e-09 -1.85944e-08 5.8841e-09 4.11158e-08 -3.13065e-08
852 0.29 310 0 -3.34515e-08 6.43595e-09 3.82387e-08 -1.79009e-08 9.25757e-09 -8.55459e-09 -6.28109e-09 1.94439e-09 -1.90712e-08 6.41737e-09 4.034e-08 -3.20148e-08
852 0.3 310 0 -3.35177e-08 7.26367e-09 3.77382e-08 -1.85152e-08 9.2476e-09 -8.92205e-09 -6.59502e-09 2.14032e-09 -1.95192e-08 6.9797e-09 3.95139e-08 -3.27303e-08
852 0.31 310 0 -3.35542e-08 8.12557e-09 3.72092e-08 -1.91416e-08 9.20449e-09 -9.28632e-09 -6.9157e-09 2.35509e-09 -1.99363e-08 7.57122e-09 3.86338e-08 -3.345e-08
852 0.32 310 0 -3.35577e-08 9.02019e-09 3.66489e-08 -1.97791e-08 9.1269e-09 -9.64547e-09 -7.24207e-09 2.59011e-09 -2.03198e-08 8.19141e-09 3.7699e-08 -3.41711e-08
852 0.33 310 0 -3.35253e-08 9.94567e-09 3.60576e-08 -2.0425e-08 9.01457e-09 -9.9977e-09 -7.57356e-09 2.84615e-09 -2.06671e-08 8.83965e-09 3.67059e-08 -3.48902e-08
852 0.34 310 0 -3.34518e-08 1.09024e-08 3.54326e-08 -2.10799e-08 8.86688e-09 -1.03405e-08 -7.90907e-09 3.12595e-09 -2.09754e-08 9.51534e-09 3.56539e-08 -3.56035e-08
852 0.35 310 0 -3.3334e-08 1.1888e-08 3.47741e-08 -2.17411e-08 8.68396e-09 -1.06718e-08 -8.24768e-09 3.43035e-09 -2.12421e-08 1.02174e-08 3.45396e-08 -3.63072e-08
852 0.36 310 0 -3.31683e-08 1.28996e-08 3.40793e-08 -2.24069e-08 8.46497e-09 -1.09893e-08 -8.58764e-09 3.76076e-09 -2.14642e-08 1.09443e-08 3.33628e-08 -3.69969e-08
852 0.37 310 0 -3.29496e-08 1.39366e-08 3.33476e-08 -2.30766e-08 8.21079e-09 -1.129e-08 -8.92764e-09 4.11966e-09 -2.1639e-08 1.16947e-08 3.21206e-08 -3.76679e-08
852 0.38 310 0 -3.26743e-08 1.49955e-08 3.25784e-08 -2.37474e-08 7.92185e-09 -1.15715e-08 -9.26607e-09 4.50796e-09 -2.17634e-08 1.24667e-08 3.0811e-08 -3.83155e-08
852 0.39 310 0 -3.23406e-08 1.60745e-08 3.17677e-08 -2.44176e-08 7.5973e-09 -1.18309e-08 -9.60054e-09 4.92747e-09 -2.18348e-08 1.32588e-08 2.94342e-08 -3.89348e-08
852 0.4 310 0 -3.19395e-08 1.71675e-08 3.09173e-08 -2.50854e-08 7.24025e-09 -1.20655e-08 -9.92875e-09 5.37977e-09 -2.18498e-08 1.4067e-08 2.79881e-08 -3.9519e-08
852 0.41 310 0 -3.14701e-08 1.82709e-08 3.00252e-08 -2.5747e-08 6.85122e-09 -1.22724e-08 -1.02483e-08 5.86542e-09 -2.18057e-08 1.48888e-08 2.64716e-08 -4.00627e-08
852 0.42 310 0 -3.09271e-08 1.93815e-08 2.90888e-08 -2.64022e-08 6.43146e-09 -1.24485e-08 -1.0556e-08 6.38716e-09 -2.16999e-08 1.57214e-08 2.48854e-08 -4.05593e-08
852 0.43 310 0 -3.03084e-08 2.04965e-08 2.80995e-08 -2.70422e-08 5.97856e-09 -1.25877e-08 -1.08473e-08 6.94532e-09 -2.15263e-08 1.6561e-08 2.32229e-08 -4.09999e-08
852 0.44 310 0 -2.96101e-08 2.16103e-08 2.70604e-08 -2.7665e-08 5.4967e-09 -1.26882e-08 -1.11196e-08 7.54019e-09 -2.12837e-08 1.74037e-08 2.14875e-08 -4.13775e-08
852 0.45 310 0 -2.8827e-08 2.2712e-08 2.59791e-08 -2.82739e-08 4.99405e-09 -1.27511e-08 -1.13705e-08 8.1731e-09 -2.09738e-08 1.82446e-08 1.96868e-08 -4.16874e-08
852 0.46 310 0 -2.79567e-08 2.37964e-08 2.48503e-08 -2.88632e-08 4.47121e-09 -1.27722e-08 -1.15952e-08 8.84429e-09 -2.05929e-08 1.90789e-08 1.78194e-08 -4.19207e-08
852 0.47 310 0 -2.69969e-08 2.48569e-08 2.36719e-08 -2.94282e-08 3.93088e-09 -1.27486e-08 -1.17891e-08 9.55371e-09 -2.01386e-08 1.99014e-08 1.58865e-08 -4.20688e-08
852 0.48 310 0 -2.59442e-08 2.58853e-08 2.24435e-08 -2.99667e-08 3.37791e-09 -1.26786e-08 -1.19474e-08 1.03018e-08 -1.96099e-08 2.07066e-08 1.38912e-08 -4.21238e-08
852 0.49 310 0 -2.47987e-08 2.68727e-08 2.11636e-08 -3.04723e-08 2.81521e-09 -1.256e-08 -1.2065e-08 1.10863e-08 -1.90053e-08 2.14881e-08 1.18371e-08 -4.20765e-08
852 0.5 310 0 -2.35586e-08 2.78111e-08 1.98312e-08 -3.09409e-08 2.24749e-09 -1.23908e-08 -1.21366e-08 1.19064e-08 -1.83239e-08 2.22396e-08 9.72787e-09 -4.1918e-08
852 0.51 310 0 -2.22254e-08 2.8692e-08 1.84447e-08 -3.13671e-08 1.67827e-09 -1.21697e-08 -1.21568e-08 1.27602e-08 -1.75656e-08 2.29553e-08 7.56885e-09 -4.16397e-08
852 0.52 310 0 -2.07946e-08 2.95029e-08 1.70055e-08 -3.1747e-08 1.11544e-09 -1.18967e-08 -1.21195e-08 1.36455e-08 -1.67304e-08 2.36265e-08 5.36594e-09 -4.1231e-08
852 0.53 310 0 -1.92709e-08 3.02331e-08 1.55134e-08 -3.20741e-08 5.63201e-10 -1.1572e-08 -1.20191e-08 1.45579e-08 -1.582e-08 2.42459e-08 3.12749e-09 -4.06838e-08
852 0.54 310 0 -1.76548e-08 3.08742e-08 1.39668e-08 -3.23414e-08 2.63984e-11 -1.11944e-08 -1.18494e-08 1.54941e-08 -1.48343e-08 2.48064e-08 8.59625e-10 -3.99877e-08
852 0.55 310 0 -1.59507e-08 3.14125e-08 1.2367e-08 -3.25431e-08 -4.89035e-10 -1.07663e-08 -1.16044e-08 1.64482e-08 -1.37769e-08 2.52994e-08 -1.42586e-09 -3.91345e-08
852 0.56 310 0 -1.41613e-08 3.18386e-08 1.07148e-08 -3.26704e-08 -9.77362e-10 -1.02878e-08 -1.12786e-08 1.74145e-08 -1.26489e-08 2.57171e-08 -3.72133e-09 -3.81139e-08
852 0.57 310 0 -1.2293e-08 3.21386e-08 9.01223e-09 -3.27165e-08 -1.4324e-09 -9.76245e-09 -1.08663e-08 1.83851e-08 -1.14554e-08 2.60503e-08 -6.0128e-09 -3.69183e-08
852 0.58 310 0 -1.03504e-08 3.23021e-08 7.25921e-09 -3.26724e-08 -1.84947e-09 -9.19199e-09 -1.03612e-08 1.9353e-08 -1.0199e-08 2.62909e-08 -8.28847e-09 -3.55376e-08
852 0.59 310 0 -8.34231e-09 3.23153e-08 5.46077e-09 -3.2529e-08 -2.22166e-09 -8.58138e-09 -9.7596e-09 2.03074e-08 -8.88599e-09 2.64296e-08 -1.05335e-08 -3.39647e-08
852 0.6 310 0 -6.27844e-09 3.21682e-08 3.61721e-09 -3.22752e-08 -2.54676e-09 -7.93299e-09 -9.05609e-09 2.12383e-08 -7.52122e-09 2.64579e-08 -1.2732e-08 -3.21914e-08
852 0.61 310 0 -4.16706e-09 3.18433e-08 1.73611e-09 -3.19031e-08 -2.81601e-09 -7.25542e-09 -8.24751e-09 2.21329e-08 -6.11332e-09 2.63649e-08 -1.48656e-08 -3.02113e-08
852 0.62 310 0 -2.02047e-09 3.13291e-08 -1.79459e-10 -3.1399e-08 -3.02706e-09 -6.5537e-09 -7.33003e-09 2.29777e-08 -4.66874e-09 2.61412e-08 -1.69166e-08 -2.80165e-08
852 0.63 310 0 1.46694e-10 3.06155e-08 -2.12074e-09 -3.07512e-08 -3.17533e-09 -5.83243e-09 -6.30436e-09 2.37577e-08 -3.19725e-09 2.57786e-08 -1.8864e-08 -2.56045e-08
852 0.64 310 0 2.31987e-09 2.96914e-08 -4.07987e-09 -2.99475e-08 -3.25787e-09 -5.0986e-09 -5.17032e-09 2.44573e-08 -1.70947e-09 2.52679e-08 -2.06839e-08 -2.29722e-08
852 0.65 310 0 4.4826e-09 2.8543e-08 -6.04718e-09 -2.89728e-08 -3.27256e-09 -4.36037e-09 -3.92917e-09 2.50579e-08 -2.15779e-10 2.45987e-08 -2.23533e-08 -2.0115e-08
852 0.66 310 0 6.61609e-09 2.71593e-08 -8.01004e-09 -2.78134e-08 -3.21753e-09 -3.62581e-09 -2.58509e-09 2.55408e-08 1.27029e-09 2.37619e-08 -2.3845e-08 -1.70332e-08
852 0.67 310 0 8.69891e-09 2.55293e-08 -9.952e-09 -2.64532e-08 -3.09117e-09 -2.90263e-09 -1.14614e-09 2.58845e-08 2.73446e-09 2.27476e-08 -2.51313e-08 -1.37276e-08
852 0.68 310 0 1.07075e-08 2.36439e-08 -1.18562e-08 -2.48756e-08 -2.89489e-09 -2.19811e-09 3.78666e-10 2.60673e-08 4.16095e-09 2.15469e-08 -2.61815e-08 -1.02015e-08
852 0.69 310 0 1.26174e-08 2.14885e-08 -1.37e-08 -2.30664e-08 -2.62839e-09 -1.52536e-09 1.97637e-09 2.60654e-08 5.53003e-09 2.01485e-08 -2.69612e-08 -6.46038e-09
852 0.7 310 0 1.43983e-08 1.90546e-08 -1.54575e-08 -2.10068e-08 -2.29418e-09 -8.91204e-10 3.62872e-09 2.58538e-08 6.82168e-09 1.85426e-08 -2.74366e-08 -2.51281e-09
852 0.71 310 0 1.60185e-08 1.63349e-08 -1.70978e-08 -1.86817e-08 -1.89625e-09 -3.04928e-10 5.31328e-09 2.54076e-08 8.01148e-09 1.6721e-08 -2.75675e-08 1.6277e-09
852 0.72 310 0 1.7441e-08 1.33196e-08 -1.85842e-08 -1.6074e-08 -1.43894e-09 2.2408e-10 7.00199e-09 2.47003e-08 9.07248e-09 1.46729e-08 -2.73146e-08 5.94514e-09
852 0.73 310 0 1.86246e-08 1.00034e-08 -1.98726e-08 -1.31693e-08 -9.2769e-10 6.87445e-10 8.65897e-09 2.37062e-08 9.9729e-09 1.23901e-08 -2.66333e-08 1.04169e-08
852 0.74 310 0 1.95229e-08 6.38364e-09 -2.09121e-08 -9.95432e-09 -3.70621e-10 1.0785e-09 1.02417e-08 2.24005e-08 1.06771e-08 9.86535e-09 -2.54773e-08 1.50146e-08
852 0.75 310 0 2.00826e-08 2.45532e-09 -2.16394e-08 -6.42176e-09 2.26385e-10 1.38659e-09 1.16951e-08 2.07596e-08 1.11413e-08 7.09096e-09 -2.37966e-08 1.97024e-08
852 0.76 310 0 2.02429e-08 -1.7786e-09 -2.19839e-08 -2.56758e-09 8.52373e-10 1.60486e-09 1.29566e-08 1.87643e-08 1.13163e-08 4.06304e-09 -2.15401e-08 2.44347e-08
852 0.77 310 0 1.99347e-08 -6.30889e-09 -2.18605e-08 1.60319e-09 1.49734e-09 1.72816e-09 1.39485e-08 1.64013e-08 1.11442e-08 7.82586e-10 -1.86531e-08 2.91549e-08
852 0.78 310 0 1.90777e-08 -1.11215e-08 -2.11701e-08 6.0745e-09 2.15062e-09 1.7514e-09 1.45789e-08 1.36662e-08 1.05572e-08 -2.74682e-09 -1.50824e-08 3.37933e-08
852 0.79 310 0 1.75811e-08 -1.61912e-08 -1.97983e-08 1.08133e-08 2.7994e-09 1.66987e-09 1.47394e-08 1.0568e-08 9.47572e-09 -6.51194e-09 -1.0774e-08 3.82632e-08
852 0.8 310 0 1.53407e-08 -2.14762e-08 -1.76144e-08 1.57645e-08 3.43173e-09 1.48372e-09 1.43038e-08 7.1353e-09 7.80735e-09 -1.04876e-08 -5.67753e-09 4.24596e-08
852 0.81 310 0 1.22303e-08 -2.69406e-08 -1.44889e-08 2.08251e-08 4.01161e-09 1.19315e-09 1.31419e-08 3.42892e-09 5.44329e-09 -1.4643e-08 2.44736e-10 4.6263e-08
852 0.82 310 0 8.12577e-09 -3.24734e-08 -1.02681e-08 2.58259e-08 4.54147e-09 7.96502e-10 1.1086e-08 -4.05269e-10 2.26344e-09 -1.88997e-08 7.02973e-09 4.95199e-08
852 0.83 310 0 2.88455e-09 -3.79451e-08 -4.76262e-09 3.06417e-08 5.02399e-09 2.89881e-10 7.95393e-09 -4.27678e-09 -1.871e-09 -2.31624e-08 1.46921e-08 5.20369e-08
852 0.84 310 0 -3.65218e-09 -4.3201e-08 2.19023e-09 3.50202e-08 5.44181e-09 -3.21851e-10 3.57011e-09 -7.9812e-09 -7.11449e-09 -2.73037e-08 2.32092e-08 5.36002e-08
852 0.85 310 0 -1.1648e-08 -4.80242e-08 1.07385e-08 3.86248e-08 5.78069e-09 -1.03503e-09 -2.23543e-09 -1.12326e-08 -1.36332e-08 -3.11397e-08 3.2517e-08 5.39631e-08
852 0.86 310 0 -2.12613e-08 -5.21254e-08 2.09868e-08 4.10056e-08 6.03103e-09 -1.85034e-09 -9.6045e-09 -1.36346e-08 -2.15964e-08 -3.44172e-08 4.24876e-08 5.28509e-08
852 0.87 310 0 -3.26375e-08 -5.51331e-08 3.29519e-08 4.16081e-08 6.18388e-09 -2.76597e-09 -1.86039e-08 -1.46878e-08 -3.11705e-08 -3.68029e-08 5.29122e-08 4.99712e-08
852 0.88 310 0 -4.59076e-08 -5.65836e-08 4.65068e-08 3.97207e-08 6.14852e-09 -3.81802e-09 -2.91908e-08 -1.3736e-08 -4.2501e-08 -3.78417e-08 6.34829e-08 4.50408e-08
852 0.89 310 0 -6.10887e-08 -5.58435e-08 6.13041e-08 3.45288e-08 5.94502e-09 -4.98502e-09 -4.11048e-08 -9.99069e-09 -5.56482e-08 -3.69568e-08 7.37522e-08 3.78154e-08
852 0.9 310 0 -7.81131e-08 -5.21712e-08 7.66792e-08 2.51561e-08 5.54342e-09 -6.27658e-09 -5.37918e-08 -2.58967e-09 -7.05952e-08 -3.34333e-08 8.31492e-08 2.81393e-08
852 0.91 310 0 -9.67758e-08 -4.46826e-08 9.15498e-08 1.07497e-08 4.89241e-09 -7.71552e-09 -6.62971e-08 9.33576e-09 -8.71971e-08 -2.63938e-08 9.09803e-08 1.6006e-08
852 0.92 310 0 -1.16708e-07 -3.23096e-08 1.04322e-07 -9.35318e-09 3.92122e-09 -9.33218e-09 -7.71532e-08 2.65024e-08 -1.05147e-07 -1.4761e-08 9.64678e-08 1.62745e-09
852 0.93 310 0 -1.37359e-07 -1.37098e-08 1.12829e-07 -3.53916e-08 2.5072e-09 -1.11758e-08 -8.43071e-08 4.92418e-08 -1.2395e-07 2.84159e-09 9.88242e-08 -1.45115e-08
852 0.94 310 0 -1.57969e-07 1.30159e-08 1.14329e-07 -6.68365e-08 4.31836e-10 -1.33167e-08 -8.50944e-08 7.71436e-08 -1.42874e-07 2.83664e-08 9.73547e-08 -3.16277e-08
852 0.95 310 0 -1.77368e-07 5.10754e-08 1.05588e-07 -1.01871e-07 -2.74406e-09 -1.58411e-08 -7.63181e-08 1.08505e-07 -1.60729e-07 6.50844e-08 9.15667e-08 -4.86657e-08
852 0.96 310 0 -1.92878e-07 1.0708e-07 8.32536e-08 -1.3635e-07 -7.96976e-09 -1.87726e-08 -5.46351e-08 1.39213e-07 -1.74749e-07 1.19632e-07 8.12367e-08 -6.4364e-08
852 0.97 310 0 -1.94235e-07 1.96708e-07 4.59448e-08 -1.61273e-07 -1.76352e-08 -2.15014e-08 -1.88264e-08 1.60081e-07 -1.7447e-07 2.07562e-07 6.63637e-08 -7.72848e-08
852 0.98 310 0 -1.24335e-07 3.51317e-07 9.52569e-09 -1.59974e-07 -3.77701e-08 -1.8126e-08 1.39436e-08 1.54038e-07 -1.02614e-07 3.59509e-07 4.70143e-08 -8.53265e-08
852 0.99 310 0 2.34589e-07 3.94856e-07 4.57589e-08 -2.11559e-07 -5.43345e-08 2.4666e-08 -3.20639e-08 2.05511e-07 2.56108e-07 3.98074e-07 2.64333e-08 -8.41167e-08
852 1 310 0 2.24525e-07 8.1665e-10 -6.41324e-06 -2.38588e-07 -1.18774e-10 4.1964e-08 6.43317e-06 2.38597e-07 2.49249e-07 8.40997e-10 5.82377e-11 -9.3551e-08
852 1.01 310 0 1.09254e-07 2.68796e-10 -1.44115e-07 2.22681e-10 -1.23805e-11 1.85817e-08 1.59707e-07 -2.31325e-10 1.26176e-07 2.72177e-10 -2.10259e-11 -5.93851e-08
852 1.02 310 0 7.2942e-08 1.51542e-10 -9.69582e-08 1.49401e-10 -2.58089e-12 1.4123e-08 1.12196e-07 -1.55992e-10 8.85738e-08 1.5347e-10 -2.04858e-11 -5.13335e-08
852 1.03 310 0 5.35649e-08 1.01957e-10 -7.5517e-08 1.13812e-10 8.5541e-13 1.20147e-08 9.03644e-08 -1.19648e-10 6.83901e-08 1.02975e-10 -2.00354e-11 -4.61334e-08
852 1.04 310 0 4.13268e-08 7.54297e-11 -6.29397e-08 9.24806e-11 2.65233e-12 1.08571e-08 7.74137e-08 -9.80169e-11 5.56032e-08 7.56709e-11 -1.96544e-11 -4.23827e-08
852 1.05 310 0 3.28317e-08 5.94046e-11 -5.46345e-08 7.83341e-11 3.75766e-12 1.01921e-08 6.87687e-08 -8.37626e-11 4.6728e-08 5.89869e-11 -1.93582e-11 -3.9528e-08
852 1.06 310 0 2.65528e-08 4.88974e-11 -4.87627e-08 6.84555e-11 4.92459e-12 9.82117e-09 6.25949e-08 -7.39029e-11 4.01918e-08 4.76235e-11 -1.92581e-11 -3.72865e-08
852 1.07 310 0 2.16936e-08 4.17707e-11 -4.44291e-08 6.1027e-11 5.513e-12 9.64587e-09 5.79969e-08 -6.65124e-11 3.51727e-08 3.99779e-11 -1.90738e-11 -3.54934e-08
852 1.08 310 0 1.77949e-08 3.66835e-11 -4.11404e-08 5.54267e-11 6.0409e-12 9.61007e-09 5.448e-08 -6.09939e-11 3.11948e-08 3.43859e-11 -1.89926e-11 -3.40447e-08
852 1.09 310 0 1.45725e-08 3.30212e-11 -3.8602e-08 5.1314e-11 6.87149e-12 9.68111e-09 5.1748e-08 -5.703e-11 2.79634e-08 2.99704e-11 -1.91399e-11 -3.2871e-08
852 1.1 310 0 1.18399e-08 3.02955e-11 -3.66277e-08 4.79657e-11 7.34916e-12 9.84072e-09 4.96139e-08 -5.382e-11 2.52867e-08 2.67551e-11 -1.92229e-11 -3.19252e-08
852 1.11 310 0 9.46889e-09 2.82788e-11 -3.50944e-08 4.5394e-11 7.8605e-12 1.00771e-08 4.79538e-08 -5.14231e-11 2.3033e-08 2.42198e-11 -1.94148e-11 -3.11742e-08
852 1.12 310 0 7.36806e-09 2.69188e-11 -3.39183e-08 4.3734e-11 8.75115e-12 1.03834e-08 4.66835e-08 -5.0016e-11 2.11093e-08 2.2034e-11 -1.99108e-11 -3.05947e-08
852 1.13 310 0 5.4686e-09 2.5902e-11 -3.3043e-08 4.23561e-11 9.36854e-12 1.07588e-08 4.57476e-08 -4.88864e-11 1.94488e-08 2.04118e-11 -2.03531e-11 -3.01718e-08
852 1.14 310 0 3.7177e-09 2.52654e-11 -3.24294e-08 4.14968e-11 1.00939e-11 1.12037e-08 4.51078e-08 -4.83292e-11 1.80011e-08 1.9081e-11 -2.09651e-11 -2.98956e-08
852 1.15 310 0 2.07267e-09 2.51176e-11 -3.2052e-08 4.13554e-11 1.12406e-11 1.17215e-08 4.47407e-08 -4.85923e-11 1.67281e-08 1.78855e-11 -2.19291e-11 -2.97618e-08
852 1.16 310 0 4.96662e-10 2.51498e-11 -3.18969e-08 4.14074e-11 1.22214e-11 1.23196e-08 4.46355e-08 -4.90701e-11 1.56007e-08 1.70078e-11 -2.29163e-11 -2.97708e-08
852 1.17 310 0 -1.04263e-09 2.57031e-11 -3.19583e-08 4.22676e-11 1.3728e-11 1.30072e-08 4.47903e-08 -5.05096e-11 1.45956e-08 1.61983e-11 -2.43913e-11 -2.99273e-08
852 1.18 310 0 -2.57683e-09 2.64213e-11 -3.22401e-08 4.33476e-11 1.51264e-11 1.37982e-08 4.52147e-08 -5.22154e-11 1.36947e-08 1.56443e-11 -2.59604e-11 -3.02418e-08
852 1.19 310 0 -4.13778e-09 2.75311e-11 -3.2755e-08 4.50093e-11 1.68229e-11 1.4711e-08 4.59288e-08 -5.46389e-11 1.28832e-08 1.52212e-11 -2.79102e-11 -3.07306e-08
852 1.2 310 0 -5.75994e-09 2.93806e-11 -3.35255e-08 4.78044e-11 1.93173e-11 1.57693e-08 4.69652e-08 -5.84623e-11 1.21491e-08 1.48352e-11 -3.06612e-11 -3.14173e-08
852 1.21 310 0 -7.48455e-09 3.15911e-11 -3.45889e-08 5.11406e-11 2.19844e-11 1.70073e-08 4.8375e-08 -6.29906e-11 1.1483e-08 1.46521e-11 -3.38174e-11 -3.23366e-08
852 1.22 310 0 -9.36123e-09 3.48984e-11 -3.59987e-08 5.61332e-11 2.5825e-11 1.84695e-08 5.02303e-08 -6.96102e-11 1.08769e-08 1.45189e-11 -3.82272e-11 -3.35368e-08
852 1.23 310 0 -1.14563e-08 3.89435e-11 -3.78352e-08 6.22328e-11 3.02473e-11 2.02206e-08 5.2638e-08 -7.76786e-11 1.03245e-08 1.45981e-11 -4.35254e-11 -3.50881e-08
852 1.24 310 0 -1.38591e-08 4.4958e-11 -4.02151e-08 7.12948e-11 3.67765e-11 2.23511e-08 5.57525e-08 -8.95394e-11 9.82084e-09 1.47479e-11 -5.11602e-11 -3.70909e-08
852 1.25 310 0 -1.67008e-08 5.27622e-11 -4.33172e-08 8.30379e-11 4.49937e-11 2.4998e-08 5.98097e-08 -1.04905e-10 9.36235e-09 1.51577e-11 -6.09938e-11 -3.96982e-08
852 1.26 310 0 -2.018e-08 6.40643e-11 -4.74196e-08 1.00023e-10 5.68178e-11 2.83719e-08 6.51755e-08 -1.27073e-10 8.9468e-09 1.57903e-11 -7.50987e-11 -4.31466e-08
852 1.27 310 0 -2.46186e-08 8.18708e-11 -5.29811e-08 1.26636e-10 7.55078e-11 3.28182e-08 7.24529e-08 -1.61728e-10 8.57394e-09 1.66743e-11 -9.70672e-11 -4.78255e-08
852 1.28 310 0 -3.05818e-08 1.09482e-10 -6.08132e-08 1.67812e-10 1.0435e-10 3.89466e-08 8.2708e-08 -2.15392e-10 8.24683e-09 1.80801e-11 -1.31101e-10 -5.44225e-08
852 1.29 310 0 -3.91559e-08 1.59553e-10 -7.24842e-08 2.42085e-10 1.56979e-10 4.79323e-08 9.8e-08 -3.12184e-10 7.97439e-09 2.01372e-11 -1.92522e-10 -6.42661e-08
852 1.3 310 0 -5.2754e-08 2.58564e-10 -9.14852e-08 3.88365e-10 2.61359e-10 6.23903e-08 1.22913e-07 -5.03072e-10 7.78061e-09 2.35252e-11 -3.13966e-10 -8.0312e-08
852 1.31 310 0 -7.80083e-08 5.15558e-10 -1.27422e-07 7.65952e-10 5.34332e-10 8.95117e-08 1.70057e-07 -9.96374e-10 7.73552e-09 2.93105e-11 -6.28718e-10 -1.10692e-07
852 1.32 310 0 -1.42265e-07 1.58128e-09 -2.19916e-07 2.32306e-09 1.67491e-09 1.58956e-07 2.91449e-07 -3.03409e-09 8.13535e-09 4.03927e-11 -1.93379e-09 -1.88946e-07
852 1.33 310 0 -6.61581e-07 3.15789e-08 -9.71809e-07 4.58602e-08 3.40736e-08 7.21987e-07 1.2785e-06 -6.01268e-08 1.35084e-08 -8.17345e-11 -3.867e-08 -8.25376e-07
852 1.34 310 0 2.63083e-07 4.67565e-09 3.68584e-07 6.71083e-09 5.12591e-09 -2.81155e-07 -4.81222e-07 -8.83146e-09 3.16217e-09 -1.31502e-10 -5.72644e-09 3.09312e-07
852 1.35 310 0 1.11811e-07 7.91384e-10 1.49888e-07 1.12189e-09 8.79147e-10 -1.17284e-07 -1.94151e-07 -1.48172e-09 4.56357e-09 -4.00707e-11 -9.67746e-10 1.24228e-07
852 1.36 310 0 7.1638e-08 3.08957e-10 9.21573e-08 4.32552e-10 3.46775e-10 -7.39018e-08 -1.184e-07 -5.73323e-10 4.76525e-09 -2.15109e-11 -3.76836e-10 7.54041e-08
852 1.37 310 0 5.29708e-08 1.60565e-10 6.55634e-08 2.21861e-10 1.81648e-10 -5.38344e-08 -8.35265e-08 -2.95106e-10 4.74504e-09 -1.37399e-11 -1.95022e-10 5.29383e-08
852 1.38 310 0 4.21475e-08 9.77838e-11 5.03111e-08 1.33376e-10 1.11165e-10 -4.22637e-08 -6.35433e-08 -1.78056e-10 4.65121e-09 -9.53793e-12 -1.18207e-10 4.00734e-08
852 1.39 310 0 3.50578e-08 6.54573e-11 4.04462e-08 8.81159e-11 7.45704e-11 -3.47327e-08 -5.06331e-08 -1.18077e-10 4.52774e-09 -6.91485e-12 -7.86737e-11 3.17691e-08
852 1.4 310 0 3.00383e-08 4.64275e-11 3.35599e-08 6.16218e-11 5.28604e-11 -2.94377e-08 -4.16332e-08 -8.29094e-11 4.39199e-09 -5.10592e-12 -5.53801e-11 2.59859e-08
852 1.41 310 0 2.62874e-08 3.46807e-11 2.8492e-08 4.54159e-11 3.93358e-11 -2.55101e-08 -3.50208e-08 -6.13762e-11 4.25202e-09 -3.80688e-12 -4.10604e-11 2.1742e-08
852 1.42 310 0 2.33709e-08 2.68604e-11 2.46148e-08 3.46985e-11 3.02476e-11 -2.24794e-08 -2.99714e-08 -4.71247e-11 4.11189e-09 -2.81354e-12 -3.15399e-11 1.85057e-08
852 1.43 310 0 2.10329e-08 2.13901e-11 2.15588e-08 2.72558e-11 2.38259e-11 -2.00689e-08 -2.59999e-08 -3.72272e-11 3.9738e-09 -2.02135e-12 -2.48923e-11 1.59642e-08
852 1.44 310 0 1.9113e-08 1.7342e-11 1.90926e-08 2.17694e-11 1.90071e-11 -1.8105e-08 -2.28028e-08 -2.99421e-11 3.83897e-09 -1.33827e-12 -1.99608e-11 1.39217e-08
852 1.45 310 0 1.75055e-08 1.43912e-11 1.70643e-08 1.78149e-11 1.54358e-11 -1.64736e-08 -2.01801e-08 -2.47078e-11 3.70803e-09 -7.58803e-13 -1.63951e-11 1.22493e-08
852 1.46 310 0 1.61378e-08 1.21357e-11 1.53694e-08 1.48128e-11 1.26396e-11 -1.50963e-08 -1.79949e-08 -2.07589e-11 3.58131e-09 -2.25964e-13 -1.36762e-11 1.08587e-08
852 1.47 310 0 1.49583e-08 1.03724e-11 1.39341e-08 1.24834e-11 1.03752e-11 -1.39177e-08 -1.61501e-08 -1.77311e-11 3.45894e-09 2.93794e-13 -1.15574e-11 9.68729e-09
852 1.48 310 0 1.39295e-08 8.96925e-12 1.27048e-08 1.06427e-11 8.46847e-12 -1.28973e-08 -1.45754e-08 -1.53918e-11 3.34092e-09 8.41877e-13 -9.8766e-12 8.68969e-09
852 1.49 310 0 1.30232e-08 7.81107e-12 1.16415e-08 9.12545e-12 6.72844e-12 -1.20051e-08 -1.32182e-08 -1.35512e-11 3.22716e-09 1.50424e-12 -8.48228e-12 7.83202e-09
852 1.5 310 0 1.22181e-08 6.88597e-12 1.07138e-08 7.93056e-12 5.10064e-12 -1.12183e-08 -1.20385e-08 -1.22356e-11 3.11745e-09 2.33011e-12 -7.38358e-12 7.08861e-09
852 1.51 310 0 1.14975e-08 6.11767e-12 9.89844e-09 6.94589e-12 3.29558e-12 -1.05192e-08 -1.10056e-08 -1.14064e-11 3.01146e-09 3.57823e-12 -6.47558e-12 6.43957e-09
852 1.52 310 0 1.08483e-08 5.47362e-12 9.17686e-09 6.12555e-12 7.14787e-13 -9.89447e-09 -1.00949e-08 -1.13171e-11 2.90835e-09 5.9451e-12 -5.71656e-12 5.8693e-09
852 1.53 310 0 1.026e-08 4.92937e-12 8.53446e-09 5.4376e-12 -5.60896e-12 -9.33586e-09 -9.28559e-09 -1.35795e-11 2.80448e-09 1.30621e-11 -5.07888e-12 5.3654e-09
852 1.54 310 0 9.72427e-09 4.52057e-12 7.95946e-09 4.87717e-12 1.3718e-10 -8.55247e-09 -8.72084e-09 6.78371e-11 3.04787e-09 -1.63706e-10 -4.52884e-12 4.91791e-09
852 1.55 310 0 9.23399e-09 4.07061e-12 7.44224e-09 4.35805e-12 1.40468e-11 -8.33913e-09 -7.93646e-09 -4.73986e-13 2.64767e-09 -1.22885e-11 -4.07039e-12 4.51864e-09
852 1.56 310 0 8.78351e-09 3.72502e-12 6.97495e-09 3.92979e-12 8.9412e-12 -7.91944e-09 -7.35582e-09 -2.53407e-12 2.55516e-09 -6.41952e-12 -3.67096e-12 4.16098e-09
852 1.57 310 0 8.36802e-09 3.42657e-12 6.55103e-09 3.56541e-12 6.94478e-12 -7.53142e-09 -6.83348e-09 -2.96327e-12 2.47003e-09 -4.32928e-12 -3.33036e-12 3.83937e-09
852 1.58 310 0 7.98349e-09 3.16176e-12 6.16504e-09 3.2407e-12 5.80673e-12 -7.17336e-09 -6.36088e-09 -2.98449e-12 2.38907e-09 -3.25508e-12 -3.02583e-12 3.54918e-09
852 1.59 310 0 7.6265e-09 2.92864e-12 5.81236e-09 2.95649e-12 5.03022e-12 -6.8422e-09 -5.93169e-09 -2.87849e-12 2.31154e-09 -2.58673e-12 -2.75871e-12 3.28653e-09
852 1.6 310 0 7.29414e-09 2.72225e-12 5.4891e-09 2.70618e-12 4.44975e-12 -6.5351e-09 -5.54069e-09 -2.72615e-12 2.23709e-09 -2.1263e-12 -2.5231e-12 3.04811e-09
852 1.61 310 0 6.9839e-09 2.53973e-12 5.19193e-09 2.48751e-12 3.98951e-12 -6.24953e-09 -5.18347e-09 -2.56581e-12 2.16551e-09 -1.78438e-12 -2.31683e-12 2.83111e-09
852 1.62 310 0 6.6936e-09 2.37515e-12 4.918e-09 2.28966e-12 3.61387e-12 -5.98332e-09 -4.85626e-09 -2.39763e-12 2.09662e-09 -1.52365e-12 -2.12981e-12 2.63312e-09
852 1.63 310 0 6.42137e-09 2.22718e-12 4.66485e-09 2.11283e-12 3.29771e-12 -5.73456e-09 -4.55582e-09 -2.23589e-12 2.0303e-09 -1.31539e-12 -1.96238e-12 2.45207e-09
852 1.64 310 0 6.16555e-09 2.095e-12 4.43035e-09 1.95632e-12 3.02569e-12 -5.50157e-09 -4.27935e-09 -2.088e-12 1.96641e-09 -1.14182e-12 -1.81417e-12 2.28615e-09
852 1.65 310 0 5.92469e-09 1.97483e-12 4.21263e-09 1.81351e-12 2.78927e-12 -5.28291e-09 -4.0244e-09 -1.94647e-12 1.90486e-09 -9.96733e-13 -1.67847e-12 2.13381e-09
852 1.66 310 0 5.69753e-09 1.86581e-12 4.01008e-09 1.6855e-12 2.5814e-12 -5.0773e-09 -3.78884e-09 -1.81704e-12 1.84552e-09 -8.73188e-13 -1.55671e-12 1.99366e-09
852 1.67 310 0 5.48294e-09 1.76712e-12 3.82127e-09 1.56914e-12 2.39603e-12 -4.88359e-09 -3.57079e-09 -1.69763e-12 1.78831e-09 -7.64206e-13 -1.44563e-12 1.86452e-09
852 1.68 310 0 5.27989e-09 1.67679e-12 3.64493e-09 1.463e-12 2.23009e-12 -4.70079e-09 -3.36861e-09 -1.58702e-12 1.73313e-09 -6.68719e-13 -1.34402e-12 1.74533e-09
852 1.69 310 0 5.08751e-09 1.59406e-12 3.47997e-09 1.36595e-12 2.08025e-12 -4.528e-09 -3.18085e-09 -1.48495e-12 1.67989e-09 -5.8352e-13 -1.25093e-12 1.63514e-09
852 1.7 310 0 4.90498e-09 1.51803e-12 3.32539e-09 1.277e-12 1.94419e-12 -4.36444e-09 -3.0062e-09 -1.39082e-12 1.62852e-09 -5.06882e-13 -1.16535e-12 1.53314e-09
852 1.71 310 0 4.73158e-09 1.44815e-12 3.18031e-09 1.19532e-12 1.8197e-12 -4.20938e-09 -2.84352e-09 -1.30441e-12 1.57894e-09 -4.36745e-13 -1.08657e-12 1.43859e-09
852 1.72 310 0 4.56666e-09 1.3837e-12 3.04394e-09 1.12021e-12 1.70538e-12 -4.0622e-09 -2.69178e-09 -1.22514e-12 1.53107e-09 -3.72321e-13 -1.01384e-12 1.35084e-09
852 1.73 310 0 4.40964e-09 1.32425e-12 2.91559e-09 1.05108e-12 1.59971e-12 -3.92231e-09 -2.55007e-09 -1.15288e-12 1.48484e-09 -3.12308e-13 -9.46651e-13 1.26929e-09
852 1.74 310 0 4.25997e-09 1.26922e-12 2.79462e-09 9.87575e-13 1.50162e-12 -3.78919e-09 -2.41755e-09 -1.08749e-12 1.4402e-09 -2.5614e-13 -8.84732e-13 1.19343e-09
852 1.75 310 0 4.11717e-09 1.21822e-12 2.68047e-09 9.29138e-13 1.41045e-12 -3.66238e-09 -2.2935e-09 -1.0283e-12 1.39706e-09 -2.03373e-13 -8.27554e-13 1.12278e-09
852 1.76 310 0 3.9808e-09 1.17084e-12 2.57261e-09 8.75836e-13 1.3254e-12 -3.54144e-09 -2.17723e-09 -9.75897e-13 1.35539e-09 -1.53709e-13 -7.75454e-13 1.0569e-09
852 1.77 310 0 3.85046e-09 1.1271e-12 2.47059e-09 8.27508e-13 1.24607e-12 -3.42599e-09 -2.06815e-09 -9.30394e-13 1.31511e-09 -1.06473e-13 -7.28138e-13 9.95434e-10
852 1.78 310 0 3.72578e-09 1.08717e-12 2.37398e-09 7.85022e-13 1.17336e-12 -3.31568e-09 -1.9657e-09 -8.92711e-13 1.27619e-09 -6.22751e-14 -6.86128e-13 9.38015e-10
852 1.79 310 0 3.60641e-09 1.00393e-12 2.2825e-09 7.976e-13 1.07281e-12 -3.21012e-09 -1.86962e-09 -9.55234e-13 1.23864e-09 -3.30647e-14 -7.2682e-13 8.84477e-10
852 1.8 310 0 3.49204e-09 9.40955e-13 2.19566e-09 7.79639e-13 9.9333e-13 -3.10911e-09 -1.77913e-09 -9.58726e-13 1.20226e-09 -9.96617e-15 -7.27054e-13 8.34333e-10
852 1.81 310 0 3.38237e-09 8.87176e-13 2.11317e-09 7.52007e-13 9.25841e-13 -3.01235e-09 -1.69388e-09 -9.39856e-13 1.16706e-09 8.51633e-15 -7.10855e-13 7.87364e-10
852 1.82 310 0 3.27715e-09 8.39802e-13 2.03475e-09 7.19504e-13 8.67283e-13 -2.91959e-09 -1.61351e-09 -9.07748e-13 1.133e-09 2.33812e-14 -6.84533e-13 7.43339e-10
852 1.83 310 0 3.17614e-09 7.95849e-13 1.96013e-09 6.86658e-13 8.14382e-13 -2.8306e-09 -1.53771e-09 -8.72013e-13 1.10004e-09 3.50842e-14 -6.55647e-13 7.02054e-10
852 1.84 310 0 3.07909e-09 7.55155e-13 1.88907e-09 6.53965e-13 7.66581e-13 -2.74516e-09 -1.46614e-09 -8.33872e-13 1.06814e-09 4.41444e-14 -6.24951e-13 6.63311e-10
852 1.85 310 0 2.98581e-09 7.17679e-13 1.82136e-09 6.21967e-13 7.23554e-13 -2.66307e-09 -1.39854e-09 -7.94611e-13 1.03726e-09 5.09248e-14 -5.93341e-13 6.2693e-10
852 1.86 310 0 2.89609e-09 6.83306e-13 1.75678e-09 5.90881e-13 6.84943e-13 -2.58416e-09 -1.33463e-09 -7.54983e-13 1.00737e-09 5.56922e-14 -5.61375e-13 5.92746e-10
852 1.87 310 0 2.80977e-09 6.5204e-13 1.69514e-09 5.61028e-13 6.50636e-13 -2.50826e-09 -1.27417e-09 -7.15945e-13 9.7842e-10 5.85534e-14 -5.29831e-13 5.60608e-10
852 1.88 310 0 2.72665e-09 6.23858e-13 1.63627e-09 5.32239e-13 6.20399e-13 -2.43521e-09 -1.21694e-09 -6.77519e-13 9.50387e-10 5.9841e-14 -4.98874e-13 5.30376e-10
852 1.89 310 0 2.6466e-09 5.98492e-13 1.58e-09 5.04611e-13 5.93796e-13 -2.36486e-09 -1.16273e-09 -6.40181e-13 9.23234e-10 5.99023e-14 -4.69174e-13 5.01923e-10
852 1.9 310 0 2.56945e-09 5.73456e-13 1.52619e-09 4.7864e-13 5.68054e-13 -2.29708e-09 -1.11136e-09 -6.04078e-13 8.96927e-10 5.96116e-14 -4.41623e-13 4.7513e-10
852 1.91 310 0 2.49507e-09 5.4926e-13 1.4747e-09 4.54322e-13 5.43289e-13 -2.23174e-09 -1.06264e-09 -5.7006e-13 8.7144e-10 5.9271e-14 -4.15797e-13 4.49887e-10
852 1.92 310 0 2.42333e-09 5.26371e-13 1.4254e-09 4.31399e-13 5.19918e-13 -2.16873e-09 -1.01641e-09 -5.38005e-13 8.46744e-10 5.88328e-14 -3.91374e-13 4.26093e-10
852 1.93 310 0 2.35411e-09 5.04691e-13 1.37816e-09 4.09748e-13 4.97849e-13 -2.10793e-09 -9.72528e-10 -5.07715e-13 8.22812e-10 5.82849e-14 -3.68216e-13 4.03654e-10
852 1.94 310 0 2.28729e-09 4.84131e-13 1.33288e-09 3.89255e-13 4.76994e-13 -2.04923e-09 -9.30844e-10 -4.7901e-13 7.99616e-10 5.76191e-14 -3.46193e-13 3.82484e-10
852 1.95 310 0 2.22277e-09 4.64611e-13 1.28944e-09 3.69814e-13 4.57274e-13 -1.99255e-09 -8.91231e-10 -4.51723e-13 7.77131e-10 5.68293e-14 -3.2518e-13 3.62502e-10
852 1.96 310 0 2.16043e-09 4.46052e-13 1.24776e-09 3.51321e-13 4.38615e-13 -1.93778e-09 -8.53566e-10 -4.25684e-13 7.55333e-10 5.59078e-14 -3.05044e-13 3.43633e-10
852 1.97 310 0 2.1002e-09 4.28381e-13 1.20775e-09 3.33662e-13 4.20947e-13 -1.88485e-09 -8.17738e-10 -4.00706e-13 7.34198e-10 5.48407e-14 -2.85628e-13 3.2581e-10
852 1.98 310 0 2.04197e-09 4.1152e-13 1.16931e-09 3.16696e-13 4.04208e-13 -1.83367e-09 -7.83641e-10 -3.76535e-13 7.13704e-10 5.35973e-14 -2.66708e-13 3.08966e-10
852 1.99 310 0 1.98566e-09 3.95374e-13 1.13236e-09 3.00173e-13 3.88349e-13 -1.78417e-09 -7.51177e-10 -3.52689e-13 6.93828e-10 5.20887e-14 -2.47828e-13 2.93043e-10
852 2 310 0 1.93119e-09 3.79642e-13 1.09685e-09 2.82048e-13 3.73646e-13 -1.73627e-09 -7.20255e-10 -3.24976e-13 6.7455e-10 4.9235e-14 -2.24863e-13 2.77986e-10
