852 0 390 0 9.73315e-21 -1.09287e-20 3.37762e-08 2.68041e-09 0 0 0 0 0 0 3.67299e-08 -9.65331e-09
852 0.01 390 0 2.18951e-22 -1.69566e-20 3.3774e-08 2.67138e-09 6.58718e-23 -1.19925e-22 -2.83415e-10 1.83051e-10 -1.03894e-22 -9.05286e-23 3.67245e-08 -9.661e-09
852 0.02 390 0 5.29641e-21 -4.97758e-21 3.37676e-08 2.64429e-09 1.5829e-22 -1.51911e-22 -5.66596e-10 3.6647e-10 -8.4003e-23 -1.93477e-23 3.67083e-08 -9.68404e-09
852 0.03 390 0 4.01189e-21 -1.31204e-20 3.37563e-08 2.59919e-09 2.75965e-22 -1.8672e-22 -8.49299e-10 5.50635e-10 -2.38916e-22 -3.3723e-22 3.6681e-08 -9.72263e-09
852 0.04 390 0 9.53652e-21 -6.92005e-21 3.3741e-08 2.53603e-09 4.65916e-22 1.27804e-23 -1.13131e-09 7.359e-10 -1.37307e-22 -4.43053e-22 3.66431e-08 -9.77629e-09
852 0.05 390 0 8.10085e-21 -9.56481e-21 3.37211e-08 2.45488e-09 6.30265e-22 -1.32713e-22 -1.41237e-09 9.22637e-10 -3.02116e-22 -5.68955e-22 3.65942e-08 -9.84515e-09
852 0.06 390 0 9.94302e-21 -1.29395e-20 3.36963e-08 2.35578e-09 8.60563e-22 -4.19427e-22 -1.69224e-09 1.11121e-09 -3.91567e-22 -6.55844e-22 3.6534e-08 -9.92912e-09
852 0.07 390 0 6.95882e-21 -1.05654e-20 3.36666e-08 2.23878e-09 8.23145e-22 -3.79708e-22 -1.97067e-09 1.30198e-09 -4.7393e-22 -6.72163e-22 3.64625e-08 -1.00281e-08
852 0.08 390 0 7.85802e-21 -7.59402e-21 3.36316e-08 2.10395e-09 9.93015e-22 -1.59678e-22 -2.2474e-09 1.49531e-09 -4.62646e-22 -7.84455e-22 3.63794e-08 -1.01419e-08
852 0.09 390 0 1.0517e-20 -1.06435e-20 3.3591e-08 1.95136e-09 1.20536e-21 -2.75456e-22 -2.52216e-09 1.69156e-09 -4.02215e-22 -1.09345e-21 3.62843e-08 -1.02704e-08
852 0.1 390 0 9.25578e-21 -1.17024e-20 3.35446e-08 1.7811e-09 1.28932e-21 -5.76577e-22 -2.79468e-09 1.89107e-09 -5.68884e-22 -1.06785e-21 3.61771e-08 -1.04133e-08
852 0.11 390 0 4.86005e-21 -1.01632e-20 3.34918e-08 1.59328e-09 9.71021e-22 -6.00296e-22 -3.06466e-09 2.09419e-09 -6.75428e-22 -9.39829e-22 3.60574e-08 -1.05705e-08
852 0.12 390 0 1.44455e-21 -1.59531e-20 3.34324e-08 1.38802e-09 7.25933e-22 -1.60371e-21 -3.33181e-09 2.30127e-09 -1.00757e-21 -7.84979e-22 3.59248e-08 -1.07418e-08
852 0.13 390 0 5.18096e-22 -1.05647e-20 3.33648e-08 1.16438e-09 7.40021e-22 -9.06783e-22 -3.59575e-09 2.51284e-09 -1.03121e-21 -8.90284e-22 3.57789e-08 -1.09259e-08
852 0.14 390 0 8.91498e-21 -1.6169e-20 3.32902e-08 9.24769e-10 1.61289e-21 -1.50066e-21 -3.85619e-09 2.72887e-09 -7.95421e-22 -1.45359e-21 3.56189e-08 -1.11244e-08
852 0.15 390 0 3.52763e-22 -1.0056e-20 3.32078e-08 6.68158e-10 5.70948e-22 -1.00559e-21 -4.11286e-09 2.94981e-09 -9.3086e-22 -9.6026e-22 3.54451e-08 -1.13358e-08
852 0.16 390 0 2.97573e-21 -1.13505e-20 3.31167e-08 3.94823e-10 1.04318e-21 -1.28554e-21 -4.36532e-09 3.17599e-09 -9.83863e-22 -1.14161e-21 3.52567e-08 -1.15598e-08
852 0.17 390 0 3.75697e-21 -1.20441e-20 3.30162e-08 1.0501e-10 1.2929e-21 -9.65401e-22 -4.61321e-09 3.40771e-09 -1.10651e-21 -1.71091e-21 3.5053e-08 -1.17961e-08
852 0.18 390 0 1.06335e-20 -1.14436e-20 3.29056e-08 -2.01003e-10 2.82402e-21 -9.48939e-22 -4.8561e-09 3.64526e-09 -1.23333e-21 -2.01382e-21 3.48335e-08 -1.20441e-08
852 0.19 390 0 -5.80493e-22 -1.45859e-20 3.27839e-08 -5.22821e-10 9.44628e-22 -2.04173e-21 -5.09349e-09 3.88895e-09 -1.70727e-21 -1.36132e-21 3.45973e-08 -1.23034e-08
852 0.2 390 0 -7.77356e-22 -1.06345e-20 3.26501e-08 -8.61292e-10 6.19809e-22 -1.582e-21 -5.325e-09 4.13928e-09 -1.37348e-21 -1.16495e-21 3.43445e-08 -1.25724e-08
852 0.21 390 0 3.45953e-21 -1.47703e-20 3.25054e-08 -1.21351e-09 1.92466e-21 -2.73098e-21 -5.55035e-09 4.39593e-09 -1.88217e-21 -1.3045e-21 3.40744e-08 -1.28521e-08
852 0.22 390 0 -1.0121e-21 -6.47762e-21 3.23472e-08 -1.58075e-09 1.08473e-21 -6.10389e-22 -5.76873e-09 4.65937e-09 -1.73648e-21 -1.37406e-21 3.37856e-08 -1.31411e-08
852 0.23 390 0 2.84465e-21 -1.7736e-20 3.21747e-08 -1.96207e-09 1.93711e-21 -3.45282e-21 -5.97962e-09 4.92986e-09 -2.19458e-21 -1.69125e-21 3.34774e-08 -1.34388e-08
852 0.24 390 0 2.60374e-21 -8.3454e-21 3.19867e-08 -2.35812e-09 1.85199e-21 -1.28251e-21 -6.18254e-09 5.20787e-09 -1.74087e-21 -1.5253e-21 3.31499e-08 -1.37431e-08
852 0.25 390 0 8.21478e-23 -1.35562e-20 3.1784e-08 -2.76614e-09 1.04722e-21 -2.56518e-21 -6.37701e-09 5.49284e-09 -1.86962e-21 -1.6633e-21 3.28019e-08 -1.4055e-08
852 0.26 390 0 2.6913e-21 -1.36416e-20 3.1564e-08 -3.18633e-09 2.30365e-21 -2.83191e-21 -6.56218e-09 5.78528e-09 -2.37779e-21 -1.8279e-21 3.24323e-08 -1.43727e-08
852 0.27 390 0 4.39375e-22 -8.99298e-21 3.13268e-08 -3.61814e-09 2.09005e-21 -2.0723e-21 -6.73763e-09 6.08518e-09 -2.56928e-21 -1.2199e-21 3.20411e-08 -1.4695e-08
852 0.28 390 0 4.21998e-21 -1.50451e-20 3.10696e-08 -4.06161e-09 2.93803e-21 -3.34837e-21 -6.90241e-09 6.39304e-09 -2.61384e-21 -2.16701e-21 3.16272e-08 -1.50198e-08
852 0.29 390 0 1.42e-22 -1.04409e-20 3.07933e-08 -4.51365e-09 1.90163e-21 -2.51566e-21 -7.05592e-09 6.70806e-09 -2.62802e-21 -1.49697e-21 3.11894e-08 -1.53478e-08
852 0.3 390 0 7.04766e-21 -9.2818e-21 3.04964e-08 -4.97447e-09 3.99474e-21 -1.33461e-21 -7.19752e-09 7.03049e-09 -2.27192e-21 -2.77436e-21 3.07278e-08 -1.56764e-08
852 0.31 390 0 -8.80369e-22 -1.34123e-20 3.01764e-08 -5.44375e-09 1.87896e-21 -3.77192e-21 -7.32614e-09 7.36073e-09 -3.18215e-21 -1.50778e-21 3.02411e-08 -1.60034e-08
852 0.32 390 0 -6.6314e-22 -9.03592e-21 2.98343e-08 -5.9179e-09 2.03985e-21 -2.65763e-21 -7.44122e-09 7.69781e-09 -3.00487e-21 -1.28816e-21 2.97287e-08 -1.63292e-08
852 0.33 390 0 -3.56402e-22 -1.10258e-20 2.94679e-08 -6.39723e-09 1.85853e-21 -3.02526e-21 -7.54175e-09 8.04167e-09 -2.86906e-21 -1.72121e-21 2.919e-08 -1.66505e-08
852 0.34 390 0 -2.09179e-21 -9.39656e-21 2.90747e-08 -6.88056e-09 2.01029e-21 -3.40301e-21 -7.62647e-09 8.39264e-09 -3.58503e-21 -9.89445e-22 2.86238e-08 -1.69651e-08
852 0.35 390 0 -7.4822e-22 -1.02532e-20 2.86564e-08 -7.36467e-09 2.16164e-21 -3.1121e-21 -7.69509e-09 8.74924e-09 -3.38022e-21 -1.66688e-21 2.80304e-08 -1.72723e-08
852 0.36 390 0 5.21961e-21 -7.42765e-21 2.821e-08 -7.84829e-09 4.60296e-21 -2.18533e-21 -7.74614e-09 9.11151e-09 -3.11602e-21 -2.09655e-21 2.74084e-08 -1.75693e-08
852 0.37 390 0 -8.25925e-21 -9.17757e-21 2.77344e-08 -8.33067e-09 -5.62535e-22 -4.74391e-21 -7.77877e-09 9.47931e-09 -3.92404e-21 4.71197e-22 2.67582e-08 -1.78527e-08
852 0.38 390 0 2.60383e-21 -6.48334e-21 2.72297e-08 -8.80736e-09 4.21149e-21 -1.93022e-21 -7.79195e-09 9.85088e-09 -3.71796e-21 -1.93416e-21 2.60786e-08 -1.81218e-08
852 0.39 390 0 3.3098e-21 -8.12591e-21 2.66937e-08 -9.2782e-09 4.65861e-21 -3.38979e-21 -7.78462e-09 1.02264e-08 -3.89321e-21 -1.48666e-21 2.53702e-08 -1.83721e-08
852 0.4 390 0 -2.28722e-21 -3.97842e-21 2.61271e-08 -9.73823e-09 2.44677e-21 -2.23091e-21 -7.75587e-09 1.06039e-08 -4.00604e-21 -4.73742e-22 2.46325e-08 -1.86026e-08
852 0.41 390 0 -4.23618e-21 -9.00184e-21 2.55268e-08 -1.01867e-08 1.42127e-21 -5.31828e-21 -7.70411e-09 1.09831e-08 -4.52253e-21 1.71749e-22 2.38652e-08 -1.88082e-08
852 0.42 390 0 -6.6226e-21 -1.00549e-20 2.48949e-08 -1.06191e-08 3.08067e-22 -5.6819e-21 -7.62908e-09 1.13615e-08 -4.74443e-21 2.06849e-22 2.30695e-08 -1.89875e-08
852 0.43 390 0 -7.54485e-21 -1.42028e-20 2.42281e-08 -1.10332e-08 -8.93744e-22 -7.1097e-21 -7.52885e-09 1.17389e-08 -4.62169e-21 -3.28419e-22 2.22449e-08 -1.91353e-08
852 0.44 390 0 -3.00644e-21 -7.45128e-21 2.35284e-08 -1.14239e-08 2.1476e-21 -4.66912e-21 -7.4031e-09 1.21122e-08 -4.58448e-21 -1.18442e-22 2.13926e-08 -1.92495e-08
852 0.45 390 0 -7.00173e-22 -1.00526e-20 2.27937e-08 -1.1789e-08 2.96288e-21 -5.67427e-21 -7.25039e-09 1.24806e-08 -4.54943e-21 -6.82669e-22 2.05135e-08 -1.93248e-08
852 0.46 390 0 -2.62916e-21 -9.13954e-21 2.20268e-08 -1.21231e-08 3.11995e-21 -5.90946e-21 -7.07073e-09 1.28412e-08 -5.57526e-21 -1.4615e-22 1.96098e-08 -1.9359e-08
852 0.47 390 0 -1.04005e-20 -1.1583e-20 2.12247e-08 -1.24226e-08 -2.262e-21 -8.8003e-21 -6.86207e-09 1.31919e-08 -5.23781e-21 1.90336e-21 1.86817e-08 -1.93456e-08
852 0.48 390 0 -8.82775e-21 -1.05041e-20 2.03898e-08 -1.26822e-08 -5.47102e-22 -7.18556e-21 -6.62443e-09 1.35296e-08 -5.88017e-21 6.81598e-22 1.7732e-08 -1.92813e-08
852 0.49 390 0 -1.07793e-21 -7.61812e-21 1.95243e-08 -1.28962e-08 3.63181e-21 -5.99843e-21 -6.35768e-09 1.38507e-08 -5.27777e-21 2.10413e-22 1.67634e-08 -1.91622e-08
852 0.5 390 0 -8.79282e-21 -2.55423e-21 1.86278e-08 -1.30605e-08 -2.66281e-21 -5.17696e-21 -6.06095e-09 1.4153e-08 -3.76674e-21 3.03951e-21 1.57789e-08 -1.89822e-08
852 0.51 390 0 2.15448e-21 -8.46145e-21 1.77035e-08 -1.31687e-08 6.67567e-21 -6.87735e-21 -5.73461e-09 1.4432e-08 -6.24343e-21 -3.48555e-22 1.4782e-08 -1.87372e-08
852 0.52 390 0 -1.09568e-20 -1.11422e-20 1.67552e-08 -1.32142e-08 -3.15528e-21 -9.92209e-21 -5.37942e-09 1.46834e-08 -5.68284e-21 2.46705e-21 1.37774e-08 -1.84234e-08
852 0.53 390 0 -7.88942e-21 -1.06676e-20 1.57838e-08 -1.31917e-08 -4.52613e-22 -1.0417e-20 -4.99537e-09 1.49033e-08 -6.40547e-21 2.52402e-21 1.27695e-08 -1.80336e-08
852 0.54 390 0 -7.46865e-21 -1.02135e-20 1.47949e-08 -1.30941e-08 2.36194e-22 -1.13431e-20 -4.58413e-09 1.50865e-08 -6.89777e-21 3.25445e-21 1.17642e-08 -1.7564e-08
852 0.55 390 0 -1.32713e-21 1.97995e-21 1.37935e-08 -1.29144e-08 2.50498e-21 -2.83207e-21 -4.14753e-09 1.52276e-08 -3.74724e-21 2.64254e-21 1.07681e-08 -1.70098e-08
852 0.56 390 0 -6.59937e-21 -3.83917e-21 1.27856e-08 -1.26454e-08 3.33208e-22 -7.98932e-21 -3.68776e-09 1.53214e-08 -5.95706e-21 3.80948e-21 9.78827e-09 -1.63664e-08
852 0.57 390 0 -2.72872e-21 -9.67183e-21 1.17795e-08 -1.22797e-08 4.11384e-21 -1.14502e-20 -3.20921e-09 1.53608e-08 -7.42789e-21 2.40786e-21 8.83379e-09 -1.56298e-08
852 0.58 390 0 -9.65741e-21 -4.20215e-21 1.07816e-08 -1.1811e-08 -3.63463e-21 -9.1505e-21 -2.71486e-09 1.53408e-08 -5.1394e-21 5.03642e-21 7.91352e-09 -1.47946e-08
852 0.59 390 0 -1.12302e-20 -6.0507e-22 9.80262e-09 -1.12307e-08 -4.04036e-21 -7.07419e-21 -2.21025e-09 1.5254e-08 -5.41075e-21 5.63655e-21 7.03781e-09 -1.38576e-08
852 0.6 390 0 -1.26683e-20 -5.51108e-21 8.8544e-09 -1.05331e-08 -5.71064e-21 -9.08717e-21 -1.70214e-09 1.50945e-08 -5.74278e-21 4.58818e-21 6.21867e-09 -1.28167e-08
852 0.61 390 0 -9.90354e-21 -2.72194e-21 7.94873e-09 -9.71008e-09 -4.71038e-21 -1.00472e-20 -1.1978e-09 1.48544e-08 -4.8655e-21 6.48565e-21 5.46862e-09 -1.16675e-08
852 0.62 390 0 -8.14277e-21 8.50048e-22 7.10288e-09 -8.7551e-09 -5.00671e-21 -7.7204e-21 -7.07919e-10 1.45264e-08 -3.22902e-21 6.99024e-21 4.8022e-09 -1.0411e-08
852 0.63 390 0 -1.21666e-20 -1.61103e-21 6.3331e-09 -7.66291e-09 -6.76703e-21 -1.01652e-20 -2.43302e-10 1.41041e-08 -5.12683e-21 7.46765e-21 4.23472e-09 -9.04619e-09
852 0.64 390 0 -9.68154e-21 -4.82685e-21 5.65886e-09 -6.42903e-09 -6.0052e-21 -1.28319e-20 1.83031e-10 1.35814e-08 -4.78719e-21 7.06702e-21 3.78266e-09 -7.57482e-09
852 0.65 390 0 -5.29957e-21 6.32477e-22 5.10233e-09 -5.04932e-09 -3.46213e-21 -7.17789e-21 5.54784e-10 1.29517e-08 -2.79673e-21 5.94729e-21 3.46463e-09 -5.9991e-09
852 0.66 390 0 -1.24789e-20 7.70902e-21 4.68729e-09 -3.52262e-09 -1.43395e-20 -1.42853e-21 8.54761e-10 1.22107e-08 1.21205e-21 8.38818e-21 3.29966e-09 -4.32378e-09
852 0.67 390 0 -1.01066e-20 -1.1737e-21 4.44335e-09 -1.84818e-09 -9.81047e-21 -1.08085e-20 1.0611e-09 1.13537e-08 -2.42671e-21 8.32076e-21 3.30831e-09 -2.55735e-09
852 0.68 390 0 -1.32935e-20 9.49881e-22 4.39948e-09 -3.03853e-11 -1.07497e-20 -1.17069e-20 1.15021e-09 1.03798e-08 -4.15593e-21 1.07935e-20 3.51278e-09 -7.08813e-10
852 0.69 390 0 -4.78312e-21 -9.88238e-22 4.59098e-09 1.92569e-09 -6.11713e-21 -1.30181e-20 1.09443e-09 9.28839e-09 -2.04735e-21 9.02511e-21 3.93571e-09 1.20855e-09
852 0.7 390 0 -2.8608e-21 6.80265e-21 5.05574e-09 4.00876e-09 -6.62225e-21 -6.51756e-21 8.6269e-10 8.08344e-09 1.04832e-21 1.00243e-20 4.60034e-09 3.17668e-09
852 0.71 390 0 -7.98479e-21 1.11422e-20 5.83342e-09 6.20315e-09 -1.48119e-20 1.72177e-21 4.2072e-10 6.7724e-09 4.22294e-21 9.1504e-21 5.53113e-09 5.17637e-09
852 0.72 390 0 -1.53097e-20 1.5963e-20 6.96945e-09 8.48754e-09 -1.80192e-20 5.91835e-21 -2.70466e-10 5.36704e-09 1.53655e-21 1.08824e-20 6.75208e-09 7.18167e-09
852 0.73 390 0 -1.93385e-21 3.26617e-22 8.51054e-09 1.08317e-08 -8.12193e-21 -1.70778e-20 -1.25235e-09 3.88664e-09 3.64552e-22 1.23255e-20 8.28596e-09 9.16125e-09
852 0.74 390 0 -7.68728e-21 1.38891e-20 1.05087e-08 1.31981e-08 -1.68471e-20 4.35647e-21 -2.57302e-09 2.35642e-09 5.49939e-21 1.02733e-20 1.01565e-08 1.10795e-08
852 0.75 390 0 4.94383e-21 4.87328e-21 1.30142e-08 1.55367e-08 -5.29202e-21 -7.67116e-21 -4.27942e-09 8.12768e-10 5.2993e-21 8.61057e-21 1.23824e-08 1.28933e-08
852 0.76 390 0 -5.62764e-22 6.03638e-21 1.60852e-08 1.77867e-08 -1.42348e-20 -7.05333e-21 -6.42819e-09 -6.98481e-10 6.65822e-21 1.09357e-20 1.49829e-08 1.45529e-08
852 0.77 390 0 8.19587e-22 4.9481e-21 1.97746e-08 1.98713e-08 -1.12416e-20 -9.22272e-21 -9.07233e-09 -2.11722e-09 5.38198e-21 1.0927e-20 1.79704e-08 1.60024e-08
852 0.78 390 0 -1.13809e-21 8.6015e-21 2.4135e-08 2.16961e-08 -1.45335e-20 -8.05112e-21 -1.22668e-08 -3.36653e-09 6.12531e-21 1.39645e-20 2.13512e-08 1.71761e-08
852 0.79 390 0 -1.60198e-21 5.99458e-21 2.92186e-08 2.31472e-08 -2.04622e-20 -1.10484e-20 -1.60694e-08 -4.35161e-09 8.16212e-21 1.44564e-20 2.51274e-08 1.8003e-08
852 0.8 390 0 -2.00547e-21 1.06928e-20 3.50779e-08 2.40886e-08 -1.95834e-20 -3.03136e-21 -2.05431e-08 -4.95777e-09 8.71623e-21 1.35593e-20 2.92967e-08 1.84044e-08
852 0.81 390 0 4.19387e-21 2.27437e-20 4.17023e-08 2.43491e-08 -1.38983e-20 2.20817e-20 -2.56825e-08 -5.02397e-09 1.51802e-20 8.50485e-21 3.38025e-08 1.82812e-08
852 0.82 390 0 7.59623e-21 1.87594e-20 4.91294e-08 2.37463e-08 -1.00151e-20 2.34797e-20 -3.15418e-08 -4.39209e-09 1.58815e-20 4.15901e-21 3.86244e-08 1.75501e-08
852 0.83 390 0 5.1561e-21 1.69598e-20 5.73468e-08 2.2056e-08 -1.85552e-20 1.37866e-20 -3.81285e-08 -2.85598e-09 1.64439e-20 9.89105e-21 4.37053e-08 1.6114e-08
852 0.84 390 0 9.72086e-21 7.74624e-21 6.63076e-08 1.90216e-08 -2.15833e-20 -3.51839e-22 -4.54189e-08 -1.75675e-10 1.87636e-20 9.95091e-21 4.89639e-08 1.38743e-08
852 0.85 390 0 1.12617e-20 8.09263e-21 7.59233e-08 1.43483e-08 -1.01146e-20 1.1522e-20 -5.33529e-08 3.93121e-09 1.64352e-20 2.41324e-21 5.42965e-08 1.07336e-08
852 0.86 390 0 1.86702e-20 1.48907e-20 8.60427e-08 7.70742e-09 -4.18729e-21 2.52057e-20 -6.18122e-08 9.78444e-09 2.26632e-20 7.73999e-22 5.95678e-08 6.60278e-09
852 0.87 390 0 2.16025e-20 9.78974e-21 9.64394e-08 -1.26904e-09 -8.93553e-21 1.86482e-20 -7.06074e-08 1.77498e-08 2.62335e-20 7.62619e-22 6.46136e-08 1.40532e-09
852 0.88 390 0 1.85695e-20 4.50341e-21 1.06784e-07 -1.29771e-08 -3.39029e-21 2.20994e-20 -7.94494e-08 2.82282e-08 2.15541e-20 -5.93116e-21 6.92343e-08 -4.91082e-09
852 0.89 390 0 2.73069e-20 8.57834e-21 1.16618e-07 -2.78434e-08 1.62611e-20 2.8755e-20 -8.79197e-08 4.16613e-08 2.28899e-20 -8.67223e-21 7.31982e-08 -1.23657e-08
852 0.9 390 0 1.05231e-20 -4.87215e-21 1.25268e-07 -4.63288e-08 -3.35535e-21 2.09378e-20 -9.53831e-08 5.85351e-08 1.39384e-20 -1.26208e-20 7.62386e-08 -2.09281e-08
852 0.91 390 0 2.21155e-20 -6.70459e-22 1.32123e-07 -6.87325e-08 8.47442e-21 2.24843e-20 -1.01277e-07 7.91904e-08 2.07477e-20 -1.1753e-20 7.80983e-08 -3.05419e-08
852 0.92 390 0 3.03299e-20 -1.35272e-20 1.36049e-07 -9.553e-08 2.03135e-20 2.06799e-20 -1.04495e-07 1.04153e-07 2.37284e-20 -2.51107e-20 7.84527e-08 -4.10458e-08
852 0.93 390 0 4.42903e-20 -1.38321e-20 1.35688e-07 -1.27064e-07 3.19641e-20 3.13327e-20 -1.03696e-07 1.33833e-07 3.60457e-20 -3.12858e-20 7.69948e-08 -5.22019e-08
852 0.94 390 0 2.63338e-20 -2.31557e-20 1.29246e-07 -1.63583e-07 3.02606e-20 1.95708e-20 -9.709e-08 1.68557e-07 1.81594e-20 -3.51009e-20 7.34333e-08 -6.36676e-08
852 0.95 390 0 1.76831e-20 -3.05541e-20 1.14292e-07 -2.05208e-07 5.09584e-20 -2.52514e-21 -8.22221e-08 2.08537e-07 6.41157e-22 -4.00401e-20 6.75175e-08 -7.49843e-08
852 0.96 390 0 4.84975e-21 -3.29764e-20 8.73272e-08 -2.51887e-07 4.12651e-20 -5.12845e-21 -5.55396e-08 2.53813e-07 -8.23266e-21 -3.9475e-20 5.90663e-08 -8.55557e-08
852 0.97 390 0 -8.81933e-21 -1.86823e-20 4.27609e-08 -3.03336e-07 2.64226e-20 -4.4423e-21 -1.13569e-08 3.04197e-07 -1.61161e-20 -2.26853e-20 4.80044e-08 -9.46163e-08
852 0.98 390 0 -1.24812e-20 -2.37087e-20 -3.02157e-08 -3.58981e-07 3.54552e-20 -1.26873e-20 6.12849e-08 3.592e-07 -2.23217e-20 -2.8266e-20 3.44041e-08 -1.01155e-07
852 0.99 390 0 -3.61529e-20 -6.57944e-20 -1.61983e-07 -4.17831e-07 6.43493e-20 -3.61017e-20 1.93006e-07 4.17887e-07 -5.34566e-20 -7.29395e-20 1.85396e-08 -1.03638e-07
852 1 390 0 4.58122e-19 3.48504e-21 -6.63778e-06 -2.38972e-07 1.41215e-20 3.99316e-19 6.67012e-06 2.38977e-07 4.88474e-19 -1.04655e-22 -2.60372e-12 -9.85155e-08
852 1.01 390 0 -1.30814e-20 -9.56932e-21 -2.8329e-07 2.33261e-10 2.56799e-20 -1.64749e-20 3.16076e-07 -2.4993e-10 -1.89137e-20 -1.87356e-20 -6.20642e-11 -8.71735e-08
852 1.02 390 0 -1.2039e-20 -7.92322e-21 -2.17967e-07 2.44787e-10 2.3536e-20 -3.56266e-20 2.52349e-07 -2.71346e-10 -2.72929e-20 -1.76624e-20 -8.43565e-11 -8.52231e-08
852 1.03 390 0 -6.59706e-21 -7.14824e-21 -1.90361e-07 2.71782e-10 2.45391e-20 -1.90276e-20 2.27025e-07 -3.10478e-10 -1.58247e-20 -1.8367e-20 -1.10906e-10 -8.64191e-08
852 1.04 390 0 -1.91141e-20 -6.92131e-21 -1.78585e-07 3.18638e-10 2.81481e-20 -3.87772e-20 2.18473e-07 -3.74338e-10 -3.8842e-20 -2.08e-20 -1.47643e-10 -9.04051e-08
852 1.05 390 0 -1.08328e-20 -4.91623e-21 -1.77298e-07 3.9951e-10 2.80147e-20 -3.15862e-20 2.21813e-07 -4.82107e-10 -2.80653e-20 -1.9645e-20 -2.05016e-10 -9.77482e-08
852 1.06 390 0 1.87225e-20 -6.69183e-21 -1.86197e-07 5.3898e-10 3.85415e-20 -3.82008e-20 2.37644e-07 -6.66897e-10 -1.98737e-21 -2.80047e-20 -3.0104e-10 -1.10049e-07
852 1.07 390 0 -1.49546e-20 -3.14901e-21 -2.09218e-07 8.12633e-10 4.73996e-20 -6.20653e-20 2.71844e-07 -1.02974e-09 -5.16343e-20 -3.0435e-20 -4.87859e-10 -1.31055e-07
852 1.08 390 0 -1.67321e-21 -1.14661e-20 -2.59536e-07 1.46678e-09 5.74619e-20 -5.44153e-20 3.42682e-07 -1.90127e-09 -3.4567e-20 -4.63347e-20 -9.3735e-10 -1.70801e-07
852 1.09 390 0 2.6388e-21 6.36942e-21 -3.88355e-07 3.81828e-09 1.21125e-19 -5.60498e-20 5.20202e-07 -5.05756e-09 -3.22928e-20 -6.80779e-20 -2.57731e-09 -2.66636e-07
852 1.1 390 0 -8.73413e-20 -8.56111e-20 -1.07631e-06 3.35714e-08 3.17594e-19 -1.74837e-19 1.46039e-06 -4.53822e-08 -2.05249e-19 -2.94594e-19 -2.378e-08 -7.66512e-07
852 1.11 390 0 8.17007e-19 1.97632e-19 9.05846e-07 2.70788e-08 -2.53734e-19 -1.90475e-19 -1.24324e-06 -3.73156e-08 7.59432e-19 3.81269e-19 -2.0019e-08 6.65894e-07
852 1.12 390 0 2.21996e-20 1.28495e-20 2.82817e-07 2.98014e-09 -1.32364e-19 1.14045e-19 -3.92099e-07 -4.18135e-09 1.01041e-19 1.03729e-19 -2.28863e-09 2.137e-07
852 1.13 390 0 6.28428e-21 5.52228e-21 1.56591e-07 1.02061e-09 -8.93056e-20 9.06298e-20 -2.19028e-07 -1.45643e-09 6.96017e-20 6.82576e-20 -8.10853e-10 1.21176e-07
852 1.14 390 0 -1.83226e-21 2.26226e-21 1.0342e-07 4.96827e-10 -8.73028e-20 1.10114e-19 -1.45766e-07 -7.20171e-10 7.60466e-20 6.47804e-20 -4.06874e-10 8.16921e-08
852 1.15 390 0 1.388e-21 2.57121e-21 7.46226e-08 2.87224e-10 -9.14215e-20 7.91421e-20 -1.05862e-07 -4.22415e-10 5.88236e-20 6.96647e-20 -2.41683e-10 5.9992e-08
852 1.16 390 0 1.58126e-20 8.12542e-21 5.68348e-08 1.84195e-10 -1.79504e-19 1.3573e-19 -8.10636e-08 -2.74524e-10 1.19282e-19 1.43391e-19 -1.58788e-10 4.63796e-08
852 1.17 390 0 5.94112e-21 2.63305e-21 4.49139e-08 1.2717e-10 2.22574e-19 -5.88763e-20 -6.43393e-08 -1.91808e-10 -3.84561e-20 -1.66705e-19 -1.12031e-10 3.71128e-08
852 1.18 390 0 4.36973e-22 1.45269e-21 3.64643e-08 9.1974e-11 4.86425e-20 -4.12703e-20 -5.2409e-08 -1.40261e-10 -3.20516e-20 -3.61492e-20 -8.25996e-11 3.04413e-08
852 1.19 390 0 1.80354e-21 1.03663e-21 3.02261e-08 6.93769e-11 2.43602e-20 -1.86677e-20 -4.35451e-08 -1.06826e-10 -1.30682e-20 -1.81067e-20 -6.33868e-11 2.54405e-08
852 1.2 390 0 8.17153e-22 5.97375e-22 2.54739e-08 5.3931e-11 1.31284e-20 -2.00821e-20 -3.67505e-08 -8.37545e-11 -1.57269e-20 -9.9194e-21 -5.00327e-11 2.15746e-08
852 1.21 390 0 2.94454e-22 7.34384e-22 2.17627e-08 4.29634e-11 1.06016e-20 -1.503e-20 -3.14122e-08 -6.7221e-11 -1.23807e-20 -7.85658e-21 -4.03995e-11 1.85129e-08
852 1.22 390 0 8.16621e-22 7.95498e-22 1.88053e-08 3.49327e-11 8.5203e-21 2.26411e-22 -2.71335e-08 -5.50065e-11 8.37872e-22 -6.19381e-21 -3.32404e-11 1.60404e-08
852 1.23 390 0 3.96292e-22 5.00419e-22 1.64088e-08 2.89809e-11 5.11375e-21 -7.85058e-21 -2.3647e-08 -4.58669e-11 -6.60295e-21 -3.74616e-21 -2.78696e-11 1.40115e-08
852 1.24 390 0 7.21437e-22 4.65299e-22 1.44388e-08 2.43999e-11 3.89544e-21 -1.32243e-21 -2.0766e-08 -3.87743e-11 -5.89175e-22 -2.80422e-21 -2.36812e-11 1.23241e-08
852 1.25 390 0 7.2361e-22 3.2125e-22 1.27995e-08 2.08611e-11 2.65055e-21 -1.53689e-21 -1.83569e-08 -3.32443e-11 -8.0255e-22 -1.92537e-21 -2.04117e-11 1.09045e-08
852 1.26 390 0 7.42672e-22 3.70722e-22 1.14207e-08 1.80376e-11 2.74767e-21 -2.15219e-21 -1.63214e-08 -2.87983e-11 -1.35436e-21 -1.99377e-21 -1.77721e-11 9.69835e-09
852 1.27 390 0 4.31649e-22 2.73862e-22 1.025e-08 1.57896e-11 1.78276e-21 -1.97304e-23 -1.4586e-08 -2.5226e-11 2.41938e-22 -1.26768e-21 -1.56505e-11 8.66485e-09
852 1.28 390 0 5.24494e-22 2.33259e-22 9.24784e-09 1.40049e-11 1.49392e-21 -2.41157e-21 -1.30947e-08 -2.2358e-11 -1.89216e-21 -1.07582e-21 -1.39531e-11 7.77264e-09
852 1.29 390 0 5.66039e-22 1.95676e-22 8.38335e-09 1.25214e-11 1.0757e-21 -2.91972e-21 -1.1804e-08 -1.99566e-11 -2.36965e-21 -7.49275e-22 -1.25246e-11 6.99719e-09
852 1.3 390 0 3.99843e-22 1.99429e-22 7.63272e-09 1.13649e-11 1.04923e-21 7.6078e-24 -1.06799e-08 -1.80499e-11 2.47246e-22 -7.35455e-22 -1.14021e-11 6.31936e-09
852 1.31 390 0 7.10673e-22 1.97405e-22 6.97694e-09 1.04576e-11 9.25389e-22 -2.36479e-21 -9.69543e-09 -1.65208e-11 -1.72613e-21 -6.33712e-22 -1.05086e-11 5.72374e-09
852 1.32 390 0 3.31116e-22 1.52791e-22 6.40126e-09 1.00311e-11 6.34149e-22 2.05122e-22 -8.82925e-09 -1.56759e-11 3.83399e-22 -4.15328e-22 -1.00699e-11 5.19827e-09
852 1.33 390 0 4.03179e-22 1.21217e-22 5.89206e-09 8.96843e-12 5.20031e-22 -7.17536e-22 -8.06193e-09 -1.39985e-11 -4.65489e-22 -3.49318e-22 -9.00226e-12 4.73147e-09
852 1.34 390 0 4.99304e-22 1.08053e-22 5.44019e-09 8.06064e-12 4.62064e-22 -9.02756e-22 -7.38016e-09 -1.25598e-11 -5.3088e-22 -3.15328e-22 -8.08422e-12 4.31582e-09
852 1.35 390 0 2.30311e-22 1.05315e-22 5.03742e-09 7.27882e-12 3.26431e-22 -3.75963e-22 -6.772e-09 -1.13162e-11 -3.5472e-22 -1.86846e-22 -7.2887e-12 3.9444e-09
852 1.36 390 0 3.07821e-22 7.95617e-23 4.67696e-09 6.60051e-12 2.94015e-22 -3.58246e-22 -6.22753e-09 -1.02338e-11 -2.18857e-22 -1.91402e-22 -6.59455e-12 3.6114e-09
852 1.37 390 0 2.82841e-22 7.09245e-23 4.35313e-09 6.00808e-12 2.1054e-22 -3.51597e-22 -5.73844e-09 -9.28584e-12 -2.54165e-22 -1.1839e-22 -5.98505e-12 3.31195e-09
852 1.38 390 0 3.36692e-22 5.92617e-23 4.06116e-09 5.48755e-12 2.18675e-22 -7.30479e-22 -5.29773e-09 -8.45084e-12 -5.66261e-22 -1.4671e-22 -5.44687e-12 3.04193e-09
852 1.39 390 0 4.40088e-22 5.39186e-23 3.79705e-09 5.02769e-12 2.17134e-22 -8.45085e-22 -4.89946e-09 -7.71158e-12 -5.52351e-22 -1.56764e-22 -4.96924e-12 2.79781e-09
852 1.4 390 0 1.71058e-22 3.91039e-23 3.55739e-09 4.6194e-12 9.03316e-23 -3.34669e-24 -4.53857e-09 -7.05403e-12 -1.54672e-24 -3.92767e-23 -4.54338e-12 2.57658e-09
852 1.41 390 0 3.57577e-22 4.60446e-23 3.33926e-09 4.25522e-12 1.2248e-22 -4.57547e-22 -4.21074e-09 -6.46664e-12 -2.49022e-22 -6.83402e-23 -4.16206e-12 2.37567e-09
852 1.42 390 0 6.36853e-22 3.24671e-23 3.14018e-09 3.929e-12 6.77915e-23 -1.11712e-21 -3.91223e-09 -5.93978e-12 -6.29762e-22 -2.74752e-23 -3.81922e-12 2.19281e-09
852 1.43 390 0 4.91809e-22 2.53163e-23 2.958e-09 3.63555e-12 2.62507e-23 -6.27097e-22 -3.63982e-09 -5.46536e-12 -2.62704e-22 8.5183e-24 -3.50978e-12 2.02609e-09
852 1.44 390 0 3.8105e-22 2.05326e-23 2.79087e-09 3.37046e-12 3.28798e-23 -5.58124e-22 -3.39071e-09 -5.03639e-12 -3.35057e-22 -7.51839e-24 -3.22927e-12 1.87379e-09
852 1.45 390 0 4.55578e-22 4.2088e-25 2.63718e-09 3.12995e-12 1.33972e-24 -6.3773e-22 -3.16245e-09 -4.64693e-12 -3.21666e-22 -7.63195e-25 -2.9739e-12 1.73444e-09
