852 0 390 0 0 0 0 0 4.35497e-08 -4.55622e-08 -3.73707e-21 1.79311e-21 -5.18073e-08 3.58432e-08 0 0
852 0.01 390 0 -6.83742e-10 2.66466e-10 1.04408e-23 1.24749e-22 4.35241e-08 -4.55654e-08 -1.08162e-21 -5.34732e-21 -5.17881e-08 3.58517e-08 4.69524e-23 6.19408e-23
852 0.02 390 0 -1.36616e-09 5.33737e-10 6.97931e-23 2.62723e-22 4.34475e-08 -4.5575e-08 -5.89016e-22 -4.98653e-21 -5.17303e-08 3.58773e-08 9.81469e-25 1.74064e-22
852 0.03 390 0 -2.04597e-09 8.02617e-10 1.45209e-22 1.95685e-22 4.33194e-08 -4.55907e-08 2.33171e-21 8.2797e-22 -5.16335e-08 3.59199e-08 2.31559e-22 2.53985e-22
852 0.04 390 0 -2.72179e-09 1.07388e-09 4.11896e-23 2.27557e-22 4.31408e-08 -4.56123e-08 3.81009e-21 -2.83671e-21 -5.14985e-08 3.5979e-08 2.4067e-22 -1.75499e-22
852 0.05 390 0 -3.39231e-09 1.34831e-09 4.0403e-23 1.75539e-22 4.29112e-08 -4.56392e-08 1.97296e-21 -1.74065e-21 -5.13247e-08 3.60543e-08 5.60244e-22 2.66972e-22
852 0.06 390 0 -4.05619e-09 1.62663e-09 -1.05447e-22 8.57425e-22 4.26308e-08 -4.56708e-08 -2.05262e-22 -2.83144e-21 -5.11121e-08 3.61455e-08 1.67268e-22 7.07685e-22
852 0.07 390 0 -4.71207e-09 1.90956e-09 3.52701e-23 6.74352e-22 4.22997e-08 -4.57065e-08 1.06567e-22 -2.67494e-21 -5.08604e-08 3.62519e-08 4.46678e-22 2.88539e-22
852 0.08 390 0 -5.35858e-09 2.19777e-09 -7.07393e-23 7.13704e-22 4.1918e-08 -4.57454e-08 2.13469e-21 -4.62141e-21 -5.05695e-08 3.63728e-08 4.73738e-22 4.09682e-22
852 0.09 390 0 -5.99434e-09 2.49188e-09 -8.86028e-23 9.12884e-22 4.14859e-08 -4.57863e-08 1.55951e-21 -5.2095e-21 -5.02392e-08 3.65075e-08 5.31352e-22 1.57884e-22
852 0.1 390 0 -6.61795e-09 2.79246e-09 -2.11864e-23 1.22796e-21 4.10036e-08 -4.58284e-08 -3.12465e-22 -3.81306e-21 -4.98692e-08 3.66552e-08 3.18464e-22 6.31268e-22
852 0.11 390 0 -7.22799e-09 3.10002e-09 2.38789e-22 7.98398e-22 4.04714e-08 -4.58702e-08 1.68106e-21 -2.78664e-21 -4.94595e-08 3.68147e-08 7.41415e-22 3.7162e-22
852 0.12 390 0 -7.82303e-09 3.41501e-09 6.10028e-22 2.13143e-21 3.98896e-08 -4.59104e-08 -6.83107e-22 -1.01727e-21 -4.90096e-08 3.6985e-08 3.7035e-22 2.0899e-21
852 0.13 390 0 -8.40165e-09 3.73773e-09 2.23977e-22 8.0891e-22 3.92576e-08 -4.59492e-08 2.71909e-21 -1.99654e-21 -4.85199e-08 3.71649e-08 1.30745e-21 2.62101e-22
852 0.14 390 0 -8.96241e-09 4.06863e-09 -1.29922e-22 1.73365e-21 3.85773e-08 -4.59816e-08 1.48675e-21 -2.22212e-21 -4.79889e-08 3.73532e-08 7.70218e-22 1.51142e-21
852 0.15 390 0 -9.50369e-09 4.4078e-09 6.47214e-22 1.39843e-21 3.78492e-08 -4.60075e-08 1.1233e-21 1.51013e-22 -4.74175e-08 3.75481e-08 1.48048e-21 1.1947e-21
852 0.16 390 0 -1.00241e-08 4.75535e-09 6.85837e-22 1.27012e-21 3.70734e-08 -4.60251e-08 1.58208e-21 -2.39693e-21 -4.68053e-08 3.77482e-08 1.08544e-21 8.20135e-22
852 0.17 390 0 -1.0522e-08 5.11129e-09 -1.77998e-22 1.39537e-21 3.62506e-08 -4.60324e-08 3.09659e-21 -1.97678e-21 -4.6152e-08 3.79519e-08 1.17525e-21 4.86807e-22
852 0.18 390 0 -1.09961e-08 5.47551e-09 -6.98364e-22 2.07799e-21 3.53817e-08 -4.60273e-08 2.67298e-21 -3.04429e-21 -4.54576e-08 3.81573e-08 8.30028e-22 8.80008e-22
852 0.19 390 0 -1.14448e-08 5.84782e-09 6.83948e-22 2.14607e-21 3.44669e-08 -4.60077e-08 7.83941e-22 -1.16876e-21 -4.47215e-08 3.83626e-08 1.35029e-21 1.54655e-21
852 0.2 390 0 -1.18665e-08 6.22766e-09 8.05334e-22 1.37946e-21 3.35074e-08 -4.59729e-08 2.41609e-21 -1.52621e-21 -4.39451e-08 3.85656e-08 1.83047e-21 6.04025e-22
852 0.21 390 0 -1.22596e-08 6.6145e-09 8.5629e-22 3.31191e-21 3.25062e-08 -4.5917e-08 1.21431e-22 -2.6e-21 -4.31275e-08 3.87638e-08 1.12758e-21 3.02412e-21
852 0.22 390 0 -1.26229e-08 7.00815e-09 4.39244e-22 7.19083e-22 3.14629e-08 -4.58399e-08 3.83051e-21 -2.96078e-21 -4.22686e-08 3.89558e-08 2.16314e-21 -1.27453e-21
852 0.23 390 0 -1.29549e-08 7.40765e-09 5.37755e-22 4.0331e-21 3.03787e-08 -4.57387e-08 -8.09129e-22 -2.14065e-21 -4.13685e-08 3.9139e-08 8.01615e-22 3.2255e-21
852 0.24 390 0 -1.32539e-08 7.81177e-09 8.79364e-22 2.79159e-21 2.92554e-08 -4.56125e-08 1.37579e-21 -2.46694e-21 -4.04289e-08 3.93106e-08 1.60821e-21 1.53694e-21
852 0.25 390 0 -1.35187e-08 8.21971e-09 1.46492e-21 3.19882e-21 2.80962e-08 -4.54556e-08 2.11337e-21 -1.50056e-21 -3.9449e-08 3.94681e-08 2.12554e-21 2.41809e-21
852 0.26 390 0 -1.37481e-08 8.6302e-09 3.09567e-22 2.25046e-21 2.69017e-08 -4.52669e-08 2.21624e-21 -3.65819e-21 -3.84293e-08 3.96089e-08 1.60749e-21 6.59576e-22
852 0.27 390 0 -1.39405e-08 9.04158e-09 1.77766e-21 4.09687e-21 2.56751e-08 -4.50439e-08 -3.58361e-23 -3.59784e-21 -3.73716e-08 3.97301e-08 1.87805e-21 2.24909e-21
852 0.28 390 0 -1.4095e-08 9.4522e-09 3.2579e-22 3.25881e-21 2.44175e-08 -4.47853e-08 8.21138e-22 -3.46965e-21 -3.62768e-08 3.98289e-08 1.22588e-21 2.22525e-21
852 0.29 390 0 -1.42105e-08 9.86065e-09 6.42905e-22 1.24711e-21 2.31328e-08 -4.44857e-08 2.70436e-21 -2.33582e-21 -3.51446e-08 3.99024e-08 2.63442e-21 -5.99855e-23
852 0.3 390 0 -1.42859e-08 1.02646e-08 -5.06714e-22 1.43477e-21 2.18241e-08 -4.41442e-08 3.6377e-21 -2.75912e-21 -3.39779e-08 3.99474e-08 2.15154e-21 -1.02774e-21
852 0.31 390 0 -1.43206e-08 1.06618e-08 2.03829e-21 4.54319e-21 2.04932e-08 -4.37594e-08 7.52095e-22 -2.06387e-21 -3.27781e-08 3.99609e-08 2.92763e-21 3.42856e-21
852 0.32 390 0 -1.43138e-08 1.10499e-08 1.33008e-21 3.17871e-21 1.9145e-08 -4.33263e-08 1.9651e-21 -2.5216e-21 -3.1546e-08 3.99396e-08 2.74778e-21 9.96993e-22
852 0.33 390 0 -1.42652e-08 1.14269e-08 2.64726e-21 3.33282e-21 1.77827e-08 -4.28444e-08 -2.23766e-22 -2.06461e-21 -3.02844e-08 3.9881e-08 3.00917e-21 2.11512e-21
852 0.34 390 0 -1.41745e-08 1.17899e-08 2.23635e-21 3.40037e-21 1.64085e-08 -4.23125e-08 6.7618e-23 -2.51278e-21 -2.89953e-08 3.97816e-08 2.6983e-21 1.95979e-21
852 0.35 390 0 -1.40416e-08 1.21359e-08 1.99358e-21 3.50274e-21 1.50297e-08 -4.17266e-08 1.34122e-21 -2.70176e-21 -2.76816e-08 3.96384e-08 3.11019e-21 1.26052e-21
852 0.36 390 0 -1.38668e-08 1.24621e-08 5.33305e-24 2.21303e-21 1.36485e-08 -4.10859e-08 2.00162e-21 -3.32627e-21 -2.63454e-08 3.94484e-08 2.07021e-21 -9.31142e-22
852 0.37 390 0 -1.36506e-08 1.27651e-08 5.05657e-21 5.12435e-21 1.227e-08 -4.03906e-08 -1.45737e-21 -1.93163e-21 -2.49916e-08 3.92084e-08 3.80149e-21 4.24511e-21
852 0.38 390 0 -1.33938e-08 1.30422e-08 -1.55334e-21 1.13821e-21 1.08997e-08 -3.96369e-08 4.38832e-21 -3.84858e-21 -2.36218e-08 3.89158e-08 1.75454e-21 -3.82416e-21
852 0.39 390 0 -1.30976e-08 1.32893e-08 4.64275e-22 2.1261e-21 9.5422e-09 -3.88268e-08 1.67473e-21 -3.50833e-21 -2.22418e-08 3.85677e-08 3.34166e-21 -6.49378e-22
852 0.4 390 0 -1.27635e-08 1.35034e-08 1.50425e-21 1.7341e-21 8.20395e-09 -3.79572e-08 1.70888e-21 -3.77547e-21 -2.08542e-08 3.81615e-08 2.46493e-21 -3.01262e-21
852 0.41 390 0 -1.23935e-08 1.36817e-08 1.96007e-21 3.76615e-21 6.88845e-09 -3.70306e-08 8.84738e-22 -2.58487e-21 -1.94643e-08 3.76954e-08 3.69714e-21 6.80519e-22
852 0.42 390 0 -1.19896e-08 1.38201e-08 5.13913e-21 6.07044e-21 5.60439e-09 -3.60457e-08 -2.3564e-22 -3.08751e-21 -1.80772e-08 3.71673e-08 4.64408e-21 3.89064e-21
852 0.43 390 0 -1.15549e-08 1.39157e-08 5.84784e-21 6.81664e-21 4.35452e-09 -3.50048e-08 -1.0894e-21 -2.7644e-21 -1.66977e-08 3.65752e-08 6.2945e-21 5.48095e-21
852 0.44 390 0 -1.10924e-08 1.39652e-08 2.43284e-21 2.77127e-21 3.1473e-09 -3.3908e-08 7.89697e-22 -4.93401e-21 -1.53313e-08 3.59181e-08 2.57185e-21 -6.38897e-22
852 0.45 390 0 -1.06058e-08 1.39652e-08 1.27634e-21 3.10412e-21 1.98698e-09 -3.27592e-08 2.65282e-21 -3.3179e-21 -1.39848e-08 3.51947e-08 3.57406e-21 -2.10702e-21
852 0.46 390 0 -1.00993e-08 1.39122e-08 3.17242e-21 4.95636e-21 8.82319e-10 -3.15601e-08 4.98703e-22 -6.16572e-21 -1.26645e-08 3.44051e-08 4.78808e-21 3.6844e-22
852 0.47 390 0 -9.57727e-09 1.38052e-08 8.319e-21 6.95111e-21 -1.64428e-10 -3.03144e-08 -3.22504e-21 -2.35826e-21 -1.13759e-08 3.3549e-08 8.32043e-21 5.16473e-21
852 0.48 390 0 -9.04494e-09 1.36411e-08 6.52248e-21 6.13605e-21 -1.14552e-09 -2.90259e-08 -1.57913e-21 -5.35584e-21 -1.01263e-08 3.26274e-08 6.2194e-21 3.01384e-21
852 0.49 390 0 -8.50781e-09 1.3418e-08 1.96088e-21 3.70739e-21 -2.05446e-09 -2.76987e-08 2.16946e-21 -6.05321e-21 -8.92238e-09 3.16418e-08 3.84622e-21 -2.28257e-21
852 0.5 390 0 -7.97188e-09 1.31344e-08 8.58158e-21 3.78825e-21 -2.88762e-09 -2.63398e-08 -3.16647e-21 -2.97775e-21 -7.77196e-09 3.0594e-08 7.29704e-21 2.89628e-21
852 0.51 390 0 -7.44359e-09 1.27896e-08 1.01443e-23 3.31685e-21 -3.63912e-09 -2.49545e-08 2.35552e-21 -3.87904e-21 -6.68194e-09 2.9487e-08 4.82424e-22 -4.5091e-21
852 0.52 390 0 -6.93e-09 1.23827e-08 1.04167e-20 6.5225e-21 -4.30344e-09 -2.35495e-08 -3.94335e-21 -6.2342e-21 -5.65963e-09 2.83246e-08 1.08575e-20 3.46359e-21
852 0.53 390 0 -6.43781e-09 1.19154e-08 8.70081e-21 7.64795e-21 -4.87861e-09 -2.2133e-08 -2.05053e-21 -5.75572e-21 -4.71218e-09 2.71113e-08 7.35828e-21 1.46898e-21
852 0.54 390 0 -5.97468e-09 1.13885e-08 8.35291e-21 7.54892e-21 -5.36026e-09 -2.07131e-08 -2.73955e-21 -7.0444e-21 -3.84668e-09 2.58527e-08 9.03011e-21 5.99924e-23
852 0.55 390 0 -5.54828e-09 1.08042e-08 4.76589e-22 2.04995e-21 -5.74584e-09 -1.92987e-08 4.27705e-21 -5.42722e-21 -3.06995e-09 2.45553e-08 4.27665e-22 -6.37833e-21
852 0.56 390 0 -5.16647e-09 1.01656e-08 8.59711e-21 4.98586e-21 -6.03407e-09 -1.78988e-08 -2.4897e-21 -6.42308e-21 -2.38812e-09 2.32261e-08 6.23327e-21 -1.40328e-21
852 0.57 390 0 -4.83701e-09 9.47704e-09 5.43333e-21 6.08282e-21 -6.22259e-09 -1.65239e-08 -1.35815e-22 -7.10427e-21 -1.80757e-09 2.18748e-08 3.46261e-21 -2.86696e-21
852 0.58 390 0 -4.56744e-09 8.74402e-09 1.08466e-20 5.91739e-21 -6.31387e-09 -1.51856e-08 -4.87209e-21 -6.15222e-21 -1.33376e-09 2.05104e-08 8.5107e-21 -4.82471e-22
852 0.59 390 0 -4.36503e-09 7.97336e-09 1.40422e-20 3.12811e-21 -6.30886e-09 -1.3893e-08 -5.75978e-21 -4.70904e-21 -9.7053e-10 1.9143e-08 1.10073e-20 -8.27992e-22
852 0.6 390 0 -4.23779e-09 7.17162e-09 1.12256e-20 4.78197e-21 -6.21026e-09 -1.26598e-08 -4.39286e-21 -6.55163e-21 -7.2267e-10 1.77855e-08 9.50955e-21 -2.7614e-21
852 0.61 390 0 -4.19059e-09 6.34987e-09 1.28181e-20 3.56662e-21 -6.02306e-09 -1.14952e-08 -7.05375e-21 -4.99773e-21 -5.9152e-10 1.64495e-08 9.11527e-21 -2.93969e-21
852 0.62 390 0 -4.23033e-09 5.51719e-09 1.31729e-20 2.82452e-21 -5.75141e-09 -1.04107e-08 -6.4471e-21 -6.15888e-21 -5.78772e-10 1.51493e-08 8.28276e-21 -3.02971e-21
852 0.63 390 0 -4.36157e-09 4.68552e-09 1.64796e-20 1.0461e-21 -5.40349e-09 -9.4182e-09 -1.04276e-20 -3.84061e-21 -6.84338e-10 1.38996e-08 1.33725e-20 -3.95112e-21
852 0.64 390 0 -4.58832e-09 3.86742e-09 1.1618e-20 4.3946e-21 -4.98875e-09 -8.52883e-09 -7.15485e-21 -6.31094e-21 -9.06395e-10 1.27158e-08 7.03058e-21 -5.78167e-21
852 0.65 390 0 -4.91191e-09 3.07817e-09 5.97659e-21 2.49638e-21 -4.51702e-09 -7.75224e-09 -4.08757e-21 -6.52502e-21 -1.24105e-09 1.16141e-08 1.56649e-21 -7.0279e-21
852 0.66 390 0 -5.33269e-09 2.3332e-09 1.74781e-20 -2.77254e-21 -4.00195e-09 -7.09892e-09 -1.17939e-20 -4.33569e-22 -1.68243e-09 1.06115e-08 1.02646e-20 -5.56313e-21
852 0.67 390 0 -5.85032e-09 1.64805e-09 1.22792e-20 6.24334e-22 -3.45623e-09 -6.57526e-09 -9.60315e-21 -2.58669e-21 -2.2225e-09 9.72412e-09 6.39953e-21 -8.7401e-21
852 0.68 390 0 -6.4597e-09 1.04186e-09 1.81085e-20 8.3933e-23 -2.89698e-09 -6.1914e-09 -1.19929e-20 -6.88649e-21 -2.85058e-09 8.97132e-09 9.00388e-21 -9.27339e-21
852 0.69 390 0 -7.15489e-09 5.32356e-10 1.0641e-20 4.22532e-21 -2.34061e-09 -5.95067e-09 -8.32609e-21 -6.61035e-21 -3.55326e-09 8.36893e-09 1.48094e-21 -5.90211e-21
852 0.7 390 0 -7.92841e-09 1.37726e-10 1.17095e-20 -1.95299e-21 -1.80664e-09 -5.85736e-09 -8.58121e-21 -4.66087e-21 -4.31463e-09 7.93457e-09 2.84397e-21 -8.13434e-21
852 0.71 390 0 -8.76533e-09 -1.20834e-10 1.77634e-20 -9.54959e-21 -1.31612e-09 -5.91438e-09 -1.18939e-20 1.4332e-21 -5.11449e-09 7.6856e-09 8.04961e-21 -9.83654e-21
852 0.72 390 0 -9.65088e-09 -2.24728e-10 1.97914e-20 -1.80656e-20 -8.90376e-10 -6.11985e-09 -1.28119e-20 8.73956e-21 -5.93032e-09 7.63687e-09 1.20358e-20 -1.74649e-20
852 0.73 390 0 -1.05659e-08 -1.54945e-10 1.24305e-20 1.87764e-21 -5.54259e-10 -6.47092e-09 -1.08355e-20 -7.63979e-21 -6.73513e-09 7.80329e-09 -2.02768e-21 -7.67444e-21
852 0.74 390 0 -1.14854e-08 1.07704e-10 1.6676e-20 -1.57988e-20 -3.30221e-10 -6.96093e-09 -1.5025e-20 7.33759e-21 -7.49869e-09 8.19775e-09 5.48504e-21 -1.4319e-20
852 0.75 390 0 -1.23801e-08 5.80478e-10 8.26118e-21 -2.20114e-21 -2.46624e-10 -7.58046e-09 -9.64802e-21 -3.75689e-21 -8.18452e-09 8.83088e-09 -3.26501e-21 -5.47545e-21
852 0.76 390 0 -1.32178e-08 1.2787e-09 1.49896e-20 -7.20758e-21 -3.25868e-10 -8.3147e-09 -1.23868e-20 -2.74469e-21 -8.7552e-09 9.71041e-09 -1.71052e-21 -7.12126e-21
852 0.77 390 0 -1.39572e-08 2.216e-09 1.07222e-20 -3.69007e-21 -5.96474e-10 -9.14602e-09 -1.11194e-20 -3.4022e-21 -9.16474e-09 1.08403e-08 -2.64348e-21 -6.94656e-21
852 0.78 390 0 -1.45542e-08 3.40174e-09 1.6803e-20 -9.19838e-21 -1.0852e-09 -1.005e-08 -1.77996e-20 5.02881e-21 -9.3633e-09 1.22198e-08 -2.03872e-21 -1.23799e-20
852 0.79 390 0 -1.49563e-08 4.84318e-09 1.56461e-20 -3.31917e-21 -1.81755e-09 -1.09986e-08 -1.81567e-20 -3.27422e-21 -9.29573e-09 1.38445e-08 -5.12941e-21 -5.73694e-21
852 0.8 390 0 -1.51233e-08 6.54591e-09 1.32118e-20 -8.61377e-21 -2.82385e-09 -1.19481e-08 -1.55665e-20 7.00935e-21 -8.9108e-09 1.57034e-08 -7.08556e-21 -1.16218e-20
852 0.81 390 0 -1.49199e-08 8.48468e-09 6.26075e-21 -3.59348e-20 -4.10281e-09 -1.28747e-08 -8.89187e-21 2.59922e-20 -8.10077e-09 1.77664e-08 -4.56625e-21 -2.12172e-20
852 0.82 390 0 -1.43082e-08 1.06432e-08 4.48229e-21 -3.08696e-20 -5.68231e-09 -1.3721e-08 -7.74296e-21 2.35082e-20 -6.81349e-09 1.99999e-08 -8.06929e-21 -1.57494e-20
852 0.83 390 0 -1.31943e-08 1.29874e-08 8.09619e-21 -2.53526e-20 -7.57529e-09 -1.44345e-08 -1.31162e-20 1.71653e-20 -4.96042e-09 2.23555e-08 -7.53138e-21 -1.12866e-20
852 0.84 390 0 -1.14792e-08 1.54633e-08 1.1092e-20 -1.18117e-20 -9.78766e-09 -1.49485e-08 -1.52533e-20 8.52788e-21 -2.4482e-09 2.47626e-08 -1.09601e-20 -5.00784e-21
852 0.85 390 0 -9.0506e-09 1.79937e-08 5.39695e-21 -1.7097e-20 -1.23153e-08 -1.5191e-08 -7.03547e-21 1.67124e-20 8.25921e-10 2.71284e-08 -8.10948e-21 -6.48183e-21
852 0.86 390 0 -5.78815e-09 2.04669e-08 -9.30634e-21 -3.35788e-20 -1.51415e-08 -1.50744e-08 -4.60862e-22 2.76629e-20 4.97044e-09 2.93231e-08 -1.3811e-20 -8.87676e-21
852 0.87 390 0 -1.55947e-09 2.27277e-08 -7.20923e-21 -2.71943e-20 -1.82321e-08 -1.45052e-08 1.44903e-21 2.65801e-20 1.01007e-08 3.11745e-08 -1.51385e-20 -6.11107e-21
852 0.88 390 0 3.76507e-09 2.45585e-08 -7.29725e-21 -2.27907e-20 -2.15266e-08 -1.3373e-08 3.21878e-21 2.51987e-20 1.63253e-08 3.24455e-08 -1.26001e-20 -2.76842e-21
852 0.89 390 0 1.03016e-08 2.56606e-08 -3.06985e-20 -2.96496e-20 -2.49282e-08 -1.15621e-08 2.2901e-20 3.30237e-20 2.37328e-08 3.28197e-08 -1.72618e-20 -6.06567e-21
852 0.9 390 0 1.80917e-08 2.56315e-08 -1.81581e-21 -2.31468e-20 -2.82825e-08 -8.95566e-09 -5.84576e-21 2.48695e-20 3.23362e-08 3.18761e-08 -2.80548e-21 -5.96888e-22
852 0.91 390 0 2.72703e-08 2.39427e-08 -1.90221e-20 -2.08593e-20 -3.13966e-08 -5.4292e-09 1.55911e-20 2.58916e-20 4.21896e-08 2.90706e-08 -9.37581e-21 -1.84077e-21
852 0.92 390 0 3.76289e-08 1.98308e-08 -3.59344e-20 -1.94983e-20 -3.39495e-08 -9.15372e-10 3.29135e-20 2.62978e-20 5.30319e-08 2.36403e-08 -1.4684e-20 5.15388e-22
852 0.93 390 0 4.86889e-08 1.23697e-08 -4.19099e-20 -1.85169e-20 -3.5514e-08 4.56653e-09 4.2295e-20 2.40576e-20 6.4298e-08 1.46745e-08 -1.46951e-20 4.05941e-21
852 0.94 390 0 5.93942e-08 5.36944e-10 -3.88467e-20 -1.17627e-20 -3.5537e-08 1.08049e-08 3.93045e-20 2.07305e-20 7.4826e-08 1.19798e-09 -9.97036e-21 3.86111e-21
852 0.95 390 0 6.78127e-08 -1.64554e-08 -5.65881e-20 7.1291e-21 -3.34179e-08 1.72397e-08 6.16235e-20 3.05457e-21 8.2573e-08 -1.74739e-08 -1.08932e-20 7.11292e-21
852 0.96 390 0 7.09693e-08 -3.84082e-08 -4.91009e-20 9.03569e-21 -2.87307e-08 2.28079e-08 5.83372e-20 -6.44626e-21 8.44803e-08 -4.09686e-08 -1.00478e-20 5.30751e-21
852 0.97 390 0 6.53762e-08 -6.29461e-08 -3.71294e-20 6.98672e-21 -2.16675e-08 2.59615e-08 4.49113e-20 -5.3429e-21 7.7062e-08 -6.66851e-08 -2.9508e-21 4.48509e-21
852 0.98 390 0 4.89165e-08 -8.46244e-08 -4.68e-20 1.98339e-20 -1.34819e-08 2.5145e-08 5.50344e-20 -2.06803e-20 5.832e-08 -8.9001e-08 -4.56177e-21 3.07055e-21
852 0.99 390 0 2.36527e-08 -9.57519e-08 -4.85e-20 4.42799e-20 -6.19436e-09 1.95712e-08 5.55422e-20 -5.27067e-20 3.03933e-08 -1.00291e-07 -5.87131e-21 4.20452e-21
852 1 390 0 3.80812e-11 -8.30671e-08 -2.30466e-20 -1.72876e-19 1.00285e-08 8.47371e-11 2.87214e-20 1.53099e-19 6.34364e-11 -9.1571e-08 -1.43656e-20 -8.08658e-22
852 1.01 390 0 -3.45481e-11 -7.9128e-08 -2.54903e-20 2.42031e-20 -1.61948e-08 2.02157e-11 3.08282e-20 -3.10873e-20 -2.50262e-11 -7.72564e-08 -5.31688e-21 -5.41579e-21
852 1.02 390 0 -7.03723e-11 -8.04323e-08 -2.43216e-20 4.30323e-20 -2.2622e-08 2.9488e-11 2.96335e-20 -5.1432e-20 -5.66593e-11 -7.51635e-08 -9.93742e-21 -6.87182e-21
852 1.03 390 0 -1.08991e-10 -8.56385e-08 -2.49824e-20 2.62864e-20 -2.85675e-08 4.36072e-11 3.06472e-20 -3.26365e-20 -8.90795e-11 -7.71339e-08 -7.84453e-21 -8.31788e-21
852 1.04 390 0 -1.60464e-10 -9.45709e-08 -2.73502e-20 4.84052e-20 -3.52733e-08 6.51334e-11 3.3865e-20 -5.49798e-20 -1.30918e-10 -8.2461e-08 -1.31257e-20 -1.04747e-20
852 1.05 390 0 -2.4118e-10 -1.08261e-07 -2.96927e-20 4.18308e-20 -4.37472e-08 1.00741e-10 3.77944e-20 -5.0707e-20 -1.95361e-10 -9.16952e-08 -1.55558e-20 -1.33715e-20
852 1.06 390 0 -3.76143e-10 -1.29257e-07 -3.66191e-20 4.68591e-20 -5.55052e-08 1.6261e-10 4.64136e-20 -6.38502e-20 -3.0153e-10 -1.06641e-07 -2.52274e-20 -1.73421e-20
852 1.07 390 0 -6.4277e-10 -1.63368e-07 -4.70346e-20 7.76533e-20 -7.35988e-08 2.87249e-10 6.1011e-20 -9.84188e-20 -5.09335e-10 -1.31599e-07 -3.72514e-20 -2.5199e-20
852 1.08 390 0 -1.29601e-09 -2.26018e-07 -5.87474e-20 7.3698e-20 -1.05868e-07 5.97713e-10 7.58414e-20 -9.76174e-20 -1.01431e-09 -1.78124e-07 -4.25721e-20 -3.25259e-20
852 1.09 390 0 -3.72767e-09 -3.74496e-07 -1.18788e-19 8.03897e-20 -1.81194e-07 1.77414e-09 1.56481e-19 -1.05573e-19 -2.87773e-09 -2.89258e-07 -4.49271e-20 -7.20471e-20
852 1.1 390 0 -3.58079e-08 -1.14226e-06 -3.06347e-19 3.07492e-19 -5.68062e-07 1.76531e-08 4.01787e-19 -3.99988e-19 -2.7191e-08 -8.66015e-07 -1.68718e-19 -1.90279e-19
852 1.11 390 0 -3.12424e-08 1.05233e-06 2.59779e-19 8.01599e-20 5.35855e-07 1.61504e-08 -3.43236e-19 -1.02501e-19 -2.31704e-08 7.8419e-07 -8.49395e-20 1.66648e-19
852 1.12 390 0 -3.67658e-09 3.57907e-07 1.29709e-19 -1.64216e-19 1.86049e-07 2.05543e-09 -1.7345e-19 2.22518e-19 -2.61348e-09 2.62464e-07 1.09259e-19 8.96578e-20
852 1.13 390 0 -1.32593e-09 2.14934e-07 8.74743e-20 -1.35717e-19 1.13773e-07 8.68822e-10 -1.17763e-19 1.88053e-19 -8.50038e-10 1.5528e-07 9.61191e-20 6.31807e-20
852 1.14 390 0 -6.60422e-10 1.5335e-07 8.527e-20 -1.62573e-19 8.24661e-08 6.20361e-10 -1.15219e-19 2.26762e-19 -2.86778e-10 1.09271e-07 1.22254e-19 6.38913e-20
852 1.15 390 0 -3.59759e-10 1.19096e-07 8.27977e-20 -1.09203e-19 6.48444e-08 8.33111e-10 -1.14005e-19 1.50212e-19 2.08404e-10 8.38586e-08 8.35702e-20 6.44527e-20
852 1.16 390 0 -8.55089e-11 9.73078e-08 7.88372e-20 -1.56348e-19 5.23541e-08 4.88113e-09 -1.25376e-19 2.55033e-19 3.54792e-09 6.86722e-08 1.31541e-19 6.66197e-20
852 1.17 390 0 -4.52818e-10 8.21586e-08 -1.45965e-19 9.78535e-20 4.30133e-08 5.97412e-09 2.15981e-19 -1.4774e-19 4.04652e-09 5.86716e-08 -7.34909e-20 -1.24384e-19
852 1.18 390 0 -2.38418e-10 7.11368e-08 -6.11166e-20 7.81821e-20 4.01374e-08 6.98523e-10 8.12654e-20 -1.09361e-19 2.73896e-10 4.83957e-08 -6.68096e-20 -5.08004e-20
852 1.19 390 0 -1.73132e-10 6.26904e-08 -2.72638e-20 3.41612e-20 3.58964e-08 2.90098e-10 3.66803e-20 -4.96775e-20 3.3142e-11 4.20812e-08 -2.972e-20 -2.31508e-20
852 1.2 390 0 -1.35848e-10 5.60212e-08 -1.62754e-20 3.06581e-20 3.24394e-08 1.71773e-10 2.1495e-20 -4.13504e-20 -1.66811e-11 3.71863e-08 -2.67444e-20 -1.38287e-20
852 1.21 390 0 -1.10873e-10 5.06208e-08 -1.00058e-20 2.20575e-20 2.96071e-08 1.19053e-10 1.39113e-20 -3.3496e-20 -2.97233e-11 3.32547e-08 -2.19591e-20 -8.97482e-21
852 1.22 390 0 -9.28581e-11 4.61571e-08 -6.81389e-21 2.40312e-21 2.72479e-08 8.98477e-11 9.91556e-21 -5.47085e-21 -3.23583e-11 3.00246e-08 -2.9367e-21 -6.39379e-21
852 1.23 390 0 -7.92292e-11 4.24041e-08 -5.27266e-21 1.14355e-20 2.52514e-08 7.11869e-11 7.19488e-21 -1.65196e-20 -3.17359e-11 2.73236e-08 -1.14237e-20 -4.84439e-21
852 1.24 390 0 -6.86067e-11 3.92032e-08 -3.94666e-21 3.5136e-21 2.35389e-08 5.84398e-11 5.42549e-21 -5.47532e-21 -2.98725e-11 2.50317e-08 -3.40301e-21 -3.68151e-21
852 1.25 390 0 -6.00858e-11 3.64395e-08 -3.03678e-21 3.29236e-21 2.20522e-08 4.90552e-11 4.03124e-21 -4.56833e-21 -2.77504e-11 2.30626e-08 -2.86838e-21 -2.81439e-21
852 1.26 390 0 -5.31353e-11 3.40278e-08 -2.49304e-21 2.74539e-21 2.07481e-08 4.19672e-11 3.57139e-21 -4.32104e-21 -2.55881e-11 2.13527e-08 -2.68072e-21 -2.47452e-21
852 1.27 390 0 -4.73359e-11 3.19038e-08 -1.93351e-21 1.40445e-21 1.95937e-08 3.6335e-11 2.58146e-21 -2.81357e-21 -2.35823e-11 1.98541e-08 -1.76601e-21 -1.83302e-21
852 1.28 390 0 -4.23839e-11 3.00179e-08 -1.59247e-21 3.47801e-21 1.85635e-08 3.16695e-11 2.16714e-21 -5.41521e-21 -2.17797e-11 1.853e-08 -3.80458e-21 -1.54726e-21
852 1.29 390 0 -3.81539e-11 2.83312e-08 -1.29726e-21 3.73378e-21 1.76377e-08 2.78668e-11 1.68339e-21 -5.29583e-21 -2.01012e-11 1.73514e-08 -3.7979e-21 -1.22516e-21
852 1.3 390 0 -3.43726e-11 2.6813e-08 -1.09104e-21 5.85337e-22 1.68001e-08 2.44813e-11 1.50503e-21 -1.27727e-21 -1.86151e-11 1.62956e-08 -7.57437e-22 -1.08339e-21
852 1.31 390 0 -3.09467e-11 2.54383e-08 -9.57698e-22 2.67486e-21 1.60379e-08 2.14557e-11 1.33836e-21 -3.54058e-21 -1.7252e-11 1.53443e-08 -2.52851e-21 -9.73632e-22
852 1.32 390 0 -2.7329e-11 2.41866e-08 -7.60669e-22 2.80682e-22 1.53399e-08 1.80485e-11 9.934e-22 -5.50969e-22 -1.60433e-11 1.44829e-08 -3.10688e-22 -7.37134e-22
852 1.33 390 0 -2.5256e-11 2.3043e-08 -6.4366e-22 1.23292e-21 1.47003e-08 1.67628e-11 8.3272e-22 -1.86787e-21 -1.47107e-11 1.36986e-08 -1.40588e-21 -6.25072e-22
852 1.34 390 0 -2.34296e-11 2.1993e-08 -5.53302e-22 1.15913e-21 1.41102e-08 1.56197e-11 7.25315e-22 -1.64626e-21 -1.35487e-11 1.29818e-08 -1.13387e-21 -5.45347e-22
852 1.35 390 0 -2.18115e-11 2.10249e-08 -4.54133e-22 8.3779e-22 1.35637e-08 1.46003e-11 5.70268e-22 -1.56166e-21 -1.25273e-11 1.23241e-08 -1.25641e-21 -4.30688e-22
852 1.36 390 0 -2.03702e-11 2.01294e-08 -3.93167e-22 6.77238e-22 1.30556e-08 1.3688e-11 5.01257e-22 -1.06463e-21 -1.16234e-11 1.17184e-08 -8.15789e-22 -3.8375e-22
852 1.37 390 0 -1.90803e-11 1.9298e-08 -3.20824e-22 6.68056e-22 1.25819e-08 1.28685e-11 3.83146e-22 -1.1564e-21 -1.08185e-11 1.11589e-08 -8.98024e-22 -2.96014e-22
852 1.38 390 0 -1.79205e-11 1.85241e-08 -2.88897e-22 9.66587e-22 1.21387e-08 1.21299e-11 3.68427e-22 -1.55505e-21 -1.0098e-11 1.06404e-08 -1.23136e-21 -2.82922e-22
852 1.39 390 0 -1.68734e-11 1.78014e-08 -2.6955e-22 9.43482e-22 1.1723e-08 1.14617e-11 3.64205e-22 -1.27829e-21 -9.44987e-12 1.01585e-08 -9.79543e-22 -2.8024e-22
852 1.4 390 0 -1.59244e-11 1.71249e-08 -1.61582e-22 2.28412e-22 1.13321e-08 1.08551e-11 1.68756e-22 -5.57418e-22 -8.8642e-12 9.70959e-09 -4.64418e-22 -1.3289e-22
852 1.41 390 0 -1.50612e-11 1.64902e-08 -1.55626e-22 5.22678e-22 1.09635e-08 1.03027e-11 1.85236e-22 -7.8656e-22 -8.33285e-12 9.29031e-09 -5.6843e-22 -1.44426e-22
852 1.42 390 0 -1.42732e-11 1.58932e-08 -1.10095e-22 1.19255e-21 1.06153e-08 9.79795e-12 1.12809e-22 -1.22478e-21 -7.84896e-12 8.89786e-09 -9.34281e-22 -8.97208e-23
852 1.43 390 0 -1.35517e-11 1.53306e-08 -6.88915e-23 6.88569e-22 1.02856e-08 9.3355e-12 6.5327e-23 -6.35138e-22 -7.40673e-12 8.52975e-09 -4.34628e-22 -5.08737e-23
852 1.44 390 0 -1.28891e-11 1.47994e-08 -6.50459e-23 6.03043e-22 9.97283e-09 8.91068e-12 7.51182e-23 -8.76201e-22 -7.00117e-12 8.1838e-09 -6.7769e-22 -5.89102e-23
852 1.45 390 0 -1.22792e-11 1.42968e-08 -4.31139e-24 6.74667e-22 9.67561e-09 8.51977e-12 4.17432e-24 -7.23866e-22 -6.62803e-12 7.85809e-09 -5.4515e-22 -3.35347e-24
