852 0 470 0 -4.97999e-09 4.21722e-09 9.24298e-09 -1.40363e-08 0 0 0 0 0 0 8.38451e-09 -1.69212e-08
852 0.01 470 0 -4.98059e-09 4.20716e-09 9.23736e-09 -1.40428e-08 2.11426e-10 1.04027e-09 -1.24439e-10 4.53931e-10 -1.03685e-10 -9.1542e-10 8.37776e-09 -1.69229e-08
852 0.02 470 0 -4.98247e-09 4.17704e-09 9.22046e-09 -1.40623e-08 4.25325e-10 2.07919e-09 -2.4781e-10 9.08003e-10 -2.09761e-10 -1.83021e-09 8.3575e-09 -1.6928e-08
852 0.03 470 0 -4.98579e-09 4.12689e-09 9.19219e-09 -1.40948e-08 6.44162e-10 3.11541e-09 -3.69041e-10 1.36236e-09 -3.20618e-10 -2.74373e-09 8.3237e-09 -1.69363e-08
852 0.04 470 0 -4.99081e-09 4.05676e-09 9.15241e-09 -1.41402e-08 8.70391e-10 4.14753e-09 -4.87061e-10 1.81712e-09 -4.38642e-10 -3.65531e-09 8.27634e-09 -1.69479e-08
852 0.05 470 0 -4.99801e-09 3.96684e-09 9.10091e-09 -1.41983e-08 1.10644e-09 5.17413e-09 -6.00793e-10 2.2724e-09 -5.66213e-10 -4.56424e-09 8.21538e-09 -1.69626e-08
852 0.06 470 0 -5.0078e-09 3.85724e-09 9.03741e-09 -1.4269e-08 1.35469e-09 6.19376e-09 -7.09159e-10 2.7283e-09 -7.0569e-10 -5.46978e-09 8.14072e-09 -1.69802e-08
852 0.07 470 0 -5.02081e-09 3.72825e-09 8.96162e-09 -1.4352e-08 1.61752e-09 7.2049e-09 -8.11076e-10 3.18489e-09 -8.59429e-10 -6.37112e-09 8.05231e-09 -1.70005e-08
852 0.08 470 0 -5.03783e-09 3.58009e-09 8.87311e-09 -1.44472e-08 1.89721e-09 8.20596e-09 -9.05453e-10 3.6422e-09 -1.02976e-09 -7.26736e-09 7.95005e-09 -1.70232e-08
852 0.09 470 0 -5.05968e-09 3.41304e-09 8.77145e-09 -1.45543e-08 2.19601e-09 9.19526e-09 -9.91195e-10 4.10025e-09 -1.21898e-09 -8.15753e-09 7.83383e-09 -1.70482e-08
852 0.1 470 0 -5.08726e-09 3.22766e-09 8.65622e-09 -1.46727e-08 2.5161e-09 1.01711e-08 -1.0672e-09 4.559e-09 -1.42939e-09 -9.04056e-09 7.70361e-09 -1.7075e-08
852 0.11 470 0 -5.12166e-09 3.02423e-09 8.52682e-09 -1.48023e-08 2.85959e-09 1.11315e-08 -1.13237e-09 5.01838e-09 -1.66325e-09 -9.91527e-09 7.55923e-09 -1.71033e-08
852 0.12 470 0 -5.16383e-09 2.80342e-09 8.38274e-09 -1.49425e-08 3.22847e-09 1.20747e-08 -1.18559e-09 5.47825e-09 -1.92272e-09 -1.07804e-08 7.40058e-09 -1.71326e-08
852 0.13 470 0 -5.21515e-09 2.56569e-09 8.22326e-09 -1.50928e-08 3.62465e-09 1.29985e-08 -1.22574e-09 5.93845e-09 -2.20998e-09 -1.16344e-08 7.22751e-09 -1.71626e-08
852 0.14 470 0 -5.27684e-09 2.31188e-09 8.04775e-09 -1.52526e-08 4.0499e-09 1.39007e-08 -1.25171e-09 6.39871e-09 -2.52713e-09 -1.24759e-08 7.03995e-09 -1.71926e-08
852 0.15 470 0 -5.35049e-09 2.04287e-09 7.85548e-09 -1.54212e-08 4.50586e-09 1.4779e-08 -1.26238e-09 6.85874e-09 -2.87621e-09 -1.3303e-08 6.83782e-09 -1.72222e-08
852 0.16 470 0 -5.43743e-09 1.75949e-09 7.64565e-09 -1.55979e-08 4.99401e-09 1.5631e-08 -1.25662e-09 7.31814e-09 -3.25912e-09 -1.41138e-08 6.62092e-09 -1.72507e-08
852 0.17 470 0 -5.5391e-09 1.46286e-09 7.41756e-09 -1.57819e-08 5.51571e-09 1.64542e-08 -1.23335e-09 7.77646e-09 -3.67773e-09 -1.49063e-08 6.3892e-09 -1.72775e-08
852 0.18 470 0 -5.6572e-09 1.15412e-09 7.17039e-09 -1.59723e-08 6.07213e-09 1.72456e-08 -1.19143e-09 8.23315e-09 -4.13381e-09 -1.56783e-08 6.14262e-09 -1.73019e-08
852 0.19 470 0 -5.79339e-09 8.34834e-10 6.90325e-09 -1.6168e-08 6.66414e-09 1.80027e-08 -1.12979e-09 8.68757e-09 -4.62892e-09 -1.64272e-08 5.88106e-09 -1.73231e-08
852 0.2 470 0 -5.94929e-09 5.06481e-10 6.61536e-09 -1.63679e-08 7.29251e-09 1.87222e-08 -1.04735e-09 9.13898e-09 -5.16456e-09 -1.71504e-08 5.60453e-09 -1.73402e-08
852 0.21 470 0 -6.1256e-09 1.67374e-10 6.30642e-09 -1.65721e-08 7.95825e-09 1.94007e-08 -9.43009e-10 9.58674e-09 -5.74238e-09 -1.78454e-08 5.3132e-09 -1.73526e-08
852 0.22 470 0 -6.32601e-09 -1.73887e-10 5.97442e-09 -1.67767e-08 8.6605e-09 2.00357e-08 -8.15833e-10 1.00295e-08 -6.36281e-09 -1.85086e-08 5.00668e-09 -1.73591e-08
852 0.23 470 0 -6.55119e-09 -5.18405e-10 5.61916e-09 -1.69814e-08 9.39967e-09 2.06235e-08 -6.64811e-10 1.04665e-08 -7.02704e-09 -1.91368e-08 4.68529e-09 -1.73588e-08
852 0.24 470 0 -6.80247e-09 -8.64093e-10 5.23995e-09 -1.71847e-08 1.01755e-08 2.11606e-08 -4.88992e-10 1.08964e-08 -7.73585e-09 -1.97267e-08 4.34911e-09 -1.73506e-08
852 0.25 470 0 -7.08177e-09 -1.20809e-09 4.83591e-09 -1.73848e-08 1.09872e-08 2.16435e-08 -2.87506e-10 1.13181e-08 -8.48953e-09 -2.02745e-08 3.99837e-09 -1.73334e-08
852 0.26 470 0 -7.39033e-09 -1.54777e-09 4.40646e-09 -1.75798e-08 1.18336e-08 2.20684e-08 -5.954e-11 1.173e-08 -9.28827e-09 -2.07764e-08 3.6333e-09 -1.73062e-08
852 0.27 470 0 -7.72946e-09 -1.88005e-09 3.951e-09 -1.77677e-08 1.27135e-08 2.24317e-08 1.9563e-10 1.21305e-08 -1.01318e-08 -2.12282e-08 3.25423e-09 -1.72675e-08
852 0.28 470 0 -8.10061e-09 -2.20154e-09 3.46885e-09 -1.79463e-08 1.36246e-08 2.27296e-08 4.78664e-10 1.25182e-08 -1.10196e-08 -2.16256e-08 2.86155e-09 -1.72164e-08
852 0.29 470 0 -8.50445e-09 -2.50883e-09 2.95975e-09 -1.81133e-08 1.4565e-08 2.29585e-08 7.90073e-10 1.2891e-08 -1.19506e-08 -2.19643e-08 2.45574e-09 -1.71513e-08
852 0.3 470 0 -8.942e-09 -2.79805e-09 2.42341e-09 -1.82662e-08 1.55318e-08 2.31146e-08 1.13027e-09 1.3247e-08 -1.29235e-08 -2.22395e-08 2.03746e-09 -1.7071e-08
852 0.31 470 0 -9.41356e-09 -3.06515e-09 1.85971e-09 -1.84024e-08 1.65219e-08 2.31943e-08 1.49954e-09 1.35842e-08 -1.39364e-08 -2.24465e-08 1.6074e-09 -1.69741e-08
852 0.32 470 0 -9.9195e-09 -3.30571e-09 1.26869e-09 -1.85191e-08 1.75315e-08 2.31941e-08 1.89796e-09 1.39004e-08 -1.4987e-08 -2.25804e-08 1.16641e-09 -1.68592e-08
852 0.33 470 0 -1.04596e-08 -3.51533e-09 6.50533e-10 -1.86132e-08 1.85564e-08 2.31107e-08 2.32551e-09 1.41931e-08 -1.60723e-08 -2.26364e-08 7.15386e-10 -1.67248e-08
852 0.34 470 0 -1.10335e-08 -3.68909e-09 5.83326e-12 -1.86819e-08 1.9592e-08 2.2941e-08 2.78189e-09 1.44599e-08 -1.7189e-08 -2.26095e-08 2.5558e-10 -1.65694e-08
852 0.35 470 0 -1.16399e-08 -3.82222e-09 -6.64677e-10 -1.87219e-08 2.0633e-08 2.2682e-08 3.26664e-09 1.46984e-08 -1.8333e-08 -2.24949e-08 -2.11784e-10 -1.63917e-08
852 0.36 470 0 -1.22775e-08 -3.90953e-09 -1.35995e-09 -1.87298e-08 2.1674e-08 2.23313e-08 3.77903e-09 1.49056e-08 -1.94996e-08 -2.22876e-08 -6.85292e-10 -1.61902e-08
852 0.37 470 0 -1.29442e-08 -3.9457e-09 -2.07863e-09 -1.87023e-08 2.27085e-08 2.18868e-08 4.31808e-09 1.5079e-08 -2.06834e-08 -2.1983e-08 -1.16326e-09 -1.59635e-08
852 0.38 470 0 -1.36375e-08 -3.92556e-09 -2.81912e-09 -1.8636e-08 2.373e-08 2.13467e-08 4.88256e-09 1.52158e-08 -2.18785e-08 -2.15766e-08 -1.64395e-09 -1.57103e-08
852 0.39 470 0 -1.43549e-08 -3.84677e-09 -3.57945e-09 -1.85287e-08 2.47317e-08 2.07085e-08 5.47113e-09 1.53131e-08 -2.30788e-08 -2.10643e-08 -2.12526e-09 -1.54294e-08
852 0.4 470 0 -1.5091e-08 -3.69751e-09 -4.35687e-09 -1.83741e-08 2.57053e-08 1.99745e-08 6.08144e-09 1.53678e-08 -2.42754e-08 -2.04419e-08 -2.60509e-09 -1.51193e-08
852 0.41 470 0 -1.5842e-08 -3.4756e-09 -5.14865e-09 -1.81701e-08 2.66432e-08 1.91433e-08 6.71146e-09 1.53772e-08 -2.54609e-08 -1.97062e-08 -3.08095e-09 -1.47791e-08
852 0.42 470 0 -1.66023e-08 -3.17609e-09 -5.95136e-09 -1.79134e-08 2.75374e-08 1.8216e-08 7.35862e-09 1.53383e-08 -2.66264e-08 -1.88543e-08 -3.55019e-09 -1.44078e-08
852 0.43 470 0 -1.73748e-08 -2.80046e-09 -6.76387e-09 -1.76025e-08 2.83758e-08 1.7188e-08 8.02098e-09 1.52478e-08 -2.77641e-08 -1.78811e-08 -4.00884e-09 -1.40042e-08
852 0.44 470 0 -1.8149e-08 -2.34198e-09 -7.58126e-09 -1.72334e-08 2.91507e-08 1.60639e-08 8.69492e-09 1.51031e-08 -2.88631e-08 -1.67862e-08 -4.455e-09 -1.3568e-08
852 0.45 470 0 -1.89065e-08 -1.78731e-09 -8.39533e-09 -1.68003e-08 2.98569e-08 1.48553e-08 9.37521e-09 1.49025e-08 -2.99099e-08 -1.5572e-08 -4.88626e-09 -1.30995e-08
852 0.46 470 0 -1.96432e-08 -1.1366e-09 -9.20198e-09 -1.63019e-08 3.0484e-08 1.35633e-08 1.00582e-08 1.46433e-08 -3.08942e-08 -1.42374e-08 -5.2986e-09 -1.25983e-08
852 0.47 470 0 -2.0351e-08 -3.88381e-10 -9.99581e-09 -1.57361e-08 3.1023e-08 1.21923e-08 1.07395e-08 1.43234e-08 -3.18043e-08 -1.27833e-08 -5.68838e-09 -1.20644e-08
852 0.48 470 0 -2.10182e-08 4.6077e-10 -1.07699e-08 -1.51007e-08 3.14657e-08 1.07505e-08 1.14138e-08 1.39411e-08 -3.26272e-08 -1.12128e-08 -6.05176e-09 -1.14984e-08
852 0.49 470 0 -2.16351e-08 1.41092e-09 -1.15178e-08 -1.43946e-08 3.18039e-08 9.24418e-09 1.20759e-08 1.34949e-08 -3.33507e-08 -9.529e-09 -6.38477e-09 -1.09013e-08
852 0.5 470 0 -2.21901e-08 2.46191e-09 -1.22322e-08 -1.36171e-08 3.20295e-08 7.68219e-09 1.272e-08 1.29839e-08 -3.39617e-08 -7.73707e-09 -6.6835e-09 -1.02744e-08
852 0.51 470 0 -2.26727e-08 3.61016e-09 -1.29057e-08 -1.27691e-08 3.21356e-08 6.07243e-09 1.33402e-08 1.24075e-08 -3.44479e-08 -5.84322e-09 -6.94369e-09 -9.61937e-09
852 0.52 470 0 -2.30666e-08 4.85846e-09 -1.35289e-08 -1.18488e-08 3.21167e-08 4.4296e-09 1.39291e-08 1.17657e-08 -3.47947e-08 -3.856e-09 -7.16117e-09 -8.93834e-09
852 0.53 470 0 -2.3359e-08 6.20087e-09 -1.40931e-08 -1.08589e-08 3.19682e-08 2.76456e-09 1.44801e-08 1.10593e-08 -3.49899e-08 -1.78529e-09 -7.33172e-09 -8.23421e-09
852 0.54 470 0 -2.35566e-08 7.64648e-09 -1.45937e-08 -9.80313e-09 3.16795e-08 1.10074e-09 1.4988e-08 1.02937e-08 -3.50224e-08 3.58706e-10 -7.45098e-09 -7.51141e-09
852 0.55 470 0 -2.36166e-08 9.16607e-09 -1.50174e-08 -8.68093e-09 3.12562e-08 -5.64879e-10 1.54436e-08 9.46424e-09 -3.48786e-08 2.56095e-09 -7.51615e-09 -6.77052e-09
852 0.56 470 0 -2.35348e-08 1.07549e-08 -1.53552e-08 -7.49832e-09 3.06942e-08 -2.21542e-09 1.58394e-08 8.57517e-09 -3.45479e-08 4.80864e-09 -7.52234e-09 -6.01803e-09
852 0.57 470 0 -2.3296e-08 1.24039e-08 -1.55966e-08 -6.26192e-09 2.99959e-08 -3.83425e-09 1.61673e-08 7.63123e-09 -3.40204e-08 7.08486e-09 -7.46651e-09 -5.25797e-09
852 0.58 470 0 -2.2892e-08 1.41006e-08 -1.57338e-08 -4.97722e-09 2.91602e-08 -5.40681e-09 1.64201e-08 6.63612e-09 -3.32872e-08 9.37241e-09 -7.34426e-09 -4.49785e-09
852 0.59 470 0 -2.23072e-08 1.58302e-08 -1.57556e-08 -3.65411e-09 2.81939e-08 -6.91792e-09 1.65894e-08 5.59636e-09 -3.2341e-08 1.16518e-08 -7.15343e-09 -3.74249e-09
852 0.6 470 0 -2.15366e-08 1.75748e-08 -1.56555e-08 -2.301e-09 2.70979e-08 -8.355e-09 1.66684e-08 4.51734e-09 -3.11765e-08 1.39033e-08 -6.89064e-09 -3.00064e-09
852 0.61 470 0 -2.05629e-08 1.93194e-08 -1.54218e-08 -9.29113e-10 2.58853e-08 -9.69919e-09 1.66483e-08 3.40806e-09 -2.97885e-08 1.61033e-08 -6.55497e-09 -2.27793e-09
852 0.62 470 0 -1.93829e-08 2.10415e-08 -1.50484e-08 4.50186e-10 2.4561e-08 -1.0939e-08 1.65227e-08 2.27591e-09 -2.81753e-08 1.82293e-08 -6.144e-09 -1.58475e-09
852 0.63 470 0 -1.79888e-08 2.27191e-08 -1.45275e-08 1.82205e-09 2.31375e-08 -1.20615e-08 1.62844e-08 1.13145e-09 -2.63372e-08 2.02571e-08 -5.65776e-09 -9.29107e-10
852 0.64 470 0 -1.63746e-08 2.43284e-08 -1.3852e-08 3.17075e-09 2.16288e-08 -1.30543e-08 1.59272e-08 -1.4004e-11 -2.42766e-08 2.21615e-08 -5.09629e-09 -3.20934e-10
852 0.65 470 0 -1.45411e-08 2.58434e-08 -1.30175e-08 4.4796e-09 2.00466e-08 -1.39079e-08 1.5445e-08 -1.14822e-09 -2.19984e-08 2.39166e-08 -4.46151e-09 2.30402e-10
852 0.66 470 0 -1.2487e-08 2.72373e-08 -1.20192e-08 5.72956e-09 1.84081e-08 -1.46129e-08 1.48329e-08 -2.25713e-09 -1.95102e-08 2.54962e-08 -3.75558e-09 7.13771e-10
852 0.67 470 0 -1.02153e-08 2.84819e-08 -1.08546e-08 6.90003e-09 1.67307e-08 -1.51624e-08 1.40866e-08 -3.32532e-09 -1.68221e-08 2.68737e-08 -2.9822e-09 1.11796e-09
852 0.68 470 0 -7.73389e-09 2.95472e-08 -9.52413e-09 7.96897e-09 1.50305e-08 -1.55527e-08 1.3204e-08 -4.33647e-09 -1.39474e-08 2.80233e-08 -2.14575e-09 1.43043e-09
852 0.69 470 0 -5.048e-09 3.04042e-08 -8.02646e-09 8.9116e-09 1.33312e-08 -1.57788e-08 1.21816e-08 -5.27047e-09 -1.0902e-08 2.89169e-08 -1.25455e-09 1.64118e-09
852 0.7 470 0 -2.1726e-09 3.10211e-08 -6.36678e-09 9.70269e-09 1.165e-08 -1.58422e-08 1.10204e-08 -6.10792e-09 -7.70515e-09 2.9529e-08 -3.15872e-10 1.73622e-09
852 0.71 470 0 8.76818e-10 3.13665e-08 -4.55129e-09 1.03133e-08 1.00085e-08 -1.5745e-08 9.72217e-09 -6.82558e-09 -4.37919e-09 2.98338e-08 6.5914e-10 1.70406e-09
852 0.72 470 0 4.07903e-09 3.1409e-08 -2.58974e-09 1.07136e-08 8.42547e-09 -1.54925e-08 8.29048e-09 -7.39889e-09 -9.49485e-10 2.98068e-08 1.65731e-09 1.53253e-09
852 0.73 470 0 7.4113e-09 3.11174e-08 -4.9644e-10 1.08709e-08 6.92245e-09 -1.50928e-08 6.7334e-09 -7.80066e-09 2.55585e-09 2.94245e-08 2.66388e-09 1.20956e-09
852 0.74 470 0 1.08416e-08 3.04605e-08 1.70942e-09 1.07512e-08 5.51463e-09 -1.45563e-08 5.06112e-09 -8.00165e-09 6.10427e-09 2.86638e-08 3.65979e-09 7.23978e-10
852 0.75 470 0 1.43426e-08 2.94067e-08 4.00422e-09 1.03183e-08 4.22747e-09 -1.38975e-08 3.29007e-09 -7.96952e-09 9.66019e-09 2.75023e-08 4.62456e-09 6.46652e-11
852 0.76 470 0 1.78732e-08 2.7927e-08 6.35628e-09 9.53362e-09 3.074e-09 -1.31326e-08 1.44035e-09 -7.66942e-09 1.31842e-08 2.59206e-08 5.53176e-09 -7.76408e-10
852 0.77 470 0 2.13909e-08 2.59925e-08 8.72525e-09 8.35746e-09 2.07023e-09 -1.22805e-08 -4.59405e-10 -7.0641e-09 1.6633e-08 2.39001e-08 6.35204e-09 -1.8057e-09
852 0.78 470 0 2.48468e-08 2.35754e-08 1.10601e-08 6.74974e-09 1.2286e-09 -1.13631e-08 -2.37119e-09 -6.11463e-09 1.99599e-08 2.14235e-08 7.05239e-09 -3.02701e-09
852 0.79 470 0 2.81853e-08 2.06472e-08 1.32976e-08 4.6693e-09 5.5883e-10 -1.04038e-08 -4.24648e-09 -4.77958e-09 2.31118e-08 1.84731e-08 7.59462e-09 -4.43945e-09
852 0.8 470 0 3.13388e-08 1.71821e-08 1.53598e-08 2.07713e-09 6.63829e-11 -9.42812e-09 -6.02252e-09 -3.01673e-09 2.60278e-08 1.50332e-08 7.93346e-09 -6.03749e-09
852 0.81 470 0 3.42407e-08 1.31551e-08 1.71512e-08 -1.05754e-09 -2.38971e-10 -8.47172e-09 -7.61963e-09 -7.89933e-10 2.86419e-08 1.10922e-08 8.01827e-09 -7.80626e-09
852 0.82 470 0 3.68068e-08 8.54403e-09 1.85511e-08 -4.75631e-09 -3.58721e-10 -7.56539e-09 -8.93627e-09 1.93097e-09 3.08798e-08 6.63878e-09 7.79619e-09 -9.72029e-09
852 0.83 470 0 3.89418e-08 3.32743e-09 1.94176e-08 -9.02831e-09 -2.98075e-10 -6.74277e-09 -9.84823e-09 5.16757e-09 3.26554e-08 1.66281e-09 7.20795e-09 -1.174e-08
852 0.84 470 0 4.05338e-08 -2.51324e-09 1.95757e-08 -1.38563e-08 -6.44106e-11 -6.04141e-09 -1.01996e-08 8.91954e-09 3.38683e-08 -3.84313e-09 6.19703e-09 -1.38077e-08
852 0.85 470 0 4.14449e-08 -8.99259e-09 1.88264e-08 -1.91871e-08 3.26121e-10 -5.49524e-09 -9.80732e-09 1.31571e-08 3.43962e-08 -9.88447e-09 4.70414e-09 -1.58456e-08
852 0.86 470 0 4.1513e-08 -1.61259e-08 1.69376e-08 -2.49178e-08 8.55306e-10 -5.15396e-09 -8.45222e-09 1.78046e-08 3.40914e-08 -1.64622e-08 2.68433e-09 -1.77484e-08
852 0.87 470 0 4.05254e-08 -2.391e-08 1.36534e-08 -3.08725e-08 1.49556e-09 -5.05557e-09 -5.88775e-09 2.27212e-08 3.27629e-08 -2.35664e-08 1.0896e-10 -1.93831e-08
852 0.88 470 0 3.82062e-08 -3.23295e-08 8.70958e-09 -3.67806e-08 2.20915e-09 -5.24785e-09 -1.8495e-09 2.76761e-08 3.01601e-08 -3.11727e-08 -3.02095e-09 -2.05886e-08
852 0.89 470 0 3.4188e-08 -4.13251e-08 1.85052e-09 -4.22522e-08 2.9518e-09 -5.77996e-09 3.92812e-09 3.23233e-08 2.59448e-08 -3.92166e-08 -6.65656e-09 -2.11791e-08
852 0.9 470 0 2.7979e-08 -5.07538e-08 -7.14546e-09 -4.67825e-08 3.6788e-09 -6.69479e-09 1.16817e-08 3.62127e-08 1.96556e-08 -4.75527e-08 -1.06766e-08 -2.09617e-08
852 0.91 470 0 1.89884e-08 -6.03363e-08 -1.84295e-08 -4.9626e-08 4.39584e-09 -8.13161e-09 2.16212e-08 3.86394e-08 1.07422e-08 -5.59386e-08 -1.48786e-08 -1.97494e-08
852 0.92 470 0 6.13469e-09 -6.953e-08 -3.19218e-08 -4.98674e-08 4.91947e-09 -1.01731e-08 3.37373e-08 3.86648e-08 -1.84062e-09 -6.3798e-08 -1.90223e-08 -1.73809e-08
852 0.93 470 0 -1.18872e-08 -7.71677e-08 -4.7505e-08 -4.65206e-08 4.94009e-09 -1.30716e-08 4.79429e-08 3.533e-08 -1.93238e-08 -6.99466e-08 -2.27188e-08 -1.38099e-08
852 0.94 470 0 -3.67652e-08 -8.09621e-08 -6.47439e-08 -3.81289e-08 4.17163e-09 -1.70189e-08 6.38728e-08 2.71399e-08 -4.33238e-08 -7.21475e-08 -2.55588e-08 -9.10192e-09
852 0.95 470 0 -7.05707e-08 -7.61773e-08 -8.29218e-08 -2.26712e-08 1.89973e-09 -2.23853e-08 8.08483e-08 1.19959e-08 -7.58143e-08 -6.56845e-08 -2.71294e-08 -3.48387e-09
852 0.96 470 0 -1.14667e-07 -5.22785e-08 -1.0061e-07 3.46391e-09 -3.47218e-09 -2.96583e-08 9.74194e-08 -1.38435e-08 -1.17994e-07 -4.00379e-08 -2.70912e-08 2.65462e-09
852 0.97 470 0 -1.62317e-07 1.63704e-08 -1.13105e-07 4.83899e-08 -1.62085e-08 -3.88896e-08 1.08691e-07 -5.86995e-08 -1.62725e-07 3.04122e-08 -2.527e-08 8.81355e-09
852 0.98 470 0 -1.44181e-07 1.86045e-07 -9.42921e-08 1.29724e-07 -4.88447e-08 -4.28529e-08 8.76891e-08 -1.40352e-07 -1.39362e-07 2.0146e-07 -2.1722e-08 1.46511e-08
852 0.99 470 0 2.60883e-07 2.27946e-07 6.77539e-08 1.75021e-07 -9.17873e-08 1.96221e-08 -7.94577e-08 -1.8331e-07 2.7413e-07 2.38483e-07 -1.52853e-08 2.06912e-08
852 1 470 0 -6.11226e-06 -2.37869e-07 7.95801e-08 2.94013e-10 -2.37864e-10 7.23721e-08 -9.32748e-08 -3.20693e-10 -6.097e-06 -2.37841e-07 -3.6932e-11 2.61339e-08
852 1.01 470 0 -1.6713e-08 3.11549e-10 3.28783e-08 8.28279e-11 -1.57382e-11 2.30669e-08 -3.97842e-08 -8.7798e-11 -1.00792e-08 3.18252e-10 -1.53048e-13 1.20397e-08
852 1.02 470 0 -8.48521e-09 1.68682e-10 1.96856e-08 4.20248e-11 -4.00812e-12 1.54464e-08 -2.51399e-08 -4.49174e-11 -3.44619e-09 1.72932e-10 7.52713e-13 9.11559e-09
852 1.03 470 0 -6.95609e-09 1.09455e-10 1.32045e-08 2.58799e-11 -4.44606e-13 1.17645e-08 -1.77783e-08 -2.78062e-11 -2.81651e-09 1.12552e-10 1.07349e-12 7.37259e-09
852 1.04 470 0 -6.52465e-09 7.81588e-11 9.40236e-09 1.76957e-11 1.12556e-12 9.59946e-09 -1.33641e-08 -1.90385e-11 -2.96879e-09 8.05213e-11 1.1946e-12 6.17962e-09
852 1.05 470 0 -6.35866e-09 5.93769e-11 6.94127e-09 1.2962e-11 1.92222e-12 8.19013e-09 -1.04471e-08 -1.39159e-11 -3.20938e-09 6.12276e-11 1.2343e-12 5.30305e-09
852 1.06 470 0 -6.27179e-09 4.71473e-11 5.24223e-09 9.97456e-12 2.61215e-12 7.21378e-09 -8.39376e-09 -1.06011e-11 -3.41788e-09 4.84983e-11 1.23565e-12 4.62959e-09
852 1.07 470 0 -6.2148e-09 3.87318e-11 4.01379e-09 7.99412e-12 2.85597e-12 6.51037e-09 -6.88223e-09 -8.41676e-12 -3.58047e-09 3.97938e-11 1.2211e-12 4.09601e-09
852 1.08 470 0 -6.17394e-09 3.26828e-11 3.09363e-09 6.6071e-12 3.02826e-12 5.98978e-09 -5.7313e-09 -6.86766e-12 -3.70516e-09 3.35028e-11 1.20099e-12 3.66355e-09
852 1.09 470 0 -6.14589e-09 2.82611e-11 2.38461e-09 5.6144e-12 3.33468e-12 5.59821e-09 -4.83147e-09 -5.70459e-12 -3.80238e-09 2.87813e-11 1.18143e-12 3.30692e-09
852 1.1 470 0 -6.13096e-09 2.48579e-11 1.8252e-09 4.8721e-12 3.42449e-12 5.30237e-09 -4.11285e-09 -4.85461e-12 -3.88115e-09 2.52055e-11 1.16175e-12 3.00892e-09
852 1.11 470 0 -6.13001e-09 2.22367e-11 1.37468e-09 4.31007e-12 3.51941e-12 5.07969e-09 -3.5287e-09 -4.19749e-12 -3.94869e-09 2.2424e-11 1.14661e-12 2.75731e-09
852 1.12 470 0 -6.14417e-09 2.02863e-11 1.00513e-09 3.89804e-12 3.773e-12 4.91482e-09 -3.04665e-09 -3.66505e-12 -4.01054e-09 2.02389e-11 1.13948e-12 2.54316e-09
852 1.13 470 0 -6.17533e-09 1.86917e-11 6.96667e-10 3.56744e-12 3.87966e-12 4.79802e-09 -2.64374e-09 -3.25567e-12 -4.07127e-09 1.85029e-11 1.13466e-12 2.35988e-09
852 1.14 470 0 -6.22505e-09 1.74611e-11 4.34837e-10 3.31484e-12 4.01854e-12 4.722e-09 -2.30308e-09 -2.92438e-12 -4.13456e-09 1.71257e-11 1.13696e-12 2.20246e-09
852 1.15 470 0 -6.29528e-09 1.66177e-11 2.08804e-10 3.14579e-12 4.30904e-12 4.68197e-09 -2.01205e-09 -2.64787e-12 -4.20369e-09 1.60605e-11 1.15033e-12 2.06703e-09
852 1.16 470 0 -6.38885e-09 1.59308e-11 1.01372e-11 3.0088e-12 4.50617e-12 4.67552e-09 -1.76106e-09 -2.42997e-12 -4.28188e-09 1.52164e-11 1.16764e-12 1.95072e-09
852 1.17 470 0 -6.50868e-09 1.55854e-11 -1.67794e-10 2.94298e-12 4.8769e-12 4.70107e-09 -1.54262e-09 -2.24759e-12 -4.37226e-09 1.46262e-11 1.20064e-12 1.85124e-09
852 1.18 470 0 -6.65909e-09 1.5343e-11 -3.30551e-10 2.89672e-12 5.1725e-12 4.7591e-09 -1.35081e-09 -2.10589e-12 -4.47846e-09 1.41944e-11 1.23894e-12 1.76699e-09
852 1.19 470 0 -6.84531e-09 1.53136e-11 -4.829e-10 2.89305e-12 5.54008e-12 4.85116e-09 -1.18083e-09 -1.99374e-12 -4.60456e-09 1.39474e-11 1.29058e-12 1.69678e-09
852 1.2 470 0 -7.07411e-09 1.5645e-11 -6.29177e-10 2.96478e-12 6.13193e-12 4.98031e-09 -1.02871e-09 -1.90776e-12 -4.75553e-09 1.39468e-11 1.36647e-12 1.63991e-09
852 1.21 470 0 -7.35516e-09 1.61173e-11 -7.73732e-10 3.06186e-12 6.72437e-12 5.15214e-09 -8.91087e-10 -1.85012e-12 -4.93795e-09 1.41042e-11 1.4568e-12 1.59618e-09
852 1.22 470 0 -7.70093e-09 1.70497e-11 -9.21067e-10 3.254e-12 7.61702e-12 5.37429e-09 -7.64965e-10 -1.82026e-12 -5.16025e-09 1.45704e-11 1.58461e-12 1.56587e-09
852 1.23 470 0 -8.12957e-09 1.82332e-11 -1.0765e-09 3.49367e-12 8.60027e-12 5.65873e-09 -6.47575e-10 -1.81993e-12 -5.4343e-09 1.52614e-11 1.74043e-12 1.54998e-09
852 1.24 470 0 -8.66634e-09 2.01634e-11 -1.24657e-09 3.88658e-12 1.00867e-11 6.02251e-09 -5.36131e-10 -1.85833e-12 -5.77659e-09 1.64469e-11 1.96431e-12 1.55035e-09
852 1.25 470 0 -9.34972e-09 2.26843e-11 -1.4403e-09 4.39562e-12 1.19012e-11 6.49214e-09 -4.27586e-10 -1.94004e-12 -6.21195e-09 1.80819e-11 2.25301e-12 1.57026e-09
852 1.26 470 0 -1.02387e-08 2.64079e-11 -1.67081e-09 5.14768e-12 1.44974e-11 7.1086e-09 -3.18189e-10 -2.08662e-12 -6.77834e-09 2.05434e-11 2.66393e-12 1.61511e-09
852 1.27 470 0 -1.143e-08 3.2342e-11 -1.9589e-09 6.35214e-12 1.85911e-11 7.93954e-09 -2.02733e-10 -2.3417e-12 -7.53793e-09 2.44738e-11 3.29501e-12 1.69422e-09
852 1.28 470 0 -1.30947e-08 4.14757e-11 -2.3406e-09 8.2037e-12 2.47916e-11 9.10487e-09 -7.29517e-11 -2.76079e-12 -8.60034e-09 3.05866e-11 4.26089e-12 1.82442e-09
852 1.29 470 0 -1.5562e-08 5.7949e-11 -2.88469e-09 1.15577e-11 3.59959e-11 1.08359e-08 8.6214e-11 -3.52834e-12 -1.01768e-08 4.15546e-11 5.97188e-12 2.03855e-09
852 1.3 470 0 -1.95656e-08 9.00799e-11 -3.74347e-09 1.81103e-11 5.78444e-11 1.36479e-08 3.07242e-10 -5.03754e-12 -1.27372e-08 6.29085e-11 9.29325e-12 2.4102e-09
852 1.31 470 0 -2.71216e-08 1.72273e-10 -5.33488e-09 3.49422e-11 1.14163e-10 1.89584e-08 6.78317e-10 -8.84823e-12 -1.75738e-08 1.17057e-10 1.77104e-11 3.14228e-09
852 1.32 470 0 -4.65474e-08 5.06935e-10 -9.38148e-09 1.03747e-10 3.45489e-10 3.26142e-08 1.56131e-09 -2.40471e-11 -3.00158e-08 3.35433e-10 5.17676e-11 5.07255e-09
852 1.33 470 0 -2.04393e-07 9.71618e-09 -4.20871e-08 2.00628e-09 6.78661e-09 1.43582e-07 8.45423e-09 -4.29276e-10 -1.3115e-07 6.26915e-09 9.82771e-10 2.09521e-08
852 1.34 470 0 7.6963e-08 1.38072e-09 1.6152e-08 2.87756e-10 9.85678e-10 -5.42138e-08 -3.73871e-09 -5.74755e-11 4.91348e-08 8.6966e-10 1.37794e-10 -7.4193e-09
852 1.35 470 0 3.10541e-08 2.24363e-10 6.62774e-09 4.72002e-11 1.63258e-10 -2.19389e-08 -1.71381e-09 -8.91669e-12 1.97235e-08 1.38145e-10 2.20136e-11 -2.81537e-09
852 1.36 470 0 1.89318e-08 8.41222e-11 4.10135e-09 1.78613e-11 6.21903e-11 -1.34155e-08 -1.15996e-09 -3.25011e-12 1.19614e-08 5.07597e-11 8.09129e-12 -1.61384e-09
852 1.37 470 0 1.33464e-08 4.19899e-11 2.93001e-09 9.0016e-12 3.14635e-11 -9.48734e-09 -8.92464e-10 -1.60847e-12 8.38776e-09 2.48765e-11 3.9413e-12 -1.06949e-09
852 1.38 470 0 1.01426e-08 2.4574e-11 2.25316e-09 5.31629e-12 1.85972e-11 -7.23317e-09 -7.30516e-10 -9.53922e-13 6.34011e-09 1.43486e-11 2.24598e-12 -7.63784e-10
852 1.39 470 0 8.07054e-09 1.58132e-11 1.81186e-09 3.45171e-12 1.20492e-11 -5.77442e-09 -6.19601e-10 -6.35689e-13 5.01757e-09 9.13361e-12 1.40303e-12 -5.7091e-10
852 1.4 470 0 6.62451e-09 1.07813e-11 1.50125e-09 2.37579e-12 8.25001e-12 -4.75562e-09 -5.37568e-10 -4.59114e-13 4.09608e-09 6.18021e-12 9.22984e-13 -4.40012e-10
852 1.41 470 0 5.56092e-09 7.747e-12 1.27081e-09 1.72198e-12 5.92929e-12 -4.00555e-09 -4.73679e-10 -3.5574e-13 3.41955e-09 4.43259e-12 6.39217e-13 -3.46634e-10
852 1.42 470 0 4.7479e-09 5.77374e-12 1.09312e-09 1.29415e-12 4.40308e-12 -3.43154e-09 -4.22065e-10 -2.90693e-13 2.90348e-09 3.31598e-12 4.57701e-13 -2.77572e-10
852 1.43 470 0 4.10786e-09 4.42605e-12 9.52049e-10 1.00018e-12 3.34872e-12 -2.97906e-09 -3.79231e-10 -2.47959e-13 2.49814e-09 2.56786e-12 3.35947e-13 -2.25078e-10
852 1.44 470 0 3.59217e-09 3.45389e-12 8.3744e-10 7.87406e-13 2.57866e-12 -2.61397e-09 -3.42953e-10 -2.19486e-13 2.17237e-09 2.03994e-12 2.48872e-13 -1.84319e-10
852 1.45 470 0 3.16884e-09 2.76098e-12 7.42606e-10 6.34293e-13 2.02038e-12 -2.31377e-09 -3.11742e-10 -2.0046e-13 1.90566e-09 1.67556e-12 1.88902e-13 -1.52132e-10
852 1.46 470 0 2.81592e-09 2.24358e-12 6.62941e-10 5.19243e-13 1.59482e-12 -2.06306e-09 -2.84555e-10 -1.88408e-13 1.68396e-09 1.41457e-12 1.45175e-13 -1.26359e-10
852 1.47 470 0 2.51787e-09 1.84856e-12 5.95177e-10 4.30862e-13 1.26012e-12 -1.85094e-09 -2.60635e-10 -1.82071e-13 1.49729e-09 1.22783e-12 1.12653e-13 -1.05485e-10
852 1.48 470 0 2.26339e-09 1.5415e-12 5.36923e-10 3.61739e-13 9.87505e-13 -1.66945e-09 -2.39419e-10 -1.81215e-13 1.33843e-09 1.09845e-12 8.80554e-14 -8.8417e-11
852 1.49 470 0 2.04406e-09 1.29445e-12 4.86392e-10 3.06034e-13 7.49001e-13 -1.51269e-09 -2.20473e-10 -1.87657e-13 1.20197e-09 1.01835e-12 6.8449e-14 -7.43477e-11
852 1.5 470 0 1.85347e-09 1.10126e-12 4.4222e-10 2.61978e-13 5.35125e-13 -1.37616e-09 -2.03462e-10 -2.02421e-13 1.08382e-09 9.90115e-13 5.39577e-14 -6.26704e-11
852 1.51 470 0 1.68666e-09 9.44535e-13 4.03345e-10 2.26032e-13 3.10352e-13 -1.25639e-09 -1.88117e-10 -2.3372e-13 9.80798e-10 1.03117e-12 4.25842e-14 -5.29212e-11
852 1.52 470 0 1.53976e-09 8.16128e-13 3.68929e-10 1.96418e-13 6.92269e-15 -1.15061e-09 -1.74227e-10 -3.04875e-13 8.9045e-10 1.21316e-12 3.35945e-14 -4.47405e-11
852 1.53 470 0 1.40965e-09 7.10188e-13 3.38302e-10 1.71838e-13 -6.96659e-13 -1.05655e-09 -1.61653e-10 -5.37378e-13 8.10922e-10 1.9264e-12 2.64695e-14 -3.78462e-11
852 1.54 470 0 1.29384e-09 6.22166e-13 3.10923e-10 1.5113e-13 2.4489e-11 -9.73019e-10 -1.50032e-10 9.16577e-12 7.39921e-10 -2.94824e-11 2.14294e-14 -3.20141e-11
852 1.55 470 0 1.19029e-09 5.47164e-13 2.86341e-10 1.33674e-13 1.49413e-12 -8.98435e-10 -1.39287e-10 3.62535e-13 6.76309e-10 -1.04074e-12 1.62593e-14 -2.70644e-11
852 1.56 470 0 1.09733e-09 4.84276e-13 2.64193e-10 1.18834e-13 9.00665e-13 -8.30706e-10 -1.29673e-10 1.5747e-13 6.20186e-10 -3.98584e-13 1.25647e-14 -2.28524e-11
852 1.57 470 0 1.01357e-09 4.30985e-13 2.4417e-10 1.06148e-13 6.70556e-13 -7.69606e-10 -1.20806e-10 8.86392e-14 5.69721e-10 -1.92988e-13 9.69227e-15 -1.92595e-11
852 1.58 470 0 9.37851e-10 3.8476e-13 2.26014e-10 9.51333e-14 5.40472e-13 -7.14241e-10 -1.12638e-10 5.56893e-14 5.24269e-10 -1.00939e-13 7.23803e-15 -1.6189e-11
852 1.59 470 0 8.69188e-10 3.44922e-13 2.09504e-10 8.55864e-14 4.52641e-13 -6.63909e-10 -1.05104e-10 3.67191e-14 4.83221e-10 -5.16554e-14 5.25435e-15 -1.35606e-11
852 1.6 470 0 8.0675e-10 3.10383e-13 1.94454e-10 7.72662e-14 3.87816e-13 -6.18018e-10 -9.81458e-11 2.47109e-14 4.46052e-10 -2.28961e-14 3.64276e-15 -1.13079e-11
852 1.61 470 0 7.49826e-10 2.80423e-13 1.80704e-10 6.99929e-14 3.37073e-13 -5.76069e-10 -9.17106e-11 1.65006e-14 4.12313e-10 -4.64965e-15 2.39157e-15 -9.3753e-12
852 1.62 470 0 6.97807e-10 2.54007e-13 1.68114e-10 6.35697e-14 2.9644e-13 -5.3763e-10 -8.57521e-11 1.08861e-14 3.81618e-10 6.36629e-15 1.32098e-15 -7.71638e-12
852 1.63 470 0 6.50165e-10 2.30761e-13 1.56565e-10 5.78888e-14 2.6288e-13 -5.02329e-10 -8.02286e-11 6.85e-15 3.53632e-10 1.33864e-14 4.54202e-16 -6.29191e-12
852 1.64 470 0 6.06445e-10 2.10359e-13 1.45951e-10 5.28656e-14 2.34512e-13 -4.69844e-10 -7.51029e-11 3.80077e-15 3.28067e-10 1.82891e-14 -2.07433e-16 -5.06876e-12
852 1.65 470 0 5.66246e-10 1.92216e-13 1.3618e-10 4.83829e-14 2.10479e-13 -4.39895e-10 -7.03416e-11 1.58681e-15 3.04668e-10 2.11865e-14 -7.53764e-16 -4.01884e-12
852 1.66 470 0 5.29221e-10 1.76067e-13 1.27171e-10 4.43732e-14 1.89689e-13 -4.12234e-10 -6.59148e-11 -1.02093e-16 2.83217e-10 2.30727e-14 -1.17637e-15 -3.11821e-12
852 1.67 470 0 4.95063e-10 1.6171e-13 1.18853e-10 4.07838e-14 1.71655e-13 -3.86645e-10 -6.17955e-11 -1.38171e-15 2.63519e-10 2.42363e-14 -1.48783e-15 -2.34647e-12
852 1.68 470 0 4.63503e-10 1.48833e-13 1.11162e-10 3.75489e-14 1.55882e-13 -3.62938e-10 -5.79592e-11 -2.33672e-15 2.45403e-10 2.48056e-14 -1.7222e-15 -1.68611e-12
852 1.69 470 0 4.34299e-10 1.37262e-13 1.04043e-10 3.46269e-14 1.41996e-13 -3.40941e-10 -5.43839e-11 -3.04481e-15 2.28721e-10 2.49909e-14 -1.88961e-15 -1.12213e-12
852 1.7 470 0 4.07242e-10 1.2683e-13 9.74441e-11 3.19781e-14 1.29703e-13 -3.20506e-10 -5.10494e-11 -3.55938e-15 2.13337e-10 2.49012e-14 -1.99942e-15 -6.41623e-13
852 1.71 470 0 3.8214e-10 1.17412e-13 9.13217e-11 2.9571e-14 1.18761e-13 -3.01496e-10 -4.79374e-11 -3.92482e-15 1.99133e-10 2.46537e-14 -2.05546e-15 -2.33453e-13
852 1.72 470 0 3.58825e-10 1.08879e-13 8.56351e-11 2.73744e-14 1.08976e-13 -2.83793e-10 -4.50314e-11 -4.17012e-15 1.86003e-10 2.42906e-14 -2.06379e-15 1.11999e-13
852 1.73 470 0 3.37145e-10 1.01139e-13 8.03481e-11 2.53636e-14 1.00183e-13 -2.67288e-10 -4.23161e-11 -4.32221e-15 1.73852e-10 2.38827e-14 -2.02408e-15 4.0305e-13
852 1.74 470 0 3.16966e-10 9.40902e-14 7.54282e-11 2.35145e-14 9.22342e-14 -2.51884e-10 -3.97775e-11 -4.39873e-15 1.62597e-10 2.34623e-14 -1.94132e-15 6.46908e-13
852 1.75 470 0 2.98163e-10 8.76536e-14 7.08456e-11 2.18059e-14 8.5032e-14 -2.37494e-10 -3.74029e-11 -4.40767e-15 1.5216e-10 2.30286e-14 -1.81797e-15 8.49834e-13
852 1.76 470 0 2.80627e-10 8.17537e-14 6.65739e-11 2.0218e-14 7.84528e-14 -2.24039e-10 -3.51807e-11 -4.3654e-15 1.42473e-10 2.26278e-14 -1.65491e-15 1.01726e-12
852 1.77 470 0 2.64258e-10 7.63466e-14 6.25888e-11 1.87278e-14 7.2404e-14 -2.11447e-10 -3.30999e-11 -4.27969e-15 1.33474e-10 2.23144e-14 -1.43336e-15 1.15392e-12
852 1.78 470 0 2.48965e-10 7.13751e-14 5.88683e-11 1.72883e-14 6.67493e-14 -1.99653e-10 -3.11507e-11 -4.14712e-15 1.25107e-10 2.21808e-14 -1.10453e-15 1.26391e-12
852 1.79 470 0 2.34666e-10 6.62259e-14 5.53916e-11 1.5935e-14 5.85775e-14 -1.88594e-10 -2.93248e-11 -5.4136e-15 1.17328e-10 2.55799e-14 -7.95296e-16 1.34981e-12
852 1.8 470 0 2.21285e-10 6.13461e-14 5.21416e-11 1.4721e-14 5.25977e-14 -1.78221e-10 -2.76128e-11 -5.79908e-15 1.10082e-10 2.62174e-14 -7.32402e-16 1.4164e-12
852 1.81 470 0 2.08756e-10 5.68287e-14 4.91013e-11 1.3589e-14 4.76992e-14 -1.68485e-10 -2.60071e-11 -5.83537e-15 1.03328e-10 2.58606e-14 -6.82145e-16 1.46601e-12
852 1.82 470 0 1.97015e-10 5.26789e-14 4.62555e-11 1.25459e-14 4.36008e-14 -1.5934e-10 -2.45005e-11 -5.6748e-15 9.70294e-11 2.49266e-14 -6.3172e-16 1.50094e-12
852 1.83 470 0 1.86007e-10 4.88452e-14 4.35901e-11 1.1582e-14 3.99882e-14 -1.50745e-10 -2.30864e-11 -5.44512e-15 9.11517e-11 2.38025e-14 -5.79392e-16 1.5232e-12
852 1.84 470 0 1.75678e-10 4.53165e-14 4.10923e-11 1.06947e-14 3.68e-14 -1.42661e-10 -2.17587e-11 -5.17141e-15 8.56634e-11 2.25582e-14 -5.25386e-16 1.53462e-12
852 1.85 470 0 1.65981e-10 4.20732e-14 3.87502e-11 9.87813e-15 3.39709e-14 -1.35054e-10 -2.05117e-11 -4.87356e-15 8.05357e-11 2.12571e-14 -4.6868e-16 1.53678e-12
852 1.86 470 0 1.56872e-10 3.90979e-14 3.65532e-11 9.12896e-15 3.14547e-14 -1.27892e-10 -1.93402e-11 -4.5673e-15 7.57422e-11 1.99378e-14 -4.12631e-16 1.53105e-12
852 1.87 470 0 1.48311e-10 3.63667e-14 3.44911e-11 8.43998e-15 2.91978e-14 -1.21146e-10 -1.82392e-11 -4.26531e-15 7.12587e-11 1.86418e-14 -3.56908e-16 1.51866e-12
852 1.88 470 0 1.40261e-10 3.38671e-14 3.25549e-11 7.81116e-15 2.71809e-14 -1.14788e-10 -1.72042e-11 -3.97531e-15 6.70628e-11 1.73759e-14 -3.09678e-16 1.50066e-12
852 1.89 470 0 1.32687e-10 3.15809e-14 3.07359e-11 7.23994e-15 2.53701e-14 -1.08792e-10 -1.62309e-11 -3.70647e-15 6.31343e-11 1.61619e-14 -2.76882e-16 1.478e-12
852 1.9 470 0 1.25559e-10 2.94808e-14 2.90264e-11 6.73504e-15 2.37363e-14 -1.03137e-10 -1.53155e-11 -3.46766e-15 5.94544e-11 1.49981e-14 -2.79756e-16 1.45145e-12
852 1.91 470 0 1.18846e-10 2.75394e-14 2.74191e-11 6.27241e-15 2.22286e-14 -9.77993e-11 -1.44543e-11 -3.24564e-15 5.60056e-11 1.39172e-14 -2.84493e-16 1.42174e-12
852 1.92 470 0 1.12521e-10 2.5744e-14 2.59073e-11 5.84433e-15 2.08349e-14 -9.276e-11 -1.36438e-11 -3.03674e-15 5.2772e-11 1.29155e-14 -2.8501e-16 1.38948e-12
852 1.93 470 0 1.06561e-10 2.40816e-14 2.44848e-11 5.44781e-15 1.95457e-14 -8.80005e-11 -1.28809e-11 -2.83985e-15 4.97389e-11 1.1985e-14 -2.8211e-16 1.3552e-12
852 1.94 470 0 1.0094e-10 2.25407e-14 2.31458e-11 5.08016e-15 1.83523e-14 -8.35034e-11 -1.21627e-11 -2.654e-15 4.68926e-11 1.11185e-14 -2.76415e-16 1.31937e-12
852 1.95 470 0 9.56393e-11 2.11109e-14 2.1885e-11 4.73892e-15 1.72471e-14 -7.92528e-11 -1.14862e-11 -2.47825e-15 4.42207e-11 1.03097e-14 -2.68394e-16 1.28238e-12
852 1.96 470 0 9.06371e-11 1.97829e-14 2.06973e-11 4.42182e-15 1.62232e-14 -7.52338e-11 -1.08491e-11 -2.31169e-15 4.17114e-11 9.55242e-15 -2.58373e-16 1.2446e-12
852 1.97 470 0 8.59154e-11 1.8548e-14 1.95783e-11 4.12673e-15 1.52749e-14 -7.14325e-11 -1.02488e-11 -2.15327e-15 3.9354e-11 8.84049e-15 -2.46522e-16 1.20631e-12
852 1.98 470 0 8.14568e-11 1.73985e-14 1.85236e-11 3.85154e-15 1.43975e-14 -6.78359e-11 -9.68307e-12 -2.0016e-15 3.71384e-11 8.16651e-15 -2.32778e-16 1.16777e-12
852 1.99 470 0 7.72455e-11 1.63265e-14 1.75291e-11 3.59385e-15 1.35895e-14 -6.4432e-11 -9.14988e-12 -1.8541e-15 3.50555e-11 7.51809e-15 -2.1651e-16 1.12921e-12
852 2 470 0 7.32663e-11 1.53183e-14 1.65913e-11 3.34512e-15 1.28902e-14 -6.12096e-11 -8.64723e-12 -1.68873e-15 3.30967e-11 6.79504e-15 -1.89609e-16 1.09081e-12
