852 0 450 0 -7.76961e-09 9.66316e-10 5.50308e-21 -1.00983e-20 0 0 0 0 0 0 6.10748e-21 -1.15571e-20
852 0.01 450 0 -7.77608e-09 9.6393e-10 3.00369e-21 -7.15075e-21 5.67388e-10 2.25852e-10 -2.75809e-23 7.42214e-23 -5.6559e-10 -2.88988e-10 -5.92353e-21 -8.11585e-21
852 0.02 450 0 -7.79551e-09 9.56807e-10 4.88843e-21 -9.7243e-21 1.13454e-09 4.50238e-10 -2.06856e-22 2.06241e-22 -1.13136e-09 -5.76625e-10 8.50062e-21 -8.40655e-21
852 0.03 450 0 -7.82782e-09 9.44493e-10 -9.46508e-22 -1.1402e-20 1.70121e-09 6.71711e-10 -2.6334e-23 3.63122e-22 -1.6975e-09 -8.61586e-10 2.89819e-21 -1.15207e-20
852 0.04 450 0 -7.87321e-09 9.28272e-10 3.88404e-21 -7.90401e-21 2.26712e-09 8.88789e-10 -1.94205e-22 2.44146e-22 -2.26415e-09 -1.14247e-09 -2.47085e-21 -5.89119e-21
852 0.05 450 0 -7.93162e-09 9.07832e-10 -3.70257e-22 -4.67809e-21 2.83201e-09 1.10003e-09 -1.34293e-22 2.53841e-22 -2.83147e-09 -1.41794e-09 -3.03324e-21 -9.30007e-21
852 0.06 450 0 -8.00307e-09 8.83484e-10 5.64024e-21 -8.55648e-21 3.39556e-09 1.30399e-09 -3.97482e-22 5.47945e-22 -3.39958e-09 -1.68663e-09 2.92334e-21 -1.11365e-20
852 0.07 450 0 -8.08761e-09 8.55608e-10 1.47379e-21 -8.6027e-21 3.95744e-09 1.49925e-09 -1.38156e-22 5.69251e-22 -3.96856e-09 -1.94719e-09 -1.24863e-21 -9.95163e-21
852 0.08 450 0 -8.18528e-09 8.24656e-10 2.31716e-21 -7.95832e-21 4.51726e-09 1.6844e-09 -2.96937e-22 7.93411e-22 -4.53847e-09 -2.19826e-09 -2.61429e-21 -1.06417e-20
852 0.09 450 0 -8.29609e-09 7.91148e-10 1.8538e-21 -8.1544e-21 5.07459e-09 1.85804e-09 -3.03023e-23 7.86849e-22 -5.10932e-09 -2.43848e-09 -6.00931e-21 -9.17341e-21
852 0.1 450 0 -8.42064e-09 7.56098e-10 1.99578e-21 -9.32551e-21 5.62893e-09 2.01898e-09 -2.58603e-22 8.27398e-22 -5.6811e-09 -2.66672e-09 -5.19335e-22 -8.9041e-21
852 0.11 450 0 -8.55783e-09 7.19322e-10 4.53544e-22 -8.48995e-21 6.1798e-09 2.16556e-09 -2.91916e-22 1.04491e-21 -6.25363e-09 -2.88116e-09 -1.84104e-21 -1.01235e-20
852 0.12 450 0 -8.70821e-09 6.81974e-10 3.22906e-21 -1.48654e-20 6.72658e-09 2.29662e-09 -1.00997e-21 1.96333e-21 -6.82678e-09 -3.08065e-09 8.06932e-21 -1.68907e-20
852 0.13 450 0 -8.87176e-09 6.44856e-10 3.12823e-22 -8.10724e-21 7.26858e-09 2.41089e-09 -1.49557e-22 1.42483e-21 -7.40033e-09 -3.26384e-09 -4.36728e-21 -1.20033e-20
852 0.14 450 0 -9.04837e-09 6.0825e-10 5.89398e-21 -9.57611e-21 7.80512e-09 2.50721e-09 -1.29905e-21 1.77357e-21 -7.97399e-09 -3.42952e-09 3.11968e-21 -1.3353e-20
852 0.15 450 0 -9.23809e-09 5.74262e-10 3.21901e-22 -9.12964e-21 8.33528e-09 2.58429e-09 -2.25745e-22 1.77917e-21 -8.54731e-09 -3.57607e-09 -1.11375e-21 -1.58569e-20
852 0.16 450 0 -9.44123e-09 5.43661e-10 -2.21642e-22 -1.04584e-20 8.85812e-09 2.64134e-09 -3.80116e-22 2.07164e-21 -9.11992e-09 -3.70267e-09 -1.11956e-21 -1.23098e-20
852 0.17 450 0 -9.6566e-09 5.16832e-10 2.77849e-21 -6.8753e-21 9.37279e-09 2.67677e-09 -7.54447e-22 1.46699e-21 -9.69107e-09 -3.80728e-09 -2.78322e-21 -1.11382e-20
852 0.18 450 0 -9.88449e-09 4.95255e-10 4.08009e-21 -6.59394e-21 9.87813e-09 2.68987e-09 -5.15416e-22 1.30989e-21 -1.02602e-08 -3.88896e-09 -4.83485e-21 -1.03679e-20
852 0.19 450 0 -1.01246e-08 4.79513e-10 2.65822e-22 -1.08393e-20 1.0373e-08 2.67981e-09 -3.54669e-22 2.43405e-21 -1.08265e-08 -3.94665e-09 -3.59849e-22 -1.43774e-20
852 0.2 450 0 -1.03765e-08 4.72075e-10 -4.70063e-22 -9.59948e-21 1.08561e-08 2.64563e-09 -3.84712e-22 2.7675e-21 -1.1389e-08 -3.97873e-09 -3.21028e-21 -1.404e-20
852 0.21 450 0 -1.06418e-08 4.73927e-10 2.38473e-21 -1.28462e-20 1.13256e-08 2.58713e-09 -1.21834e-21 3.2487e-21 -1.19468e-08 -3.98477e-09 2.99832e-21 -1.55761e-20
852 0.22 450 0 -1.09161e-08 4.85876e-10 -2.236e-21 -6.06673e-21 1.17809e-08 2.50288e-09 7.26192e-22 1.82383e-21 -1.24986e-08 -3.96256e-09 -1.05196e-20 -8.12184e-21
852 0.23 450 0 -1.12006e-08 5.08948e-10 4.52335e-21 -1.35533e-20 1.22201e-08 2.39291e-09 -1.7371e-21 3.38584e-21 -1.30433e-08 -3.91179e-09 5.34496e-21 -1.41917e-20
852 0.24 450 0 -1.14946e-08 5.45842e-10 -4.79526e-22 -9.13052e-21 1.26414e-08 2.2567e-09 6.75879e-23 2.47498e-21 -1.35792e-08 -3.83101e-09 -4.60171e-21 -1.20514e-20
852 0.25 450 0 -1.17977e-08 5.97573e-10 1.25393e-21 -1.29796e-20 1.30429e-08 2.09456e-09 -9.59227e-22 3.9376e-21 -1.41051e-08 -3.72011e-09 -1.0939e-21 -1.65378e-20
852 0.26 450 0 -1.21079e-08 6.64583e-10 1.30834e-21 -9.54204e-21 1.34233e-08 1.90578e-09 -6.88667e-22 2.8927e-21 -1.46191e-08 -3.5774e-09 -3.00959e-21 -9.12326e-21
852 0.27 450 0 -1.24246e-08 7.4985e-10 -6.88007e-22 -1.3399e-20 1.37803e-08 1.69071e-09 8.46529e-23 3.66472e-21 -1.51193e-08 -3.40224e-09 -2.60849e-21 -1.24002e-20
852 0.28 450 0 -1.27468e-08 8.54315e-10 2.65881e-21 -9.28982e-21 1.41119e-08 1.45023e-09 -1.7716e-21 3.06849e-21 -1.56039e-08 -3.19492e-09 1.37576e-21 -1.04627e-20
852 0.29 450 0 -1.30723e-08 9.78516e-10 -1.27405e-21 -6.4746e-21 1.44164e-08 1.18412e-09 1.55303e-22 3.07398e-21 -1.60706e-08 -2.95407e-09 -6.19813e-21 -1.02673e-20
852 0.3 450 0 -1.33999e-08 1.12534e-09 3.41894e-22 -4.85194e-21 1.46914e-08 8.93411e-10 5.65044e-23 2.22077e-21 -1.65172e-08 -2.67948e-09 -8.69698e-21 -7.75471e-21
852 0.31 450 0 -1.37281e-08 1.29552e-09 -7.88413e-22 -1.30005e-20 1.49348e-08 5.79636e-10 -2.73854e-23 4.84156e-21 -1.69414e-08 -2.37201e-09 -3.24085e-21 -1.64485e-20
852 0.32 450 0 -1.40554e-08 1.48972e-09 -2.41443e-21 -9.34903e-21 1.51447e-08 2.43439e-10 1.27823e-21 3.78484e-21 -1.73406e-08 -2.03084e-09 -8.82332e-21 -1.17955e-20
852 0.33 450 0 -1.43778e-08 1.71024e-09 -4.09141e-21 -1.05344e-20 1.53188e-08 -1.13321e-10 9.89027e-22 4.07667e-21 -1.77122e-08 -1.65689e-09 -4.93517e-21 -1.2999e-20
852 0.34 450 0 -1.46935e-08 1.9569e-09 -4.35875e-21 -9.70404e-21 1.54556e-08 -4.8943e-10 1.34564e-21 4.34103e-21 -1.80533e-08 -1.25005e-09 -5.87831e-21 -1.21966e-20
852 0.35 450 0 -1.50004e-08 2.23197e-09 -1.93755e-21 -9.871e-21 1.55523e-08 -8.82053e-10 8.40083e-22 4.13363e-21 -1.83611e-08 -8.11955e-10 -6.89861e-21 -1.14936e-20
852 0.36 450 0 -1.52954e-08 2.53491e-09 -1.70762e-21 -4.84457e-21 1.56077e-08 -1.28962e-09 9.76188e-22 2.91272e-21 -1.86327e-08 -3.42947e-10 -9.07979e-21 -6.1548e-21
852 0.37 450 0 -1.55754e-08 2.86762e-09 -5.91754e-21 -1.36243e-20 1.56195e-08 -1.70914e-09 2.08045e-21 5.71843e-21 -1.88648e-08 1.55472e-10 -4.63603e-21 -1.52388e-20
852 0.38 450 0 -1.58379e-08 3.22882e-09 -4.3036e-23 -3.75384e-21 1.55862e-08 -2.13709e-09 9.12772e-22 2.54903e-21 -1.90551e-08 6.80126e-10 -1.14217e-20 -3.16761e-21
852 0.39 450 0 -1.60785e-08 3.62028e-09 -2.83883e-21 -5.49323e-21 1.55063e-08 -2.57124e-09 1.4458e-21 3.60099e-21 -1.91996e-08 1.23103e-09 -1.00251e-20 -7.76096e-21
852 0.4 450 0 -1.62959e-08 4.04021e-09 -4.86593e-21 -6.5995e-21 1.53784e-08 -3.00672e-09 3.08872e-21 3.24621e-21 -1.92965e-08 1.80339e-09 -1.17138e-20 -4.1713e-21
852 0.41 450 0 -1.64835e-08 4.48835e-09 -3.62074e-21 -8.15831e-21 1.52021e-08 -3.44083e-09 2.27332e-21 4.99583e-21 -1.9342e-08 2.39566e-09 -9.11709e-21 -1.03089e-20
852 0.42 450 0 -1.66381e-08 4.96499e-09 -4.11513e-21 -1.25932e-20 1.49765e-08 -3.86958e-09 1.93905e-21 6.11883e-21 -1.93327e-08 3.0055e-09 -7.70516e-21 -1.35295e-20
852 0.43 450 0 -1.67568e-08 5.46672e-09 -4.13696e-21 -1.55149e-20 1.47014e-08 -4.28772e-09 1.89131e-21 9.25615e-21 -1.92672e-08 3.62701e-09 -6.87593e-21 -1.93738e-20
852 0.44 450 0 -1.68348e-08 5.99303e-09 -5.20026e-21 -7.23229e-21 1.4377e-08 -4.69155e-09 3.28115e-21 3.83581e-21 -1.91418e-08 4.25791e-09 -1.05307e-20 -4.11317e-21
852 0.45 450 0 -1.68687e-08 6.54095e-09 -2.37504e-21 -8.07921e-21 1.40037e-08 -5.07536e-09 2.36079e-21 4.47286e-21 -1.89551e-08 4.89205e-09 -1.13601e-20 -6.26405e-21
852 0.46 450 0 -1.68549e-08 7.10901e-09 -4.28089e-21 -8.6575e-21 1.35821e-08 -5.43418e-09 3.10873e-21 5.49333e-21 -1.87045e-08 5.52531e-09 -1.26766e-20 -7.27139e-21
852 0.47 450 0 -1.67875e-08 7.69211e-09 -8.48094e-21 -1.38061e-20 1.31154e-08 -5.76425e-09 4.38759e-21 8.41148e-21 -1.83883e-08 6.15273e-09 -9.98566e-21 -1.67142e-20
852 0.48 450 0 -1.66643e-08 8.28652e-09 -6.03341e-21 -1.23843e-20 1.26048e-08 -6.0592e-09 3.87148e-21 7.54921e-21 -1.80058e-08 6.767e-09 -1.05499e-20 -1.10133e-20
852 0.49 450 0 -1.64812e-08 8.88808e-09 -4.31634e-21 -6.92184e-21 1.20534e-08 -6.31431e-09 4.00511e-21 4.64143e-21 -1.75561e-08 7.36263e-09 -1.41262e-20 -3.23024e-21
852 0.5 450 0 -1.62346e-08 9.49213e-09 -9.44573e-21 -1.01777e-20 1.14651e-08 -6.5249e-09 6.09988e-21 7.26257e-21 -1.70383e-08 7.9337e-09 -1.13549e-20 -1.13522e-20
852 0.51 450 0 -1.59221e-08 1.00919e-08 -3.36156e-21 -3.08894e-21 1.08438e-08 -6.68539e-09 3.81435e-21 1.276e-21 -1.6454e-08 8.47167e-09 -1.17831e-20 2.34791e-21
852 0.52 450 0 -1.55419e-08 1.06818e-08 -9.10848e-21 -1.33573e-20 1.01946e-08 -6.79107e-09 7.18912e-21 9.10951e-21 -1.58042e-08 8.96986e-09 -1.56704e-20 -1.16589e-20
852 0.53 450 0 -1.50898e-08 1.12542e-08 -7.21362e-21 -1.17033e-20 9.52371e-09 -6.83868e-09 5.41349e-21 6.3445e-21 -1.50901e-08 9.42107e-09 -1.29468e-20 -6.67785e-21
852 0.54 450 0 -1.45655e-08 1.18017e-08 -7.06208e-21 -1.03886e-20 8.8375e-09 -6.82401e-09 6.47005e-21 6.60938e-21 -1.43148e-08 9.81747e-09 -1.58151e-20 -5.35426e-21
852 0.55 450 0 -1.39681e-08 1.23168e-08 -5.38988e-21 -3.77566e-21 8.14367e-09 -6.74416e-09 7.25159e-21 2.04352e-21 -1.34816e-08 1.0152e-08 -1.5946e-20 4.54197e-21
852 0.56 450 0 -1.33002e-08 1.27897e-08 -8.87569e-21 -7.97195e-21 7.44955e-09 -6.59596e-09 8.21889e-21 4.69071e-21 -1.25972e-08 1.04153e-08 -1.56786e-20 -1.28313e-21
852 0.57 450 0 -1.2559e-08 1.3212e-08 -5.05598e-21 -5.45744e-21 6.76415e-09 -6.37872e-09 5.91254e-21 1.98933e-21 -1.16649e-08 1.0601e-08 -1.36755e-20 3.58089e-21
852 0.58 450 0 -1.17486e-08 1.35742e-08 -9.0908e-21 -9.22856e-21 6.09679e-09 -6.09164e-09 8.59433e-21 6.09371e-21 -1.06923e-08 1.07014e-08 -1.50866e-20 -3.42666e-21
852 0.59 450 0 -1.0873e-08 1.38662e-08 -1.29971e-20 -7.64964e-21 5.45745e-09 -5.73567e-09 1.12914e-20 5.33139e-21 -9.68809e-09 1.07096e-08 -1.84982e-20 -3.35049e-21
852 0.6 450 0 -9.93643e-09 1.40795e-08 -1.11379e-20 -9.65932e-21 4.85603e-09 -5.31172e-09 1.15325e-20 6.71272e-21 -8.66054e-09 1.06193e-08 -1.93089e-20 -2.80975e-21
852 0.61 450 0 -8.9448e-09 1.42021e-08 -1.13333e-20 -5.91882e-21 4.30286e-09 -4.8247e-09 1.06842e-20 3.50537e-21 -7.62077e-09 1.04244e-08 -1.61717e-20 6.26672e-22
852 0.62 450 0 -7.90485e-09 1.42266e-08 -1.17642e-20 -6.68685e-21 3.80945e-09 -4.279e-09 1.16117e-20 3.00363e-21 -6.57864e-09 1.01213e-08 -1.61123e-20 2.7945e-21
852 0.63 450 0 -6.82593e-09 1.4143e-08 -1.4121e-20 -4.39729e-21 3.38581e-09 -3.68125e-09 1.40946e-20 3.85263e-21 -5.54722e-09 9.70567e-09 -2.01142e-20 7.20168e-23
852 0.64 450 0 -5.71957e-09 1.39434e-08 -1.00908e-20 -5.41504e-21 3.04218e-09 -3.03947e-09 1.20005e-20 2.24333e-21 -4.54059e-09 9.17527e-09 -1.64795e-20 5.20862e-21
852 0.65 450 0 -4.59631e-09 1.3618e-08 -1.13872e-20 -2.61384e-21 2.78748e-09 -2.36525e-09 1.3898e-20 -8.68038e-22 -3.57269e-09 8.52866e-09 -1.5921e-20 9.36661e-21
852 0.66 450 0 -3.46971e-09 1.31621e-08 -1.72812e-20 -2.8794e-21 2.63192e-09 -1.67049e-09 1.58735e-20 -7.15118e-22 -2.65793e-09 7.76796e-09 -1.62907e-20 4.51465e-21
852 0.67 450 0 -2.35729e-09 1.25706e-08 -1.19167e-20 -1.76445e-21 2.58245e-09 -9.69479e-10 1.45137e-20 -1.86157e-21 -1.81411e-09 6.89588e-09 -1.61254e-20 9.27351e-21
852 0.68 450 0 -1.2729e-09 1.18372e-08 -1.36645e-20 -4.67898e-21 2.64419e-09 -2.7966e-10 1.53555e-20 -8.28234e-22 -1.05618e-09 5.91616e-09 -1.82131e-20 1.10736e-20
852 0.69 450 0 -2.35762e-10 1.09628e-08 -8.676e-21 -1.79656e-21 2.82296e-09 3.80657e-10 1.21923e-20 -2.20858e-21 -4.009e-10 4.83828e-09 -1.20008e-20 1.04469e-20
852 0.7 450 0 7.32968e-10 9.94714e-09 -1.10144e-20 5.00866e-22 3.11874e-09 9.91082e-10 1.27056e-20 -6.82976e-21 1.3311e-10 3.67129e-09 -1.12171e-20 1.48877e-20
852 0.71 450 0 1.61562e-09 8.79255e-09 -1.748e-20 1.70591e-21 3.53115e-09 1.52807e-09 1.54761e-20 -6.19872e-21 5.31618e-10 2.42855e-09 -1.39142e-20 1.05405e-20
852 0.72 450 0 2.38953e-09 7.50698e-09 -1.98923e-20 8.71033e-21 4.05573e-09 1.96773e-09 1.96356e-20 -9.58703e-21 7.77888e-10 1.12728e-09 -2.15481e-20 1.26096e-20
852 0.73 450 0 3.03231e-09 6.10078e-09 -5.78001e-21 9.10714e-22 4.68423e-09 2.28465e-09 9.30083e-21 -9.22046e-21 8.56762e-10 -2.12606e-10 -6.99495e-21 1.88735e-20
852 0.74 450 0 3.52434e-09 4.58689e-09 -1.53969e-20 7.25749e-21 5.40354e-09 2.45087e-09 1.4339e-20 -1.23386e-20 7.5678e-10 -1.56744e-09 -1.02604e-20 1.59913e-20
852 0.75 450 0 3.84239e-09 2.98506e-09 -6.74726e-21 6.79972e-21 6.19574e-09 2.43931e-09 7.92307e-21 -1.3194e-20 4.65852e-10 -2.90894e-09 -3.00092e-21 1.74663e-20
852 0.76 450 0 3.96809e-09 1.31693e-09 -9.377e-21 4.95346e-21 7.03533e-09 2.22082e-09 7.13066e-21 -1.19375e-20 -2.25855e-11 -4.20566e-09 -2.41805e-21 1.67938e-20
852 0.77 450 0 3.8857e-09 -3.84092e-10 -8.21005e-21 5.47848e-21 7.89531e-09 1.76885e-09 9.16522e-21 -1.30185e-20 -7.10336e-10 -5.41799e-09 -4.74218e-21 1.80308e-20
852 0.78 450 0 3.57852e-09 -2.08367e-09 -1.27769e-20 5.45634e-21 8.73475e-09 1.05645e-09 1.46647e-20 -1.77664e-20 -1.59738e-09 -6.50453e-09 -7.06882e-21 2.39479e-20
852 0.79 450 0 3.04572e-09 -3.73744e-09 -7.13574e-21 1.33724e-21 9.51108e-09 5.92627e-11 5.86329e-21 -1.26656e-20 -2.6692e-09 -7.41637e-09 1.38134e-21 1.9506e-20
852 0.8 450 0 2.31095e-09 -5.27871e-09 -9.4528e-21 8.55934e-21 1.01835e-08 -1.23947e-09 1.12021e-20 -2.01394e-20 -3.89464e-09 -8.09205e-09 -3.66645e-21 2.50817e-20
852 0.81 450 0 1.29493e-09 -6.71201e-09 -1.05431e-20 1.68392e-20 1.06314e-08 -2.87609e-09 6.31043e-21 -2.48397e-20 -5.28508e-09 -8.49965e-09 -2.28486e-21 2.23187e-20
852 0.82 450 0 6.16132e-11 -7.92306e-09 -7.00568e-21 1.93135e-20 1.08028e-08 -4.84116e-09 -1.24453e-22 -2.7892e-20 -6.77303e-09 -8.55162e-09 3.93362e-21 2.29022e-20
852 0.83 450 0 -1.35054e-09 -8.83684e-09 -6.9313e-21 1.25849e-20 1.06001e-08 -7.13116e-09 1.03044e-21 -2.20958e-20 -8.29069e-09 -8.17742e-09 3.89272e-21 2.14432e-20
852 0.84 450 0 -2.8772e-09 -9.35827e-09 -1.85672e-21 1.05672e-20 9.9146e-09 -9.72478e-09 -5.31977e-21 -2.44097e-20 -9.74173e-09 -7.29396e-09 1.00896e-20 2.59815e-20
852 0.85 450 0 -4.41519e-09 -9.39314e-09 -2.07392e-21 1.6121e-20 8.61688e-09 -1.25811e-08 -6.33173e-21 -2.76776e-20 -1.09884e-08 -5.82183e-09 9.16064e-21 2.11209e-20
852 0.86 450 0 -5.81239e-09 -8.83757e-09 3.55504e-21 1.88426e-20 6.55724e-09 -1.56256e-08 -1.47778e-20 -2.58661e-20 -1.18411e-08 -3.68255e-09 1.33963e-20 2.08283e-20
852 0.87 450 0 -6.83651e-09 -7.59868e-09 5.78058e-21 1.73301e-20 3.57143e-09 -1.87445e-08 -1.81901e-20 -2.78668e-20 -1.20287e-08 -8.14617e-10 1.69668e-20 2.36148e-20
852 0.88 450 0 -7.15561e-09 -5.60844e-09 9.65558e-21 1.31167e-20 -5.24833e-10 -2.17596e-08 -2.5334e-20 -1.94177e-20 -1.11791e-08 2.80269e-09 1.91568e-20 1.45314e-20
852 0.89 450 0 -6.2935e-09 -2.87728e-09 1.48784e-20 1.84015e-20 -5.92226e-09 -2.44102e-08 -3.24219e-20 -2.14378e-20 -8.77707e-09 7.09777e-09 2.04204e-20 1.40249e-20
852 0.9 450 0 -3.58474e-09 4.34046e-10 9.28141e-21 1.3055e-20 -1.27982e-08 -2.63182e-08 -2.38199e-20 -1.28765e-20 -4.12374e-09 1.18279e-08 1.57137e-20 7.17432e-21
852 0.91 450 0 1.86123e-09 3.86338e-09 1.85641e-20 1.13747e-20 -2.12641e-08 -2.69452e-08 -3.62758e-20 -1.15995e-20 3.69025e-09 1.64166e-08 2.12205e-20 9.16135e-21
852 0.92 450 0 1.11487e-08 6.38552e-09 2.45714e-20 8.73391e-21 -3.12755e-08 -2.55757e-08 -4.56475e-20 -1.38475e-21 1.57568e-08 1.96925e-08 2.71792e-20 5.86752e-21
852 0.93 450 0 2.55592e-08 6.11354e-09 2.21252e-20 2.10083e-21 -4.2705e-08 -2.11387e-08 -4.24133e-20 9.72536e-21 3.33122e-08 1.96273e-08 2.88562e-20 3.12365e-21
852 0.94 450 0 4.58962e-08 -5.96367e-10 2.43085e-20 -4.3796e-21 -5.46156e-08 -1.24241e-08 -4.04736e-20 2.11006e-20 5.70074e-08 1.23607e-08 2.61827e-20 -3.4296e-21
852 0.95 450 0 7.13253e-08 -1.95842e-08 2.773e-20 -1.8188e-20 -6.52258e-08 1.73307e-09 -3.78446e-20 4.57234e-20 8.5724e-08 -8.11116e-09 2.27766e-20 -1.37486e-20
852 0.96 450 0 9.68046e-08 -5.89962e-08 2.29583e-20 -2.1352e-20 -7.15031e-08 2.17127e-08 -2.97161e-20 4.59515e-20 1.13975e-07 -4.9956e-08 2.13529e-20 -1.33502e-20
852 0.97 450 0 1.09118e-07 -1.27279e-07 1.42178e-20 -2.31775e-20 -6.94563e-08 4.58078e-08 -1.63878e-20 4.38947e-20 1.28026e-07 -1.21325e-07 1.51461e-20 -1.48275e-20
852 0.98 450 0 8.23389e-08 -2.27762e-07 3.30725e-21 -2.91989e-20 -5.58448e-08 6.8957e-08 3.98947e-21 4.79314e-20 1.01651e-07 -2.24821e-07 1.1671e-20 -1.69834e-20
852 0.99 450 0 -3.26382e-08 -3.51956e-07 -1.98667e-21 -1.52082e-20 -3.11282e-08 8.30756e-08 1.03334e-20 3.17754e-20 -1.39031e-08 -3.51025e-07 2.11767e-20 -2.25228e-20
852 1 450 0 -6.54142e-06 -2.38766e-07 -9.01586e-20 -1.5529e-20 -6.26656e-11 7.82574e-08 5.57262e-20 2.13076e-20 -6.52233e-06 -2.38764e-07 -1.51684e-21 1.52048e-19
852 1.01 450 0 -2.26038e-07 3.58303e-10 -1.42159e-21 -6.72771e-21 2.14414e-11 6.24027e-08 1.24415e-21 1.2385e-20 -2.07375e-07 3.48709e-10 6.07457e-21 -9.6463e-21
852 1.02 450 0 -1.78072e-07 3.46033e-10 -8.44747e-21 -5.5653e-21 4.59688e-11 5.97299e-08 1.79987e-20 1.04738e-20 -1.58335e-07 3.29765e-10 5.83007e-21 -1.16009e-20
852 1.03 450 0 -1.62342e-07 3.6381e-10 -2.48353e-21 -4.80979e-21 7.0495e-11 6.05875e-08 5.86818e-21 9.26736e-21 -1.4087e-07 3.39094e-10 5.78679e-21 -7.61292e-21
852 1.04 450 0 -1.60055e-07 4.10783e-10 -1.21111e-20 -3.9749e-21 1.01864e-10 6.4143e-08 2.48122e-20 8.13598e-21 -1.3606e-07 3.74009e-10 5.85084e-21 -1.64777e-20
852 1.05 450 0 -1.67371e-07 5.01665e-10 -3.12138e-21 -3.56405e-21 1.49961e-10 7.06936e-08 8.62542e-21 7.20413e-21 -1.39739e-07 4.45296e-10 5.48556e-21 -1.10565e-20
852 1.06 450 0 -1.85185e-07 6.65678e-10 9.30913e-21 -3.64417e-21 2.28898e-10 8.15195e-08 -1.3068e-20 7.78639e-21 -1.52124e-07 5.76141e-10 6.67256e-21 5.13173e-22
852 1.07 450 0 -2.19047e-07 9.94408e-10 -7.35109e-21 -1.36131e-21 3.82837e-10 9.97626e-08 1.5576e-20 4.67226e-21 -1.77287e-07 8.38756e-10 5.70611e-21 -1.66541e-20
852 1.08 450 0 -2.85666e-07 1.78933e-09 -4.83834e-21 -7.06215e-21 7.55664e-10 1.3392e-07 8.77797e-21 1.30367e-20 -2.28036e-07 1.47074e-09 1.05556e-20 -1.02748e-20
852 1.09 450 0 -4.48634e-07 4.66833e-09 -5.87011e-21 5.20795e-21 2.12831e-09 2.15686e-07 1.22991e-20 -1.82784e-21 -3.53519e-07 3.74031e-09 6.34238e-21 -1.44495e-20
852 1.1 450 0 -1.30263e-06 4.13274e-08 -5.3709e-20 -4.95308e-20 2.00249e-08 6.40429e-07 8.60975e-20 7.97158e-20 -1.01395e-06 3.23309e-08 6.03102e-20 -8.32258e-20
852 1.11 450 0 1.14646e-06 3.36975e-08 4.84416e-19 1.13287e-19 1.71175e-08 -5.75123e-07 -6.3505e-19 -1.59558e-19 8.82043e-07 2.58042e-08 -1.01604e-19 3.62219e-19
852 1.12 450 0 3.73589e-07 3.76147e-09 1.36005e-20 7.27575e-21 1.97392e-09 -1.90893e-07 -2.07484e-20 -1.28858e-20 2.84226e-07 2.83182e-09 -1.26953e-20 2.2937e-20
852 1.13 450 0 2.15489e-07 1.31042e-09 3.02374e-21 3.40243e-21 6.97624e-10 -1.11992e-07 -5.8665e-21 -6.08905e-21 1.62189e-07 9.77165e-10 -6.38015e-21 1.04011e-20
852 1.14 450 0 1.47988e-07 6.50353e-10 -1.96214e-21 1.35073e-21 3.40413e-10 -7.8132e-08 5.12935e-22 -2.89131e-21 1.10231e-07 4.87702e-10 -3.78938e-21 4.94645e-21
852 1.15 450 0 1.10831e-07 3.84013e-10 1.06696e-21 6.56274e-22 1.81299e-10 -5.93844e-08 -2.12379e-21 -1.58531e-21 8.17253e-08 3.01334e-10 -2.32494e-21 3.74684e-21
852 1.16 450 0 8.74603e-08 2.51872e-10 3.35564e-21 2.2743e-21 3.97223e-11 -4.75247e-08 -4.38827e-21 -3.24663e-21 6.38559e-08 2.55057e-10 -2.98269e-21 4.4196e-21
852 1.17 450 0 7.14883e-08 1.77957e-10 2.09204e-21 1.04285e-21 2.23326e-10 -3.93072e-08 -2.23226e-21 -1.69255e-21 5.1735e-08 3.59168e-11 -2.00986e-21 1.98435e-21
852 1.18 450 0 5.9932e-08 1.31834e-10 1.00846e-21 1.16576e-21 1.15065e-10 -3.338e-08 -1.47269e-21 -1.65751e-21 4.2958e-08 6.31721e-11 -1.76894e-21 2.24387e-21
852 1.19 450 0 5.12165e-08 1.01822e-10 1.06442e-21 4.80444e-22 8.19714e-11 -2.88637e-08 -1.40019e-21 -8.01838e-22 3.6378e-08 5.3492e-11 -1.09454e-21 1.79127e-21
852 1.2 450 0 4.44307e-08 8.10302e-11 8.57934e-22 4.05546e-22 6.31602e-11 -2.53208e-08 -1.25247e-21 -6.48729e-22 3.1279e-08 4.38032e-11 -8.77078e-22 1.91006e-21
852 1.21 450 0 3.9013e-08 6.60531e-11 -1.31507e-23 2.76935e-22 5.06473e-11 -2.24713e-08 -4.3716e-22 -4.8779e-22 2.72271e-08 3.6096e-11 -7.63129e-22 1.62805e-21
852 1.22 450 0 3.45986e-08 5.49166e-11 2.2988e-22 2.0819e-22 4.16931e-11 -2.01326e-08 -2.8537e-22 -4.00923e-22 2.39413e-08 3.01367e-11 -6.78436e-22 5.02697e-22
852 1.23 450 0 3.09406e-08 4.64956e-11 1.96472e-22 2.28317e-22 3.4976e-11 -1.81805e-08 -4.3864e-22 -3.57654e-22 2.12316e-08 2.5624e-11 -5.60866e-22 1.22558e-21
852 1.24 450 0 2.78659e-08 3.98979e-11 3.24454e-22 1.96952e-22 2.97861e-11 -1.65278e-08 -3.40092e-22 -3.02999e-22 1.89651e-08 2.2055e-11 -4.83181e-22 4.75564e-22
852 1.25 450 0 2.52501e-08 3.46745e-11 3.69657e-22 1.72142e-22 2.56612e-11 -1.51116e-08 -3.57146e-22 -2.44387e-22 1.70464e-08 1.92655e-11 -3.99838e-22 5.00763e-22
852 1.26 450 0 2.3001e-08 3.04196e-11 2.07043e-22 1.31788e-22 2.23275e-11 -1.38853e-08 -2.18002e-22 -2.12639e-22 1.54049e-08 1.69878e-11 -3.8359e-22 5.0492e-22
852 1.27 450 0 2.10496e-08 2.69274e-11 1.56672e-22 1.28023e-22 1.95737e-11 -1.28138e-08 -2.02196e-22 -1.78166e-22 1.39879e-08 1.51493e-11 -3.0685e-22 3.15039e-22
852 1.28 450 0 1.93429e-08 2.40277e-11 1.90482e-22 1.0754e-22 1.72485e-11 -1.18699e-08 -2.82847e-22 -1.50577e-22 1.27549e-08 1.36717e-11 -2.73034e-22 7.13462e-22
852 1.29 450 0 1.78393e-08 2.15485e-11 2.22717e-22 9.90318e-23 1.52833e-11 -1.10326e-08 -2.70183e-22 -1.26024e-22 1.16741e-08 1.23986e-11 -2.28271e-22 7.41685e-22
852 1.3 450 0 1.65062e-08 1.94348e-11 1.14404e-22 8.47289e-23 1.35516e-11 -1.0285e-08 -1.24328e-22 -1.16558e-22 1.07211e-08 1.13777e-11 -2.14206e-22 1.87404e-22
852 1.31 450 0 1.53176e-08 1.7584e-11 2.15864e-22 7.79097e-23 1.2007e-11 -9.61386e-09 -2.05996e-22 -1.07645e-22 9.87571e-09 1.05217e-11 -1.97618e-22 5.6452e-22
852 1.32 450 0 1.42523e-08 1.59366e-11 9.83865e-23 6.96255e-23 1.04229e-11 -9.00791e-09 -8.59685e-23 -8.46489e-23 9.12237e-09 9.97815e-12 -1.59019e-22 7.42149e-23
852 1.33 450 0 1.32928e-08 1.44241e-11 1.33666e-22 5.9425e-23 9.4897e-12 -8.45898e-09 -1.48754e-22 -7.01299e-23 8.44691e-09 8.96524e-12 -1.37097e-22 3.04787e-22
852 1.34 450 0 1.24251e-08 1.31147e-11 1.35389e-22 5.26956e-23 8.67454e-12 -7.95927e-09 -1.20756e-22 -6.22836e-23 7.83927e-09 8.09609e-12 -1.23842e-22 2.88052e-22
852 1.35 450 0 1.16373e-08 1.19727e-11 4.83502e-23 4.65716e-23 7.95843e-12 -7.50263e-09 -9.07046e-23 -5.15763e-23 7.29053e-09 7.34376e-12 -1.02681e-22 2.72751e-22
852 1.36 450 0 1.09195e-08 1.09701e-11 6.50754e-23 4.06673e-23 7.32598e-12 -7.08388e-09 -6.46379e-23 -4.46597e-23 6.79321e-09 6.68747e-12 -9.24385e-23 1.69351e-22
852 1.37 450 0 1.02633e-08 1.00846e-11 6.31405e-23 3.48071e-23 6.7647e-12 -6.69863e-09 -8.2253e-23 -3.48145e-23 6.34101e-09 6.11099e-12 -7.56138e-23 2.13832e-22
852 1.38 450 0 9.66166e-09 9.29829e-12 6.56991e-23 3.20728e-23 6.2643e-12 -6.34317e-09 -9.20797e-23 -3.43928e-23 5.92859e-09 5.60147e-12 -7.07281e-23 2.6409e-22
852 1.39 450 0 9.10844e-09 8.5967e-12 9.49761e-23 2.97729e-23 5.81629e-12 -6.0143e-09 -8.39539e-23 -3.4819e-23 5.55141e-09 5.14865e-12 -6.62579e-23 2.42075e-22
852 1.4 450 0 8.59842e-09 7.96789e-12 1.23672e-23 1.82736e-23 5.41363e-12 -5.70925e-09 -3.18476e-23 -1.30445e-23 5.20556e-09 4.7442e-12 -4.0391e-23 9.10373e-23
852 1.41 450 0 8.1271e-09 7.40201e-12 6.78373e-23 1.78323e-23 5.05037e-12 -5.42564e-09 -5.38486e-23 -1.67548e-23 4.88767e-09 4.38129e-12 -3.91555e-23 1.52529e-22
852 1.42 450 0 7.69055e-09 6.89083e-12 1.62397e-22 1.3464e-23 4.72154e-12 -5.16138e-09 -1.07791e-22 -9.46842e-24 4.59483e-09 4.05428e-12 -2.84665e-23 2.62967e-22
852 1.43 450 0 7.28536e-09 6.4274e-12 1.08861e-22 8.86915e-24 4.42292e-12 -4.91467e-09 -5.14825e-23 -5.5408e-24 4.32449e-09 3.75841e-12 -2.00111e-23 1.30394e-22
852 1.44 450 0 6.90854e-09 6.0058e-12 6.0866e-23 8.245e-24 4.15094e-12 -4.6839e-09 -5.41751e-23 -7.23775e-24 4.07443e-09 3.4896e-12 -1.67965e-23 1.68145e-22
852 1.45 450 0 6.55744e-09 5.62105e-12 9.49489e-23 4.91077e-25 3.9026e-12 -4.46766e-09 -5.86655e-23 -2.32452e-25 3.84272e-09 3.24436e-12 -1.30505e-24 1.57235e-22
