852 0 200 0 -1.91459e-08 8.87845e-08 1.25256e-07 -1.01467e-08 0 0 0 0 0 0 1.29568e-08 -1.03514e-07
852 0.01 200 0 -1.91333e-08 8.88097e-08 1.25247e-07 -1.014e-08 2.59026e-11 -1.39997e-09 2.4501e-10 -2.63378e-10 -1.8562e-10 1.78374e-09 1.29427e-08 -1.0351e-07
852 0.02 200 0 -1.90955e-08 8.8885e-08 1.2522e-07 -1.012e-08 5.02304e-11 -2.79847e-09 4.89214e-10 -5.26511e-10 -3.6919e-10 3.56779e-09 1.29005e-08 -1.03499e-07
852 0.03 200 0 -1.90322e-08 8.90104e-08 1.25174e-07 -1.00867e-08 7.14158e-11 -4.19405e-09 7.31808e-10 -7.89151e-10 -5.48659e-10 5.35242e-09 1.283e-08 -1.0348e-07
852 0.04 200 0 -1.89431e-08 8.91859e-08 1.25111e-07 -1.004e-08 8.78966e-11 -5.58521e-09 9.71985e-10 -1.05104e-09 -7.21965e-10 7.13793e-09 1.27313e-08 -1.03454e-07
852 0.05 200 0 -1.88277e-08 8.94113e-08 1.25031e-07 -9.98008e-09 9.81363e-11 -6.97047e-09 1.20894e-09 -1.31191e-09 -8.87043e-10 8.92456e-09 1.26044e-08 -1.03419e-07
852 0.06 200 0 -1.86853e-08 8.9686e-08 1.24933e-07 -9.90678e-09 1.00623e-10 -8.3483e-09 1.44188e-09 -1.57147e-09 -1.04182e-09 1.07126e-08 1.24492e-08 -1.03377e-07
852 0.07 200 0 -1.85154e-08 9.00099e-08 1.24817e-07 -9.82022e-09 9.38587e-11 -9.71716e-09 1.67001e-09 -1.82941e-09 -1.18421e-09 1.25021e-08 1.22659e-08 -1.03326e-07
852 0.08 200 0 -1.83163e-08 9.0382e-08 1.24685e-07 -9.72101e-09 7.63669e-11 -1.10755e-08 1.89264e-09 -2.08533e-09 -1.31213e-09 1.42933e-08 1.20546e-08 -1.03266e-07
852 0.09 200 0 -1.80879e-08 9.08029e-08 1.24537e-07 -9.60784e-09 4.68483e-11 -1.24216e-08 2.10882e-09 -2.33897e-09 -1.42343e-09 1.60864e-08 1.18146e-08 -1.03197e-07
852 0.1 200 0 -1.7829e-08 9.12713e-08 1.24372e-07 -9.48163e-09 3.86849e-12 -1.3754e-08 2.31785e-09 -2.58989e-09 -1.51601e-09 1.78812e-08 1.15463e-08 -1.03118e-07
852 0.11 200 0 -1.75371e-08 9.1787e-08 1.24193e-07 -9.34323e-09 -5.38659e-11 -1.50708e-08 2.51898e-09 -2.83746e-09 -1.58767e-09 1.96781e-08 1.12484e-08 -1.03029e-07
852 0.12 200 0 -1.72129e-08 9.23483e-08 1.23999e-07 -9.19094e-09 -1.27577e-10 -1.63704e-08 2.71146e-09 -3.08151e-09 -1.63633e-09 2.14765e-08 1.09236e-08 -1.02929e-07
852 0.13 200 0 -1.68534e-08 9.29553e-08 1.2379e-07 -9.02564e-09 -2.18413e-10 -1.76508e-08 2.89454e-09 -3.32136e-09 -1.65972e-09 2.32765e-08 1.05703e-08 -1.02817e-07
852 0.14 200 0 -1.64575e-08 9.36063e-08 1.23568e-07 -8.84762e-09 -3.27467e-10 -1.89103e-08 3.06753e-09 -3.55641e-09 -1.65568e-09 2.50778e-08 1.01888e-08 -1.02693e-07
852 0.15 200 0 -1.60226e-08 9.43e-08 1.23333e-07 -8.65761e-09 -4.55794e-10 -2.0147e-08 3.22989e-09 -3.78589e-09 -1.62202e-09 2.688e-08 9.77947e-09 -1.02556e-07
852 0.16 200 0 -1.55469e-08 9.50364e-08 1.23086e-07 -8.45545e-09 -6.04073e-10 -2.13589e-08 3.38073e-09 -4.00908e-09 -1.5564e-09 2.86828e-08 9.34023e-09 -1.02405e-07
852 0.17 200 0 -1.50298e-08 9.58129e-08 1.22828e-07 -8.24012e-09 -7.73197e-10 -2.25439e-08 3.51947e-09 -4.22555e-09 -1.45666e-09 3.04853e-08 8.87407e-09 -1.02239e-07
852 0.18 200 0 -1.44683e-08 9.66285e-08 1.2256e-07 -8.0129e-09 -9.63823e-10 -2.36998e-08 3.64554e-09 -4.43423e-09 -1.3205e-09 3.22869e-08 8.37989e-09 -1.02057e-07
852 0.19 200 0 -1.38596e-08 9.74806e-08 1.22282e-07 -7.77472e-09 -1.17652e-09 -2.48246e-08 3.75863e-09 -4.63402e-09 -1.14571e-09 3.40867e-08 7.85807e-09 -1.01858e-07
852 0.2 200 0 -1.32016e-08 9.83687e-08 1.21995e-07 -7.52565e-09 -1.41149e-09 -2.59161e-08 3.85794e-09 -4.82395e-09 -9.29919e-10 3.5884e-08 7.30703e-09 -1.01641e-07
852 0.21 200 0 -1.24947e-08 9.92953e-08 1.217e-07 -7.26159e-09 -1.66964e-09 -2.69711e-08 3.94268e-09 -5.00373e-09 -6.70615e-10 3.76779e-08 6.73064e-09 -1.01405e-07
852 0.22 200 0 -1.17319e-08 1.00247e-07 1.21399e-07 -6.99109e-09 -1.94992e-09 -2.79888e-08 4.01352e-09 -5.17097e-09 -3.66175e-10 3.94658e-08 6.12614e-09 -1.01147e-07
852 0.23 200 0 -1.09125e-08 1.01227e-07 1.21093e-07 -6.71115e-09 -2.25249e-09 -2.89661e-08 4.06953e-09 -5.32482e-09 -1.39729e-11 4.12472e-08 5.49311e-09 -1.00867e-07
852 0.24 200 0 -1.00356e-08 1.02232e-07 1.20782e-07 -6.42133e-09 -2.57733e-09 -2.99005e-08 4.1104e-09 -5.46442e-09 3.88105e-10 4.30199e-08 4.83474e-09 -1.00564e-07
852 0.25 200 0 -9.09681e-09 1.03259e-07 1.20466e-07 -6.12376e-09 -2.92381e-09 -3.07897e-08 4.13654e-09 -5.5878e-09 8.4218e-10 4.47822e-08 4.1504e-09 -1.00235e-07
852 0.26 200 0 -8.09403e-09 1.04306e-07 1.20149e-07 -5.81895e-09 -3.29109e-09 -3.16312e-08 4.14744e-09 -5.69352e-09 1.35057e-09 4.65322e-08 3.43898e-09 -9.98789e-08
852 0.27 200 0 -7.02554e-09 1.05367e-07 1.19829e-07 -5.50736e-09 -3.67836e-09 -3.24224e-08 4.14361e-09 -5.78025e-09 1.915e-09 4.82672e-08 2.70411e-09 -9.94946e-08
852 0.28 200 0 -5.88756e-09 1.06441e-07 1.19509e-07 -5.19024e-09 -4.08397e-09 -3.31607e-08 4.125e-09 -5.84597e-09 2.53783e-09 4.99851e-08 1.94303e-09 -9.90793e-08
852 0.29 200 0 -4.6794e-09 1.07522e-07 1.19189e-07 -4.86778e-09 -4.50666e-09 -3.38438e-08 4.09201e-09 -5.88948e-09 3.22059e-09 5.16825e-08 1.15965e-09 -9.86322e-08
852 0.3 200 0 -3.39665e-09 1.08604e-07 1.18869e-07 -4.54344e-09 -4.94484e-09 -3.44694e-08 4.04591e-09 -5.90799e-09 3.96519e-09 5.33569e-08 3.52729e-10 -9.81501e-08
852 0.31 200 0 -2.03957e-09 1.09685e-07 1.18552e-07 -4.21564e-09 -5.39614e-09 -3.50347e-08 3.98636e-09 -5.90076e-09 4.77315e-09 5.50046e-08 -4.74841e-10 -9.76322e-08
852 0.32 200 0 -6.03658e-10 1.10758e-07 1.18236e-07 -3.88858e-09 -5.85851e-09 -3.55379e-08 3.91552e-09 -5.86465e-09 5.646e-09 5.66225e-08 -1.32368e-09 -9.70751e-08
852 0.33 200 0 9.10819e-10 1.11818e-07 1.17925e-07 -3.56091e-09 -6.32877e-09 -3.59763e-08 3.83339e-09 -5.79881e-09 6.58494e-09 5.82063e-08 -2.19095e-09 -9.64778e-08
852 0.34 200 0 2.50733e-09 1.12859e-07 1.17616e-07 -3.23705e-09 -6.80455e-09 -3.63485e-08 3.74261e-09 -5.70005e-09 7.59107e-09 5.97524e-08 -3.0766e-09 -9.58369e-08
852 0.35 200 0 4.18527e-09 1.13873e-07 1.17311e-07 -2.91663e-09 -7.28228e-09 -3.6652e-08 3.64398e-09 -5.56728e-09 8.66495e-09 6.1256e-08 -3.97689e-09 -9.51514e-08
852 0.36 200 0 5.94687e-09 1.14857e-07 1.17011e-07 -2.6022e-09 -7.75839e-09 -3.68854e-08 3.53943e-09 -5.39793e-09 9.80764e-09 6.27132e-08 -4.8926e-09 -9.44172e-08
852 0.37 200 0 7.79259e-09 1.158e-07 1.16714e-07 -2.29612e-09 -8.22924e-09 -3.70474e-08 3.43193e-09 -5.18993e-09 1.10189e-08 6.41188e-08 -5.81977e-09 -9.36329e-08
852 0.38 200 0 9.72175e-09 1.16696e-07 1.16421e-07 -1.99894e-09 -8.69033e-09 -3.71364e-08 3.32313e-09 -4.9419e-09 1.22986e-08 6.54673e-08 -6.75537e-09 -9.27966e-08
852 0.39 200 0 1.17355e-08 1.17545e-07 1.16133e-07 -1.71e-09 -9.1377e-09 -3.715e-08 3.21528e-09 -4.65185e-09 1.36478e-08 6.67553e-08 -7.6988e-09 -9.19053e-08
852 0.4 200 0 1.38323e-08 1.18325e-07 1.15847e-07 -1.43874e-09 -9.5659e-09 -3.70914e-08 3.11365e-09 -4.31712e-09 1.50633e-08 6.79747e-08 -8.64649e-09 -9.09554e-08
852 0.41 200 0 1.60112e-08 1.19033e-07 1.15564e-07 -1.18326e-09 -9.96992e-09 -3.69589e-08 3.02074e-09 -3.93661e-09 1.65447e-08 6.9121e-08 -9.59549e-09 -8.99455e-08
852 0.42 200 0 1.82677e-08 1.19662e-07 1.15283e-07 -9.44445e-10 -1.03446e-08 -3.67519e-08 2.93921e-09 -3.50977e-09 1.80898e-08 7.01879e-08 -1.05408e-08 -8.88738e-08
852 0.43 200 0 2.06088e-08 1.20209e-07 1.15011e-07 -7.09701e-10 -1.06815e-08 -3.64624e-08 2.87216e-09 -3.03741e-09 1.97006e-08 7.1163e-08 -1.14743e-08 -8.77203e-08
852 0.44 200 0 2.30302e-08 1.20662e-07 1.14744e-07 -4.88151e-10 -1.09753e-08 -3.60951e-08 2.82326e-09 -2.51676e-09 2.13735e-08 7.20432e-08 -1.23954e-08 -8.64929e-08
852 0.45 200 0 2.5518e-08 1.21001e-07 1.14469e-07 -3.02105e-10 -1.12246e-08 -3.56648e-08 2.80272e-09 -1.94412e-09 2.31e-08 7.28292e-08 -1.33061e-08 -8.52047e-08
852 0.46 200 0 2.80695e-08 1.21221e-07 1.14186e-07 -1.44297e-10 -1.14219e-08 -3.5169e-08 2.81418e-09 -1.32118e-09 2.48778e-08 7.35106e-08 -1.41976e-08 -8.38459e-08
852 0.47 200 0 3.068e-08 1.21312e-07 1.13896e-07 -1.39887e-11 -1.1561e-08 -3.46094e-08 2.8627e-09 -6.48343e-10 2.67029e-08 7.40803e-08 -1.50647e-08 -8.2413e-08
852 0.48 200 0 3.33407e-08 1.21265e-07 1.13595e-07 8.5634e-11 -1.16366e-08 -3.39915e-08 2.95491e-09 7.37466e-11 2.85688e-08 7.45329e-08 -1.59025e-08 -8.09062e-08
852 0.49 200 0 3.60454e-08 1.21075e-07 1.1328e-07 1.57368e-10 -1.16423e-08 -3.33165e-08 3.09409e-09 8.43402e-10 3.04702e-08 7.48627e-08 -1.67032e-08 -7.93235e-08
852 0.5 200 0 3.87862e-08 1.20731e-07 1.12949e-07 2.00033e-10 -1.15725e-08 -3.25902e-08 3.28738e-09 1.6588e-09 3.24008e-08 7.50628e-08 -1.74614e-08 -7.76625e-08
852 0.51 200 0 4.1554e-08 1.20232e-07 1.12598e-07 2.17144e-10 -1.14223e-08 -3.18151e-08 3.53907e-09 2.51712e-09 3.43545e-08 7.51294e-08 -1.81686e-08 -7.59238e-08
852 0.52 200 0 4.43357e-08 1.19554e-07 1.12223e-07 2.00967e-10 -1.11865e-08 -3.1005e-08 3.85967e-09 3.41564e-09 3.63205e-08 7.50531e-08 -1.88205e-08 -7.41037e-08
852 0.53 200 0 4.71188e-08 1.18696e-07 1.11819e-07 1.54275e-10 -1.08618e-08 -3.01652e-08 4.25428e-09 4.35018e-09 3.82903e-08 7.48315e-08 -1.94077e-08 -7.22049e-08
852 0.54 200 0 4.98947e-08 1.17653e-07 1.11383e-07 8.24284e-11 -1.04427e-08 -2.93e-08 4.72778e-09 5.3155e-09 4.0256e-08 7.44584e-08 -1.99215e-08 -7.02248e-08
852 0.55 200 0 5.26448e-08 1.16413e-07 1.10911e-07 -1.69812e-11 -9.92725e-09 -2.8422e-08 5.28831e-09 6.30625e-09 4.22061e-08 7.39293e-08 -2.03553e-08 -6.81658e-08
852 0.56 200 0 5.53584e-08 1.14975e-07 1.10399e-07 -1.37271e-10 -9.31166e-09 -2.75358e-08 5.93942e-09 7.3155e-09 4.41309e-08 7.32399e-08 -2.06979e-08 -6.60268e-08
852 0.57 200 0 5.80156e-08 1.13328e-07 1.09841e-07 -2.79286e-10 -8.59631e-09 -2.66565e-08 6.69061e-09 8.3357e-09 4.60169e-08 7.23865e-08 -2.09419e-08 -6.38121e-08
852 0.58 200 0 6.06032e-08 1.11472e-07 1.09237e-07 -4.35417e-10 -7.77764e-09 -2.57886e-08 7.54309e-09 9.35842e-09 4.78535e-08 7.13656e-08 -2.10755e-08 -6.15207e-08
852 0.59 200 0 6.3099e-08 1.09397e-07 1.08579e-07 -6.04008e-10 -6.85858e-09 -2.4948e-08 8.50553e-09 1.03738e-08 4.96254e-08 7.01745e-08 -2.10899e-08 -5.91588e-08
852 0.6 200 0 6.54896e-08 1.07111e-07 1.07868e-07 -7.73996e-10 -5.83722e-09 -2.41367e-08 9.57702e-09 1.13719e-08 5.13225e-08 6.88114e-08 -2.09721e-08 -5.67274e-08
852 0.61 200 0 6.77466e-08 1.04595e-07 1.07097e-07 -9.47346e-10 -4.7198e-09 -2.33779e-08 1.07665e-08 1.23403e-08 5.29239e-08 6.72736e-08 -2.07132e-08 -5.42329e-08
852 0.62 200 0 6.98543e-08 1.01858e-07 1.06267e-07 -1.11154e-09 -3.50715e-09 -2.26744e-08 1.20723e-08 1.32669e-08 5.44176e-08 6.55605e-08 -2.02987e-08 -5.16784e-08
852 0.63 200 0 7.17866e-08 9.88955e-08 1.05375e-07 -1.25909e-09 -2.20528e-09 -2.20391e-08 1.34978e-08 1.41371e-08 5.57859e-08 6.36699e-08 -1.97192e-08 -4.90709e-08
852 0.64 200 0 7.35092e-08 9.57031e-08 1.04396e-07 -1.39224e-09 -8.34832e-10 -2.14773e-08 1.50571e-08 1.49386e-08 5.70104e-08 6.16017e-08 -1.89611e-08 -4.64063e-08
852 0.65 200 0 7.50135e-08 9.2295e-08 1.03362e-07 -1.49714e-09 6.18702e-10 -2.10079e-08 1.67255e-08 1.56641e-08 5.80715e-08 5.93606e-08 -1.80043e-08 -4.37117e-08
852 0.66 200 0 7.62684e-08 8.86716e-08 1.02271e-07 -1.55995e-09 2.14083e-09 -2.0639e-08 1.8506e-08 1.62912e-08 5.89499e-08 5.69483e-08 -1.68367e-08 -4.09926e-08
852 0.67 200 0 7.72435e-08 8.48351e-08 1.01127e-07 -1.56646e-09 3.72354e-09 -2.03792e-08 2.03927e-08 1.68011e-08 5.96231e-08 5.43636e-08 -1.54463e-08 -3.82616e-08
852 0.68 200 0 7.79099e-08 8.07952e-08 9.9935e-08 -1.50594e-09 5.357e-09 -2.02331e-08 2.23779e-08 1.71793e-08 6.00693e-08 5.16097e-08 -1.3817e-08 -3.55324e-08
852 0.69 200 0 7.82297e-08 7.65522e-08 9.87005e-08 -1.37267e-09 7.02383e-09 -2.02167e-08 2.44529e-08 1.74067e-08 6.02582e-08 4.86929e-08 -1.19302e-08 -3.28196e-08
852 0.7 200 0 7.81685e-08 7.2118e-08 9.7438e-08 -1.14975e-09 8.71477e-09 -2.03315e-08 2.66017e-08 1.74644e-08 6.01625e-08 4.56154e-08 -9.76997e-09 -3.01432e-08
852 0.71 200 0 7.76846e-08 6.75043e-08 9.616e-08 -8.28974e-10 1.04158e-08 -2.05849e-08 2.88083e-08 1.73364e-08 5.9749e-08 4.23845e-08 -7.32018e-09 -2.7526e-08
852 0.72 200 0 7.67347e-08 6.27241e-08 9.48842e-08 -3.98654e-10 1.21107e-08 -2.09805e-08 3.10514e-08 1.70038e-08 5.8981e-08 3.90085e-08 -4.55988e-09 -2.49927e-08
852 0.73 200 0 7.52685e-08 5.77976e-08 9.36294e-08 1.45116e-10 1.3785e-08 -2.15223e-08 3.33066e-08 1.64557e-08 5.78176e-08 3.54991e-08 -1.47382e-09 -2.25738e-08
852 0.74 200 0 7.32341e-08 5.27495e-08 9.24232e-08 8.12056e-10 1.54253e-08 -2.22084e-08 3.5543e-08 1.5677e-08 5.6213e-08 3.18703e-08 1.95826e-09 -2.03049e-08
852 0.75 200 0 7.0563e-08 4.76011e-08 9.12918e-08 1.59988e-09 1.70082e-08 -2.30466e-08 3.77265e-08 1.46561e-08 5.41094e-08 2.81419e-08 5.75298e-09 -1.82263e-08
852 0.76 200 0 6.71873e-08 4.23926e-08 9.02716e-08 2.50829e-09 1.85211e-08 -2.40311e-08 3.98143e-08 1.33882e-08 5.14468e-08 2.43384e-08 9.92535e-09 -1.63872e-08
852 0.77 200 0 6.30262e-08 3.71702e-08 8.94003e-08 3.52692e-09 1.99431e-08 -2.51601e-08 4.17603e-08 1.18723e-08 4.81541e-08 2.04951e-08 1.4489e-08 -1.48429e-08
852 0.78 200 0 5.79927e-08 3.19944e-08 8.87221e-08 4.63592e-09 2.12585e-08 -2.64277e-08 4.35108e-08 1.01201e-08 4.41519e-08 1.66569e-08 1.94548e-08 -1.36593e-08
852 0.79 200 0 5.19842e-08 2.694e-08 8.82858e-08 5.80612e-09 2.24502e-08 -2.78277e-08 4.50057e-08 8.14952e-09 3.93458e-08 1.28819e-08 2.4827e-08 -1.29141e-08
852 0.8 200 0 4.48905e-08 2.21102e-08 8.8144e-08 6.994e-09 2.35091e-08 -2.9348e-08 4.61798e-08 5.99652e-09 3.36311e-08 9.24865e-09 3.05998e-08 -1.26982e-08
852 0.81 200 0 3.6578e-08 1.76255e-08 8.83424e-08 8.12907e-09 2.4408e-08 -3.09866e-08 4.69671e-08 3.7145e-09 2.68834e-08 5.8632e-09 3.67567e-08 -1.31129e-08
852 0.82 200 0 2.68949e-08 1.36455e-08 8.8923e-08 9.11231e-09 2.50954e-08 -3.27516e-08 4.72987e-08 1.38133e-09 1.89604e-08 2.87515e-09 4.32664e-08 -1.42732e-08
852 0.83 200 0 1.57081e-08 1.04046e-08 8.99251e-08 9.82313e-09 2.55815e-08 -3.46121e-08 4.71118e-08 -8.78457e-10 9.73122e-09 4.70293e-10 5.00642e-08 -1.63123e-08
852 0.84 200 0 2.86735e-09 8.18472e-09 9.13592e-08 1.01e-08 2.58487e-08 -3.65562e-08 4.63649e-08 -2.91041e-09 -9.5396e-10 -1.10479e-09 5.70567e-08 -1.93723e-08
852 0.85 200 0 -1.17706e-08 7.34931e-09 9.31963e-08 9.7413e-09 2.58855e-08 -3.85692e-08 4.50511e-08 -4.51287e-09 -1.32435e-08 -1.53046e-09 6.41095e-08 -2.3603e-08
852 0.86 200 0 -2.83395e-08 8.34967e-09 9.53388e-08 8.49625e-09 2.56633e-08 -4.06424e-08 4.32222e-08 -5.43421e-09 -2.72765e-08 -3.93174e-10 7.1034e-08 -2.91506e-08
852 0.87 200 0 -4.69293e-08 1.17632e-08 9.75931e-08 6.08427e-09 2.51685e-08 -4.27634e-08 4.10255e-08 -5.37868e-09 -4.3159e-08 2.83133e-09 7.7578e-08 -3.6146e-08
852 0.88 200 0 -6.7573e-08 1.83033e-08 9.96213e-08 2.20731e-09 2.43797e-08 -4.49248e-08 3.87491e-08 -4.02256e-09 -6.09451e-08 8.8027e-09 8.34168e-08 -4.46809e-08
852 0.89 200 0 -9.02149e-08 2.88484e-08 1.00888e-07 -3.40308e-09 2.32694e-08 -4.71254e-08 3.68799e-08 -1.05749e-09 -8.06061e-08 1.83409e-08 8.81511e-08 -5.47789e-08
852 0.9 200 0 -1.14682e-07 4.44798e-08 1.00602e-07 -1.09034e-08 2.18054e-08 -4.93716e-08 3.61711e-08 3.72987e-09 -1.01999e-07 3.24586e-08 9.13161e-08 -6.63605e-08
852 0.91 200 0 -1.40668e-07 6.65294e-08 9.76523e-08 -2.02095e-08 1.99146e-08 -5.16812e-08 3.77046e-08 1.03208e-08 -1.2484e-07 5.24158e-08 9.24053e-08 -7.92016e-08
852 0.92 200 0 -1.67708e-07 9.67353e-08 9.05802e-08 -3.07611e-08 1.75048e-08 -5.40867e-08 4.29438e-08 1.82269e-08 -1.48675e-07 7.98343e-08 9.09157e-08 -9.29053e-08
852 0.93 200 0 -1.9517e-07 1.37543e-07 7.75745e-08 -4.11709e-08 1.44054e-08 -5.66386e-08 5.37331e-08 2.61138e-08 -1.7286e-07 1.16969e-07 8.6406e-08 -1.06887e-07
852 0.94 200 0 -2.22136e-07 1.92872e-07 5.6579e-08 -4.85895e-08 1.03135e-08 -5.94062e-08 7.21922e-08 3.11296e-08 -1.96443e-07 1.67366e-07 7.85521e-08 -1.20392e-07
852 0.95 200 0 -2.46822e-07 2.69951e-07 2.56845e-08 -4.74503e-08 4.61811e-09 -6.2443e-08 1.00285e-07 2.75787e-08 -2.17625e-07 2.37476e-07 6.71595e-08 -1.32537e-07
852 0.96 200 0 -2.6373e-07 3.84142e-07 -1.52115e-08 -2.64051e-08 -3.95743e-09 -6.56604e-08 1.38043e-07 3.72232e-09 -2.3121e-07 3.40876e-07 5.20506e-08 -1.42313e-07
852 0.97 200 0 -2.48949e-07 5.71555e-07 -5.57809e-08 3.95929e-08 -1.85219e-08 -6.79529e-08 1.7441e-07 -6.642e-08 -2.15471e-07 5.09323e-07 3.26535e-08 -1.48221e-07
852 0.98 200 0 -6.85163e-08 9.01061e-07 -1.95976e-08 1.96777e-07 -4.63431e-08 -6.08287e-08 1.28837e-07 -2.30306e-07 -5.08063e-08 8.02661e-07 7.55913e-09 -1.45486e-07
852 0.99 200 0 7.67304e-07 9.47419e-07 3.79198e-07 1.75762e-07 -6.51416e-08 -2.33956e-09 -2.95687e-07 -2.03216e-07 6.94106e-07 8.39713e-07 -9.22546e-09 -1.18452e-07
852 1 200 0 7.07523e-07 2.31342e-09 -6.12451e-06 -2.37516e-07 -6.25745e-11 8.34904e-09 6.2185e-06 2.37478e-07 6.42741e-07 2.02351e-09 -8.99499e-11 -1.19973e-07
852 1.01 200 0 4.09606e-07 8.57323e-10 4.69125e-08 7.14574e-10 2.27715e-11 -9.58102e-09 5.24025e-08 -7.41591e-10 3.77704e-07 7.39954e-10 -8.33228e-11 -1.07262e-07
852 1.02 200 0 3.1025e-07 5.28554e-10 5.65911e-08 4.83584e-10 3.2667e-11 -1.28381e-08 4.54742e-08 -4.99679e-10 2.9117e-07 4.49147e-10 -7.18328e-11 -1.03785e-07
852 1.03 200 0 2.54101e-07 3.83077e-10 5.69351e-08 3.75783e-10 3.51502e-11 -1.34451e-08 4.64783e-08 -3.86887e-10 2.43047e-07 3.20876e-10 -6.61646e-11 -1.01233e-07
852 1.04 200 0 2.16673e-07 3.02357e-10 5.53634e-08 3.13091e-10 3.6552e-11 -1.29358e-08 4.87421e-08 -3.21355e-10 2.11616e-07 2.49328e-10 -6.2904e-11 -9.93332e-08
852 1.05 200 0 1.89288e-07 2.52141e-10 5.31468e-08 2.72562e-10 3.76212e-11 -1.18052e-08 5.12784e-08 -2.79014e-10 1.89187e-07 2.04561e-10 -6.09441e-11 -9.793e-08
852 1.06 200 0 1.67961e-07 2.18422e-10 5.06127e-08 2.44857e-10 3.99755e-11 -1.02594e-08 5.3896e-08 -2.4968e-10 1.72238e-07 1.73297e-10 -6.02072e-11 -9.69273e-08
852 1.07 200 0 1.50564e-07 1.95197e-10 4.78569e-08 2.24818e-10 4.11325e-11 -8.38589e-09 5.65715e-08 -2.28775e-10 1.58902e-07 1.52035e-10 -5.9532e-11 -9.62621e-08
852 1.08 200 0 1.35847e-07 1.78515e-10 4.49032e-08 2.10119e-10 4.25737e-11 -6.22987e-09 5.93257e-08 -2.13464e-10 1.48082e-07 1.36304e-10 -5.93477e-11 -9.58933e-08
852 1.09 200 0 1.23012e-07 1.66679e-10 4.17476e-08 1.99844e-10 4.55624e-11 -3.80736e-09 6.21909e-08 -2.02351e-10 1.39092e-07 1.23664e-10 -5.99644e-11 -9.57957e-08
852 1.1 200 0 1.1152e-07 1.57978e-10 3.83702e-08 1.91988e-10 4.75385e-11 -1.11141e-09 6.52031e-08 -1.94152e-10 1.31481e-07 1.1456e-10 -6.05094e-11 -9.59545e-08
852 1.11 200 0 1.00987e-07 1.5195e-10 3.47445e-08 1.86519e-10 4.99807e-11 1.87089e-09 6.84014e-08 -1.88444e-10 1.24932e-07 1.07406e-10 -6.1453e-11 -9.63643e-08
852 1.12 200 0 9.11258e-08 1.48579e-10 3.08374e-08 1.83896e-10 5.42718e-11 5.16169e-09 7.18272e-08 -1.85246e-10 1.19223e-07 1.01175e-10 -6.32725e-11 -9.70268e-08
852 1.13 200 0 8.17056e-08 1.46528e-10 2.6604e-08 1.82337e-10 5.77001e-11 8.80122e-09 7.55284e-08 -1.83532e-10 1.14189e-07 9.67889e-11 -6.50533e-11 -9.79521e-08
852 1.14 200 0 7.25362e-08 1.4625e-10 2.1994e-08 1.82566e-10 6.19147e-11 1.28326e-08 7.95583e-08 -1.83643e-10 1.09708e-07 9.3313e-11 -6.73954e-11 -9.91567e-08
852 1.15 200 0 6.3449e-08 1.4848e-10 1.69455e-08 1.8549e-10 6.84053e-11 1.73121e-08 8.39798e-08 -1.86087e-10 1.05684e-07 9.01939e-11 -7.07891e-11 -1.00666e-07
852 1.16 200 0 5.42803e-08 1.51648e-10 1.13788e-08 1.89323e-10 7.44874e-11 2.23169e-08 8.88695e-08 -1.89819e-10 1.02043e-07 8.82345e-11 -7.4409e-11 -1.02513e-07
852 1.17 200 0 4.48702e-08 1.57952e-10 5.2002e-09 1.96473e-10 8.36227e-11 2.79356e-08 9.43192e-08 -1.9648e-10 9.87256e-08 8.64752e-11 -7.95336e-11 -1.04746e-07
852 1.18 200 0 3.50414e-08 1.65287e-10 -1.71399e-09 2.04854e-10 9.26402e-11 3.42895e-08 1.00446e-07 -2.04695e-10 9.56856e-08 8.58043e-11 -8.50959e-11 -1.07424e-07
852 1.19 200 0 2.45959e-08 1.75283e-10 -9.51857e-09 2.16053e-10 1.03773e-10 4.15291e-08 1.07397e-07 -2.15698e-10 9.28837e-08 8.56859e-11 -9.2024e-11 -1.10628e-07
852 1.2 200 0 1.32984e-08 1.90258e-10 -1.8413e-08 2.32522e-10 1.1988e-10 4.98486e-08 1.15361e-07 -2.31454e-10 9.0287e-08 8.57646e-11 -1.01501e-10 -1.14464e-07
852 1.21 200 0 8.47408e-10 2.08083e-10 -2.86685e-08 2.52133e-10 1.37801e-10 5.95157e-08 1.24592e-07 -2.50638e-10 8.78691e-08 8.68474e-11 -1.12622e-10 -1.19074e-07
852 1.22 200 0 -1.31407e-08 2.33825e-10 -4.06438e-08 2.80044e-10 1.63467e-10 7.08816e-08 1.35429e-07 -2.77462e-10 8.56062e-08 8.83204e-11 -1.27912e-10 -1.24652e-07
852 1.23 200 0 -2.91952e-08 2.6546e-10 -5.48462e-08 3.1439e-10 1.93865e-10 8.44464e-08 1.48347e-07 -3.10868e-10 8.34784e-08 9.10148e-11 -1.46611e-10 -1.31472e-07
852 1.24 200 0 -4.80498e-08 3.12007e-10 -7.19909e-08 3.64209e-10 2.38763e-10 1.00912e-07 1.64017e-07 -3.58748e-10 8.14662e-08 9.43805e-11 -1.73379e-10 -1.39922e-07
852 1.25 200 0 -7.07948e-08 3.7289e-10 -9.31514e-08 4.29367e-10 2.96434e-10 1.21337e-07 1.83445e-07 -4.21713e-10 7.95526e-08 9.95111e-11 -2.08314e-10 -1.50586e-07
852 1.26 200 0 -9.90968e-08 4.61442e-10 -1.19979e-07 5.23461e-10 3.80247e-10 1.47345e-07 2.08179e-07 -5.12342e-10 7.77187e-08 1.06505e-10 -2.58665e-10 -1.64362e-07
852 1.27 200 0 -1.35675e-07 6.01521e-10 -1.55178e-07 6.70729e-10 5.13633e-10 1.81598e-07 2.40755e-07 -6.53198e-10 7.5943e-08 1.15942e-10 -3.37181e-10 -1.82725e-07
852 1.28 200 0 -1.85314e-07 8.21123e-10 -2.03516e-07 9.00522e-10 7.22412e-10 2.28791e-07 2.85638e-07 -8.72976e-10 7.41974e-08 1.29996e-10 -4.60122e-10 -2.08273e-07
852 1.29 200 0 -2.57228e-07 1.22277e-09 -2.74188e-07 1.31684e-09 1.1068e-09 2.97973e-07 3.51446e-07 -1.26908e-09 7.24354e-08 1.51122e-10 -6.82907e-10 -2.46022e-07
852 1.3 200 0 -3.719e-07 2.02646e-09 -3.87642e-07 2.14438e-09 1.87859e-09 4.09276e-07 4.57335e-07 -2.05476e-09 7.05653e-08 1.86984e-10 -1.12759e-09 -3.07124e-07
852 1.31 200 0 -5.85649e-07 4.13639e-09 -6.00115e-07 4.29759e-09 3.91824e-09 6.18061e-07 6.56003e-07 -4.09049e-09 6.83456e-08 2.57434e-10 -2.28794e-09 -4.22256e-07
852 1.32 200 0 -1.13071e-06 1.29992e-08 -1.14354e-06 1.3265e-08 1.25403e-08 1.15265e-06 1.16475e-06 -1.25378e-08 6.48001e-08 4.55747e-10 -7.14093e-09 -7.17934e-07
852 1.33 200 0 -5.54061e-06 2.66199e-07 -5.54663e-06 2.66954e-07 2.60666e-07 5.48702e-06 5.28978e-06 -2.5051e-07 4.5105e-08 2.95366e-09 -1.45109e-07 -3.11899e-06
852 1.34 200 0 2.31292e-06 4.04494e-08 2.29735e-06 3.98891e-08 4.00944e-08 -2.2354e-06 -2.06014e-06 -3.71567e-08 7.67671e-08 -4.09642e-10 -2.18678e-08 1.1606e-06
852 1.35 200 0 1.02869e-06 7.03153e-09 1.01551e-06 6.82178e-09 7.03578e-09 -9.73908e-07 -8.59477e-07 -6.30571e-09 7.03101e-08 -1.9843e-10 -3.76544e-09 4.62043e-07
852 1.36 200 0 6.87935e-07 2.82101e-09 6.75904e-07 2.69577e-09 2.84125e-09 -6.39956e-07 -5.41691e-07 -2.47325e-09 6.78169e-08 -1.20843e-10 -1.49634e-09 2.77492e-07
852 1.37 200 0 5.29778e-07 1.50756e-09 5.18617e-07 1.4197e-09 1.52466e-09 -4.85481e-07 -3.94736e-07 -1.29264e-09 6.61236e-08 -8.20398e-11 -7.90929e-10 1.92389e-07
852 1.38 200 0 4.38194e-07 9.44464e-10 4.27778e-07 8.78057e-10 9.56444e-10 -3.96415e-07 -3.10043e-07 -7.94033e-10 6.47451e-08 -5.88291e-11 -4.90635e-10 1.43525e-07
852 1.39 200 0 3.78281e-07 6.50524e-10 3.68529e-07 5.9783e-10 6.58021e-10 -3.38445e-07 -2.54949e-07 -5.37292e-10 6.35333e-08 -4.34005e-11 -3.34529e-10 1.11883e-07
852 1.4 200 0 3.35913e-07 4.75028e-10 3.26767e-07 4.31626e-10 4.78764e-10 -2.97687e-07 -2.16241e-07 -3.85745e-10 6.24271e-08 -3.22333e-11 -2.41448e-10 8.97719e-08
852 1.41 200 0 3.04286e-07 3.65313e-10 2.95699e-07 3.28952e-10 3.65888e-10 -2.67452e-07 -1.87552e-07 -2.92816e-10 6.13962e-08 -2.38382e-11 -1.83867e-10 7.34852e-08
852 1.42 200 0 2.79714e-07 2.91286e-10 2.71645e-07 2.60276e-10 2.89141e-10 -2.44121e-07 -1.65436e-07 -2.31143e-10 6.04233e-08 -1.71595e-11 -1.45213e-10 6.10167e-08
852 1.43 200 0 2.60027e-07 2.38794e-10 2.52441e-07 2.11989e-10 2.34251e-10 -2.2556e-07 -1.47863e-07 -1.88188e-10 5.94975e-08 -1.16367e-11 -1.17889e-10 5.11852e-08
852 1.44 200 0 2.43865e-07 1.994e-10 2.36729e-07 1.75838e-10 1.92485e-10 -2.10436e-07 -1.33562e-07 -1.56495e-10 5.86114e-08 -6.66863e-12 -9.73484e-11 4.32514e-08
852 1.45 200 0 2.30331e-07 1.70346e-10 2.23617e-07 1.49578e-10 1.61174e-10 -1.97868e-07 -1.21697e-07 -1.33965e-10 5.77599e-08 -2.25545e-12 -8.24497e-11 3.67282e-08
852 1.46 200 0 2.18812e-07 1.47848e-10 2.12492e-07 1.29401e-10 1.36322e-10 -1.87253e-07 -1.11692e-07 -1.17189e-10 5.69386e-08 1.98856e-12 -7.09733e-11 3.12814e-08
852 1.47 200 0 2.08869e-07 1.30026e-10 2.02919e-07 1.13538e-10 1.15906e-10 -1.78166e-07 -1.03141e-07 -1.04638e-10 5.61442e-08 6.30494e-12 -6.19045e-11 2.66744e-08
852 1.48 200 0 2.00186e-07 1.15665e-10 1.94583e-07 1.00847e-10 9.84359e-11 -1.70294e-07 -9.57465e-08 -9.54749e-11 5.53735e-08 1.10675e-11 -5.46377e-11 2.27352e-08
852 1.49 200 0 1.92526e-07 1.03644e-10 1.87248e-07 9.01706e-11 8.21827e-11 -1.63407e-07 -8.9287e-08 -8.91128e-11 5.46231e-08 1.70493e-11 -4.84881e-11 1.93353e-08
852 1.5 200 0 1.85707e-07 9.39412e-11 1.80734e-07 8.1722e-11 6.66696e-11 -1.57331e-07 -8.35931e-08 -8.61482e-11 5.38892e-08 2.47994e-11 -4.36463e-11 1.63772e-08
852 1.51 200 0 1.7959e-07 8.57873e-11 1.74903e-07 7.46725e-11 4.90434e-11 -1.51934e-07 -7.85306e-08 -8.7519e-11 5.31642e-08 3.68463e-11 -3.96163e-11 1.37854e-08
852 1.52 200 0 1.74064e-07 7.88686e-11 1.69646e-07 6.87165e-11 2.31121e-11 -1.47123e-07 -7.39849e-08 -9.7798e-11 5.24295e-08 6.02524e-11 -3.62116e-11 1.15004e-08
852 1.53 200 0 1.69041e-07 7.2943e-11 1.64876e-07 6.36405e-11 -4.25645e-11 -1.42889e-07 -6.98117e-08 -1.42589e-10 5.15927e-08 1.32418e-10 -3.33177e-11 9.47507e-09
852 1.54 200 0 1.64451e-07 6.89923e-11 1.60522e-07 6.0213e-11 3.89797e-10 -1.32744e-07 -7.12532e-08 2.2126e-10 5.83477e-08 -3.88692e-10 -3.09115e-11 7.67208e-09
852 1.55 200 0 1.60234e-07 6.35092e-11 1.56526e-07 5.55921e-11 1.57001e-10 -1.34732e-07 -6.32852e-08 3.75544e-11 5.09914e-08 -1.17074e-10 -2.86238e-11 6.05766e-09
852 1.56 200 0 1.56344e-07 5.96194e-11 1.52843e-07 5.22941e-11 1.0733e-10 -1.31542e-07 -6.01436e-08 2.66613e-12 5.02242e-08 -6.17899e-11 -2.67532e-11 4.60888e-09
852 1.57 200 0 1.52739e-07 5.6234e-11 1.49433e-07 4.9487e-11 8.76005e-11 -1.28532e-07 -5.73273e-08 -8.32464e-12 4.9574e-08 -4.18244e-11 -2.51533e-11 3.30349e-09
852 1.58 200 0 1.49387e-07 5.31995e-11 1.46263e-07 4.69205e-11 7.62809e-11 -1.25733e-07 -5.47535e-08 -1.2876e-11 4.89644e-08 -3.15381e-11 -2.36976e-11 2.12387e-09
852 1.59 200 0 1.46259e-07 5.04999e-11 1.43304e-07 4.46357e-11 6.85004e-11 -1.23132e-07 -5.23849e-08 -1.50354e-11 4.83788e-08 -2.51164e-11 -2.23974e-11 1.05487e-09
852 1.6 200 0 1.43331e-07 4.8088e-11 1.40534e-07 4.25928e-11 6.26547e-11 -1.20708e-07 -5.01958e-08 -1.60524e-11 4.7811e-08 -2.06906e-11 -2.12417e-11 8.37474e-11
852 1.61 200 0 1.40581e-07 4.59378e-11 1.37933e-07 4.08006e-11 5.80101e-11 -1.18445e-07 -4.81655e-08 -1.65076e-11 4.72583e-08 -1.74165e-11 -2.02156e-11 -8.00473e-10
852 1.62 200 0 1.37992e-07 4.39794e-11 1.35482e-07 3.91286e-11 5.41811e-11 -1.16327e-07 -4.6277e-08 -1.65621e-11 4.67191e-08 -1.49e-11 -1.92732e-11 -1.60706e-09
852 1.63 200 0 1.35549e-07 4.22005e-11 1.33167e-07 3.76014e-11 5.09317e-11 -1.14338e-07 -4.45156e-08 -1.64133e-11 4.61923e-08 -1.28768e-11 -1.84023e-11 -2.34422e-09
852 1.64 200 0 1.33238e-07 4.06068e-11 1.30975e-07 3.62548e-11 4.81391e-11 -1.12467e-07 -4.28689e-08 -1.61867e-11 4.56768e-08 -1.1199e-11 -1.76466e-11 -3.01894e-09
852 1.65 200 0 1.31047e-07 3.91372e-11 1.28894e-07 3.49677e-11 4.56621e-11 -1.10702e-07 -4.1326e-08 -1.58564e-11 4.51723e-08 -9.75177e-12 -1.6909e-11 -3.63741e-09
852 1.66 200 0 1.28965e-07 3.77995e-11 1.26915e-07 3.38153e-11 4.34826e-11 -1.09033e-07 -3.98771e-08 -1.54951e-11 4.4678e-08 -8.52268e-12 -1.62536e-11 -4.20503e-09
852 1.67 200 0 1.26983e-07 3.65809e-11 1.25027e-07 3.27332e-11 4.1513e-11 -1.07453e-07 -3.85141e-08 -1.51034e-11 4.41934e-08 -7.40469e-12 -1.56206e-11 -4.72651e-09
852 1.68 200 0 1.25093e-07 3.54559e-11 1.23225e-07 3.1716e-11 3.97181e-11 -1.05953e-07 -3.72294e-08 -1.46906e-11 4.37182e-08 -6.39119e-12 -1.50123e-11 -5.20607e-09
852 1.69 200 0 1.23289e-07 3.44198e-11 1.215e-07 3.07567e-11 3.80705e-11 -1.04527e-07 -3.60165e-08 -1.42664e-11 4.3252e-08 -5.45148e-12 -1.4428e-11 -5.64742e-09
852 1.7 200 0 1.21562e-07 3.34626e-11 1.19847e-07 2.98454e-11 3.65431e-11 -1.03169e-07 -3.48696e-08 -1.3834e-11 4.27945e-08 -4.56459e-12 -1.38557e-11 -6.05388e-09
852 1.71 200 0 1.19908e-07 3.25794e-11 1.18259e-07 2.8974e-11 3.51092e-11 -1.01873e-07 -3.37833e-08 -1.34001e-11 4.23452e-08 -3.70135e-12 -1.32876e-11 -6.42839e-09
852 1.72 200 0 1.1832e-07 3.17624e-11 1.16733e-07 2.81337e-11 3.37504e-11 -1.00634e-07 -3.2753e-08 -1.29636e-11 4.19038e-08 -2.8502e-12 -1.27083e-11 -6.77361e-09
852 1.73 200 0 1.16795e-07 3.10101e-11 1.15263e-07 2.73178e-11 3.24463e-11 -9.94481e-08 -3.17745e-08 -1.25283e-11 4.14703e-08 -1.99004e-12 -1.21024e-11 -7.09193e-09
852 1.74 200 0 1.15328e-07 3.03221e-11 1.13845e-07 2.65284e-11 3.11927e-11 -9.83114e-08 -3.08439e-08 -1.20988e-11 4.10441e-08 -1.1211e-12 -1.14643e-11 -7.3855e-09
852 1.75 200 0 1.13915e-07 2.96905e-11 1.12476e-07 2.57479e-11 2.99749e-11 -9.72201e-08 -2.99579e-08 -1.16733e-11 4.06252e-08 -2.27296e-13 -1.07793e-11 -7.65627e-09
852 1.76 200 0 1.12553e-07 2.91203e-11 1.11153e-07 2.49928e-11 2.88025e-11 -9.61711e-08 -2.91132e-08 -1.12704e-11 4.02134e-08 6.73016e-13 -1.00553e-11 -7.90601e-09
852 1.77 200 0 1.11238e-07 2.86236e-11 1.09872e-07 2.42551e-11 2.76882e-11 -9.51613e-08 -2.83072e-08 -1.08875e-11 3.98085e-08 1.57962e-12 -9.26358e-12 -8.13635e-09
852 1.78 200 0 1.09967e-07 2.82327e-11 1.08631e-07 2.35533e-11 2.67259e-11 -9.4188e-08 -2.75373e-08 -1.05216e-11 3.94105e-08 2.4196e-12 -8.39347e-12 -8.3488e-09
852 1.79 200 0 1.08739e-07 2.70179e-11 1.07428e-07 2.34982e-11 2.53565e-11 -9.32481e-08 -2.68037e-08 -1.20673e-11 3.90205e-08 2.70173e-12 -8.85872e-12 -8.54364e-09
852 1.8 200 0 1.07549e-07 2.61534e-11 1.0626e-07 2.32187e-11 2.43032e-11 -9.23406e-08 -2.61006e-08 -1.25884e-11 3.86357e-08 3.05039e-12 -8.96975e-12 -8.72313e-09
852 1.81 200 0 1.06396e-07 2.5371e-11 1.05124e-07 2.28119e-11 2.33768e-11 -9.14633e-08 -2.54267e-08 -1.27155e-11 3.82565e-08 3.34243e-12 -8.84308e-12 -8.88826e-09
852 1.82 200 0 1.05277e-07 2.46478e-11 1.0402e-07 2.23316e-11 2.25505e-11 -9.06142e-08 -2.47802e-08 -1.25938e-11 3.78829e-08 3.57901e-12 -8.56417e-12 -9.04004e-09
852 1.83 200 0 1.04192e-07 2.39433e-11 1.02944e-07 2.18344e-11 2.1783e-11 -8.97915e-08 -2.41597e-08 -1.23843e-11 3.75149e-08 3.75667e-12 -8.24629e-12 -9.17927e-09
852 1.84 200 0 1.03137e-07 2.32607e-11 1.01897e-07 2.13268e-11 2.10671e-11 -8.89937e-08 -2.35637e-08 -1.21027e-11 3.71523e-08 3.88865e-12 -7.89477e-12 -9.30681e-09
852 1.85 200 0 1.02112e-07 2.26114e-11 1.00875e-07 2.0822e-11 2.041e-11 -8.82193e-08 -2.29908e-08 -1.17692e-11 3.67949e-08 3.97972e-12 -7.51769e-12 -9.42343e-09
852 1.86 200 0 1.01115e-07 2.2e-11 9.98784e-08 2.03265e-11 1.98086e-11 -8.7467e-08 -2.24397e-08 -1.13968e-11 3.64428e-08 4.03758e-12 -7.12011e-12 -9.52985e-09
852 1.87 200 0 1.00144e-07 2.14398e-11 9.89051e-08 1.98502e-11 1.9269e-11 -8.67355e-08 -2.19093e-08 -1.10065e-11 3.60956e-08 4.0631e-12 -6.71099e-12 -9.62672e-09
852 1.88 200 0 9.91981e-08 2.09637e-11 9.79541e-08 1.93972e-11 1.88097e-11 -8.60236e-08 -2.13983e-08 -1.06043e-11 3.57534e-08 4.063e-12 -6.28578e-12 -9.71466e-09
852 1.89 200 0 9.82762e-08 2.05982e-11 9.70243e-08 1.8957e-11 1.84474e-11 -8.53303e-08 -2.09059e-08 -1.02064e-11 3.5416e-08 4.03744e-12 -5.85612e-12 -9.79423e-09
852 1.9 200 0 9.7377e-08 2.02164e-11 9.61147e-08 1.8543e-11 1.80992e-11 -8.46547e-08 -2.0431e-08 -9.8176e-12 3.50832e-08 4.00528e-12 -5.49406e-12 -9.86585e-09
852 1.91 200 0 9.64995e-08 1.98268e-11 9.52243e-08 1.81514e-11 1.77523e-11 -8.39957e-08 -1.99728e-08 -9.44027e-12 3.4755e-08 3.973e-12 -5.15444e-12 -9.93007e-09
852 1.92 200 0 9.56425e-08 1.94559e-11 9.43523e-08 1.7772e-11 1.7423e-11 -8.33526e-08 -1.95303e-08 -9.07231e-12 3.44313e-08 3.93815e-12 -4.8189e-12 -9.98737e-09
852 1.93 200 0 9.48053e-08 1.91025e-11 9.34978e-08 1.74034e-11 1.71104e-11 -8.27244e-08 -1.91028e-08 -8.71182e-12 3.41119e-08 3.90027e-12 -4.48603e-12 -1.00382e-08
852 1.94 200 0 9.39869e-08 1.87655e-11 9.266e-08 1.70444e-11 1.68137e-11 -8.21105e-08 -1.86896e-08 -8.35686e-12 3.37967e-08 3.8589e-12 -4.15417e-12 -1.00828e-08
852 1.95 200 0 9.31864e-08 1.84441e-11 9.18382e-08 1.66935e-11 1.65324e-11 -8.15102e-08 -1.829e-08 -8.00532e-12 3.34857e-08 3.81354e-12 -3.8212e-12 -1.01217e-08
852 1.96 200 0 9.24031e-08 1.81376e-11 9.10317e-08 1.63492e-11 1.62659e-11 -8.09227e-08 -1.79033e-08 -7.65455e-12 3.31788e-08 3.76348e-12 -3.48414e-12 -1.01552e-08
852 1.97 200 0 9.16362e-08 1.78454e-11 9.02399e-08 1.60091e-11 1.60142e-11 -8.03476e-08 -1.75289e-08 -7.30077e-12 3.28758e-08 3.70764e-12 -3.13836e-12 -1.01836e-08
852 1.98 200 0 9.08851e-08 1.75675e-11 8.94622e-08 1.56697e-11 1.57775e-11 -7.97841e-08 -1.71662e-08 -6.93752e-12 3.25767e-08 3.6439e-12 -2.77549e-12 -1.02073e-08
852 1.99 200 0 9.01491e-08 1.73047e-11 8.8698e-08 1.5323e-11 1.55581e-11 -7.92319e-08 -1.68148e-08 -6.54993e-12 3.22814e-08 3.56705e-12 -2.37557e-12 -1.02264e-08
852 2 200 0 8.94276e-08 1.70772e-11 8.79468e-08 1.4894e-11 1.53876e-11 -7.86903e-08 -1.64742e-08 -5.99534e-12 3.19899e-08 3.42258e-12 -1.74282e-12 -1.02412e-08
