852 0 350 0 -1.99336e-08 -1.54259e-08 4.19686e-08 1.12428e-08 0 0 0 0 0 0 4.94034e-08 5.61192e-09
852 0.01 350 0 -1.99437e-08 -1.542e-08 4.19706e-08 1.12286e-08 4.08967e-10 1.86908e-11 -1.84303e-10 -9.92174e-11 -5.3214e-10 -2.58328e-10 4.94043e-08 5.59414e-09
852 0.02 350 0 -1.99738e-08 -1.54022e-08 4.19763e-08 1.11863e-08 8.17507e-10 3.64415e-11 -3.69091e-10 -1.98313e-10 -1.06465e-09 -5.15523e-10 4.94068e-08 5.54079e-09
852 0.03 350 0 -2.00239e-08 -1.53724e-08 4.19858e-08 1.11157e-08 1.22519e-09 5.23147e-11 -5.54851e-10 -2.97163e-10 -1.59789e-09 -7.70452e-10 4.94108e-08 5.45181e-09
852 0.04 350 0 -2.0094e-08 -1.53304e-08 4.1999e-08 1.10168e-08 1.63157e-09 6.53759e-11 -7.4207e-10 -3.95638e-10 -2.13221e-09 -1.02198e-09 4.94161e-08 5.32718e-09
852 0.05 350 0 -2.01839e-08 -1.52747e-08 4.20156e-08 1.08894e-08 2.03621e-09 7.47397e-11 -9.31255e-10 -4.9355e-10 -2.66796e-09 -1.26896e-09 4.94224e-08 5.167e-09
852 0.06 350 0 -2.02934e-08 -1.52074e-08 4.20353e-08 1.07337e-08 2.43862e-09 7.94237e-11 -1.12287e-09 -5.90836e-10 -3.20545e-09 -1.51023e-09 4.94292e-08 4.97072e-09
852 0.07 350 0 -2.04224e-08 -1.51269e-08 4.20579e-08 1.05497e-08 2.83832e-09 7.85548e-11 -1.31741e-09 -6.87297e-10 -3.74498e-09 -1.74465e-09 4.9436e-08 4.73846e-09
852 0.08 350 0 -2.05707e-08 -1.50327e-08 4.20829e-08 1.0337e-08 3.2348e-09 7.12563e-11 -1.51538e-09 -7.82742e-10 -4.28682e-09 -1.97103e-09 4.94421e-08 4.47002e-09
852 0.09 350 0 -2.07381e-08 -1.4924e-08 4.21093e-08 1.00954e-08 3.62743e-09 5.66755e-11 -1.71725e-09 -8.76961e-10 -4.8312e-09 -2.18817e-09 4.94474e-08 4.16539e-09
852 0.1 350 0 -2.09238e-08 -1.48004e-08 4.2138e-08 9.82532e-09 4.0158e-09 3.39437e-11 -1.92357e-09 -9.69749e-10 -5.3783e-09 -2.39492e-09 4.945e-08 3.82414e-09
852 0.11 350 0 -2.11277e-08 -1.46597e-08 4.21678e-08 9.52605e-09 4.39925e-09 2.34113e-12 -2.13487e-09 -1.06073e-09 -5.92831e-09 -2.59005e-09 4.94494e-08 3.44642e-09
852 0.12 350 0 -2.13493e-08 -1.45039e-08 4.21978e-08 9.19804e-09 4.77709e-09 -3.90747e-11 -2.35156e-09 -1.14983e-09 -6.48128e-09 -2.77233e-09 4.94446e-08 3.03165e-09
852 0.13 350 0 -2.15882e-08 -1.43307e-08 4.22275e-08 8.84091e-09 5.14866e-09 -9.09781e-11 -2.57419e-09 -1.23664e-09 -7.03727e-09 -2.94052e-09 4.94344e-08 2.57983e-09
852 0.14 350 0 -2.18437e-08 -1.41392e-08 4.22563e-08 8.4545e-09 5.51322e-09 -1.54076e-10 -2.80328e-09 -1.32078e-09 -7.59626e-09 -3.09337e-09 4.94175e-08 2.09081e-09
852 0.15 350 0 -2.21153e-08 -1.3927e-08 4.22827e-08 8.03809e-09 5.86989e-09 -2.28887e-10 -3.03933e-09 -1.40171e-09 -8.15819e-09 -3.22958e-09 4.93934e-08 1.5648e-09
852 0.16 350 0 -2.24019e-08 -1.36957e-08 4.23068e-08 7.59277e-09 6.21805e-09 -3.16276e-10 -3.28281e-09 -1.47927e-09 -8.72283e-09 -3.34792e-09 4.93589e-08 1.00081e-09
852 0.17 350 0 -2.27029e-08 -1.3443e-08 4.23273e-08 7.11778e-09 6.55673e-09 -4.16698e-10 -3.53425e-09 -1.55283e-09 -9.28998e-09 -3.44709e-09 4.93133e-08 3.9921e-10
852 0.18 350 0 -2.30172e-08 -1.31663e-08 4.23433e-08 6.61265e-09 6.88505e-09 -5.30508e-10 -3.79419e-09 -1.62167e-09 -9.85934e-09 -3.52578e-09 4.92547e-08 -2.39874e-10
852 0.19 350 0 -2.33442e-08 -1.28669e-08 4.23527e-08 6.0778e-09 7.20175e-09 -6.58337e-10 -4.06293e-09 -1.6855e-09 -1.04304e-08 -3.58262e-09 4.91819e-08 -9.1674e-10
852 0.2 350 0 -2.36819e-08 -1.25412e-08 4.23559e-08 5.51289e-09 7.50627e-09 -8.00323e-10 -4.34115e-09 -1.7433e-09 -1.10027e-08 -3.61643e-09 4.90915e-08 -1.63128e-09
852 0.21 350 0 -2.40317e-08 -1.21913e-08 4.235e-08 4.91803e-09 7.797e-09 -9.57326e-10 -4.62911e-09 -1.79485e-09 -1.15759e-08 -3.62573e-09 4.89824e-08 -2.38362e-09
852 0.22 350 0 -2.43881e-08 -1.18126e-08 4.23347e-08 4.29324e-09 8.0731e-09 -1.12871e-09 -4.92725e-09 -1.83889e-09 -1.21485e-08 -3.60936e-09 4.88522e-08 -3.17322e-09
852 0.23 350 0 -2.4751e-08 -1.14036e-08 4.23092e-08 3.63824e-09 8.33369e-09 -1.31471e-09 -5.23612e-09 -1.87442e-09 -1.27202e-08 -3.56609e-09 4.86973e-08 -3.99997e-09
852 0.24 350 0 -2.51191e-08 -1.09657e-08 4.2271e-08 2.95369e-09 8.57719e-09 -1.51571e-09 -5.55588e-09 -1.90101e-09 -1.32898e-08 -3.49457e-09 4.8516e-08 -4.86344e-09
852 0.25 350 0 -2.54904e-08 -1.04947e-08 4.22184e-08 2.23852e-09 8.80225e-09 -1.73105e-09 -5.8869e-09 -1.917e-09 -1.38562e-08 -3.39354e-09 4.83063e-08 -5.76286e-09
852 0.26 350 0 -2.58627e-08 -9.99101e-09 4.21507e-08 1.49382e-09 9.00801e-09 -1.96078e-09 -6.22948e-09 -1.92161e-09 -1.44181e-08 -3.26192e-09 4.80638e-08 -6.69784e-09
852 0.27 350 0 -2.62339e-08 -9.45437e-09 4.20653e-08 7.19983e-10 9.19281e-09 -2.20464e-09 -6.58361e-09 -1.91388e-09 -1.49741e-08 -3.09852e-09 4.77861e-08 -7.66759e-09
852 0.28 350 0 -2.66016e-08 -8.88097e-09 4.19601e-08 -8.39062e-11 9.35519e-09 -2.46158e-09 -6.94955e-09 -1.89184e-09 -1.55226e-08 -2.90218e-09 4.74709e-08 -8.67078e-09
852 0.29 350 0 -2.6963e-08 -8.27245e-09 4.18341e-08 -9.16059e-10 9.4942e-09 -2.73148e-09 -7.32723e-09 -1.85481e-09 -1.60618e-08 -2.67205e-09 4.71133e-08 -9.70656e-09
852 0.3 350 0 -2.73152e-08 -7.62524e-09 4.16842e-08 -1.77755e-09 9.60813e-09 -3.01289e-09 -7.7166e-09 -1.80055e-09 -1.65899e-08 -2.40711e-09 4.67116e-08 -1.0773e-08
852 0.31 350 0 -2.76552e-08 -6.9399e-09 4.15095e-08 -2.66689e-09 9.69615e-09 -3.30521e-09 -8.11756e-09 -1.72792e-09 -1.71049e-08 -2.10666e-09 4.62609e-08 -1.18686e-08
852 0.32 350 0 -2.79799e-08 -6.21539e-09 4.13063e-08 -3.58394e-09 9.75636e-09 -3.60701e-09 -8.52955e-09 -1.63508e-09 -1.76043e-08 -1.76992e-09 4.57586e-08 -1.29913e-08
852 0.33 350 0 -2.82857e-08 -5.45238e-09 4.10735e-08 -4.52686e-09 9.78797e-09 -3.91732e-09 -8.95215e-09 -1.52077e-09 -1.80859e-08 -1.39646e-09 4.51997e-08 -1.41391e-08
852 0.34 350 0 -2.85689e-08 -4.64827e-09 4.08078e-08 -5.49646e-09 9.78948e-09 -4.23396e-09 -9.38476e-09 -1.38226e-09 -1.85471e-08 -9.85818e-10 4.4582e-08 -1.53089e-08
852 0.35 350 0 -2.88253e-08 -3.80427e-09 4.05075e-08 -6.49064e-09 9.76029e-09 -4.55562e-09 -9.82661e-09 -1.21815e-09 -1.89852e-08 -5.37926e-10 4.39002e-08 -1.64979e-08
852 0.36 350 0 -2.90512e-08 -2.9203e-09 4.0169e-08 -7.5087e-09 9.69875e-09 -4.88022e-09 -1.02764e-08 -1.02637e-09 -1.93973e-08 -5.26784e-11 4.31517e-08 -1.77026e-08
852 0.37 350 0 -2.92422e-08 -1.99693e-09 3.979e-08 -8.54908e-09 9.60434e-09 -5.20566e-09 -1.0733e-08 -8.04856e-10 -1.97803e-08 4.69577e-10 4.23319e-08 -1.89192e-08
852 0.38 350 0 -2.93937e-08 -1.035e-09 3.93684e-08 -9.60992e-09 9.47668e-09 -5.52982e-09 -1.1195e-08 -5.51675e-10 -2.01311e-08 1.02833e-09 4.14365e-08 -2.01436e-08
852 0.39 350 0 -2.95037e-08 -3.6411e-11 3.8899e-08 -1.06895e-08 9.31361e-09 -5.85054e-09 -1.16603e-08 -2.65133e-10 -2.04468e-08 1.62324e-09 4.04631e-08 -2.13714e-08
852 0.4 350 0 -2.95623e-08 9.9904e-10 3.83816e-08 -1.17865e-08 9.11694e-09 -6.16418e-09 -1.2127e-08 5.78744e-11 -2.07232e-08 2.25244e-09 3.94069e-08 -2.25965e-08
852 0.41 350 0 -2.9567e-08 2.06837e-09 3.78119e-08 -1.28982e-08 8.88574e-09 -6.46847e-09 -1.25927e-08 4.18903e-10 -2.09571e-08 2.91484e-09 3.82646e-08 -2.38136e-08
852 0.42 350 0 -2.95123e-08 3.16965e-09 3.71879e-08 -1.40226e-08 8.62078e-09 -6.76051e-09 -1.30548e-08 8.20279e-10 -2.11453e-08 3.60868e-09 3.70324e-08 -2.50163e-08
852 0.43 350 0 -2.93961e-08 4.30035e-09 3.64967e-08 -1.51558e-08 8.31664e-09 -7.03646e-09 -1.35084e-08 1.2641e-09 -2.12811e-08 4.33312e-09 3.5703e-08 -2.61991e-08
852 0.44 350 0 -2.92125e-08 5.45761e-09 3.57396e-08 -1.62937e-08 7.97652e-09 -7.29316e-09 -1.39509e-08 1.75144e-09 -2.13623e-08 5.0852e-09 3.42752e-08 -2.7353e-08
852 0.45 350 0 -2.89534e-08 6.63451e-09 3.4923e-08 -1.74334e-08 7.60711e-09 -7.52831e-09 -1.43797e-08 2.28312e-09 -2.13882e-08 5.86005e-09 3.27528e-08 -2.84691e-08
852 0.46 350 0 -2.86149e-08 7.82712e-09 3.40395e-08 -1.85712e-08 7.20748e-09 -7.7384e-09 -1.479e-08 2.86084e-09 -2.13539e-08 6.65498e-09 3.11315e-08 -2.95392e-08
852 0.47 350 0 -2.81928e-08 9.03048e-09 3.3085e-08 -1.97026e-08 6.77874e-09 -7.92009e-09 -1.51769e-08 3.48565e-09 -2.12557e-08 7.46644e-09 2.94089e-08 -3.05544e-08
852 0.48 350 0 -2.76813e-08 1.02387e-08 3.20572e-08 -2.08238e-08 6.32423e-09 -8.0701e-09 -1.55356e-08 4.15884e-09 -2.10907e-08 8.28983e-09 2.7585e-08 -3.15047e-08
852 0.49 350 0 -2.70776e-08 1.14438e-08 3.09524e-08 -2.19279e-08 5.84531e-09 -8.18577e-09 -1.58603e-08 4.87926e-09 -2.08554e-08 9.12035e-09 2.5659e-08 -3.23798e-08
852 0.5 350 0 -2.63772e-08 1.26393e-08 2.97676e-08 -2.30097e-08 5.34524e-09 -8.26382e-09 -1.61451e-08 5.64726e-09 -2.05469e-08 9.95291e-09 2.36315e-08 -3.31688e-08
852 0.51 350 0 -2.5578e-08 1.38181e-08 2.84992e-08 -2.40638e-08 4.82674e-09 -8.3016e-09 -1.6384e-08 6.46251e-09 -2.01631e-08 1.07824e-08 2.15041e-08 -3.38606e-08
852 0.52 350 0 -2.4674e-08 1.49687e-08 2.71465e-08 -2.50816e-08 4.29525e-09 -8.2968e-09 -1.657e-08 7.32203e-09 -1.97009e-08 1.16009e-08 1.92791e-08 -3.4442e-08
852 0.53 350 0 -2.36635e-08 1.60828e-08 2.57072e-08 -2.60575e-08 3.75527e-09 -8.24753e-09 -1.66964e-08 8.22472e-09 -1.91594e-08 1.24024e-08 1.69609e-08 -3.4901e-08
852 0.54 350 0 -2.25463e-08 1.71502e-08 2.41771e-08 -2.69814e-08 3.20895e-09 -8.1514e-09 -1.67556e-08 9.16629e-09 -1.85362e-08 1.31797e-08 1.45533e-08 -3.52248e-08
852 0.55 350 0 -2.132e-08 1.81597e-08 2.25576e-08 -2.78459e-08 2.66406e-09 -8.0081e-09 -1.67409e-08 1.01433e-08 -1.78315e-08 1.3925e-08 1.20626e-08 -3.54001e-08
852 0.56 350 0 -1.99855e-08 1.91002e-08 2.08453e-08 -2.86401e-08 2.12374e-09 -7.8161e-09 -1.66443e-08 1.11501e-08 -1.7044e-08 1.46304e-08 9.49542e-09 -3.54131e-08
852 0.57 350 0 -1.85431e-08 1.99587e-08 1.90406e-08 -2.93546e-08 1.59437e-09 -7.57581e-09 -1.64583e-08 1.21803e-08 -1.6175e-08 1.52867e-08 6.86215e-09 -3.52503e-08
852 0.58 350 0 -1.69958e-08 2.07228e-08 1.71437e-08 -2.99758e-08 1.08084e-09 -7.28718e-09 -1.61759e-08 1.32252e-08 -1.52244e-08 1.58852e-08 4.17127e-09 -3.48975e-08
852 0.59 350 0 -1.53451e-08 2.13792e-08 1.51552e-08 -3.04944e-08 5.89914e-10 -6.95179e-09 -1.57893e-08 1.42773e-08 -1.4195e-08 1.64164e-08 1.43662e-09 -3.43412e-08
852 0.6 350 0 -1.35978e-08 2.19155e-08 1.30764e-08 -3.08948e-08 1.25374e-10 -6.57052e-09 -1.52925e-08 1.53252e-08 -1.30883e-08 1.68713e-08 -1.32979e-09 -3.35678e-08
852 0.61 350 0 -1.17555e-08 2.23149e-08 1.09116e-08 -3.11652e-08 -3.03818e-10 -6.14738e-09 -1.46784e-08 1.63574e-08 -1.19085e-08 1.72381e-08 -4.11002e-09 -3.2563e-08
852 0.62 350 0 -9.82819e-09 2.25641e-08 8.66411e-09 -3.12877e-08 -6.9464e-10 -5.68441e-09 -1.39422e-08 1.73585e-08 -1.06593e-08 1.75067e-08 -6.88738e-09 -3.13139e-08
852 0.63 350 0 -7.82398e-09 2.26478e-08 6.33994e-09 -3.1247e-08 -1.04089e-09 -5.18617e-09 -1.30794e-08 1.83137e-08 -9.34648e-09 1.76663e-08 -9.6414e-09 -2.98081e-08
852 0.64 350 0 -5.75302e-09 2.25508e-08 3.94682e-09 -3.10259e-08 -1.33711e-09 -4.65782e-09 -1.20869e-08 1.92053e-08 -7.97664e-09 1.77055e-08 -1.23495e-08 -2.8034e-08
852 0.65 350 0 -3.62681e-09 2.22579e-08 1.49335e-09 -3.06052e-08 -1.57956e-09 -4.10456e-09 -1.0963e-08 2.00141e-08 -6.55649e-09 1.76128e-08 -1.49873e-08 -2.59798e-08
852 0.66 350 0 -1.46038e-09 2.17519e-08 -1.00826e-09 -2.99648e-08 -1.76418e-09 -3.53381e-09 -9.70821e-09 2.07178e-08 -5.09584e-09 1.73753e-08 -1.75266e-08 -2.36358e-08
852 0.67 350 0 7.29326e-10 2.1017e-08 -3.54334e-09 -2.90837e-08 -1.88784e-09 -2.9521e-09 -8.32585e-09 2.12925e-08 -3.60565e-09 1.69803e-08 -1.99367e-08 -2.09946e-08
852 0.68 350 0 2.92317e-09 2.00387e-08 -6.09517e-09 -2.79395e-08 -1.94906e-09 -2.3663e-09 -6.8213e-09 2.17132e-08 -2.09779e-09 1.64158e-08 -2.21849e-08 -1.80502e-08
852 0.69 350 0 5.10182e-09 1.87989e-08 -8.64059e-09 -2.651e-08 -1.94421e-09 -1.7864e-09 -5.20401e-09 2.19517e-08 -5.87113e-10 1.56672e-08 -2.42331e-08 -1.47981e-08
852 0.7 350 0 7.23907e-09 1.72853e-08 -1.11516e-08 -2.47693e-08 -1.87321e-09 -1.21693e-09 -3.49049e-09 2.19778e-08 9.10275e-10 1.47223e-08 -2.60417e-08 -1.12381e-08
852 0.71 350 0 9.3076e-09 1.54812e-08 -1.35975e-08 -2.26937e-08 -1.73666e-09 -6.68749e-10 -1.69819e-09 2.17605e-08 2.37447e-09 1.35665e-08 -2.75661e-08 -7.37212e-09
852 0.72 350 0 1.12754e-08 1.33706e-08 -1.59395e-08 -2.0257e-08 -1.53606e-09 -1.51238e-10 1.47359e-10 2.12657e-08 3.78327e-09 1.21852e-08 -2.87588e-08 -3.2056e-09
852 0.73 350 0 1.31058e-08 1.09403e-08 -1.81304e-08 -1.74345e-08 -1.27354e-09 3.27415e-10 2.01252e-09 2.0459e-08 5.10985e-09 1.0564e-08 -2.95672e-08 1.24966e-09
852 0.74 350 0 1.47565e-08 8.17844e-09 -2.01157e-08 -1.42021e-08 -9.54431e-10 7.59409e-10 3.85629e-09 1.93058e-08 6.32349e-09 8.68923e-09 -2.99344e-08 5.9763e-09
852 0.75 350 0 1.61799e-08 5.07085e-09 -2.18261e-08 -1.05385e-08 -5.80859e-10 1.13386e-09 5.62415e-09 1.77701e-08 7.38654e-09 6.54565e-09 -2.97984e-08 1.09498e-08
852 0.76 350 0 1.73199e-08 1.60871e-09 -2.31843e-08 -6.42673e-09 -1.61159e-10 1.44175e-09 7.25291e-09 1.58197e-08 8.25552e-09 4.12052e-09 -2.90933e-08 1.6136e-08
852 0.77 350 0 1.81115e-08 -2.2121e-09 -2.4095e-08 -1.85596e-09 2.98038e-10 1.67653e-09 8.66156e-09 1.34256e-08 8.87839e-09 1.40345e-09 -2.77483e-08 2.14887e-08
852 0.78 350 0 1.84799e-08 -6.39128e-09 -2.44463e-08 3.17446e-09 7.87777e-10 1.83122e-09 9.75231e-09 1.05661e-08 9.19378e-09 -1.61289e-09 -2.56889e-08 2.69487e-08
852 0.79 350 0 1.83388e-08 -1.09212e-08 -2.41072e-08 8.64955e-09 1.29735e-09 1.89825e-09 1.04079e-08 7.23075e-09 9.12837e-09 -4.93028e-09 -2.28373e-08 3.24386e-08
852 0.8 350 0 1.75863e-08 -1.57817e-08 -2.29248e-08 1.45339e-08 1.81688e-09 1.87452e-09 1.04884e-08 3.42648e-09 8.59539e-09 -8.54253e-09 -1.91173e-08 3.78603e-08
852 0.81 350 0 1.61077e-08 -2.09406e-08 -2.07219e-08 2.07589e-08 2.33355e-09 1.75093e-09 9.82648e-09 -8.15119e-10 7.4913e-09 -1.24306e-08 -1.4452e-08 4.30896e-08
852 0.82 350 0 1.37687e-08 -2.63398e-08 -1.72995e-08 2.72161e-08 2.83722e-09 1.52773e-09 8.23073e-09 -5.42472e-09 5.69579e-09 -1.65578e-08 -8.7757e-09 4.79728e-08
852 0.83 350 0 1.04209e-08 -3.18942e-08 -1.2439e-08 3.37389e-08 3.31037e-09 1.19941e-09 5.48518e-09 -1.02837e-08 3.06996e-09 -2.08604e-08 -2.03557e-09 5.23194e-08
852 0.84 350 0 5.89613e-09 -3.74795e-08 -5.90926e-09 4.00854e-08 3.7399e-09 7.67219e-10 1.35437e-09 -1.5205e-08 -5.44623e-10 -2.52417e-08 5.79188e-09 5.59018e-08
852 0.85 350 0 6.30598e-12 -4.29454e-08 2.46021e-09 4.5813e-08 4.06896e-09 2.47811e-10 -4.36292e-09 -1.98126e-08 -5.31653e-09 -2.95676e-08 1.4682e-08 5.84789e-08
852 0.86 350 0 -7.40369e-09 -4.79742e-08 1.29264e-08 5.05667e-08 4.35987e-09 -3.83699e-10 -1.19363e-08 -2.37928e-08 -1.14277e-08 -3.35917e-08 2.45834e-08 5.9707e-08
852 0.87 350 0 -1.65129e-08 -5.22654e-08 2.56013e-08 5.37437e-08 4.58273e-09 -1.11673e-09 -2.15191e-08 -2.66213e-08 -1.90628e-08 -3.70444e-08 3.53319e-08 5.92472e-08
852 0.88 350 0 -2.74626e-08 -5.53969e-08 4.04788e-08 5.4579e-08 4.72386e-09 -1.95556e-09 -3.31711e-08 -2.76039e-08 -2.83884e-08 -3.95415e-08 4.66605e-08 5.67393e-08
852 0.89 350 0 -4.03549e-08 -5.68448e-08 5.73404e-08 5.21535e-08 4.7444e-09 -2.92072e-09 -4.67697e-08 -2.58873e-08 -3.95408e-08 -4.05841e-08 5.81678e-08 5.1837e-08
852 0.9 350 0 -5.52034e-08 -5.59271e-08 7.56507e-08 4.53805e-08 4.57435e-09 -4.03333e-09 -6.1907e-08 -2.04231e-08 -5.25662e-08 -3.95098e-08 6.9291e-08 4.42656e-08
852 0.91 350 0 -7.18654e-08 -5.18039e-08 9.44307e-08 3.31467e-08 4.20522e-09 -5.29753e-09 -7.7743e-08 -1.01017e-08 -6.7384e-08 -3.55077e-08 7.93044e-08 3.38836e-08
852 0.92 350 0 -9.00515e-08 -4.34825e-08 1.12139e-07 1.44418e-08 3.57717e-09 -6.74165e-09 -9.28886e-08 6.12221e-09 -8.37667e-08 -2.75832e-08 8.73556e-08 2.07629e-08
852 0.93 350 0 -1.09288e-07 -2.97387e-08 1.26579e-07 -1.14186e-08 2.58841e-09 -8.41251e-09 -1.05295e-07 2.9018e-08 -1.01299e-07 -1.44837e-08 9.25294e-08 5.26397e-09
852 0.94 350 0 -1.28892e-07 -8.90503e-09 1.34854e-07 -4.44703e-08 1.05776e-09 -1.03795e-08 -1.12184e-07 5.87513e-08 -1.19337e-07 5.51173e-09 9.39539e-08 -1.19147e-08
852 0.95 350 0 -1.47819e-07 2.17164e-08 1.33403e-07 -8.36451e-08 -1.38038e-09 -1.27369e-08 -1.10063e-07 9.44081e-08 -1.36836e-07 3.51776e-08 9.09292e-08 -2.97388e-08
852 0.96 350 0 -1.63837e-07 6.75356e-08 1.18195e-07 -1.25951e-07 -5.5259e-09 -1.55515e-08 -9.4921e-08 1.33118e-07 -1.51486e-07 7.99977e-08 8.30327e-08 -4.68936e-08
852 0.97 350 0 -1.68738e-07 1.4131e-07 8.60142e-08 -1.64592e-07 -1.34268e-08 -1.84242e-08 -6.36101e-08 1.68078e-07 -1.54863e-07 1.52744e-07 7.01392e-08 -6.18492e-08
852 0.98 350 0 -1.16943e-07 2.69092e-07 4.46965e-08 -1.86742e-07 -3.04603e-08 -1.66517e-08 -2.46613e-08 1.86315e-07 -1.00875e-07 2.79091e-07 5.23244e-08 -7.26333e-08
852 0.99 350 0 1.69476e-07 3.12899e-07 3.86822e-08 -2.4788e-07 -4.6304e-08 1.86173e-08 -2.46409e-08 2.46552e-07 1.87798e-07 3.1881e-07 3.15104e-08 -7.59089e-08
852 1 350 0 1.67328e-07 6.13083e-10 -6.40809e-06 -2.3868e-07 -1.07982e-10 3.64362e-08 6.42787e-06 2.387e-07 1.88768e-07 6.42351e-10 7.47598e-11 -8.81237e-08
852 1.01 350 0 7.80978e-08 1.94248e-10 -1.40856e-07 1.62615e-10 -1.08789e-11 1.50209e-08 1.54338e-07 -1.66778e-10 9.13574e-08 1.99181e-10 -1.56435e-11 -5.07501e-08
852 1.02 350 0 5.06358e-08 1.06545e-10 -9.18384e-08 1.08582e-10 -3.04392e-12 1.11576e-08 1.04372e-07 -1.12123e-10 6.23828e-08 1.09537e-10 -1.55178e-11 -4.24189e-08
852 1.03 350 0 3.62675e-08 7.00289e-11 -6.95491e-08 8.20451e-11 -3.31943e-13 9.29349e-09 8.13549e-08 -8.54386e-11 4.70682e-08 7.1969e-11 -1.51605e-11 -3.7153e-08
852 1.04 350 0 2.73559e-08 5.07359e-11 -5.65051e-08 6.60382e-11 1.04854e-12 8.22648e-09 6.77164e-08 -6.94417e-11 3.7493e-08 5.1909e-11 -1.47671e-11 -3.3401e-08
852 1.05 350 0 2.12776e-08 3.91964e-11 -4.79028e-08 5.53761e-11 1.87227e-12 7.56708e-09 5.86172e-08 -5.88419e-11 3.09257e-08 3.97773e-11 -1.44084e-11 -3.05632e-08
852 1.06 350 0 1.68628e-08 3.16885e-11 -4.18149e-08 4.79118e-11 2.68743e-12 7.14723e-09 5.21083e-08 -5.14983e-11 2.61426e-08 3.16068e-11 -1.41853e-11 -2.8338e-08
852 1.07 350 0 1.35059e-08 2.66224e-11 -3.73027e-08 4.22646e-11 3.08437e-12 6.8834e-09 4.72371e-08 -4.59348e-11 2.25078e-08 2.61382e-11 -1.39017e-11 -2.65521e-08
852 1.08 350 0 1.08607e-08 2.30168e-11 -3.38497e-08 3.79883e-11 3.42369e-12 6.728e-09 4.34771e-08 -4.17541e-11 1.96557e-08 2.21644e-11 -1.36968e-11 -2.50964e-08
852 1.09 350 0 8.71465e-09 2.04123e-11 -3.11474e-08 3.48202e-11 3.94012e-12 6.65296e-09 4.05128e-08 -3.87281e-11 1.73611e-08 1.90579e-11 -1.36591e-11 -2.3899e-08
852 1.1 350 0 6.9292e-09 1.84684e-11 -2.90009e-08 3.2217e-11 4.21773e-12 6.64182e-09 3.8144e-08 -3.62352e-11 1.5478e-08 1.67934e-11 -1.35786e-11 -2.29104e-08
852 1.11 350 0 5.41036e-09 1.70124e-11 -2.72804e-08 3.01856e-11 4.50538e-12 6.68358e-09 3.62373e-08 -3.43311e-11 1.39067e-08 1.50138e-11 -1.35767e-11 -2.20957e-08
852 1.12 350 0 4.09169e-09 1.59911e-11 -2.5897e-08 2.88082e-11 5.01806e-12 6.77134e-09 3.47011e-08 -3.31441e-11 1.25772e-08 1.34947e-11 -1.37889e-11 -2.14294e-08
852 1.13 350 0 2.92406e-09 1.52046e-11 -2.47894e-08 2.7633e-11 5.35079e-12 6.90227e-09 3.34727e-08 -3.21377e-11 1.14394e-08 1.23564e-11 -1.39611e-11 -2.08944e-08
852 1.14 350 0 1.87038e-09 1.4663e-11 -2.39135e-08 2.68199e-11 5.73944e-12 7.07469e-09 3.25071e-08 -3.15273e-11 1.04556e-08 1.14213e-11 -1.42471e-11 -2.0478e-08
852 1.15 350 0 9.01427e-10 1.44187e-11 -2.32386e-08 2.64905e-11 6.36784e-12 7.28892e-09 3.17736e-08 -3.14788e-11 9.59759e-09 1.05895e-11 -1.47682e-11 -2.01724e-08
852 1.16 350 0 -7.23989e-12 1.42876e-11 -2.27444e-08 2.62855e-11 6.88469e-12 7.54773e-09 3.1253e-08 -3.15552e-11 8.84363e-09 9.96405e-12 -1.5296e-11 -1.99737e-08
852 1.17 350 0 -8.76288e-10 1.44557e-11 -2.24177e-08 2.6602e-11 7.69413e-12 7.85473e-09 3.09336e-08 -3.22655e-11 8.17654e-09 9.3934e-12 -1.61397e-11 -1.98811e-08
852 1.18 350 0 -1.72506e-09 1.4717e-11 -2.22529e-08 2.70466e-11 8.42529e-12 8.21642e-09 3.08131e-08 -3.31223e-11 7.58295e-09 8.98192e-12 -1.70321e-11 -1.98979e-08
852 1.19 350 0 -2.57217e-09 1.51923e-11 -2.22507e-08 2.78448e-11 9.30944e-12 8.64131e-09 3.08962e-08 -3.44213e-11 7.05197e-09 8.65521e-12 -1.81574e-11 -2.00314e-08
852 1.2 350 0 -3.43691e-09 1.60672e-11 -2.24186e-08 2.93332e-11 1.06245e-11 9.14087e-09 3.11965e-08 -3.6599e-11 6.57477e-09 8.35777e-12 -1.97852e-11 -2.02934e-08
852 1.21 350 0 -4.3415e-09 1.71246e-11 -2.2773e-08 3.11225e-11 1.20091e-11 9.73184e-09 3.17388e-08 -3.91734e-11 6.14428e-09 8.18074e-12 -2.16449e-11 -2.07025e-08
852 1.22 350 0 -5.31185e-09 1.87558e-11 -2.334e-08 3.38885e-11 1.40132e-11 1.04361e-08 3.25608e-08 -4.30225e-11 5.75452e-09 8.03737e-12 -2.42737e-11 -2.12854e-08
852 1.23 350 0 -6.38183e-09 2.07546e-11 -2.41612e-08 3.72681e-11 1.62963e-11 1.12858e-08 3.37212e-08 -4.76974e-11 5.40074e-09 8.01504e-12 -2.74192e-11 -2.20818e-08
852 1.24 350 0 -7.59638e-09 2.37632e-11 -2.52984e-08 4.23591e-11 1.96749e-11 1.23256e-08 3.53058e-08 -5.46422e-11 5.07886e-09 8.03626e-12 -3.19782e-11 -2.31491e-08
852 1.25 350 0 -9.02086e-09 2.76623e-11 -2.68483e-08 4.89436e-11 2.38949e-11 1.36239e-08 3.74479e-08 -6.36071e-11 4.78577e-09 8.20102e-12 -3.78282e-11 -2.45755e-08
852 1.26 350 0 -1.07534e-08 3.33189e-11 -2.89626e-08 5.84882e-11 2.99516e-11 1.52854e-08 4.03557e-08 -7.65553e-11 4.51894e-09 8.48958e-12 -4.62162e-11 -2.6498e-08
852 1.27 350 0 -1.29528e-08 4.22424e-11 -3.18927e-08 7.34681e-11 3.95095e-11 1.74821e-08 4.43737e-08 -9.6822e-11 4.27666e-09 8.9212e-12 -5.9279e-11 -2.91423e-08
852 1.28 350 0 -1.58971e-08 5.60435e-11 -3.60849e-08 9.6583e-11 5.41888e-11 2.05179e-08 5.01123e-08 -1.28113e-10 4.05841e-09 9.64115e-12 -7.94488e-11 -3.29081e-08
852 1.29 350 0 -2.012e-08 8.1034e-11 -4.24027e-08 1.38225e-10 8.09002e-11 2.49783e-08 5.87523e-08 -1.84487e-10 3.86536e-09 1.07397e-11 -1.15781e-10 -3.85676e-08
852 1.3 350 0 -2.68069e-08 1.3029e-10 -5.277e-08 2.19967e-10 1.33657e-10 3.21666e-08 7.29234e-08 -2.95322e-10 3.70302e-09 1.26204e-11 -1.87369e-10 -4.78403e-08
852 1.31 350 0 -3.92143e-08 2.57753e-10 -7.2482e-08 4.30324e-10 2.71138e-10 4.56666e-08 9.98624e-08 -5.80999e-10 3.58947e-09 1.60731e-11 -3.72334e-10 -6.54569e-08
852 1.32 350 0 -7.07693e-08 7.84359e-10 -1.23382e-07 1.29447e-09 8.43273e-10 8.02597e-08 1.69421e-07 -1.75713e-09 3.6044e-09 2.41226e-11 -1.1364e-09 -1.10931e-07
852 1.33 350 0 -3.2575e-07 1.55408e-08 -5.37834e-07 2.53429e-08 1.70202e-08 3.60847e-07 7.35807e-07 -3.45776e-08 4.9762e-09 3.71721e-11 -2.25489e-08 -4.81158e-07
852 1.34 350 0 1.28246e-07 2.28283e-09 2.01249e-07 3.67744e-09 2.5402e-09 -1.39115e-07 -2.74232e-07 -5.04244e-09 2.08461e-09 -5.32511e-11 -3.31315e-09 1.7906e-07
852 1.35 350 0 5.3973e-08 3.8332e-10 8.07526e-08 6.09558e-10 4.32202e-10 -5.74598e-08 -1.09566e-07 -8.3982e-10 2.39119e-09 -1.76234e-11 -5.55527e-10 7.14226e-08
852 1.36 350 0 3.42491e-08 1.48457e-10 4.89967e-08 2.32995e-10 1.69115e-10 -3.58538e-08 -6.61758e-08 -3.2251e-10 2.37645e-09 -9.66004e-12 -2.14612e-10 4.30591e-08
852 1.37 350 0 2.50858e-08 7.65366e-11 3.44036e-08 1.18462e-10 8.78737e-11 -2.58671e-08 -4.62417e-08 -1.64729e-10 2.3061e-09 -6.2061e-12 -1.10186e-10 3.00285e-08
852 1.38 350 0 1.97747e-08 4.62363e-11 2.60597e-08 7.05842e-11 5.33423e-11 -2.01148e-08 -3.48485e-08 -9.86027e-11 2.22009e-09 -4.30432e-12 -6.62484e-11 2.25816e-08
852 1.39 350 0 1.62978e-08 3.07018e-11 2.06825e-08 4.62128e-11 3.54921e-11 -1.63755e-08 -2.75104e-08 -6.48556e-11 2.13003e-09 -3.10681e-12 -4.37351e-11 1.77858e-08
852 1.4 350 0 1.38381e-08 2.16001e-11 1.69441e-08 3.20229e-11 2.49538e-11 -1.37504e-08 -2.24124e-08 -4.51576e-11 2.04033e-09 -2.27823e-12 -3.05347e-11 1.44549e-08
852 1.41 350 0 1.2002e-08 1.60043e-11 1.42053e-08 2.33831e-11 1.84171e-11 -1.18066e-08 -1.86811e-08 -3.31399e-11 1.95287e-09 -1.68301e-12 -2.24523e-11 1.20177e-08
852 1.42 350 0 1.05762e-08 1.22948e-11 1.21201e-08 1.76976e-11 1.40454e-11 -1.03095e-08 -1.58433e-08 -2.52171e-11 1.86851e-09 -1.22891e-12 -1.71021e-11 1.0165e-08
852 1.43 350 0 9.43507e-09 9.71149e-12 1.0485e-08 1.37699e-11 1.09718e-11 -9.12131e-09 -1.3621e-08 -1.97368e-11 1.78762e-09 -8.68273e-13 -1.33842e-11 8.71485e-09
852 1.44 350 0 8.49974e-09 7.80948e-12 9.17273e-09 1.08923e-11 8.67935e-12 -8.15552e-09 -1.18402e-08 -1.57208e-11 1.71029e-09 -5.59011e-13 -1.06414e-11 7.55351e-09
852 1.45 350 0 7.71825e-09 6.42803e-12 8.09953e-09 8.82704e-12 6.98893e-12 -7.35524e-09 -1.03862e-08 -1.28415e-11 1.63652e-09 -2.98741e-13 -8.66527e-12 6.60609e-09
852 1.46 350 0 7.05487e-09 5.37662e-12 7.20805e-09 7.26744e-12 5.67375e-12 -6.68142e-09 -9.18074e-09 -1.06744e-11 1.56621e-09 -6.13377e-14 -7.16546e-12 5.82126e-09
852 1.47 350 0 6.48425e-09 4.55822e-12 6.45772e-09 6.06394e-12 4.61619e-12 -6.10642e-09 -8.16827e-09 -9.01421e-12 1.49922e-09 1.68378e-13 -6.0024e-12 5.16273e-09
852 1.48 350 0 5.9879e-09 3.90979e-12 5.81911e-09 5.11818e-12 3.73317e-12 -5.61011e-09 -7.30851e-09 -7.72879e-12 1.43542e-09 4.08715e-13 -5.08419e-12 4.60414e-09
852 1.49 350 0 5.55198e-09 3.37747e-12 5.27028e-09 4.34406e-12 2.93611e-12 -5.17751e-09 -6.57146e-09 -6.70958e-12 1.37463e-09 6.9765e-13 -4.32748e-12 4.12586e-09
852 1.5 350 0 5.16595e-09 2.95361e-12 4.79464e-09 3.73689e-12 2.19936e-12 -4.79722e-09 -5.93438e-09 -5.96123e-12 1.31667e-09 1.05562e-12 -3.73308e-12 3.71301e-09
852 1.51 350 0 4.82162e-09 2.60311e-12 4.37935e-09 3.23938e-12 1.39485e-12 -4.46048e-09 -5.37966e-09 -5.44607e-12 1.2613e-09 1.59487e-12 -3.24418e-12 3.35408e-09
852 1.52 350 0 4.51253e-09 2.31058e-12 4.01434e-09 2.82737e-12 2.63767e-13 -4.16053e-09 -4.89343e-09 -5.25156e-12 1.20813e-09 2.61551e-12 -2.83771e-12 3.04007e-09
852 1.53 350 0 4.23349e-09 2.06447e-12 3.69164e-09 2.48394e-12 -2.46643e-12 -3.89287e-09 -4.46424e-09 -5.98972e-12 1.15575e-09 5.67867e-12 -2.49793e-12 2.76381e-09
852 1.54 350 0 3.98035e-09 1.87674e-12 3.40482e-09 2.20213e-12 6.31828e-11 -3.54645e-09 -4.13711e-09 2.76797e-11 1.2361e-09 -7.58846e-11 -2.20749e-12 2.51953e-09
852 1.55 350 0 3.74962e-09 1.67808e-12 3.14865e-09 1.94936e-12 5.9702e-12 -3.42152e-09 -3.75143e-09 -7.29147e-13 1.07244e-09 -5.27237e-12 -1.96512e-12 2.30254e-09
852 1.56 350 0 3.53851e-09 1.52376e-12 2.91888e-09 1.73945e-12 3.75716e-12 -3.22275e-09 -3.44896e-09 -1.4516e-12 1.02693e-09 -2.72907e-12 -1.75563e-12 2.10903e-09
852 1.57 350 0 3.34464e-09 1.3909e-12 2.71194e-09 1.56172e-12 2.89035e-12 -3.04007e-09 -3.17816e-09 -1.55384e-12 9.84924e-10 -1.82569e-12 -1.57793e-12 1.93579e-09
852 1.58 350 0 3.166e-09 1.27361e-12 2.52489e-09 1.40456e-12 2.39545e-12 -2.8723e-09 -2.93454e-09 -1.50656e-12 9.45175e-10 -1.36248e-12 -1.42005e-12 1.78018e-09
852 1.59 350 0 3.00092e-09 1.17077e-12 2.35525e-09 1.26792e-12 2.05773e-12 -2.71785e-09 -2.7146e-09 -1.41811e-12 9.07366e-10 -1.07514e-12 -1.28243e-12 1.63997e-09
852 1.6 350 0 2.84794e-09 1.08009e-12 2.20091e-09 1.14838e-12 1.80549e-12 -2.57528e-09 -2.51544e-09 -1.31841e-12 8.71323e-10 -8.77863e-13 -1.16178e-12 1.51327e-09
852 1.61 350 0 2.70581e-09 1.00014e-12 2.06009e-09 1.04458e-12 1.60582e-12 -2.44332e-09 -2.33457e-09 -1.22163e-12 8.36928e-10 -7.31905e-13 -1.05687e-12 1.39848e-09
852 1.62 350 0 2.57347e-09 9.28409e-13 1.93125e-09 9.51434e-13 1.44327e-12 -2.3209e-09 -2.16992e-09 -1.12609e-12 8.04079e-10 -6.2113e-13 -9.62383e-13 1.29422e-09
852 1.63 350 0 2.44997e-09 8.64172e-13 1.81309e-09 8.68792e-13 1.30688e-12 -2.20704e-09 -2.01966e-09 -1.03708e-12 7.7269e-10 -5.33088e-13 -8.78384e-13 1.19931e-09
852 1.64 350 0 2.3345e-09 8.06955e-13 1.70446e-09 7.96101e-13 1.18993e-12 -2.10093e-09 -1.88224e-09 -9.57078e-13 7.42683e-10 -4.60115e-13 -8.04514e-13 1.11274e-09
852 1.65 350 0 2.22635e-09 7.55167e-13 1.60438e-09 7.30383e-13 1.08874e-12 -2.00184e-09 -1.7563e-09 -8.82313e-13 7.13985e-10 -3.99564e-13 -7.37485e-13 1.0336e-09
852 1.66 350 0 2.12486e-09 7.08345e-13 1.51198e-09 6.71857e-13 1.0001e-12 -1.90912e-09 -1.64066e-09 -8.14822e-13 6.86529e-10 -3.48288e-13 -6.77755e-13 9.61138e-10
852 1.67 350 0 2.02949e-09 6.66086e-13 1.4265e-09 6.19153e-13 9.21453e-13 -1.82223e-09 -1.53428e-09 -7.53454e-13 6.60252e-10 -3.03453e-13 -6.23851e-13 8.94666e-10
852 1.68 350 0 1.93974e-09 6.27553e-13 1.34729e-09 5.71491e-13 8.51395e-13 -1.74064e-09 -1.43627e-09 -6.97359e-13 6.35097e-10 -2.6449e-13 -5.75e-13 8.33593e-10
852 1.69 350 0 1.85515e-09 5.92379e-13 1.27376e-09 5.28297e-13 7.88465e-13 -1.66393e-09 -1.34581e-09 -6.46211e-13 6.11006e-10 -2.30031e-13 -5.30672e-13 7.77394e-10
852 1.7 350 0 1.77532e-09 5.60166e-13 1.20538e-09 4.89064e-13 7.31633e-13 -1.5917e-09 -1.2622e-09 -5.99577e-13 5.87929e-10 -1.99326e-13 -4.90348e-13 7.25606e-10
852 1.71 350 0 1.69991e-09 5.30646e-13 1.14171e-09 4.53388e-13 6.79942e-13 -1.52359e-09 -1.18481e-09 -5.57208e-13 5.65817e-10 -1.71517e-13 -4.53647e-13 6.77819e-10
852 1.72 350 0 1.62858e-09 5.03496e-13 1.08232e-09 4.20903e-13 6.32745e-13 -1.45929e-09 -1.11308e-09 -5.18738e-13 5.44624e-10 -1.46242e-13 -4.20188e-13 6.33666e-10
852 1.73 350 0 1.56104e-09 4.78507e-13 1.02686e-09 3.91325e-13 5.8939e-13 -1.3985e-09 -1.04651e-09 -4.83994e-13 5.24307e-10 -1.22954e-13 -3.89707e-13 5.92823e-10
852 1.74 350 0 1.49702e-09 4.55427e-13 9.74993e-10 3.6443e-13 5.49389e-13 -1.34098e-09 -9.84661e-10 -4.52799e-13 5.04824e-10 -1.01389e-13 -3.62017e-13 5.54996e-10
852 1.75 350 0 1.43629e-09 4.34071e-13 9.26428e-10 3.39959e-13 5.12416e-13 -1.28648e-09 -9.27124e-10 -4.24804e-13 4.86137e-10 -8.13449e-14 -3.36846e-13 5.19926e-10
852 1.76 350 0 1.37863e-09 4.14245e-13 8.809e-10 3.1787e-13 4.78101e-13 -1.23481e-09 -8.73541e-10 -4.00134e-13 4.68209e-10 -6.26568e-14 -3.14252e-13 4.87377e-10
852 1.77 350 0 1.32382e-09 3.95913e-13 8.38169e-10 2.98089e-13 4.46198e-13 -1.18575e-09 -8.2359e-10 -3.78815e-13 4.51007e-10 -4.5015e-14 -2.94148e-13 4.57138e-10
852 1.78 350 0 1.2717e-09 3.79019e-13 7.98021e-10 2.80964e-13 4.16804e-13 -1.13914e-09 -7.76978e-10 -3.61276e-13 4.34499e-10 -2.84953e-14 -2.7683e-13 4.2902e-10
852 1.79 350 0 1.22209e-09 3.46665e-13 7.60298e-10 2.8681e-13 3.76771e-13 -1.0948e-09 -7.33528e-10 -3.82979e-13 4.18682e-10 -1.62554e-14 -2.93e-13 4.0291e-10
852 1.8 350 0 1.17483e-09 3.22152e-13 7.24768e-10 2.79422e-13 3.45627e-13 -1.05262e-09 -6.92869e-10 -3.80848e-13 4.03472e-10 -7.37262e-15 -2.91303e-13 3.78565e-10
852 1.81 350 0 1.12978e-09 3.01247e-13 6.91279e-10 2.68073e-13 3.19327e-13 -1.01244e-09 -6.54813e-10 -3.70249e-13 3.88857e-10 -5.00258e-16 -2.83017e-13 3.55863e-10
852 1.82 350 0 1.08682e-09 2.82921e-13 6.59688e-10 2.54819e-13 2.96647e-13 -9.74148e-10 -6.19167e-10 -3.54835e-13 3.74815e-10 4.88652e-15 -2.70887e-13 3.34677e-10
852 1.83 350 0 1.04581e-09 2.66062e-13 6.29863e-10 2.41523e-13 2.763e-13 -9.37625e-10 -5.85757e-10 -3.38344e-13 3.61322e-10 9.06334e-15 -2.57938e-13 3.14897e-10
852 1.84 350 0 1.00665e-09 2.50579e-13 6.01683e-10 2.28384e-13 2.58042e-13 -9.02766e-10 -5.54419e-10 -3.21241e-13 3.48354e-10 1.22415e-14 -2.44485e-13 2.96415e-10
852 1.85 350 0 9.69231e-10 2.36404e-13 5.75036e-10 2.15606e-13 2.41691e-13 -8.69475e-10 -5.25004e-10 -3.04005e-13 3.35889e-10 1.45762e-14 -2.30884e-13 2.79135e-10
852 1.86 350 0 9.33459e-10 2.23451e-13 5.49818e-10 2.03267e-13 2.27071e-13 -8.37661e-10 -4.97374e-10 -2.86897e-13 3.23904e-10 1.61767e-14 -2.17344e-13 2.62969e-10
852 1.87 350 0 8.99243e-10 2.11671e-13 5.25936e-10 1.91486e-13 2.14085e-13 -8.07242e-10 -4.71404e-10 -2.70253e-13 3.12381e-10 1.71039e-14 -2.0415e-13 2.47835e-10
852 1.88 350 0 8.665e-10 2.01019e-13 5.03302e-10 1.80196e-13 2.02604e-13 -7.78141e-10 -4.46978e-10 -2.54047e-13 3.01298e-10 1.74852e-14 -1.91325e-13 2.33659e-10
852 1.89 350 0 8.35152e-10 1.91398e-13 4.81837e-10 1.69437e-13 1.92452e-13 -7.50285e-10 -4.2399e-10 -2.38434e-13 2.90637e-10 1.74588e-14 -1.79076e-13 2.20373e-10
852 1.9 350 0 8.05126e-10 1.82036e-13 4.61467e-10 1.59352e-13 1.82727e-13 -7.2361e-10 -4.02342e-10 -2.23453e-13 2.8038e-10 1.73144e-14 -1.67629e-13 2.07915e-10
852 1.91 350 0 7.76353e-10 1.73074e-13 4.42124e-10 1.4997e-13 1.73449e-13 -6.98051e-10 -3.81945e-10 -2.09443e-13 2.70511e-10 1.71527e-14 -1.56956e-13 1.96227e-10
852 1.92 350 0 7.4877e-10 1.64642e-13 4.23744e-10 1.41197e-13 1.64743e-13 -6.7355e-10 -3.62716e-10 -1.96346e-13 2.61014e-10 1.69606e-14 -1.46951e-13 1.85255e-10
852 1.93 350 0 7.22316e-10 1.56701e-13 4.0627e-10 1.32977e-13 1.56568e-13 -6.50053e-10 -3.44577e-10 -1.8407e-13 2.51874e-10 1.67344e-14 -1.37549e-13 1.7495e-10
852 1.94 350 0 6.96937e-10 1.49213e-13 3.89648e-10 1.25261e-13 1.48885e-13 -6.2751e-10 -3.27458e-10 -1.72536e-13 2.43075e-10 1.64723e-14 -1.28693e-13 1.65268e-10
852 1.95 350 0 6.72579e-10 1.42144e-13 3.73826e-10 1.18003e-13 1.4166e-13 -6.05872e-10 -3.11294e-10 -1.61669e-13 2.34605e-10 1.61729e-14 -1.20327e-13 1.56166e-10
852 1.96 350 0 6.49193e-10 1.35463e-13 3.58759e-10 1.11159e-13 1.34862e-13 -5.85095e-10 -2.96023e-10 -1.51399e-13 2.26449e-10 1.58345e-14 -1.12395e-13 1.47606e-10
852 1.97 350 0 6.26733e-10 1.29138e-13 3.44403e-10 1.04684e-13 1.28459e-13 -5.65138e-10 -2.8159e-10 -1.41648e-13 2.18595e-10 1.54539e-14 -1.04837e-13 1.39553e-10
852 1.98 350 0 6.05154e-10 1.2314e-13 3.30718e-10 9.85244e-14 1.22426e-13 -5.45962e-10 -2.67943e-10 -1.32323e-13 2.1103e-10 1.50226e-14 -9.75742e-14 1.31972e-10
852 1.99 350 0 5.84417e-10 1.17433e-13 3.17667e-10 9.25956e-14 1.1674e-13 -5.27528e-10 -2.55032e-10 -1.2326e-13 2.03744e-10 1.45151e-14 -9.04594e-14 1.24834e-10
852 2 350 0 5.64481e-10 1.11913e-13 3.05213e-10 8.62542e-14 1.11479e-13 -5.09804e-10 -2.42812e-10 -1.13117e-13 1.96725e-10 1.3607e-14 -8.22359e-14 1.18111e-10
