852 0 180 0 0 0 0 0 -1.47133e-07 -1.27673e-07 -5.69798e-08 -1.252e-07 1.05409e-07 1.50716e-07 0 0
852 0.01 180 0 2.81006e-10 4.03557e-09 1.61133e-10 2.06678e-09 -1.47131e-07 -1.27613e-07 -5.69962e-08 -1.2518e-07 1.05429e-07 1.50691e-07 -1.55912e-10 -1.59543e-10
852 0.02 180 0 5.64007e-10 8.06789e-09 3.23656e-10 4.13146e-09 -1.47124e-07 -1.27434e-07 -5.70451e-08 -1.25121e-07 1.05488e-07 1.50617e-07 -3.11769e-10 -3.18997e-10
852 0.03 180 0 8.50982e-10 1.20937e-08 4.88949e-10 6.19194e-09 -1.47112e-07 -1.27135e-07 -5.71265e-08 -1.25021e-07 1.05587e-07 1.50493e-07 -4.67515e-10 -4.78277e-10
852 0.04 180 0 1.1439e-09 1.61098e-08 6.58382e-10 8.24611e-09 -1.47095e-07 -1.26717e-07 -5.72402e-08 -1.24882e-07 1.05726e-07 1.50319e-07 -6.23092e-10 -6.37293e-10
852 0.05 180 0 1.44466e-09 2.01127e-08 8.33296e-10 1.02918e-08 -1.47071e-07 -1.2618e-07 -5.73859e-08 -1.24702e-07 1.05903e-07 1.50094e-07 -7.78442e-10 -7.95957e-10
852 0.06 180 0 1.75518e-09 2.40993e-08 1.01494e-09 1.2327e-08 -1.4704e-07 -1.25525e-07 -5.75628e-08 -1.24482e-07 1.06118e-07 1.49818e-07 -9.33543e-10 -9.54234e-10
852 0.07 180 0 2.07723e-09 2.80662e-08 1.2047e-09 1.43494e-08 -1.47e-07 -1.24749e-07 -5.77715e-08 -1.2422e-07 1.06372e-07 1.49491e-07 -1.08829e-09 -1.11196e-09
852 0.08 180 0 2.41253e-09 3.201e-08 1.40371e-09 1.63569e-08 -1.46951e-07 -1.23855e-07 -5.80109e-08 -1.23917e-07 1.06663e-07 1.49111e-07 -1.24264e-09 -1.26909e-09
852 0.09 180 0 2.76272e-09 3.59272e-08 1.61312e-09 1.83472e-08 -1.4689e-07 -1.22842e-07 -5.82804e-08 -1.2357e-07 1.0699e-07 1.48677e-07 -1.39655e-09 -1.42555e-09
852 0.1 180 0 3.12941e-09 3.98145e-08 1.8341e-09 2.0318e-08 -1.46815e-07 -1.21711e-07 -5.85795e-08 -1.23181e-07 1.07353e-07 1.4819e-07 -1.54995e-09 -1.58126e-09
852 0.11 180 0 3.514e-09 4.36681e-08 2.0676e-09 2.22671e-08 -1.46725e-07 -1.20462e-07 -5.89072e-08 -1.22748e-07 1.07751e-07 1.47646e-07 -1.70274e-09 -1.73615e-09
852 0.12 180 0 3.91775e-09 4.74849e-08 2.31464e-09 2.41922e-08 -1.46618e-07 -1.19096e-07 -5.92627e-08 -1.22269e-07 1.08181e-07 1.47046e-07 -1.8549e-09 -1.89015e-09
852 0.13 180 0 4.34193e-09 5.12607e-08 2.57594e-09 2.60908e-08 -1.4649e-07 -1.17612e-07 -5.9645e-08 -1.21745e-07 1.08644e-07 1.46388e-07 -2.00643e-09 -2.04321e-09
852 0.14 180 0 4.78757e-09 5.49919e-08 2.8522e-09 2.79607e-08 -1.46339e-07 -1.16012e-07 -6.00525e-08 -1.21174e-07 1.09138e-07 1.4567e-07 -2.15732e-09 -2.19537e-09
852 0.15 180 0 5.25533e-09 5.8675e-08 3.1442e-09 2.97991e-08 -1.46162e-07 -1.14295e-07 -6.0485e-08 -1.20555e-07 1.09661e-07 1.44891e-07 -2.30739e-09 -2.34639e-09
852 0.16 180 0 5.74583e-09 6.2306e-08 3.45228e-09 3.16036e-08 -1.45955e-07 -1.12464e-07 -6.09406e-08 -1.19886e-07 1.10211e-07 1.4405e-07 -2.45655e-09 -2.4963e-09
852 0.17 180 0 6.25952e-09 6.58813e-08 3.77688e-09 3.33718e-08 -1.45717e-07 -1.10518e-07 -6.14178e-08 -1.19167e-07 1.10785e-07 1.43144e-07 -2.60478e-09 -2.64505e-09
852 0.18 180 0 6.79687e-09 6.93964e-08 4.11801e-09 3.51012e-08 -1.45442e-07 -1.0846e-07 -6.19145e-08 -1.18396e-07 1.11384e-07 1.42173e-07 -2.7523e-09 -2.79275e-09
852 0.19 180 0 7.35744e-09 7.28477e-08 4.47587e-09 3.67888e-08 -1.45128e-07 -1.06289e-07 -6.24299e-08 -1.17573e-07 1.12004e-07 1.41134e-07 -2.89872e-09 -2.93914e-09
852 0.2 180 0 7.94106e-09 7.62311e-08 4.85027e-09 3.84321e-08 -1.44769e-07 -1.04008e-07 -6.29616e-08 -1.16695e-07 1.12641e-07 1.40025e-07 -3.0441e-09 -3.08429e-09
852 0.21 180 0 8.54765e-09 7.95412e-08 5.24147e-09 4.00276e-08 -1.44362e-07 -1.01619e-07 -6.35071e-08 -1.1576e-07 1.13294e-07 1.38844e-07 -3.18848e-09 -3.22803e-09
852 0.22 180 0 9.1753e-09 8.27764e-08 5.6475e-09 4.15744e-08 -1.43904e-07 -9.91226e-08 -6.40644e-08 -1.1477e-07 1.1396e-07 1.3759e-07 -3.33185e-09 -3.37081e-09
852 0.23 180 0 9.82305e-09 8.59315e-08 6.06843e-09 4.30687e-08 -1.43389e-07 -9.65209e-08 -6.46316e-08 -1.13721e-07 1.14635e-07 1.36262e-07 -3.47395e-09 -3.51221e-09
852 0.24 180 0 1.04898e-08 8.90025e-08 6.50328e-09 4.4508e-08 -1.42813e-07 -9.38177e-08 -6.52053e-08 -1.12612e-07 1.15316e-07 1.34856e-07 -3.61484e-09 -3.65248e-09
852 0.25 180 0 1.11731e-08 9.19851e-08 6.95071e-09 4.58894e-08 -1.4217e-07 -9.10136e-08 -6.57833e-08 -1.11443e-07 1.16e-07 1.33372e-07 -3.75457e-09 -3.7914e-09
852 0.26 180 0 1.1871e-08 9.48756e-08 7.40937e-09 4.72103e-08 -1.41457e-07 -8.81132e-08 -6.63623e-08 -1.10211e-07 1.16682e-07 1.31807e-07 -3.89285e-09 -3.92909e-09
852 0.27 180 0 1.25809e-08 9.76694e-08 7.87722e-09 4.84683e-08 -1.40668e-07 -8.51188e-08 -6.69387e-08 -1.08916e-07 1.17358e-07 1.3016e-07 -4.03031e-09 -4.06576e-09
852 0.28 180 0 1.32991e-08 1.00363e-07 8.35234e-09 4.96603e-08 -1.39798e-07 -8.20342e-08 -6.75096e-08 -1.07557e-07 1.18024e-07 1.2843e-07 -4.1663e-09 -4.20112e-09
852 0.29 180 0 1.40224e-08 1.02953e-07 8.83237e-09 5.07844e-08 -1.38842e-07 -7.88644e-08 -6.80708e-08 -1.06133e-07 1.18674e-07 1.26615e-07 -4.30109e-09 -4.33555e-09
852 0.3 180 0 1.47468e-08 1.05436e-07 9.31468e-09 5.18378e-08 -1.37795e-07 -7.56119e-08 -6.86189e-08 -1.04642e-07 1.19304e-07 1.24714e-07 -4.43457e-09 -4.46876e-09
852 0.31 180 0 1.5468e-08 1.07808e-07 9.79648e-09 5.28185e-08 -1.36652e-07 -7.22837e-08 -6.91494e-08 -1.03085e-07 1.19908e-07 1.22726e-07 -4.56692e-09 -4.60114e-09
852 0.32 180 0 1.61808e-08 1.10066e-07 1.02744e-08 5.37242e-08 -1.35408e-07 -6.88828e-08 -6.96584e-08 -1.01461e-07 1.20481e-07 1.2065e-07 -4.69807e-09 -4.7324e-09
852 0.33 180 0 1.68798e-08 1.12208e-07 1.07446e-08 5.45533e-08 -1.34058e-07 -6.5417e-08 -7.01407e-08 -9.97695e-08 1.21015e-07 1.18486e-07 -4.82808e-09 -4.86298e-09
852 0.34 180 0 1.75593e-08 1.1423e-07 1.12035e-08 5.53036e-08 -1.32597e-07 -6.18904e-08 -7.05924e-08 -9.80106e-08 1.21507e-07 1.16234e-07 -4.95694e-09 -4.99257e-09
852 0.35 180 0 1.82129e-08 1.16132e-07 1.16468e-08 5.59744e-08 -1.31021e-07 -5.83117e-08 -7.10076e-08 -9.61848e-08 1.21948e-07 1.13894e-07 -5.08483e-09 -5.12163e-09
852 0.36 180 0 1.88342e-08 1.17911e-07 1.20703e-08 5.6564e-08 -1.29325e-07 -5.46864e-08 -7.13821e-08 -9.42924e-08 1.22332e-07 1.11467e-07 -5.21146e-09 -5.24988e-09
852 0.37 180 0 1.94158e-08 1.19565e-07 1.24687e-08 5.70721e-08 -1.27505e-07 -5.10223e-08 -7.17099e-08 -9.23349e-08 1.22653e-07 1.08952e-07 -5.33783e-09 -5.3777e-09
852 0.38 180 0 1.995e-08 1.21095e-07 1.28371e-08 5.74981e-08 -1.25557e-07 -4.73284e-08 -7.19857e-08 -9.03134e-08 1.22902e-07 1.06354e-07 -5.4632e-09 -5.50505e-09
852 0.39 180 0 2.04286e-08 1.22498e-07 1.31707e-08 5.78395e-08 -1.23477e-07 -4.36131e-08 -7.22036e-08 -8.82284e-08 1.23072e-07 1.03672e-07 -5.58803e-09 -5.63143e-09
852 0.4 180 0 2.08441e-08 1.23779e-07 1.3463e-08 5.81015e-08 -1.21265e-07 -3.98839e-08 -7.23589e-08 -8.60848e-08 1.23157e-07 1.0091e-07 -5.71263e-09 -5.75795e-09
852 0.41 180 0 2.11866e-08 1.24939e-07 1.37085e-08 5.82833e-08 -1.18916e-07 -3.61512e-08 -7.24453e-08 -8.38835e-08 1.23148e-07 9.80722e-08 -5.83641e-09 -5.88401e-09
852 0.42 180 0 2.14485e-08 1.2598e-07 1.39017e-08 5.83861e-08 -1.1643e-07 -3.24247e-08 -7.24574e-08 -8.16282e-08 1.23039e-07 9.51615e-08 -5.96003e-09 -6.00972e-09
852 0.43 180 0 2.16087e-08 1.26892e-07 1.4031e-08 5.84037e-08 -1.13799e-07 -2.87118e-08 -7.23842e-08 -7.93163e-08 1.22813e-07 9.21741e-08 -6.08365e-09 -6.13111e-09
852 0.44 180 0 2.1663e-08 1.27682e-07 1.40917e-08 5.8341e-08 -1.11026e-07 -2.50274e-08 -7.22219e-08 -7.69551e-08 1.22465e-07 8.91196e-08 -6.20615e-09 -6.251e-09
852 0.45 180 0 2.16161e-08 1.28371e-07 1.40845e-08 5.82149e-08 -1.08122e-07 -2.13829e-08 -7.19742e-08 -7.45578e-08 1.21998e-07 8.60165e-08 -6.3295e-09 -6.37054e-09
852 0.46 180 0 2.14508e-08 1.28963e-07 1.39992e-08 5.80228e-08 -1.05081e-07 -1.77896e-08 -7.16283e-08 -7.21255e-08 1.214e-07 8.28656e-08 -6.45194e-09 -6.4908e-09
852 0.47 180 0 2.11573e-08 1.2946e-07 1.38293e-08 5.77684e-08 -1.01905e-07 -1.42579e-08 -7.11797e-08 -6.96637e-08 1.20664e-07 7.96734e-08 -6.57439e-09 -6.61062e-09
852 0.48 180 0 2.0728e-08 1.29873e-07 1.35696e-08 5.7459e-08 -9.85969e-08 -1.07981e-08 -7.06242e-08 -6.71799e-08 1.19783e-07 7.64492e-08 -6.69737e-09 -6.73089e-09
852 0.49 180 0 2.01541e-08 1.30211e-07 1.32143e-08 5.70994e-08 -9.51609e-08 -7.42199e-09 -6.99572e-08 -6.46808e-08 1.18753e-07 7.32017e-08 -6.82093e-09 -6.85077e-09
852 0.5 180 0 1.94265e-08 1.30482e-07 1.27574e-08 5.66968e-08 -9.16022e-08 -4.14064e-09 -6.91747e-08 -6.21741e-08 1.17565e-07 6.99408e-08 -6.94536e-09 -6.9702e-09
852 0.51 180 0 1.85383e-08 1.30695e-07 1.21946e-08 5.62556e-08 -8.79258e-08 -9.67277e-10 -6.82723e-08 -5.96675e-08 1.16215e-07 6.66765e-08 -7.07124e-09 -7.08849e-09
852 0.52 180 0 1.74837e-08 1.30871e-07 1.15214e-08 5.57908e-08 -8.41401e-08 2.09301e-09 -6.72494e-08 -5.71714e-08 1.14702e-07 6.34215e-08 -7.19757e-09 -7.20803e-09
852 0.53 180 0 1.62611e-08 1.31022e-07 1.07362e-08 5.53112e-08 -8.02541e-08 5.02895e-09 -6.61051e-08 -5.46953e-08 1.13023e-07 6.01883e-08 -7.32728e-09 -7.32553e-09
852 0.54 180 0 1.48589e-08 1.31157e-07 9.83236e-09 5.4822e-08 -7.62752e-08 7.82926e-09 -6.48345e-08 -5.2248e-08 1.11173e-07 5.69879e-08 -7.45734e-09 -7.44355e-09
852 0.55 180 0 1.32816e-08 1.31299e-07 8.81177e-09 5.43384e-08 -7.22149e-08 1.04869e-08 -6.3441e-08 -4.98406e-08 1.09155e-07 5.38351e-08 -7.59057e-09 -7.55913e-09
852 0.56 180 0 1.15203e-08 1.31455e-07 7.6697e-09 5.38665e-08 -6.80827e-08 1.29924e-08 -6.19214e-08 -4.74826e-08 1.06963e-07 5.07414e-08 -7.72477e-09 -7.67563e-09
852 0.57 180 0 9.58315e-09 1.31651e-07 6.41058e-09 5.34222e-08 -6.3893e-08 1.53409e-08 -6.02812e-08 -4.51856e-08 1.04607e-07 4.7723e-08 -7.86215e-09 -7.79026e-09
852 0.58 180 0 7.47168e-09 1.31901e-07 5.04023e-09 5.30179e-08 -5.96688e-08 1.75201e-08 -5.85203e-08 -4.29656e-08 1.02093e-07 4.47953e-08 -7.99989e-09 -7.91858e-09
852 0.59 180 0 5.18297e-09 1.32225e-07 3.55185e-09 5.2667e-08 -5.54047e-08 1.95335e-08 -5.66455e-08 -4.08272e-08 9.94115e-08 4.19677e-08 -8.14627e-09 -8.03814e-09
852 0.6 180 0 2.7159e-09 1.32627e-07 1.94839e-09 5.23731e-08 -5.11203e-08 2.13687e-08 -5.46562e-08 -3.87824e-08 9.65666e-08 3.92545e-08 -8.29634e-09 -8.15751e-09
852 0.61 180 0 9.10218e-11 1.33145e-07 2.40724e-10 5.21594e-08 -4.68294e-08 2.30361e-08 -5.2566e-08 -3.68417e-08 9.35762e-08 3.66711e-08 -8.45213e-09 -8.27293e-09
852 0.62 180 0 -2.69361e-09 1.33785e-07 -1.57072e-09 5.20299e-08 -4.25475e-08 2.45271e-08 -5.0376e-08 -3.50152e-08 9.04403e-08 3.42308e-08 -8.61078e-09 -8.38602e-09
852 0.63 180 0 -5.62489e-09 1.34565e-07 -3.4755e-09 5.19998e-08 -3.82886e-08 2.58448e-08 -4.8096e-08 -3.33136e-08 8.717e-08 3.1945e-08 -8.77527e-09 -8.49841e-09
852 0.64 180 0 -8.68605e-09 1.35508e-07 -5.46329e-09 5.20804e-08 -3.40668e-08 2.69924e-08 -4.57373e-08 -3.17445e-08 8.37789e-08 2.98271e-08 -8.94666e-09 -8.60518e-09
852 0.65 180 0 -1.18689e-08 1.36623e-07 -7.52723e-09 5.22798e-08 -2.98976e-08 2.79689e-08 -4.33068e-08 -3.03178e-08 8.02743e-08 2.78891e-08 -9.12173e-09 -8.70973e-09
852 0.66 180 0 -1.51555e-08 1.37929e-07 -9.65595e-09 5.26085e-08 -2.57943e-08 2.87834e-08 -4.08164e-08 -2.90399e-08 7.66707e-08 2.61416e-08 -9.30161e-09 -8.80911e-09
852 0.67 180 0 -1.85277e-08 1.39439e-07 -1.18351e-08 5.30768e-08 -2.17702e-08 2.94413e-08 -3.8279e-08 -2.79184e-08 7.29824e-08 2.45937e-08 -9.48711e-09 -8.90425e-09
852 0.68 180 0 -2.19718e-08 1.41159e-07 -1.40524e-08 5.36894e-08 -1.78412e-08 2.99422e-08 -3.57061e-08 -2.69603e-08 6.92202e-08 2.32545e-08 -9.6802e-09 -8.99494e-09
852 0.69 180 0 -2.54562e-08 1.43116e-07 -1.62907e-08 5.44599e-08 -1.40136e-08 3.0311e-08 -3.31146e-08 -2.61681e-08 6.54084e-08 2.21312e-08 -9.8783e-09 -9.07971e-09
852 0.7 180 0 -2.89638e-08 1.45308e-07 -1.85348e-08 5.53889e-08 -1.03013e-08 3.0546e-08 -3.05176e-08 -2.55459e-08 6.15594e-08 2.12298e-08 -1.00813e-08 -9.15943e-09
852 0.71 180 0 -3.24705e-08 1.47748e-07 -2.07687e-08 5.64845e-08 -6.7128e-09 3.06669e-08 -2.79295e-08 -2.50962e-08 5.76908e-08 2.05543e-08 -1.02921e-08 -9.23199e-09
852 0.72 180 0 -3.59515e-08 1.50439e-07 -2.29743e-08 5.77453e-08 -3.25743e-09 3.06783e-08 -2.53664e-08 -2.48189e-08 5.38206e-08 2.01086e-08 -1.05086e-08 -9.29801e-09
852 0.73 180 0 -3.93808e-08 1.53386e-07 -2.51335e-08 5.91751e-08 5.91069e-11 3.05987e-08 -2.28439e-08 -2.47132e-08 4.99672e-08 1.98934e-08 -1.07317e-08 -9.35661e-09
852 0.74 180 0 -4.27401e-08 1.56585e-07 -2.72325e-08 6.0769e-08 3.2231e-09 3.04327e-08 -2.0375e-08 -2.47787e-08 4.61439e-08 1.99126e-08 -1.09629e-08 -9.40435e-09
852 0.75 180 0 -4.59878e-08 1.60047e-07 -2.92439e-08 6.25343e-08 6.24565e-09 3.02113e-08 -1.79808e-08 -2.50088e-08 4.23779e-08 2.0159e-08 -1.12015e-08 -9.44321e-09
852 0.76 180 0 -4.91038e-08 1.63766e-07 -3.11526e-08 6.44637e-08 9.11886e-09 2.99411e-08 -1.56745e-08 -2.53995e-08 3.86828e-08 2.06321e-08 -1.14468e-08 -9.47171e-09
852 0.77 180 0 -5.20606e-08 1.67741e-07 -3.29403e-08 6.65498e-08 1.18477e-08 2.96419e-08 -1.34696e-08 -2.5941e-08 3.50782e-08 2.13264e-08 -1.1692e-08 -9.49337e-09
852 0.78 180 0 -5.4834e-08 1.71965e-07 -3.45868e-08 6.87872e-08 1.44303e-08 2.93227e-08 -1.13816e-08 -2.66298e-08 3.15772e-08 2.22396e-08 -1.19441e-08 -9.50949e-09
852 0.79 180 0 -5.73934e-08 1.76433e-07 -3.60789e-08 7.11679e-08 1.68694e-08 2.89982e-08 -9.42077e-09 -2.74569e-08 2.81988e-08 2.33709e-08 -1.2203e-08 -9.51609e-09
852 0.8 180 0 -5.96982e-08 1.81145e-07 -3.73795e-08 7.36925e-08 1.91465e-08 2.86722e-08 -7.61665e-09 -2.84255e-08 2.49721e-08 2.47292e-08 -1.24719e-08 -9.51271e-09
852 0.81 180 0 -6.16938e-08 1.86093e-07 -3.84585e-08 7.63486e-08 2.12955e-08 2.83674e-08 -5.98755e-09 -2.9513e-08 2.19274e-08 2.62951e-08 -1.27503e-08 -9.49933e-09
852 0.82 180 0 -6.33669e-08 1.91256e-07 -3.93113e-08 7.91136e-08 2.33164e-08 2.80945e-08 -4.53898e-09 -3.07045e-08 1.90746e-08 2.80595e-08 -1.30405e-08 -9.47394e-09
852 0.83 180 0 -6.46823e-08 1.96617e-07 -3.99183e-08 8.19709e-08 2.52182e-08 2.78609e-08 -3.28344e-09 -3.19857e-08 1.64346e-08 3.00145e-08 -1.33448e-08 -9.43424e-09
852 0.84 180 0 -6.56013e-08 2.02163e-07 -4.02609e-08 8.49057e-08 2.70145e-08 2.76804e-08 -2.23324e-09 -3.33413e-08 1.40315e-08 3.21502e-08 -1.3665e-08 -9.37835e-09
852 0.85 180 0 -6.60955e-08 2.07874e-07 -4.03276e-08 8.78983e-08 2.86947e-08 2.75616e-08 -1.39925e-09 -3.47601e-08 1.18894e-08 3.44655e-08 -1.40031e-08 -9.30031e-09
852 0.86 180 0 -6.60991e-08 2.13736e-07 -4.00864e-08 9.0937e-08 3.03155e-08 2.75111e-08 -7.92743e-10 -3.62208e-08 1.00382e-08 3.69368e-08 -1.43627e-08 -9.19767e-09
852 0.87 180 0 -6.55729e-08 2.19727e-07 -3.95245e-08 9.40043e-08 3.1873e-08 2.75342e-08 -4.23819e-10 -3.77145e-08 8.50878e-09 3.95607e-08 -1.47449e-08 -9.0626e-09
852 0.88 180 0 -6.44597e-08 2.25824e-07 -3.86202e-08 9.70869e-08 3.33845e-08 2.76351e-08 -3.04486e-10 -3.92316e-08 7.33914e-09 4.23267e-08 -1.5151e-08 -8.88614e-09
852 0.89 180 0 -6.26923e-08 2.32009e-07 -3.73467e-08 1.00178e-07 3.48712e-08 2.78199e-08 -4.5144e-10 -4.07678e-08 6.57606e-09 4.52236e-08 -1.55802e-08 -8.65773e-09
852 0.9 180 0 -6.02011e-08 2.3826e-07 -3.56757e-08 1.03274e-07 3.63282e-08 2.81143e-08 -8.93274e-10 -4.23292e-08 6.28363e-09 4.82479e-08 -1.6028e-08 -8.36252e-09
852 0.91 180 0 -5.68531e-08 2.44557e-07 -3.35351e-08 1.06386e-07 3.78382e-08 2.84882e-08 -1.66722e-09 -4.39213e-08 6.53097e-09 5.13742e-08 -1.64904e-08 -7.98836e-09
852 0.92 180 0 -5.25135e-08 2.50886e-07 -3.08446e-08 1.09532e-07 3.94151e-08 2.8968e-08 -2.84976e-09 -4.55714e-08 7.43175e-09 5.46001e-08 -1.69552e-08 -7.51874e-09
852 0.93 180 0 -4.69567e-08 2.5725e-07 -2.74544e-08 1.12749e-07 4.11227e-08 2.95619e-08 -4.5719e-09 -4.73157e-08 9.15237e-09 5.79201e-08 -1.74071e-08 -6.93751e-09
852 0.94 180 0 -3.98156e-08 2.63672e-07 -2.31057e-08 1.16088e-07 4.30534e-08 3.03094e-08 -7.07921e-09 -4.92006e-08 1.19818e-08 6.13339e-08 -1.78246e-08 -6.22739e-09
852 0.95 180 0 -3.03487e-08 2.70163e-07 -1.72695e-08 1.19596e-07 4.53604e-08 3.11158e-08 -1.08385e-08 -5.12686e-08 1.64408e-08 6.48302e-08 -1.81891e-08 -5.36904e-09
852 0.96 180 0 -1.7015e-08 2.76602e-07 -8.8585e-09 1.23218e-07 4.82325e-08 3.19617e-08 -1.68873e-08 -5.34439e-08 2.3717e-08 6.82666e-08 -1.84732e-08 -4.32433e-09
852 0.97 180 0 4.03355e-09 2.81717e-07 4.79638e-09 1.26098e-07 5.19841e-08 3.27835e-08 -2.77875e-08 -5.4827e-08 3.67938e-08 7.05271e-08 -1.86209e-08 -2.99155e-09
852 0.98 180 0 4.21304e-08 2.7535e-07 3.01091e-08 1.21302e-07 5.74956e-08 3.36284e-08 -4.97036e-08 -4.83553e-08 6.29409e-08 6.31285e-08 -1.83169e-08 -1.10536e-09
852 0.99 180 0 7.18506e-08 2.04852e-07 4.97757e-08 7.28718e-08 6.86441e-08 3.26003e-08 -6.44521e-08 1.99812e-09 8.02126e-08 2.88977e-09 -1.60009e-08 5.82976e-10
852 1 180 0 3.75207e-11 1.93014e-07 -9.61332e-11 6.41722e-08 1.14817e-07 1.23201e-10 2.02642e-11 2.35146e-08 1.02266e-10 -2.60747e-08 -1.61468e-08 -3.52743e-11
852 1.01 180 0 -1.31696e-11 2.04575e-07 -1.25209e-10 7.27168e-08 6.19533e-08 -6.74898e-11 1.21886e-10 -7.98694e-09 -5.27633e-11 1.73745e-08 -1.42033e-08 -3.03376e-11
852 1.02 180 0 -2.07241e-11 2.05695e-07 -1.21705e-10 7.33079e-08 5.49276e-08 -5.49191e-11 1.17162e-10 -1.34619e-08 -5.47925e-11 2.54338e-08 -1.35214e-08 -2.85153e-11
852 1.03 180 0 -2.23092e-11 2.04315e-07 -1.15975e-10 7.20883e-08 5.01831e-08 -4.86851e-11 1.11705e-10 -1.58628e-08 -5.47169e-11 2.95687e-08 -1.29241e-08 -2.64472e-11
852 1.04 180 0 -2.47437e-11 2.01898e-07 -1.11759e-10 7.01043e-08 4.62863e-08 -4.2983e-11 1.0748e-10 -1.69394e-08 -5.51632e-11 3.20116e-08 -1.23769e-08 -2.48085e-11
852 1.05 180 0 -2.74367e-11 1.98872e-07 -1.08793e-10 6.76681e-08 4.27417e-08 -3.81502e-11 1.04424e-10 -1.72708e-08 -5.61777e-11 3.35052e-08 -1.18614e-08 -2.34241e-11
852 1.06 180 0 -3.28519e-11 1.95391e-07 -1.09111e-10 6.48947e-08 3.9314e-08 -3.04517e-11 1.02906e-10 -1.71076e-08 -5.76568e-11 3.43756e-08 -1.13643e-08 -2.22736e-11
852 1.07 180 0 -3.62464e-11 1.91489e-07 -1.08022e-10 6.18151e-08 3.58424e-08 -2.60909e-11 1.01324e-10 -1.6574e-08 -5.93468e-11 3.47879e-08 -1.08784e-08 -2.10576e-11
852 1.08 180 0 -4.033e-11 1.87172e-07 -1.07751e-10 5.84365e-08 3.22306e-08 -2.17495e-11 1.00445e-10 -1.57364e-08 -6.15621e-11 3.4833e-08 -1.03959e-08 -2.00865e-11
852 1.09 180 0 -4.73267e-11 1.82417e-07 -1.10541e-10 5.47455e-08 2.83989e-08 -1.42959e-11 1.0085e-10 -1.46287e-08 -6.43e-11 3.45617e-08 -9.90983e-09 -1.92323e-11
852 1.1 180 0 -5.22535e-11 1.77169e-07 -1.1177e-10 5.07071e-08 2.42596e-08 -9.7053e-12 1.01009e-10 -1.32649e-08 -6.7108e-11 3.40001e-08 -9.4157e-09 -1.82859e-11
852 1.11 180 0 -5.81685e-11 1.71371e-07 -1.13883e-10 4.6284e-08 1.97414e-08 -4.67732e-12 1.0176e-10 -1.16474e-08 -7.04456e-11 3.31595e-08 -8.90765e-09 -1.74994e-11
852 1.12 180 0 -6.76727e-11 1.64955e-07 -1.19289e-10 4.14291e-08 1.47708e-08 3.90735e-12 1.03932e-10 -9.76841e-09 -7.46167e-11 3.204e-08 -8.37918e-09 -1.68836e-11
852 1.13 180 0 -7.52713e-11 1.57817e-07 -1.23266e-10 3.60727e-08 9.24718e-09 1.00067e-11 1.05856e-10 -7.60909e-09 -7.88729e-11 3.06294e-08 -7.82528e-09 -1.61271e-11
852 1.14 180 0 -8.44988e-11 1.4985e-07 -1.28492e-10 3.01412e-08 3.07419e-09 1.7114e-11 1.08553e-10 -5.14417e-09 -8.38954e-11 2.89087e-08 -7.23888e-09 -1.55716e-11
852 1.15 180 0 -9.8311e-11 1.40921e-07 -1.37652e-10 2.35425e-08 -3.86407e-09 2.85286e-11 1.12908e-10 -2.33802e-09 -9.00911e-11 2.68486e-08 -6.61135e-09 -1.51022e-11
852 1.16 180 0 -1.11165e-10 1.30849e-07 -1.45894e-10 1.61545e-08 -1.17215e-08 3.82351e-11 1.17319e-10 8.57656e-10 -9.67352e-11 2.44074e-08 -5.93458e-09 -1.46638e-11
852 1.17 180 0 -1.3045e-10 1.19434e-07 -1.59196e-10 7.83695e-09 -2.06672e-08 5.34905e-11 1.23984e-10 4.50266e-09 -1.05273e-10 2.15324e-08 -5.19659e-09 -1.45211e-11
852 1.18 180 0 -1.49054e-10 1.064e-07 -1.72179e-10 -1.59872e-09 -3.09307e-08 6.7504e-11 1.30992e-10 8.67751e-09 -1.14437e-10 1.81516e-08 -4.38412e-09 -1.41746e-11
852 1.19 180 0 -1.72034e-10 9.14099e-08 -1.88415e-10 -1.23864e-08 -4.27926e-08 8.47082e-11 1.39763e-10 1.34848e-08 -1.25422e-10 1.41725e-08 -3.47959e-09 -1.40386e-11
852 1.2 180 0 -2.05537e-10 7.40266e-08 -2.1266e-10 -2.48273e-08 -5.66124e-08 1.10777e-10 1.52207e-10 1.90585e-08 -1.39707e-10 9.47359e-09 -2.4601e-09 -1.42698e-11
852 1.21 180 0 -2.42547e-10 5.3652e-08 -2.39338e-10 -3.9334e-08 -7.28846e-08 1.38691e-10 1.66469e-10 2.5581e-08 -1.56227e-10 3.88836e-09 -1.29702e-09 -1.46832e-11
852 1.22 180 0 -2.96043e-10 2.95021e-08 -2.78355e-10 -5.64489e-08 -9.22541e-08 1.80154e-10 1.86509e-10 3.32959e-08 -1.78161e-10 -2.80537e-09 5.0316e-11 -1.56302e-11
852 1.23 180 0 -3.59062e-10 4.61372e-10 -3.24378e-10 -7.6942e-08 -1.1564e-07 2.28275e-10 2.1064e-10 4.25477e-08 -2.04575e-10 -1.0923e-08 1.63635e-09 -1.67852e-11
852 1.24 180 0 -4.53291e-10 -3.50365e-08 -3.92951e-10 -1.01896e-07 -1.44329e-07 3.01506e-10 2.45567e-10 5.38234e-08 -2.41381e-10 -2.09107e-08 3.54005e-09 -1.9383e-11
852 1.25 180 0 -5.74104e-10 -7.93474e-08 -4.80956e-10 -1.32938e-07 -1.80259e-07 3.94949e-10 2.907e-10 6.78544e-08 -2.88698e-10 -3.34389e-08 5.87776e-09 -2.26813e-11
852 1.26 180 0 -7.50803e-10 -1.36092e-07 -6.09096e-10 -1.7257e-07 -2.26407e-07 5.32454e-10 3.55671e-10 8.57672e-08 -3.55616e-10 -4.95409e-08 8.82965e-09 -2.83098e-11
852 1.27 180 0 -1.03455e-09 -2.11199e-07 -8.13958e-10 -2.24889e-07 -2.87647e-07 7.55974e-10 4.57286e-10 1.09408e-07 -4.57909e-10 -7.091e-08 1.26914e-08 -3.82113e-11
852 1.28 180 0 -1.48064e-09 -3.15125e-07 -1.1343e-09 -2.9712e-07 -3.72573e-07 1.10813e-09 6.15293e-10 1.4203e-07 -6.15505e-10 -1.00532e-07 1.79804e-08 -5.49068e-11
852 1.29 180 0 -2.3088e-09 -4.68028e-07 -1.7254e-09 -4.03193e-07 -4.97754e-07 1.76817e-09 9.01386e-10 1.8991e-07 -8.95853e-10 -1.44166e-07 2.56997e-08 -8.78983e-11
852 1.3 180 0 -3.98202e-09 -7.14746e-07 -2.9118e-09 -5.74089e-07 -7.00048e-07 3.10841e-09 1.46901e-09 2.67007e-07 -1.44585e-09 -2.14623e-07 3.80731e-08 -1.58281e-10
852 1.31 180 0 -8.43906e-09 -1.17859e-06 -6.04993e-09 -8.95016e-07 -1.0808e-06 6.70677e-09 2.94433e-09 4.11715e-07 -2.85412e-09 -3.4714e-07 6.12252e-08 -3.55044e-10
852 1.32 180 0 -2.74242e-08 -2.3681e-06 -1.9317e-08 -1.71737e-06 -2.05803e-06 2.21419e-08 9.07847e-09 7.82373e-07 -8.62813e-09 -6.87037e-07 1.20399e-07 -1.23304e-09
852 1.33 180 0 -5.78442e-07 -1.20212e-05 -4.01146e-07 -8.38784e-06 -9.99193e-06 4.73596e-07 1.82239e-07 3.7879e-06 -1.6909e-07 -3.44557e-06 5.99506e-07 -2.78638e-08
852 1.34 180 0 -9.02466e-08 5.1803e-06 -6.17291e-08 3.49784e-06 4.14742e-06 7.48463e-08 2.71211e-08 -1.5675e-06 -2.4413e-08 1.46993e-06 -2.5422e-07 -4.68451e-09
852 1.35 180 0 -1.60628e-08 2.37186e-06 -1.08516e-08 1.55675e-06 1.8395e-06 1.3483e-08 4.60709e-09 -6.9264e-07 -4.0019e-09 6.67405e-07 -1.14604e-07 -8.96757e-10
852 1.36 180 0 -6.57688e-09 1.62924e-06 -4.39433e-09 1.04318e-06 1.2296e-06 5.58262e-09 1.80253e-09 -4.61089e-07 -1.50212e-09 4.5517e-07 -7.76115e-08 -3.94451e-10
852 1.37 180 0 -3.57926e-09 1.28635e-06 -2.36776e-09 8.05844e-07 9.48256e-07 3.07303e-09 9.35371e-10 -3.5401e-07 -7.41156e-10 3.57149e-07 -6.04713e-08 -2.29752e-10
852 1.38 180 0 -2.27651e-09 1.08914e-06 -1.49228e-09 6.69173e-07 7.86654e-07 1.97629e-09 5.66564e-10 -2.92291e-07 -4.2343e-10 3.00748e-07 -5.05691e-08 -1.56007e-10
852 1.39 180 0 -1.58799e-09 9.61188e-07 -1.0322e-09 5.8036e-07 6.81975e-07 1.39488e-09 3.74543e-10 -2.52134e-07 -2.60637e-10 2.64127e-07 -4.41069e-08 -1.15486e-10
852 1.4 180 0 -1.1725e-09 8.71561e-07 -7.5596e-10 5.18035e-07 6.088e-07 1.04458e-09 2.58848e-10 -2.23911e-07 -1.63434e-10 2.38451e-07 -3.9549e-08 -9.02568e-11
852 1.41 180 0 -9.09241e-10 8.05369e-07 -5.81488e-10 4.71907e-07 5.54885e-07 8.22919e-10 1.85401e-10 -2.02983e-07 -1.02667e-10 2.19465e-07 -3.61568e-08 -7.36463e-11
852 1.42 180 0 -7.29484e-10 7.54546e-07 -4.6267e-10 4.36401e-07 5.13601e-07 6.73161e-10 1.33852e-10 -1.86841e-07 -6.0056e-11 2.04865e-07 -3.35289e-08 -6.17464e-11
852 1.43 180 0 -6.00434e-10 7.14344e-07 -3.77487e-10 4.08236e-07 4.81045e-07 5.68154e-10 9.45407e-11 -1.74005e-07 -2.70531e-11 1.93294e-07 -3.14294e-08 -5.27049e-11
852 1.44 180 0 -5.02325e-10 6.81789e-07 -3.12654e-10 3.85358e-07 4.54772e-07 4.92514e-10 6.07479e-11 -1.6355e-07 2.63622e-12 1.83904e-07 -2.97103e-08 -4.5721e-11
852 1.45 180 0 -4.28688e-10 6.54922e-07 -2.63594e-10 3.66413e-07 4.33169e-07 4.40332e-10 3.07613e-11 -1.54868e-07 3.00418e-11 1.76136e-07 -2.82749e-08 -3.99944e-11
852 1.46 180 0 -3.70467e-10 6.32398e-07 -2.24381e-10 3.50472e-07 4.15132e-07 4.06295e-10 8.24754e-14 -1.47542e-07 6.00197e-11 1.69609e-07 -2.70558e-08 -3.50622e-11
852 1.47 180 0 -3.22944e-10 6.13267e-07 -1.91848e-10 3.36877e-07 3.99875e-07 3.89403e-10 -3.53197e-11 -1.41277e-07 9.71732e-11 1.64054e-07 -2.60053e-08 -3.05486e-11
852 1.48 180 0 -2.82915e-10 5.96835e-07 -1.63589e-10 3.25149e-07 3.86824e-07 3.92602e-10 -8.17294e-11 -1.35862e-07 1.48944e-10 1.59278e-07 -2.50887e-08 -2.6222e-11
852 1.49 180 0 -2.46678e-10 5.82584e-07 -1.36953e-10 3.14931e-07 3.75545e-07 4.26826e-10 -1.53029e-10 -1.31143e-07 2.32731e-10 1.55143e-07 -2.42788e-08 -2.20316e-11
852 1.5 180 0 -2.1362e-10 5.70122e-07 -1.10541e-10 3.05951e-07 3.65693e-07 5.17426e-10 -2.74007e-10 -1.27019e-07 3.79366e-10 1.51567e-07 -2.35554e-08 -1.68904e-11
852 1.51 180 0 -1.78717e-10 5.59144e-07 -7.94335e-11 2.97998e-07 3.56953e-07 7.4837e-10 -5.27711e-10 -1.23451e-07 6.94256e-10 1.48533e-07 -2.28989e-08 -9.91281e-12
852 1.52 180 0 -1.32289e-10 5.4941e-07 -3.19523e-11 2.90902e-07 3.4888e-07 1.47236e-09 -1.25028e-09 -1.20585e-07 1.60648e-09 1.46266e-07 -2.22848e-08 2.01048e-12
852 1.53 180 0 -2.75506e-11 5.40722e-07 8.92018e-11 2.84512e-07 3.39315e-07 5.78319e-09 -5.33471e-09 -1.20157e-07 6.83392e-09 1.47064e-07 -2.16387e-08 3.43129e-11
852 1.54 180 0 -3.48771e-09 5.32357e-07 -4.43406e-09 2.78767e-07 -1.74986e-06 6.72802e-07 -6.08323e-07 -2.02004e-06 7.91635e-07 2.61157e-06 -2.54392e-08 -2.59911e-09
852 1.55 180 0 -3.40103e-10 5.25988e-07 -3.13216e-10 2.73716e-07 3.29379e-07 4.75294e-09 -3.91546e-09 -1.13995e-07 5.24163e-09 1.41204e-07 -2.11952e-08 -8.89252e-11
852 1.56 180 0 -2.51681e-10 5.19651e-07 -2.09075e-10 2.68966e-07 3.2684e-07 1.39125e-09 -9.75491e-10 -1.09655e-07 1.36757e-09 1.36629e-07 -2.06869e-08 -5.63388e-11
852 1.57 180 0 -2.15944e-10 5.13905e-07 -1.70063e-10 2.6464e-07 3.22988e-07 7.10974e-10 -4.03874e-10 -1.0717e-07 6.04613e-10 1.34363e-07 -2.02786e-08 -4.55e-11
852 1.58 180 0 -1.94745e-10 5.08674e-07 -1.48172e-10 2.60676e-07 3.19294e-07 4.62659e-10 -2.05618e-10 -1.05092e-07 3.35738e-10 1.32553e-07 -1.99156e-08 -3.93995e-11
852 1.59 180 0 -1.79901e-10 5.03896e-07 -1.33467e-10 2.57028e-07 3.15901e-07 3.41985e-10 -1.1491e-10 -1.03223e-07 2.10402e-10 1.30956e-07 -1.95835e-08 -3.54817e-11
852 1.6 180 0 -1.68469e-10 4.99518e-07 -1.22625e-10 2.53662e-07 3.12809e-07 2.73066e-10 -6.65819e-11 -1.01507e-07 1.4226e-10 1.29504e-07 -1.9276e-08 -3.27211e-11
852 1.61 180 0 -1.59236e-10 4.95498e-07 -1.14267e-10 2.50545e-07 3.09998e-07 2.28897e-10 -3.7674e-11 -9.99142e-08 1.00767e-10 1.28165e-07 -1.8989e-08 -3.08318e-11
852 1.62 180 0 -1.51489e-10 4.91795e-07 -1.07366e-10 2.4765e-07 3.07441e-07 1.98976e-10 -1.988e-11 -9.84276e-08 7.4389e-11 1.26921e-07 -1.87202e-08 -2.91769e-11
852 1.63 180 0 -1.44985e-10 4.88378e-07 -1.01572e-10 2.44956e-07 3.05114e-07 1.77296e-10 -8.11701e-12 -9.70342e-08 5.63207e-11 1.25761e-07 -1.84674e-08 -2.77769e-11
852 1.64 180 0 -1.39146e-10 4.85218e-07 -9.67291e-11 2.42442e-07 3.02994e-07 1.60629e-10 2.96631e-13 -9.57237e-08 4.33254e-11 1.24675e-07 -1.82287e-08 -2.68583e-11
852 1.65 180 0 -1.3422e-10 4.82289e-07 -9.23879e-11 2.4009e-07 3.01063e-07 1.47759e-10 6.01032e-12 -9.44878e-08 3.38135e-11 1.23653e-07 -1.80029e-08 -2.58545e-11
852 1.66 180 0 -1.29708e-10 4.79569e-07 -8.86819e-11 2.37886e-07 2.99303e-07 1.37296e-10 1.03378e-11 -9.33189e-08 2.66098e-11 1.22691e-07 -1.77886e-08 -2.51929e-11
852 1.67 180 0 -1.25737e-10 4.7704e-07 -8.54013e-11 2.35816e-07 2.97697e-07 1.28703e-10 1.35641e-11 -9.22111e-08 2.09894e-11 1.21781e-07 -1.75849e-08 -2.46026e-11
852 1.68 180 0 -1.2221e-10 4.74683e-07 -8.24432e-11 2.33868e-07 2.96232e-07 1.21537e-10 1.59638e-11 -9.11587e-08 1.65464e-11 1.20919e-07 -1.73909e-08 -2.40821e-11
852 1.69 180 0 -1.18996e-10 4.72485e-07 -7.97873e-11 2.32031e-07 2.94895e-07 1.15445e-10 1.77966e-11 -9.01571e-08 1.29956e-11 1.20101e-07 -1.72056e-08 -2.36482e-11
852 1.7 180 0 -1.16065e-10 4.7043e-07 -7.73935e-11 2.30297e-07 2.93675e-07 1.10206e-10 1.92104e-11 -8.92019e-08 1.01126e-11 1.19322e-07 -1.70284e-08 -2.32854e-11
852 1.71 180 0 -1.13358e-10 4.68507e-07 -7.52251e-11 2.28657e-07 2.92563e-07 1.05632e-10 2.03189e-11 -8.82893e-08 7.73738e-12 1.1858e-07 -1.68588e-08 -2.29905e-11
852 1.72 180 0 -1.10882e-10 4.66706e-07 -7.32504e-11 2.27103e-07 2.91549e-07 1.01611e-10 2.11876e-11 -8.7416e-08 5.73771e-12 1.17871e-07 -1.6696e-08 -2.27438e-11
852 1.73 180 0 -1.0865e-10 4.65016e-07 -7.14331e-11 2.25629e-07 2.90625e-07 9.8041e-11 2.18686e-11 -8.6579e-08 3.98729e-12 1.17192e-07 -1.65396e-08 -2.2532e-11
852 1.74 180 0 -1.06611e-10 4.63428e-07 -6.97986e-11 2.24228e-07 2.89785e-07 9.4818e-11 2.24475e-11 -8.57754e-08 2.40494e-12 1.16542e-07 -1.63892e-08 -2.23959e-11
852 1.75 180 0 -1.04793e-10 4.61935e-07 -6.82371e-11 2.22895e-07 2.89021e-07 9.18959e-11 2.28494e-11 -8.50029e-08 9.25174e-13 1.15917e-07 -1.62443e-08 -2.21874e-11
852 1.76 180 0 -1.03214e-10 4.60529e-07 -6.67046e-11 2.21625e-07 2.88328e-07 8.91848e-11 2.31086e-11 -8.42591e-08 -5.67086e-13 1.15316e-07 -1.61044e-08 -2.19344e-11
852 1.77 180 0 -1.02004e-10 4.59204e-07 -6.50415e-11 2.20414e-07 2.87701e-07 8.66342e-11 2.31233e-11 -8.3542e-08 -2.23693e-12 1.14737e-07 -1.5969e-08 -2.14299e-11
852 1.78 180 0 -1.01284e-10 4.57954e-07 -6.29596e-11 2.19256e-07 2.87134e-07 8.41226e-11 2.27336e-11 -8.28493e-08 -4.28415e-12 1.14178e-07 -1.58375e-08 -2.02289e-11
852 1.79 180 0 -9.81889e-11 4.56769e-07 -6.00808e-11 2.18148e-07 2.86616e-07 7.79562e-11 2.44633e-11 -8.21829e-08 -8.31249e-12 1.13642e-07 -1.57113e-08 -1.79117e-11
852 1.8 180 0 -9.53649e-11 4.55651e-07 -5.78008e-11 2.17087e-07 2.86153e-07 7.38209e-11 2.51151e-11 -8.15372e-08 -1.01962e-11 1.13122e-07 -1.55885e-08 -1.7184e-11
852 1.81 180 0 -9.31655e-11 4.54593e-07 -5.58301e-11 2.1607e-07 2.8574e-07 7.07097e-11 2.52508e-11 -8.09112e-08 -1.14678e-11 1.12617e-07 -1.54692e-08 -1.64928e-11
852 1.82 180 0 -9.14296e-11 4.53591e-07 -5.41097e-11 2.15095e-07 2.85371e-07 6.8357e-11 2.50334e-11 -8.03039e-08 -1.23069e-11 1.12128e-07 -1.53532e-08 -1.5798e-11
852 1.83 180 0 -8.99129e-11 4.52642e-07 -5.25338e-11 2.14158e-07 2.85045e-07 6.63697e-11 2.46862e-11 -7.97145e-08 -1.29364e-11 1.11652e-07 -1.52405e-08 -1.5118e-11
852 1.84 180 0 -8.86073e-11 4.5174e-07 -5.11128e-11 2.13258e-07 2.84757e-07 6.47195e-11 2.42428e-11 -7.91417e-08 -1.33913e-11 1.11189e-07 -1.51309e-08 -1.44583e-11
852 1.85 180 0 -8.75083e-11 4.50884e-07 -4.98144e-11 2.12391e-07 2.84505e-07 6.33515e-11 2.37231e-11 -7.85847e-08 -1.37293e-11 1.10739e-07 -1.5024e-08 -1.37983e-11
852 1.86 180 0 -8.66201e-11 4.5007e-07 -4.86574e-11 2.11555e-07 2.84287e-07 6.22479e-11 2.31627e-11 -7.80426e-08 -1.39826e-11 1.103e-07 -1.49199e-08 -1.31439e-11
852 1.87 180 0 -8.59568e-11 4.49295e-07 -4.7631e-11 2.1075e-07 2.841e-07 6.13605e-11 2.25979e-11 -7.75146e-08 -1.42146e-11 1.09871e-07 -1.48184e-08 -1.24921e-11
852 1.88 180 0 -8.56289e-11 4.48558e-07 -4.67405e-11 2.09972e-07 2.83942e-07 6.07118e-11 2.20399e-11 -7.69998e-08 -1.44886e-11 1.09453e-07 -1.47192e-08 -1.18384e-11
852 1.89 180 0 -8.58237e-11 4.47854e-07 -4.58401e-11 2.09221e-07 2.83812e-07 6.02838e-11 2.14558e-11 -7.64976e-08 -1.49237e-11 1.09045e-07 -1.46223e-08 -1.12179e-11
852 1.9 180 0 -8.58397e-11 4.47183e-07 -4.49758e-11 2.08495e-07 2.83706e-07 5.99278e-11 2.08841e-11 -7.60075e-08 -1.51605e-11 1.08645e-07 -1.45276e-08 -1.0733e-11
852 1.91 180 0 -8.57443e-11 4.46542e-07 -4.42451e-11 2.07791e-07 2.83624e-07 5.95974e-11 2.03691e-11 -7.55287e-08 -1.53103e-11 1.08254e-07 -1.44351e-08 -1.02762e-11
852 1.92 180 0 -8.57143e-11 4.45929e-07 -4.35404e-11 2.0711e-07 2.83564e-07 5.93193e-11 1.98574e-11 -7.50605e-08 -1.54643e-11 1.07871e-07 -1.43446e-08 -9.81833e-12
852 1.93 180 0 -8.57504e-11 4.45343e-07 -4.28594e-11 2.06449e-07 2.83525e-07 5.90934e-11 1.93466e-11 -7.46026e-08 -1.56219e-11 1.07495e-07 -1.42559e-08 -9.35778e-12
852 1.94 180 0 -8.58551e-11 4.44781e-07 -4.21997e-11 2.05808e-07 2.83505e-07 5.89204e-11 1.88341e-11 -7.41542e-08 -1.57838e-11 1.07126e-07 -1.41691e-08 -8.89212e-12
852 1.95 180 0 -8.60334e-11 4.44243e-07 -4.15584e-11 2.05186e-07 2.83502e-07 5.88023e-11 1.83161e-11 -7.37151e-08 -1.59509e-11 1.06764e-07 -1.40839e-08 -8.41799e-12
852 1.96 180 0 -8.62945e-11 4.43726e-07 -4.0932e-11 2.04581e-07 2.83516e-07 5.87431e-11 1.77881e-11 -7.32846e-08 -1.61256e-11 1.06408e-07 -1.40004e-08 -7.93041e-12
852 1.97 180 0 -8.66551e-11 4.4323e-07 -4.03159e-11 2.03993e-07 2.83546e-07 5.87506e-11 1.72424e-11 -7.28625e-08 -1.63118e-11 1.06058e-07 -1.39185e-08 -7.42132e-12
852 1.98 180 0 -8.71489e-11 4.42753e-07 -3.97022e-11 2.0342e-07 2.83591e-07 5.88413e-11 1.66655e-11 -7.24483e-08 -1.65176e-11 1.05713e-07 -1.3838e-08 -6.87583e-12
852 1.99 180 0 -8.78607e-11 4.42294e-07 -3.9074e-11 2.02862e-07 2.83649e-07 5.9058e-11 1.60247e-11 -7.20417e-08 -1.67625e-11 1.05374e-07 -1.3759e-08 -6.25798e-12
852 2 180 0 -8.96611e-11 4.41852e-07 -3.827e-11 2.02318e-07 2.83719e-07 5.98453e-11 1.49977e-11 -7.16422e-08 -1.7248e-11 1.05039e-07 -1.36813e-08 -5.21193e-12
