852 0 260 0 0 0 0 0 2.93297e-08 -1.48636e-07 4.60701e-08 -5.82666e-08 -5.42185e-08 1.24648e-07 0 0
852 0.01 260 0 -8.44027e-10 1.7189e-09 -3.89377e-10 6.34043e-10 2.92865e-08 -1.48615e-07 4.60507e-08 -5.82687e-08 -5.41838e-08 1.2465e-07 6.5754e-11 -2.13545e-10
852 0.02 260 0 -1.68483e-09 3.43749e-09 -7.77228e-10 1.26805e-09 2.91569e-08 -1.48551e-07 4.59926e-08 -5.82748e-08 -5.40796e-08 1.24654e-07 1.31357e-10 -4.27021e-10
852 0.03 260 0 -2.51918e-09 5.15547e-09 -1.16203e-09 1.90199e-09 2.89412e-08 -1.48443e-07 4.58957e-08 -5.82849e-08 -5.39059e-08 1.24662e-07 1.96657e-10 -6.4036e-10
852 0.04 260 0 -3.34385e-09 6.87247e-09 -1.54224e-09 2.53581e-09 2.86396e-08 -1.48292e-07 4.576e-08 -5.82987e-08 -5.36627e-08 1.24673e-07 2.61504e-10 -8.53494e-10
852 0.05 260 0 -4.15563e-09 8.58814e-09 -1.91636e-09 3.16943e-09 2.82527e-08 -1.48097e-07 4.55856e-08 -5.83159e-08 -5.335e-08 1.24686e-07 3.25747e-10 -1.06635e-09
852 0.06 260 0 -4.95132e-09 1.0302e-08 -2.28285e-09 3.80276e-09 2.77811e-08 -1.47857e-07 4.53723e-08 -5.83362e-08 -5.29677e-08 1.247e-07 3.89239e-10 -1.27887e-09
852 0.07 260 0 -5.72772e-09 1.20137e-08 -2.64021e-09 4.43568e-09 2.72254e-08 -1.47572e-07 4.51202e-08 -5.83591e-08 -5.25157e-08 1.24714e-07 4.51828e-10 -1.49098e-09
852 0.08 260 0 -6.48167e-09 1.37225e-08 -2.98693e-09 5.06802e-09 2.65867e-08 -1.47239e-07 4.48292e-08 -5.8384e-08 -5.19941e-08 1.24728e-07 5.1337e-10 -1.70262e-09
852 0.09 260 0 -7.20997e-09 1.54278e-08 -3.32163e-09 5.69958e-09 2.58655e-08 -1.46859e-07 4.45001e-08 -5.84103e-08 -5.14028e-08 1.2474e-07 5.7376e-10 -1.91379e-09
852 0.1 260 0 -7.90973e-09 1.7129e-08 -3.64251e-09 6.33005e-09 2.50632e-08 -1.4643e-07 4.41312e-08 -5.84372e-08 -5.07423e-08 1.24748e-07 6.32755e-10 -2.12423e-09
852 0.11 260 0 -8.57745e-09 1.88251e-08 -3.94832e-09 6.95919e-09 2.41821e-08 -1.45949e-07 4.37237e-08 -5.84639e-08 -5.00115e-08 1.24752e-07 6.90287e-10 -2.33404e-09
852 0.12 260 0 -9.21024e-09 2.05152e-08 -4.23757e-09 7.58662e-09 2.3223e-08 -1.45416e-07 4.32772e-08 -5.84896e-08 -4.9211e-08 1.2475e-07 7.46186e-10 -2.54313e-09
852 0.13 260 0 -9.80506e-09 2.21981e-08 -4.50878e-09 8.21186e-09 2.21877e-08 -1.44828e-07 4.2792e-08 -5.85131e-08 -4.83408e-08 1.24739e-07 8.00326e-10 -2.75142e-09
852 0.14 260 0 -1.03589e-08 2.38727e-08 -4.76073e-09 8.83448e-09 2.10777e-08 -1.44185e-07 4.22688e-08 -5.85336e-08 -4.74012e-08 1.24718e-07 8.5262e-10 -2.95898e-09
852 0.15 260 0 -1.08689e-08 2.55375e-08 -4.99164e-09 9.45376e-09 1.9896e-08 -1.43483e-07 4.17062e-08 -5.85496e-08 -4.63923e-08 1.24684e-07 9.02817e-10 -3.16549e-09
852 0.16 260 0 -1.13325e-08 2.71911e-08 -5.20024e-09 1.0069e-08 1.86437e-08 -1.42721e-07 4.1105e-08 -5.856e-08 -4.53146e-08 1.24635e-07 9.50827e-10 -3.37094e-09
852 0.17 260 0 -1.17463e-08 2.88316e-08 -5.38538e-09 1.06795e-08 1.73247e-08 -1.41895e-07 4.04656e-08 -5.85633e-08 -4.41677e-08 1.24569e-07 9.96539e-10 -3.57545e-09
852 0.18 260 0 -1.21078e-08 3.0457e-08 -5.5459e-09 1.12845e-08 1.59409e-08 -1.41006e-07 3.97889e-08 -5.85583e-08 -4.29525e-08 1.24482e-07 1.03988e-09 -3.77901e-09
852 0.19 260 0 -1.24147e-08 3.20654e-08 -5.68013e-09 1.18829e-08 1.44958e-08 -1.40049e-07 3.90737e-08 -5.85433e-08 -4.16694e-08 1.24372e-07 1.08059e-09 -3.98129e-09
852 0.2 260 0 -1.26647e-08 3.36545e-08 -5.78697e-09 1.24735e-08 1.29918e-08 -1.39024e-07 3.83208e-08 -5.85165e-08 -4.03197e-08 1.24236e-07 1.11858e-09 -4.18225e-09
852 0.21 260 0 -1.28536e-08 3.52211e-08 -5.8652e-09 1.30554e-08 1.14336e-08 -1.37925e-07 3.75316e-08 -5.84761e-08 -3.8903e-08 1.2407e-07 1.15376e-09 -4.38221e-09
852 0.22 260 0 -1.2982e-08 3.67634e-08 -5.91433e-09 1.36271e-08 9.82457e-09 -1.36753e-07 3.67056e-08 -5.84209e-08 -3.7421e-08 1.23871e-07 1.18598e-09 -4.58073e-09
852 0.23 260 0 -1.30472e-08 3.82782e-08 -5.93298e-09 1.41871e-08 8.16795e-09 -1.35504e-07 3.58436e-08 -5.83485e-08 -3.58753e-08 1.23636e-07 1.21511e-09 -4.77778e-09
852 0.24 260 0 -1.30463e-08 3.97619e-08 -5.92079e-09 1.47343e-08 6.46908e-09 -1.34177e-07 3.49474e-08 -5.82574e-08 -3.42662e-08 1.23361e-07 1.24111e-09 -4.97376e-09
852 0.25 260 0 -1.29785e-08 4.12114e-08 -5.87636e-09 1.52666e-08 4.73263e-09 -1.32768e-07 3.40163e-08 -5.8145e-08 -3.25958e-08 1.23042e-07 1.2637e-09 -5.16809e-09
852 0.26 260 0 -1.28427e-08 4.26233e-08 -5.79916e-09 1.57823e-08 2.96263e-09 -1.31276e-07 3.30518e-08 -5.80095e-08 -3.08664e-08 1.22675e-07 1.28283e-09 -5.36079e-09
852 0.27 260 0 -1.26369e-08 4.39931e-08 -5.68935e-09 1.62799e-08 1.16513e-09 -1.29698e-07 3.2056e-08 -5.78489e-08 -2.90791e-08 1.22256e-07 1.29843e-09 -5.55235e-09
852 0.28 260 0 -1.23617e-08 4.53175e-08 -5.54565e-09 1.67568e-08 -6.54619e-10 -1.28034e-07 3.10287e-08 -5.76606e-08 -2.72374e-08 1.21782e-07 1.31026e-09 -5.74193e-09
852 0.29 260 0 -1.20152e-08 4.65914e-08 -5.36888e-09 1.72114e-08 -2.49046e-09 -1.2628e-07 2.99729e-08 -5.74427e-08 -2.53427e-08 1.21248e-07 1.3183e-09 -5.93031e-09
852 0.3 260 0 -1.15987e-08 4.78111e-08 -5.15802e-09 1.76412e-08 -4.33659e-09 -1.24437e-07 2.88886e-08 -5.71927e-08 -2.33992e-08 1.20649e-07 1.3223e-09 -6.11661e-09
852 0.31 260 0 -1.11111e-08 4.89713e-08 -4.91426e-09 1.80442e-08 -6.18603e-09 -1.22501e-07 2.77792e-08 -5.69087e-08 -2.14092e-08 1.19982e-07 1.32221e-09 -6.30161e-09
852 0.32 260 0 -1.05546e-08 5.00678e-08 -4.63746e-09 1.84178e-08 -8.03281e-09 -1.20474e-07 2.66459e-08 -5.65881e-08 -1.93776e-08 1.19242e-07 1.31789e-09 -6.48474e-09
852 0.33 260 0 -9.92936e-09 5.10951e-08 -4.32819e-09 1.87594e-08 -9.86858e-09 -1.18353e-07 2.54906e-08 -5.62287e-08 -1.73073e-08 1.18425e-07 1.30907e-09 -6.6659e-09
852 0.34 260 0 -9.23788e-09 5.20487e-08 -3.98777e-09 1.90669e-08 -1.16875e-08 -1.16141e-07 2.43168e-08 -5.58285e-08 -1.52041e-08 1.17528e-07 1.29581e-09 -6.84536e-09
852 0.35 260 0 -8.48145e-09 5.2923e-08 -3.61692e-09 1.93373e-08 -1.34807e-08 -1.13834e-07 2.31261e-08 -5.53851e-08 -1.30716e-08 1.16545e-07 1.27772e-09 -7.02271e-09
852 0.36 260 0 -7.66358e-09 5.37135e-08 -3.21754e-09 1.95685e-08 -1.52417e-08 -1.11438e-07 2.19225e-08 -5.48968e-08 -1.09165e-08 1.15474e-07 1.25487e-09 -7.19829e-09
852 0.37 260 0 -6.78734e-09 5.44148e-08 -2.79121e-09 1.97578e-08 -1.6962e-08 -1.0895e-07 2.07086e-08 -5.43614e-08 -8.74398e-09 1.14311e-07 1.22698e-09 -7.37186e-09
852 0.38 260 0 -5.85608e-09 5.50213e-08 -2.33967e-09 1.99024e-08 -1.86327e-08 -1.06374e-07 1.94876e-08 -5.37772e-08 -6.55974e-09 1.13052e-07 1.19378e-09 -7.54304e-09
852 0.39 260 0 -4.87342e-09 5.55277e-08 -1.8647e-09 1.99997e-08 -2.0246e-08 -1.03713e-07 1.82638e-08 -5.31422e-08 -4.37203e-09 1.11693e-07 1.15521e-09 -7.71213e-09
852 0.4 260 0 -3.84758e-09 5.59314e-08 -1.37093e-09 2.00483e-08 -2.17951e-08 -1.00969e-07 1.70411e-08 -5.24562e-08 -2.18697e-09 1.10234e-07 1.11117e-09 -7.87901e-09
852 0.41 260 0 -2.78231e-09 5.62261e-08 -8.60572e-10 2.00455e-08 -2.32707e-08 -9.81467e-08 1.58235e-08 -5.17173e-08 -1.1697e-11 1.08672e-07 1.06128e-09 -8.04351e-09
852 0.42 260 0 -1.68478e-09 5.6409e-08 -3.3655e-10 1.99893e-08 -2.46653e-08 -9.52509e-08 1.46153e-08 -5.09248e-08 2.14455e-09 1.07005e-07 1.0055e-09 -8.20534e-09
852 0.43 260 0 -5.63427e-10 5.64639e-08 2.00381e-10 1.98731e-08 -2.59688e-08 -9.22823e-08 1.34205e-08 -5.00743e-08 4.27343e-09 1.05222e-07 9.44292e-10 -8.3595e-09
852 0.44 260 0 5.75829e-10 5.63912e-08 7.44315e-10 1.96964e-08 -2.71731e-08 -8.92513e-08 1.22455e-08 -4.91673e-08 6.36507e-09 1.03328e-07 8.77933e-10 -8.50924e-09
852 0.45 260 0 1.72442e-09 5.62031e-08 1.28738e-09 1.94638e-08 -2.82739e-08 -8.61686e-08 1.10949e-08 -4.82085e-08 8.4111e-09 1.01333e-07 8.05109e-10 -8.65877e-09
852 0.46 260 0 2.87326e-09 5.58917e-08 1.82658e-09 1.91722e-08 -2.92634e-08 -8.30397e-08 9.97356e-09 -4.71966e-08 1.04022e-08 9.9234e-08 7.25884e-10 -8.80562e-09
852 0.47 260 0 4.01297e-09 5.54536e-08 2.35737e-09 1.88201e-08 -3.0135e-08 -7.98727e-08 8.88683e-09 -4.6132e-08 1.23288e-08 9.70304e-08 6.40192e-10 -8.94914e-09
852 0.48 260 0 5.13306e-09 5.48904e-08 2.87387e-09 1.84087e-08 -3.08838e-08 -7.66771e-08 7.8399e-09 -4.5017e-08 1.41814e-08 9.47267e-08 5.47568e-10 -9.08949e-09
852 0.49 260 0 6.2237e-09 5.42008e-08 3.37133e-09 1.79375e-08 -3.15042e-08 -7.34628e-08 6.83813e-09 -4.38533e-08 1.59501e-08 9.23253e-08 4.48061e-10 -9.22592e-09
852 0.5 260 0 7.27419e-09 5.33854e-08 3.84376e-09 1.74075e-08 -3.19923e-08 -7.0241e-08 5.88717e-09 -4.26438e-08 1.76252e-08 8.98303e-08 3.41291e-10 -9.35866e-09
852 0.51 260 0 8.27502e-09 5.2445e-08 4.28731e-09 1.68186e-08 -3.23426e-08 -6.70223e-08 4.99153e-09 -4.13901e-08 1.91964e-08 8.72463e-08 2.27436e-10 -9.48609e-09
852 0.52 260 0 9.21159e-09 5.1388e-08 4.69329e-09 1.61758e-08 -3.25575e-08 -6.38181e-08 4.1564e-09 -4.00981e-08 2.06559e-08 8.45823e-08 1.06186e-10 -9.60893e-09
852 0.53 260 0 1.00756e-08 5.02187e-08 5.05712e-09 1.54827e-08 -3.26348e-08 -6.06404e-08 3.38624e-09 -3.87723e-08 2.1995e-08 8.18453e-08 -2.32999e-11 -9.72678e-09
852 0.54 260 0 1.0855e-08 4.89388e-08 5.3736e-09 1.47401e-08 -3.25738e-08 -5.75029e-08 2.6858e-09 -3.74163e-08 2.32037e-08 7.90423e-08 -1.60026e-10 -9.83808e-09
852 0.55 260 0 1.15396e-08 4.75615e-08 5.63708e-09 1.39549e-08 -3.23772e-08 -5.44173e-08 2.05888e-09 -3.60369e-08 2.42752e-08 7.61849e-08 -3.04755e-10 -9.9435e-09
852 0.56 260 0 1.21194e-08 4.60887e-08 5.84222e-09 1.31293e-08 -3.20462e-08 -5.13969e-08 1.51012e-09 -3.46392e-08 2.52016e-08 7.3281e-08 -4.57097e-10 -1.00415e-08
852 0.57 260 0 1.25843e-08 4.45355e-08 5.98414e-09 1.22702e-08 -3.15857e-08 -4.84532e-08 1.04218e-09 -3.32307e-08 2.59779e-08 7.03439e-08 -6.17494e-10 -1.01327e-08
852 0.58 260 0 1.29249e-08 4.29098e-08 6.05859e-09 1.13832e-08 -3.10009e-08 -4.56015e-08 6.58031e-10 -3.18183e-08 2.65965e-08 6.73853e-08 -7.85016e-10 -1.02158e-08
852 0.59 260 0 1.31339e-08 4.12265e-08 6.06168e-09 1.04756e-08 -3.02991e-08 -4.28502e-08 3.58901e-10 -3.04096e-08 2.70557e-08 6.44183e-08 -9.60533e-10 -1.0291e-08
852 0.6 260 0 1.32055e-08 3.94901e-08 5.99096e-09 9.55159e-09 -2.94853e-08 -4.02158e-08 1.47131e-10 -2.90114e-08 2.73492e-08 6.14542e-08 -1.1434e-09 -1.0356e-08
852 0.61 260 0 1.31312e-08 3.77285e-08 5.84233e-09 8.62482e-09 -2.85749e-08 -3.77021e-08 2.12544e-11 -2.76343e-08 2.74797e-08 5.85114e-08 -1.33358e-09 -1.04125e-08
852 0.62 260 0 1.29075e-08 3.59488e-08 5.6144e-09 7.70062e-09 -2.75759e-08 -3.5324e-08 -1.7898e-11 -2.62857e-08 2.74436e-08 5.56026e-08 -1.53044e-09 -1.04581e-08
852 0.63 260 0 1.25318e-08 3.41676e-08 5.30636e-09 6.78757e-09 -2.65005e-08 -3.30878e-08 2.78501e-11 -2.49738e-08 2.72434e-08 5.27424e-08 -1.73399e-09 -1.04921e-08
852 0.64 260 0 1.20022e-08 3.24045e-08 4.91872e-09 5.89636e-09 -2.53625e-08 -3.09998e-08 1.55416e-10 -2.37082e-08 2.68819e-08 4.99464e-08 -1.94399e-09 -1.05157e-08
852 0.65 260 0 1.13196e-08 3.06738e-08 4.45213e-09 5.03532e-09 -2.41755e-08 -2.907e-08 3.62403e-10 -2.24971e-08 2.63618e-08 4.723e-08 -2.15937e-09 -1.05264e-08
852 0.66 260 0 1.04855e-08 2.89953e-08 3.90897e-09 4.21512e-09 -2.29552e-08 -2.7301e-08 6.43733e-10 -2.13496e-08 2.56897e-08 4.46087e-08 -2.37971e-09 -1.05248e-08
852 0.67 260 0 9.50408e-09 2.73846e-08 3.29186e-09 3.44381e-09 -2.1717e-08 -2.56947e-08 9.94422e-10 -2.02731e-08 2.48732e-08 4.20959e-08 -2.60456e-09 -1.05091e-08
852 0.68 260 0 8.38069e-09 2.58552e-08 2.60574e-09 2.72897e-09 -2.04759e-08 -2.4258e-08 1.40869e-09 -1.92753e-08 2.39185e-08 3.97056e-08 -2.83317e-09 -1.0479e-08
852 0.69 260 0 7.12339e-09 2.4436e-08 1.8555e-09 2.08598e-09 -1.92521e-08 -2.29805e-08 1.87729e-09 -1.83654e-08 2.28407e-08 3.74539e-08 -3.06447e-09 -1.04354e-08
852 0.7 260 0 5.74267e-09 2.31377e-08 1.04733e-09 1.51906e-09 -1.80602e-08 -2.1866e-08 2.3935e-09 -1.75485e-08 2.16493e-08 3.53528e-08 -3.29734e-09 -1.03748e-08
852 0.71 260 0 4.24868e-09 2.19776e-08 1.90004e-10 1.03922e-09 -1.69173e-08 -2.09059e-08 2.94682e-09 -1.68319e-08 2.03581e-08 3.34129e-08 -3.53134e-09 -1.03009e-08
852 0.72 260 0 2.65702e-09 2.09722e-08 -7.08357e-10 6.52433e-10 -1.58397e-08 -2.00976e-08 3.52792e-09 -1.622e-08 1.89818e-08 3.16473e-08 -3.76454e-09 -1.02099e-08
852 0.73 260 0 9.82226e-10 2.01364e-08 -1.63792e-09 3.66508e-10 -1.48434e-08 -1.94292e-08 4.12555e-09 -1.57172e-08 1.75372e-08 3.00644e-08 -3.99589e-09 -1.01032e-08
852 0.74 260 0 -7.60071e-10 1.9478e-08 -2.58739e-09 1.85061e-10 -1.39443e-08 -1.88988e-08 4.72852e-09 -1.53271e-08 1.60379e-08 2.86733e-08 -4.22389e-09 -9.98083e-09
852 0.75 260 0 -2.54692e-09 1.90181e-08 -3.54477e-09 1.17162e-10 -1.31556e-08 -1.84779e-08 5.32331e-09 -1.50504e-08 1.45091e-08 2.7479e-08 -4.44716e-09 -9.84414e-09
852 0.76 260 0 -4.34615e-09 1.87543e-08 -4.46847e-09 1.78006e-10 -1.24989e-08 -1.81706e-08 5.87898e-09 -1.4898e-08 1.29815e-08 2.64819e-08 -4.67201e-09 -9.71669e-09
852 0.77 260 0 -6.15643e-09 1.87081e-08 -5.37791e-09 3.59979e-10 -1.197e-08 -1.79438e-08 6.40159e-09 -1.48626e-08 1.14535e-08 2.56884e-08 -4.89839e-09 -9.56901e-09
852 0.78 260 0 -7.94887e-09 1.88813e-08 -6.25372e-09 6.58094e-10 -1.15826e-08 -1.77866e-08 6.87507e-09 -1.49382e-08 9.94998e-09 2.5101e-08 -5.12083e-09 -9.40402e-09
852 0.79 260 0 -9.69907e-09 1.92805e-08 -7.08315e-09 1.07041e-09 -1.13453e-08 -1.76806e-08 7.28737e-09 -1.51201e-08 8.49149e-09 2.47222e-08 -5.33774e-09 -9.22208e-09
852 0.8 260 0 -1.13887e-08 1.99029e-08 -7.85078e-09 1.59516e-09 -1.12716e-08 -1.7614e-08 7.62399e-09 -1.54063e-08 7.09489e-09 2.45517e-08 -5.55075e-09 -9.02685e-09
852 0.81 260 0 -1.29838e-08 2.0765e-08 -8.54196e-09 2.23453e-09 -1.13539e-08 -1.75483e-08 7.87265e-09 -1.57898e-08 5.78579e-09 2.45884e-08 -5.75887e-09 -8.8182e-09
852 0.82 260 0 -1.44628e-08 2.18628e-08 -9.14573e-09 2.98029e-09 -1.15988e-08 -1.74683e-08 8.02264e-09 -1.62629e-08 4.58297e-09 2.48301e-08 -5.96219e-09 -8.59659e-09
852 0.83 260 0 -1.57957e-08 2.32047e-08 -9.64956e-09 3.83146e-09 -1.20062e-08 -1.73512e-08 8.06414e-09 -1.68211e-08 3.50813e-09 2.52815e-08 -6.16066e-09 -8.36207e-09
852 0.84 260 0 -1.69573e-08 2.47935e-08 -1.00443e-08 4.78486e-09 -1.25703e-08 -1.71689e-08 7.98914e-09 -1.7458e-08 2.58131e-09 2.59402e-08 -6.35613e-09 -8.11559e-09
852 0.85 260 0 -1.78958e-08 2.66512e-08 -1.02991e-08 5.85169e-09 -1.33049e-08 -1.69044e-08 7.77174e-09 -1.81814e-08 1.84573e-09 2.6829e-08 -6.5499e-09 -7.85717e-09
852 0.86 260 0 -1.85308e-08 2.87908e-08 -1.03714e-08 7.03245e-09 -1.41823e-08 -1.65267e-08 7.37992e-09 -1.89825e-08 1.3591e-09 2.79464e-08 -6.74277e-09 -7.58499e-09
852 0.87 260 0 -1.88406e-08 3.11937e-08 -1.02642e-08 8.30817e-09 -1.51947e-08 -1.60108e-08 6.81391e-09 -1.98473e-08 1.14252e-09 2.92815e-08 -6.93723e-09 -7.29606e-09
852 0.88 260 0 -1.8765e-08 3.38661e-08 -9.95542e-09 9.67854e-09 -1.63286e-08 -1.53291e-08 6.05556e-09 -2.07736e-08 1.24518e-09 3.084e-08 -7.13481e-09 -6.98655e-09
852 0.89 260 0 -1.82299e-08 3.68188e-08 -9.41781e-09 1.11482e-08 -1.75671e-08 -1.44497e-08 5.08103e-09 -2.17639e-08 1.72981e-09 3.2631e-08 -7.33631e-09 -6.65128e-09
852 0.9 260 0 -1.71468e-08 4.00663e-08 -8.61685e-09 1.27267e-08 -1.89121e-08 -1.33316e-08 3.85521e-09 -2.28282e-08 2.68162e-09 3.46729e-08 -7.5411e-09 -6.28296e-09
852 0.91 260 0 -1.53697e-08 4.36398e-08 -7.48883e-09 1.44389e-08 -2.0297e-08 -1.19435e-08 2.32629e-09 -2.39858e-08 4.21417e-09 3.69855e-08 -7.74835e-09 -5.87354e-09
852 0.92 260 0 -1.27143e-08 4.75803e-08 -5.94624e-09 1.63175e-08 -2.17088e-08 -1.02295e-08 4.05529e-10 -2.52701e-08 6.50309e-09 3.96102e-08 -7.95357e-09 -5.4126e-09
852 0.93 260 0 -8.87733e-09 5.19552e-08 -3.83514e-09 1.84143e-08 -2.30976e-08 -8.12349e-09 -2.05938e-09 -2.67306e-08 9.82677e-09 4.26056e-08 -8.1506e-09 -4.88838e-09
852 0.94 260 0 -3.34335e-09 5.68629e-08 -8.82417e-10 2.07988e-08 -2.43995e-08 -5.51603e-09 -5.348e-09 -2.84333e-08 1.46733e-08 4.60524e-08 -8.33074e-09 -4.28615e-09
852 0.95 260 0 4.90307e-09 6.24018e-08 3.45797e-09 2.35422e-08 -2.54911e-08 -2.32902e-09 -1.00113e-08 -3.04471e-08 2.19765e-08 5.00307e-08 -8.48529e-09 -3.5833e-09
852 0.96 260 0 1.8023e-08 6.84641e-08 1.03476e-08 2.66005e-08 -2.62326e-08 1.67307e-09 -1.72589e-08 -3.27092e-08 3.37908e-08 5.44024e-08 -8.59896e-09 -2.73458e-09
852 0.97 260 0 4.13809e-08 7.33014e-08 2.26558e-08 2.90512e-08 -2.62963e-08 7.03418e-09 -3.009e-08 -3.42048e-08 5.5229e-08 5.74024e-08 -8.62126e-09 -1.62522e-09
852 0.98 260 0 8.79332e-08 6.25783e-08 4.72932e-08 2.32736e-08 -2.39873e-08 1.53545e-08 -5.57018e-08 -2.67386e-08 9.86046e-08 4.49378e-08 -8.22021e-09 2.77483e-11
852 0.99 260 0 1.20985e-07 -3.78196e-08 6.48026e-08 -3.01826e-08 -9.16875e-09 2.38842e-08 -7.27964e-08 3.14748e-08 1.27222e-07 -5.48211e-08 -5.75106e-09 1.38661e-09
852 1 260 0 2.20734e-10 -6.55041e-08 1.12672e-10 -4.56638e-08 2.29511e-08 7.66281e-11 -1.31646e-10 5.15748e-08 2.41997e-10 -9.05517e-08 -5.72384e-09 -3.93083e-12
852 1.01 260 0 1.69629e-11 -2.07387e-08 2.18844e-12 -2.09976e-08 -5.94889e-09 -4.12243e-11 3.7445e-12 1.97227e-08 -1.85732e-12 -3.23001e-08 -4.64517e-09 -3.17209e-12
852 1.02 260 0 -4.79848e-12 -1.16216e-08 -8.92956e-12 -1.60458e-08 -8.52295e-09 -3.39445e-11 1.48411e-11 1.35548e-08 -2.09047e-11 -2.0663e-08 -4.23312e-09 -3.56044e-12
852 1.03 260 0 -1.20434e-11 -7.66847e-09 -1.22849e-11 -1.388e-08 -9.92522e-09 -2.96934e-11 1.81362e-11 1.06566e-08 -2.70365e-11 -1.48647e-08 -3.84743e-09 -3.45733e-12
852 1.04 260 0 -1.58675e-11 -5.84025e-09 -1.38841e-11 -1.28614e-08 -1.09562e-08 -2.59295e-11 1.95001e-11 9.10726e-09 -2.98058e-11 -1.14976e-08 -3.48815e-09 -3.30814e-12
852 1.05 260 0 -1.82748e-11 -5.13561e-09 -1.48177e-11 -1.24498e-08 -1.18581e-08 -2.27993e-11 2.01741e-11 8.26718e-09 -3.13348e-11 -9.42098e-09 -3.1508e-09 -3.17548e-12
852 1.06 260 0 -2.13034e-11 -5.12006e-09 -1.62824e-11 -1.24107e-08 -1.27303e-08 -1.86333e-11 2.1004e-11 7.85587e-09 -3.27122e-11 -8.12981e-09 -2.83057e-09 -3.19123e-12
852 1.07 260 0 -2.28004e-11 -5.58287e-09 -1.68002e-11 -1.26302e-08 -1.3632e-08 -1.60894e-11 2.12008e-11 7.73147e-09 -3.33757e-11 -7.3655e-09 -2.52352e-09 -3.05063e-12
852 1.08 260 0 -2.42815e-11 -6.40456e-09 -1.73595e-11 -1.30439e-08 -1.4592e-08 -1.3709e-11 2.14275e-11 7.81363e-09 -3.40331e-11 -6.9798e-09 -2.22615e-09 -2.94538e-12
852 1.09 260 0 -2.69377e-11 -7.51865e-09 -1.86871e-11 -1.36159e-08 -1.56318e-08 -1.0211e-11 2.20871e-11 8.05537e-09 -3.50848e-11 -6.88377e-09 -1.93528e-09 -2.98011e-12
852 1.1 260 0 -2.85154e-11 -8.89354e-09 -1.93478e-11 -1.43292e-08 -1.6775e-08 -7.98846e-12 2.23699e-11 8.42926e-09 -3.57844e-11 -7.02324e-09 -1.64821e-09 -2.88654e-12
852 1.11 260 0 -3.03295e-11 -1.05112e-08 -2.01408e-11 -1.51741e-08 -1.80381e-08 -5.70782e-12 2.27527e-11 8.9185e-09 -3.6632e-11 -7.36315e-09 -1.36224e-09 -2.81736e-12
852 1.12 260 0 -3.35559e-11 -1.23661e-08 -2.1841e-11 -1.6148e-08 -1.94376e-08 -2.2123e-12 2.3699e-11 9.51389e-09 -3.80759e-11 -7.88194e-09 -1.07475e-09 -2.90415e-12
852 1.13 260 0 -3.59035e-11 -1.44701e-08 -2.29765e-11 -1.72572e-08 -2.09989e-08 2.42064e-13 2.43405e-11 1.02136e-08 -3.9276e-11 -8.5701e-09 -7.83048e-10 -2.87092e-12
852 1.14 260 0 -3.87241e-11 -1.68382e-08 -2.43881e-11 -1.85101e-08 -2.27444e-08 2.94888e-12 2.51891e-11 1.10189e-08 -4.07685e-11 -9.4238e-09 -4.8424e-10 -2.87719e-12
852 1.15 260 0 -4.31946e-11 -1.94953e-08 -2.67887e-11 -1.99207e-08 -2.47019e-08 7.05801e-12 2.66442e-11 1.1936e-08 -4.29644e-11 -1.04463e-08 -1.7507e-10 -3.02754e-12
852 1.16 260 0 -4.71274e-11 -2.24815e-08 -2.88346e-11 -2.15107e-08 -2.69097e-08 1.04281e-11 2.79464e-11 1.29759e-08 -4.51079e-11 -1.16489e-08 1.48097e-10 -3.09134e-12
852 1.17 260 0 -5.31859e-11 -2.5843e-08 -3.21172e-11 -2.33057e-08 -2.94091e-08 1.55333e-11 3.00312e-11 1.41534e-08 -4.82188e-11 -1.30475e-08 4.89622e-10 -3.33761e-12
852 1.18 260 0 -5.89022e-11 -2.96473e-08 -3.51804e-11 -2.53426e-08 -3.22578e-08 2.00565e-11 3.20578e-11 1.54904e-08 -5.14013e-11 -1.46681e-08 8.5473e-10 -3.50029e-12
852 1.19 260 0 -6.58975e-11 -3.39786e-08 -3.89432e-11 -2.76677e-08 -3.55259e-08 2.5457e-11 3.4574e-11 1.70154e-08 -5.52974e-11 -1.65457e-08 1.25004e-09 -3.73472e-12
852 1.2 260 0 -7.61823e-11 -3.89468e-08 -4.45929e-11 -3.03414e-08 -3.93034e-08 3.34841e-11 3.83013e-11 1.87663e-08 -6.07454e-11 -1.87273e-08 1.68383e-09 -4.21143e-12
852 1.21 260 0 -8.73005e-11 -4.4706e-08 -5.06547e-11 -3.34479e-08 -4.37159e-08 4.18242e-11 4.24022e-11 2.07958e-08 -6.68842e-11 -2.12799e-08 2.16704e-09 -4.67993e-12
852 1.22 260 0 -1.0337e-10 -5.14574e-08 -5.95039e-11 -3.70978e-08 -4.89259e-08 5.40412e-11 4.83133e-11 2.31742e-08 -7.54174e-11 -2.42927e-08 2.71424e-09 -5.4886e-12
852 1.23 260 0 -1.22013e-10 -5.94903e-08 -6.97292e-11 -4.14495e-08 -5.5167e-08 6.78807e-11 5.52478e-11 2.6002e-08 -8.55501e-11 -2.78948e-08 3.34563e-09 -6.37975e-12
852 1.24 260 0 -1.49659e-10 -6.92104e-08 -8.49718e-11 -4.67256e-08 -6.27653e-08 8.87041e-11 6.54701e-11 2.94213e-08 -1.0009e-10 -3.22681e-08 4.08982e-09 -7.87583e-12
852 1.25 260 0 -1.84664e-10 -8.123e-08 -1.04228e-10 -5.32615e-08 -7.22135e-08 1.14773e-10 7.84794e-11 3.36459e-08 -1.18665e-10 -3.76884e-08 4.98929e-09 -9.73294e-12
852 1.26 260 0 -2.35282e-10 -9.64903e-08 -1.32091e-10 -6.15733e-08 -8.42679e-08 1.52649e-10 9.72407e-11 3.90053e-08 -1.45161e-10 -4.45798e-08 6.10955e-09 -1.25386e-11
852 1.27 260 0 -3.15715e-10 -1.16534e-07 -1.76417e-10 -7.25063e-08 -1.00167e-07 2.13583e-10 1.26812e-10 4.60397e-08 -1.8624e-10 -5.3639e-08 7.55772e-09 -1.72436e-11
852 1.28 260 0 -4.40506e-10 -1.44081e-07 -2.45095e-10 -8.75521e-08 -1.22098e-07 3.08311e-10 1.72579e-10 5.57017e-08 -2.49495e-10 -6.6095e-08 9.52212e-09 -2.46473e-11
852 1.29 260 0 -6.69444e-10 -1.84379e-07 -3.71094e-10 -1.09586e-07 -1.54273e-07 4.84096e-10 2.55835e-10 6.98289e-08 -3.62995e-10 -8.43187e-08 1.23663e-08 -3.87432e-11
852 1.3 260 0 -1.12597e-09 -2.49098e-07 -6.22053e-10 -1.45005e-07 -2.06068e-07 8.37074e-10 4.20854e-10 9.25087e-08 -5.86027e-10 -1.13585e-07 1.68981e-08 -6.74344e-11
852 1.31 260 0 -2.32664e-09 -3.70334e-07 -1.2816e-09 -2.11402e-07 -3.03261e-07 1.77559e-09 8.50965e-10 1.34983e-07 -1.16011e-09 -1.68402e-07 2.53394e-08 -1.45085e-10
852 1.32 260 0 -7.37263e-09 -6.80462e-07 -4.05057e-09 -3.8133e-07 -5.52173e-07 5.76116e-09 2.6423e-09 2.43613e-07 -3.52251e-09 -3.08607e-07 4.6852e-08 -4.79679e-10
852 1.33 260 0 -1.51658e-07 -3.19366e-06 -8.31227e-08 -1.75872e-06 -2.57057e-06 1.21082e-07 5.33143e-08 1.12376e-06 -6.94365e-08 -1.44468e-06 2.20787e-07 -1.03001e-08
852 1.34 260 0 -2.30712e-08 1.28339e-06 -1.2621e-08 6.95206e-07 1.02552e-06 1.87981e-08 7.96303e-09 -4.44245e-07 -1.01062e-08 5.79072e-07 -8.90173e-08 -1.64218e-09
852 1.35 260 0 -4.00327e-09 5.51859e-07 -2.18601e-09 2.94285e-07 4.38122e-07 3.32643e-09 1.35594e-09 -1.87993e-07 -1.67387e-09 2.48376e-07 -3.83245e-08 -2.98716e-10
852 1.36 260 0 -1.59779e-09 3.58058e-07 -8.71082e-10 1.88115e-07 2.82625e-07 1.35295e-09 5.31003e-10 -1.20105e-07 -6.36214e-10 1.60749e-07 -2.48687e-08 -1.25014e-10
852 1.37 260 0 -8.47252e-10 2.68311e-07 -4.61275e-10 1.38978e-07 2.10699e-07 7.31643e-10 2.75727e-10 -8.86651e-08 -3.19263e-10 1.20156e-07 -1.86185e-08 -6.96342e-11
852 1.38 260 0 -5.24942e-10 2.16485e-07 -2.85433e-10 1.10627e-07 1.69227e-07 4.62364e-10 1.66989e-10 -7.05096e-08 -1.86178e-10 9.67034e-08 -1.49956e-08 -4.52893e-11
852 1.39 260 0 -3.5659e-10 1.82689e-07 -1.93668e-10 9.21588e-08 1.42231e-07 3.20806e-10 1.10448e-10 -5.86703e-08 -1.17816e-10 8.14002e-08 -1.26225e-08 -3.22754e-11
852 1.4 260 0 -2.56156e-10 1.58872e-07 -1.38991e-10 7.91603e-08 1.23247e-07 2.36317e-10 7.66148e-11 -5.03276e-08 -7.71577e-11 7.06077e-08 -1.09417e-08 -2.44017e-11
852 1.41 260 0 -1.93177e-10 1.41158e-07 -1.04721e-10 6.95068e-08 1.0916e-07 1.83289e-10 5.52941e-11 -4.41238e-08 -5.17572e-11 6.25735e-08 -9.68486e-09 -1.93294e-11
852 1.42 260 0 -1.50605e-10 1.27446e-07 -8.15672e-11 6.20476e-08 9.82848e-08 1.47798e-10 4.0584e-11 -3.93235e-08 -3.42019e-11 5.6349e-08 -8.70659e-09 -1.58292e-11
852 1.43 260 0 -1.20331e-10 1.16503e-07 -6.51183e-11 5.61054e-08 8.96282e-08 1.23183e-10 2.96907e-11 -3.54938e-08 -2.1008e-11 5.13757e-08 -7.92124e-09 -1.32897e-11
852 1.44 260 0 -9.7505e-11 1.07553e-07 -5.27373e-11 5.12558e-08 8.25687e-08 1.05743e-10 2.07699e-11 -3.23637e-08 -9.76087e-12 4.73039e-08 -7.27511e-09 -1.13901e-11
852 1.45 260 0 -8.0464e-11 1.00086e-07 -4.34885e-11 4.72195e-08 7.66967e-08 9.39229e-11 1.3308e-11 -2.97547e-08 5.38689e-14 4.39036e-08 -6.73292e-09 -9.92547e-12
852 1.46 260 0 -6.70436e-11 9.37534e-08 -3.62074e-11 4.38048e-08 7.1731e-08 8.64996e-11 6.21903e-12 -2.75446e-08 1.00245e-11 4.10172e-08 -6.27035e-09 -8.76297e-12
852 1.47 260 0 -5.6105e-11 8.8307e-08 -3.02816e-11 4.08758e-08 6.74723e-08 8.32585e-11 -1.35115e-12 -2.56469e-08 2.15083e-11 3.85333e-08 -5.87018e-09 -7.81624e-12
852 1.48 260 0 -4.68441e-11 8.35666e-08 -2.52694e-11 3.83337e-08 6.37749e-08 8.49497e-11 -1.0597e-11 -2.3999e-08 3.65576e-11 3.63718e-08 -5.51983e-09 -7.02948e-12
852 1.49 260 0 -3.83663e-11 7.93975e-08 -2.0707e-11 3.61047e-08 6.05287e-08 9.43447e-11 -2.4059e-11 -2.25551e-08 5.97847e-11 3.44744e-08 -5.20985e-09 -6.39025e-12
852 1.5 260 0 -3.03938e-11 7.56978e-08 -1.64113e-11 3.41329e-08 5.76468e-08 1.17587e-10 -4.60245e-11 -2.12826e-08 9.90761e-11 3.2801e-08 -4.93303e-09 -5.80844e-12
852 1.51 260 0 -2.15609e-11 7.23882e-08 -1.16646e-11 3.23747e-08 5.50516e-08 1.75304e-10 -9.10523e-11 -2.01629e-08 1.81435e-10 3.1333e-08 -4.68346e-09 -5.27432e-12
852 1.52 260 0 -8.98702e-12 6.94064e-08 -4.93866e-12 3.07958e-08 5.26359e-08 3.53439e-10 -2.17619e-10 -1.92109e-08 4.15639e-10 3.01119e-08 -4.45571e-09 -4.73184e-12
852 1.53 260 0 2.14103e-11 6.67026e-08 1.12354e-11 2.93679e-08 4.98942e-08 1.4016e-09 -9.27776e-10 -1.87122e-08 1.73668e-09 2.96831e-08 -4.24069e-09 -4.013e-12
852 1.54 260 0 -9.79885e-10 6.39206e-08 -5.45044e-10 2.79822e-08 -4.53703e-07 1.61118e-07 -1.04995e-07 -3.47367e-07 1.95933e-07 6.42783e-07 -4.45247e-09 -1.47582e-10
852 1.55 260 0 -7.46621e-11 6.19758e-08 -3.98247e-11 2.68968e-08 4.6483e-08 1.10927e-09 -6.69547e-10 -1.69827e-08 1.26262e-09 2.72834e-08 -3.92285e-09 -5.77665e-12
852 1.56 260 0 -4.90344e-11 5.98954e-08 -2.6145e-11 2.58105e-08 4.54542e-08 3.12238e-10 -1.647e-10 -1.59038e-08 3.18449e-10 2.56435e-08 -3.75482e-09 -4.80048e-12
852 1.57 260 0 -3.90846e-11 5.79707e-08 -2.08234e-11 2.48107e-08 4.41005e-08 1.52592e-10 -6.7257e-11 -1.51775e-08 1.35467e-10 2.46254e-08 -3.6045e-09 -4.39848e-12
852 1.58 260 0 -3.33939e-11 5.61833e-08 -1.77794e-11 2.38863e-08 4.27877e-08 9.49014e-11 -3.37227e-11 -1.4545e-08 7.20816e-11 2.37526e-08 -3.46605e-09 -4.09813e-12
852 1.59 260 0 -2.95074e-11 5.45176e-08 -1.56935e-11 2.30286e-08 4.15514e-08 6.71384e-11 -1.85347e-11 -1.39685e-08 4.30988e-11 2.29587e-08 -3.33737e-09 -3.86573e-12
852 1.6 260 0 -2.65913e-11 5.29601e-08 -1.41281e-11 2.22302e-08 4.03923e-08 5.14358e-11 -1.05488e-11 -1.34356e-08 2.76657e-11 2.22235e-08 -3.21715e-09 -3.67376e-12
852 1.61 260 0 -2.42761e-11 5.14993e-08 -1.28783e-11 2.14847e-08 3.93053e-08 4.1463e-11 -5.87679e-12 -1.29395e-08 1.8485e-11 2.15367e-08 -3.10445e-09 -3.51596e-12
852 1.62 260 0 -2.23755e-11 5.01254e-08 -1.1855e-11 2.07866e-08 3.82839e-08 3.47669e-11 -3.04145e-12 -1.24758e-08 1.27891e-11 2.08922e-08 -2.99849e-09 -3.36717e-12
852 1.63 260 0 -2.07745e-11 4.88297e-08 -1.09877e-11 2.01313e-08 3.73221e-08 2.9947e-11 -1.20999e-12 -1.20408e-08 9.00493e-12 2.02848e-08 -2.89861e-09 -3.23297e-12
852 1.64 260 0 -1.9388e-11 4.76048e-08 -1.02417e-11 1.95147e-08 3.64145e-08 2.62732e-11 4.52314e-14 -1.16317e-08 6.34191e-12 1.9711e-08 -2.80424e-09 -3.12044e-12
852 1.65 260 0 -1.81886e-11 4.64442e-08 -9.58968e-12 1.89331e-08 3.5556e-08 2.34436e-11 8.86373e-13 -1.12459e-08 4.47022e-12 1.91673e-08 -2.71491e-09 -3.01032e-12
852 1.66 260 0 -1.71253e-11 4.53422e-08 -9.01349e-12 1.83835e-08 3.47422e-08 2.11595e-11 1.4814e-12 -1.08814e-08 3.08663e-12 1.86511e-08 -2.63017e-09 -2.91295e-12
852 1.67 260 0 -1.6183e-11 4.42937e-08 -8.49878e-12 1.7863e-08 3.39693e-08 1.92853e-11 1.90099e-12 -1.05363e-08 2.04475e-12 1.816e-08 -2.54967e-09 -2.82084e-12
852 1.68 260 0 -1.53401e-11 4.32942e-08 -8.03512e-12 1.73692e-08 3.32337e-08 1.7723e-11 2.19372e-12 -1.0209e-08 1.25341e-12 1.76918e-08 -2.47306e-09 -2.73325e-12
852 1.69 260 0 -1.45788e-11 4.23399e-08 -7.615e-12 1.68999e-08 3.25323e-08 1.6397e-11 2.39647e-12 -9.89813e-09 6.42534e-13 1.72449e-08 -2.40005e-09 -2.64942e-12
852 1.7 260 0 -1.38881e-11 4.14271e-08 -7.23133e-12 1.64533e-08 3.18624e-08 1.52564e-11 2.5326e-12 -9.60231e-09 1.64579e-13 1.68175e-08 -2.33037e-09 -2.56796e-12
852 1.71 260 0 -1.32571e-11 4.05527e-08 -6.87861e-12 1.60275e-08 3.12216e-08 1.4261e-11 2.61993e-12 -9.32045e-09 -2.16163e-13 1.64081e-08 -2.26379e-09 -2.48809e-12
852 1.72 260 0 -1.26796e-11 3.9714e-08 -6.55139e-12 1.5621e-08 3.06075e-08 1.3384e-11 2.66902e-12 -9.05152e-09 -5.237e-13 1.60155e-08 -2.20009e-09 -2.40826e-12
852 1.73 260 0 -1.21493e-11 3.89082e-08 -6.24476e-12 1.52323e-08 3.00183e-08 1.26019e-11 2.68869e-12 -8.79461e-09 -7.78358e-13 1.56386e-08 -2.13908e-09 -2.3273e-12
852 1.74 260 0 -1.16578e-11 3.81332e-08 -5.95499e-12 1.48603e-08 2.9452e-08 1.18957e-11 2.68496e-12 -8.54888e-09 -9.93013e-13 1.52762e-08 -2.08058e-09 -2.24438e-12
852 1.75 260 0 -1.12031e-11 3.73869e-08 -5.6784e-12 1.45038e-08 2.89072e-08 1.12561e-11 2.65893e-12 -8.31359e-09 -1.17533e-12 1.49274e-08 -2.02443e-09 -2.15611e-12
852 1.76 260 0 -1.07777e-11 3.66674e-08 -5.41159e-12 1.41618e-08 2.83823e-08 1.06669e-11 2.6167e-12 -8.08804e-09 -1.3357e-12 1.45913e-08 -1.97049e-09 -2.06363e-12
852 1.77 260 0 -1.03823e-11 3.59729e-08 -5.14698e-12 1.38332e-08 2.78761e-08 1.01189e-11 2.55618e-12 -7.87162e-09 -1.48548e-12 1.42672e-08 -1.91862e-09 -1.95974e-12
852 1.78 260 0 -1.00199e-11 3.5302e-08 -4.87034e-12 1.35173e-08 2.73872e-08 9.60088e-12 2.46947e-12 -7.66374e-09 -1.64031e-12 1.39543e-08 -1.86868e-09 -1.8265e-12
852 1.79 260 0 -9.35175e-12 3.46526e-08 -4.46552e-12 1.3213e-08 2.69137e-08 8.49223e-12 2.58906e-12 -7.4642e-09 -2.15125e-12 1.36527e-08 -1.82066e-09 -1.61482e-12
852 1.8 260 0 -8.80789e-12 3.40243e-08 -4.19867e-12 1.292e-08 2.64558e-08 7.76832e-12 2.62669e-12 -7.27212e-09 -2.3435e-12 1.33607e-08 -1.77435e-09 -1.53574e-12
852 1.81 260 0 -8.35424e-12 3.34157e-08 -3.96758e-12 1.26375e-08 2.60125e-08 7.22143e-12 2.60313e-12 -7.08714e-09 -2.42627e-12 1.30781e-08 -1.72967e-09 -1.46587e-12
852 1.82 260 0 -7.97431e-12 3.28255e-08 -3.7634e-12 1.23648e-08 2.55829e-08 6.79954e-12 2.5396e-12 -6.90885e-09 -2.44434e-12 1.28043e-08 -1.68654e-09 -1.39425e-12
852 1.83 260 0 -7.63416e-12 3.22529e-08 -3.57585e-12 1.21016e-08 2.5166e-08 6.43907e-12 2.4624e-12 -6.73694e-09 -2.43563e-12 1.25389e-08 -1.6449e-09 -1.32311e-12
852 1.84 260 0 -7.33195e-12 3.16969e-08 -3.40437e-12 1.18471e-08 2.47611e-08 6.13223e-12 2.37594e-12 -6.57104e-09 -2.40769e-12 1.22816e-08 -1.60465e-09 -1.25256e-12
852 1.85 260 0 -7.06434e-12 3.11565e-08 -3.24664e-12 1.1601e-08 2.43677e-08 5.86978e-12 2.28372e-12 -6.41086e-09 -2.36786e-12 1.20319e-08 -1.56575e-09 -1.18246e-12
852 1.86 260 0 -6.82984e-12 3.06311e-08 -3.10125e-12 1.13628e-08 2.3985e-08 5.64617e-12 2.1885e-12 -6.2561e-09 -2.32106e-12 1.17894e-08 -1.52811e-09 -1.1136e-12
852 1.87 260 0 -6.62525e-12 3.01198e-08 -2.96445e-12 1.1132e-08 2.36125e-08 5.45329e-12 2.0925e-12 -6.10648e-09 -2.27297e-12 1.15539e-08 -1.49168e-09 -1.04649e-12
852 1.88 260 0 -6.45006e-12 2.96221e-08 -2.83489e-12 1.09084e-08 2.32498e-08 5.29011e-12 1.99673e-12 -5.96177e-09 -2.22453e-12 1.13249e-08 -1.45641e-09 -9.82801e-13
852 1.89 260 0 -6.29862e-12 2.91372e-08 -2.71121e-12 1.06916e-08 2.28963e-08 5.15063e-12 1.90444e-12 -5.82172e-09 -2.17713e-12 1.11023e-08 -1.42224e-09 -9.25319e-13
852 1.9 260 0 -6.14887e-12 2.86645e-08 -2.6086e-12 1.04812e-08 2.25515e-08 5.024e-12 1.82546e-12 -5.68613e-09 -2.12056e-12 1.08857e-08 -1.38913e-09 -8.81266e-13
852 1.91 260 0 -6.00331e-12 2.82036e-08 -2.51483e-12 1.02769e-08 2.22151e-08 4.90365e-12 1.75156e-12 -5.55477e-09 -2.06337e-12 1.06749e-08 -1.35703e-09 -8.4041e-13
852 1.92 260 0 -5.86605e-12 2.77539e-08 -2.42535e-12 1.00785e-08 2.18866e-08 4.79057e-12 1.68028e-12 -5.42747e-09 -2.00853e-12 1.04696e-08 -1.32589e-09 -8.00611e-13
852 1.93 260 0 -5.73668e-12 2.73148e-08 -2.33986e-12 9.88567e-09 2.15658e-08 4.68449e-12 1.61133e-12 -5.30403e-09 -1.95574e-12 1.02697e-08 -1.29568e-09 -7.61763e-13
852 1.94 260 0 -5.61486e-12 2.68861e-08 -2.25807e-12 9.69817e-09 2.12522e-08 4.58517e-12 1.54443e-12 -5.18429e-09 -1.90476e-12 1.00748e-08 -1.26635e-09 -7.23732e-13
852 1.95 260 0 -5.50036e-12 2.64672e-08 -2.17968e-12 9.51578e-09 2.09456e-08 4.49244e-12 1.47928e-12 -5.06809e-09 -1.85537e-12 9.88476e-09 -1.23786e-09 -6.86343e-13
852 1.96 260 0 -5.39312e-12 2.60577e-08 -2.10436e-12 9.33827e-09 2.06457e-08 4.40629e-12 1.4155e-12 -4.95529e-09 -1.80738e-12 9.69946e-09 -1.2102e-09 -6.49356e-13
852 1.97 260 0 -5.2933e-12 2.56573e-08 -2.03172e-12 9.16545e-09 2.03521e-08 4.32692e-12 1.35259e-12 -4.84573e-09 -1.76057e-12 9.51867e-09 -1.18331e-09 -6.12401e-13
852 1.98 260 0 -5.20164e-12 2.52656e-08 -1.96123e-12 8.99711e-09 2.00647e-08 4.25505e-12 1.2897e-12 -4.73929e-09 -1.71464e-12 9.34223e-09 -1.15718e-09 -5.74822e-13
852 1.99 260 0 -5.1205e-12 2.48824e-08 -1.89185e-12 8.83307e-09 1.97832e-08 4.19303e-12 1.22492e-12 -4.63585e-09 -1.66905e-12 9.16999e-09 -1.13177e-09 -5.35075e-13
852 2 260 0 -5.07794e-12 2.45072e-08 -1.81479e-12 8.67318e-09 1.95073e-08 4.16853e-12 1.13957e-12 -4.53528e-09 -1.61867e-12 9.0018e-09 -1.10706e-09 -4.77921e-13
