852 0 170 0 0 0 0 0 -1.68642e-07 -1.10208e-07 -8.67624e-08 -1.27507e-07 1.31629e-07 1.39964e-07 0 0
852 0.01 170 0 4.18372e-10 5.429e-09 2.69651e-10 2.86843e-09 -1.68629e-07 -1.10146e-07 -8.67766e-08 -1.27484e-07 1.31645e-07 1.39938e-07 -1.8151e-10 -1.20635e-10
852 0.02 170 0 8.38465e-10 1.08544e-08 5.4056e-10 5.73437e-09 -1.6859e-07 -1.0996e-07 -8.68192e-08 -1.27417e-07 1.31694e-07 1.3986e-07 -3.6295e-10 -2.41203e-10
852 0.03 170 0 1.26199e-09 1.62725e-08 8.13971e-10 8.59531e-09 -1.68525e-07 -1.09651e-07 -8.689e-08 -1.27306e-07 1.31775e-07 1.39731e-07 -5.44247e-10 -3.6164e-10
852 0.04 170 0 1.69062e-09 2.16796e-08 1.09112e-09 1.14488e-08 -1.68434e-07 -1.09218e-07 -8.69889e-08 -1.27149e-07 1.31889e-07 1.3955e-07 -7.25328e-10 -4.81877e-10
852 0.05 170 0 2.12599e-09 2.70721e-08 1.3732e-09 1.42922e-08 -1.68315e-07 -1.08662e-07 -8.71155e-08 -1.26947e-07 1.32034e-07 1.39317e-07 -9.06118e-10 -6.01848e-10
852 0.06 170 0 2.56971e-09 3.24464e-08 1.66137e-09 1.71231e-08 -1.68167e-07 -1.07983e-07 -8.72694e-08 -1.26699e-07 1.3221e-07 1.3903e-07 -1.08654e-09 -7.215e-10
852 0.07 170 0 3.02328e-09 3.77986e-08 1.95677e-09 1.99389e-08 -1.6799e-07 -1.0718e-07 -8.74502e-08 -1.26405e-07 1.32418e-07 1.3869e-07 -1.26654e-09 -8.40762e-10
852 0.08 170 0 3.4881e-09 4.3125e-08 2.26042e-09 2.2737e-08 -1.67782e-07 -1.06256e-07 -8.76572e-08 -1.26064e-07 1.32655e-07 1.38295e-07 -1.44605e-09 -9.59577e-10
852 0.09 170 0 3.96552e-09 4.84218e-08 2.57328e-09 2.55148e-08 -1.67541e-07 -1.05209e-07 -8.78897e-08 -1.25675e-07 1.32921e-07 1.37845e-07 -1.62499e-09 -1.07789e-09
852 0.1 170 0 4.45682e-09 5.36852e-08 2.89635e-09 2.82697e-08 -1.67266e-07 -1.0404e-07 -8.8147e-08 -1.25239e-07 1.33215e-07 1.3734e-07 -1.80329e-09 -1.19566e-09
852 0.11 170 0 4.963e-09 5.89114e-08 3.23035e-09 3.09991e-08 -1.66955e-07 -1.02752e-07 -8.84276e-08 -1.24753e-07 1.33536e-07 1.36776e-07 -1.98077e-09 -1.31286e-09
852 0.12 170 0 5.48519e-09 6.40963e-08 3.57616e-09 3.37001e-08 -1.66605e-07 -1.01342e-07 -8.87316e-08 -1.24217e-07 1.33883e-07 1.36155e-07 -2.15757e-09 -1.42937e-09
852 0.13 170 0 6.02403e-09 6.92361e-08 3.9343e-09 3.63701e-08 -1.66213e-07 -9.98126e-08 -8.90571e-08 -1.2363e-07 1.34255e-07 1.35474e-07 -2.33349e-09 -1.54518e-09
852 0.14 170 0 6.58027e-09 7.43266e-08 4.30528e-09 3.90062e-08 -1.65778e-07 -9.81644e-08 -8.94031e-08 -1.22992e-07 1.34649e-07 1.34732e-07 -2.50847e-09 -1.66028e-09
852 0.15 170 0 7.15423e-09 7.93639e-08 4.68943e-09 4.16058e-08 -1.65296e-07 -9.63986e-08 -8.97681e-08 -1.223e-07 1.35065e-07 1.33928e-07 -2.68252e-09 -1.7746e-09
852 0.16 170 0 7.74601e-09 8.43439e-08 5.08683e-09 4.41661e-08 -1.64764e-07 -9.45171e-08 -9.01501e-08 -1.21554e-07 1.35499e-07 1.3306e-07 -2.85536e-09 -1.8882e-09
852 0.17 170 0 8.35591e-09 8.92623e-08 5.49781e-09 4.66839e-08 -1.64179e-07 -9.25195e-08 -9.05483e-08 -1.20753e-07 1.3595e-07 1.32127e-07 -3.02721e-09 -2.00093e-09
852 0.18 170 0 8.98358e-09 9.4115e-08 5.92213e-09 4.91565e-08 -1.63538e-07 -9.04083e-08 -9.09603e-08 -1.19895e-07 1.36417e-07 1.31127e-07 -3.19787e-09 -2.11279e-09
852 0.19 170 0 9.62832e-09 9.88978e-08 6.3594e-09 5.1581e-08 -1.62837e-07 -8.8185e-08 -9.13843e-08 -1.1898e-07 1.36896e-07 1.30058e-07 -3.36727e-09 -2.22384e-09
852 0.2 170 0 1.02894e-08 1.03607e-07 6.8091e-09 5.39546e-08 -1.62072e-07 -8.58524e-08 -9.18175e-08 -1.18005e-07 1.37384e-07 1.28919e-07 -3.53528e-09 -2.33413e-09
852 0.21 170 0 1.09663e-08 1.08235e-07 7.27121e-09 5.62729e-08 -1.61238e-07 -8.34109e-08 -9.2258e-08 -1.16969e-07 1.37879e-07 1.27709e-07 -3.7023e-09 -2.44328e-09
852 0.22 170 0 1.16565e-08 1.12783e-07 7.74359e-09 5.85353e-08 -1.60332e-07 -8.08638e-08 -9.27038e-08 -1.15872e-07 1.38378e-07 1.26425e-07 -3.86763e-09 -2.55178e-09
852 0.23 170 0 1.23586e-08 1.17244e-07 8.22543e-09 6.07381e-08 -1.59352e-07 -7.82143e-08 -9.31513e-08 -1.14712e-07 1.38877e-07 1.25066e-07 -4.03145e-09 -2.65958e-09
852 0.24 170 0 1.30709e-08 1.21614e-07 8.71579e-09 6.28779e-08 -1.5829e-07 -7.54638e-08 -9.35983e-08 -1.13488e-07 1.39374e-07 1.23631e-07 -4.19377e-09 -2.76646e-09
852 0.25 170 0 1.37905e-08 1.25889e-07 9.21248e-09 6.49521e-08 -1.57143e-07 -7.26163e-08 -9.40413e-08 -1.12199e-07 1.39863e-07 1.22118e-07 -4.3546e-09 -2.87259e-09
852 0.26 170 0 1.45147e-08 1.30065e-07 9.71368e-09 6.69581e-08 -1.55907e-07 -6.9676e-08 -9.44766e-08 -1.10844e-07 1.4034e-07 1.20525e-07 -4.51372e-09 -2.9781e-09
852 0.27 170 0 1.52401e-08 1.34138e-07 1.02173e-08 6.88927e-08 -1.54577e-07 -6.6645e-08 -9.49013e-08 -1.09421e-07 1.40803e-07 1.18851e-07 -4.67134e-09 -3.08279e-09
852 0.28 170 0 1.59627e-08 1.38104e-07 1.07202e-08 7.07538e-08 -1.53148e-07 -6.35296e-08 -9.53109e-08 -1.0793e-07 1.41245e-07 1.17095e-07 -4.82725e-09 -3.18699e-09
852 0.29 170 0 1.66786e-08 1.4196e-07 1.12201e-08 7.25385e-08 -1.51616e-07 -6.03322e-08 -9.57021e-08 -1.0637e-07 1.41662e-07 1.15257e-07 -4.9816e-09 -3.29048e-09
852 0.3 170 0 1.7383e-08 1.45703e-07 1.17132e-08 7.42448e-08 -1.49976e-07 -5.70597e-08 -9.60697e-08 -1.04741e-07 1.42048e-07 1.13334e-07 -5.13414e-09 -3.39361e-09
852 0.31 170 0 1.80712e-08 1.49329e-07 1.21967e-08 7.587e-08 -1.48223e-07 -5.37157e-08 -9.64104e-08 -1.03042e-07 1.42398e-07 1.11327e-07 -5.28518e-09 -3.49614e-09
852 0.32 170 0 1.87369e-08 1.52835e-07 1.26662e-08 7.74128e-08 -1.46354e-07 -5.03077e-08 -9.67186e-08 -1.01272e-07 1.42707e-07 1.09235e-07 -5.43458e-09 -3.59846e-09
852 0.33 170 0 1.93744e-08 1.5622e-07 1.31176e-08 7.88708e-08 -1.44363e-07 -4.68402e-08 -9.699e-08 -9.94332e-08 1.42968e-07 1.07058e-07 -5.58239e-09 -3.70032e-09
852 0.34 170 0 1.99772e-08 1.59481e-07 1.35462e-08 8.02433e-08 -1.42247e-07 -4.33216e-08 -9.72188e-08 -9.75246e-08 1.43175e-07 1.04797e-07 -5.72856e-09 -3.8022e-09
852 0.35 170 0 2.05385e-08 1.62616e-07 1.39476e-08 8.15286e-08 -1.40002e-07 -3.97573e-08 -9.74005e-08 -9.55472e-08 1.43321e-07 1.02452e-07 -5.87324e-09 -3.90377e-09
852 0.36 170 0 2.1051e-08 1.65626e-07 1.43165e-08 8.27264e-08 -1.37623e-07 -3.61566e-08 -9.75289e-08 -9.3502e-08 1.434e-07 1.00024e-07 -6.01644e-09 -4.00552e-09
852 0.37 170 0 2.15066e-08 1.68508e-07 1.46475e-08 8.38362e-08 -1.35109e-07 -3.25259e-08 -9.75989e-08 -9.13905e-08 1.43405e-07 9.75152e-08 -6.15863e-09 -4.10733e-09
852 0.38 170 0 2.18971e-08 1.71263e-07 1.49348e-08 8.48578e-08 -1.32455e-07 -2.88746e-08 -9.76045e-08 -8.92143e-08 1.43328e-07 9.49275e-08 -6.29892e-09 -4.20913e-09
852 0.39 170 0 2.22138e-08 1.73889e-07 1.51727e-08 8.57897e-08 -1.29659e-07 -2.52131e-08 -9.75388e-08 -8.69754e-08 1.4316e-07 9.22626e-08 -6.43902e-09 -4.31091e-09
852 0.4 170 0 2.24483e-08 1.76395e-07 1.53546e-08 8.6638e-08 -1.2672e-07 -2.15475e-08 -9.73978e-08 -8.46778e-08 1.42899e-07 8.95251e-08 -6.57706e-09 -4.41334e-09
852 0.41 170 0 2.25915e-08 1.78779e-07 1.54745e-08 8.7402e-08 -1.23636e-07 -1.78882e-08 -9.71749e-08 -8.23244e-08 1.42534e-07 8.67181e-08 -6.71452e-09 -4.51609e-09
852 0.42 170 0 2.26343e-08 1.81044e-07 1.55263e-08 8.8084e-08 -1.20407e-07 -1.42462e-08 -9.68639e-08 -7.99189e-08 1.42058e-07 8.38462e-08 -6.85052e-09 -4.61926e-09
852 0.43 170 0 2.25544e-08 1.83185e-07 1.54957e-08 8.86784e-08 -1.17026e-07 -1.06291e-08 -9.64527e-08 -7.74591e-08 1.41456e-07 8.09066e-08 -6.98711e-09 -4.71892e-09
852 0.44 170 0 2.23496e-08 1.85206e-07 1.53801e-08 8.91926e-08 -1.13502e-07 -7.05143e-09 -9.59412e-08 -7.49538e-08 1.40721e-07 7.79108e-08 -7.12305e-09 -4.81596e-09
852 0.45 170 0 2.2022e-08 1.87134e-07 1.51787e-08 8.96419e-08 -1.09838e-07 -3.52558e-09 -9.53269e-08 -7.24162e-08 1.39858e-07 7.48745e-08 -7.25632e-09 -4.91555e-09
852 0.46 170 0 2.15564e-08 1.8897e-07 1.48825e-08 9.0026e-08 -1.06034e-07 -6.09188e-11 -9.46014e-08 -6.98487e-08 1.38857e-07 7.18003e-08 -7.38846e-09 -5.01624e-09
852 0.47 170 0 2.09424e-08 1.90718e-07 1.44838e-08 9.03498e-08 -1.02092e-07 3.33186e-09 -9.37591e-08 -6.72576e-08 1.37709e-07 6.86951e-08 -7.52015e-09 -5.11732e-09
852 0.48 170 0 2.01729e-08 1.92393e-07 1.39777e-08 9.06217e-08 -9.80175e-08 6.6424e-09 -9.2796e-08 -6.4651e-08 1.36409e-07 6.55692e-08 -7.65095e-09 -5.21993e-09
852 0.49 170 0 1.9239e-08 1.94002e-07 1.33583e-08 9.08479e-08 -9.38142e-08 9.8594e-09 -9.17078e-08 -6.20363e-08 1.34952e-07 6.24315e-08 -7.78151e-09 -5.32316e-09
852 0.5 170 0 1.81322e-08 1.95558e-07 1.26197e-08 9.10368e-08 -8.94889e-08 1.29718e-08 -9.04904e-08 -5.94221e-08 1.33332e-07 5.9293e-08 -7.91161e-09 -5.42684e-09
852 0.51 170 0 1.68453e-08 1.97068e-07 1.17569e-08 9.11937e-08 -8.50476e-08 1.59679e-08 -8.91395e-08 -5.68173e-08 1.31543e-07 5.61632e-08 -8.04313e-09 -5.53047e-09
852 0.52 170 0 1.53755e-08 1.98557e-07 1.07672e-08 9.13363e-08 -8.05004e-08 1.88429e-08 -8.76558e-08 -5.42331e-08 1.29586e-07 5.30557e-08 -8.174e-09 -5.63559e-09
852 0.53 170 0 1.37206e-08 2.00036e-07 9.64956e-09 9.14726e-08 -7.58552e-08 2.15868e-08 -8.60373e-08 -5.16793e-08 1.2746e-07 4.99824e-08 -8.30669e-09 -5.74284e-09
852 0.54 170 0 1.18796e-08 2.01524e-07 8.40513e-09 9.16137e-08 -7.11349e-08 2.41842e-08 -8.42813e-08 -4.9171e-08 1.2517e-07 4.69599e-08 -8.4369e-09 -5.86106e-09
852 0.55 170 0 9.84344e-09 2.03033e-07 7.02612e-09 9.1775e-08 -6.63309e-08 2.66351e-08 -8.23911e-08 -4.67143e-08 1.22702e-07 4.39946e-08 -8.5736e-09 -5.97755e-09
852 0.56 170 0 7.61049e-09 2.0458e-07 5.51149e-09 9.19627e-08 -6.14604e-08 2.89281e-08 -8.03656e-08 -4.43201e-08 1.20058e-07 4.11029e-08 -8.71094e-09 -6.09303e-09
852 0.57 170 0 5.18689e-09 2.06185e-07 3.86583e-09 9.21937e-08 -5.65349e-08 3.10624e-08 -7.82091e-08 -4.20007e-08 1.17245e-07 3.82975e-08 -8.85335e-09 -6.20937e-09
852 0.58 170 0 2.57132e-09 2.07865e-07 2.08834e-09 9.24775e-08 -5.15698e-08 3.30275e-08 -7.59229e-08 -3.97678e-08 1.14262e-07 3.55942e-08 -8.99611e-09 -6.32603e-09
852 0.59 170 0 -2.27222e-10 2.09641e-07 1.85321e-10 9.28301e-08 -4.65758e-08 3.48266e-08 -7.35134e-08 -3.7632e-08 1.11119e-07 3.30049e-08 -9.14526e-09 -6.44222e-09
852 0.6 170 0 -3.20992e-09 2.11522e-07 -1.84269e-09 9.32568e-08 -4.157e-08 3.64453e-08 -7.09819e-08 -3.56047e-08 1.07813e-07 3.05458e-08 -9.29564e-09 -6.55702e-09
852 0.61 170 0 -6.35592e-09 2.13543e-07 -3.98185e-09 9.3784e-08 -3.65631e-08 3.78989e-08 -6.83422e-08 -3.36978e-08 1.04364e-07 2.82277e-08 -9.45243e-09 -6.67326e-09
852 0.62 170 0 -9.66336e-09 2.15713e-07 -6.23066e-09 9.44157e-08 -3.15723e-08 3.91768e-08 -6.55976e-08 -3.19214e-08 1.00772e-07 2.60666e-08 -9.61037e-09 -6.78871e-09
852 0.63 170 0 -1.31165e-08 2.18051e-07 -8.57733e-09 9.51668e-08 -2.66104e-08 4.02837e-08 -6.27584e-08 -3.02857e-08 9.70489e-08 2.40731e-08 -9.77281e-09 -6.90336e-09
852 0.64 170 0 -1.67008e-08 2.20577e-07 -1.10114e-08 9.60498e-08 -2.169e-08 4.12277e-08 -5.9835e-08 -2.87991e-08 9.32071e-08 2.22587e-08 -9.94311e-09 -7.01537e-09
852 0.65 170 0 -2.04013e-08 2.23302e-07 -1.35216e-08 9.70734e-08 -1.68274e-08 4.20036e-08 -5.68376e-08 -2.74715e-08 8.92573e-08 2.06361e-08 -1.01157e-08 -7.12737e-09
852 0.66 170 0 -2.4199e-08 2.26244e-07 -1.60941e-08 9.82495e-08 -1.20345e-08 4.26226e-08 -5.37793e-08 -2.63102e-08 8.52138e-08 1.92144e-08 -1.02935e-08 -7.23766e-09
852 0.67 170 0 -2.80737e-08 2.29417e-07 -1.87138e-08 9.95869e-08 -7.32356e-09 4.30915e-08 -5.06731e-08 -2.53217e-08 8.10909e-08 1.80024e-08 -1.04767e-08 -7.34574e-09
852 0.68 170 0 -3.20101e-08 2.32828e-07 -2.1371e-08 1.01088e-07 -2.71058e-09 4.34123e-08 -4.75286e-08 -2.45117e-08 7.68992e-08 1.70115e-08 -1.06655e-08 -7.44773e-09
852 0.69 170 0 -3.5972e-08 2.36497e-07 -2.40378e-08 1.02771e-07 1.80133e-09 4.36069e-08 -4.43689e-08 -2.38846e-08 7.26649e-08 1.62427e-08 -1.08615e-08 -7.54936e-09
852 0.7 170 0 -3.99416e-08 2.40428e-07 -2.67031e-08 1.04633e-07 6.19805e-09 4.36762e-08 -4.12041e-08 -2.34428e-08 6.83997e-08 1.57052e-08 -1.10603e-08 -7.64736e-09
852 0.71 170 0 -4.38912e-08 2.44628e-07 -2.93452e-08 1.06683e-07 1.04732e-08 4.36385e-08 -3.80519e-08 -2.31892e-08 6.41219e-08 1.53995e-08 -1.12691e-08 -7.74144e-09
852 0.72 170 0 -4.77952e-08 2.49098e-07 -3.1946e-08 1.08917e-07 1.46183e-08 4.34988e-08 -3.49277e-08 -2.31226e-08 5.9849e-08 1.53296e-08 -1.14837e-08 -7.83176e-09
852 0.73 170 0 -5.16229e-08 2.53847e-07 -3.44865e-08 1.11338e-07 1.86285e-08 4.32763e-08 -3.18467e-08 -2.32411e-08 5.56007e-08 1.54977e-08 -1.17037e-08 -7.91597e-09
852 0.74 170 0 -5.53578e-08 2.58863e-07 -3.69496e-08 1.13941e-07 2.24914e-08 4.29737e-08 -2.88241e-08 -2.35451e-08 5.13882e-08 1.59036e-08 -1.19351e-08 -7.99132e-09
852 0.75 170 0 -5.89502e-08 2.6416e-07 -3.93066e-08 1.16732e-07 2.62203e-08 4.26219e-08 -2.58804e-08 -2.40255e-08 4.72412e-08 1.65414e-08 -1.2174e-08 -8.058e-09
852 0.76 170 0 -6.2383e-08 2.69721e-07 -4.15432e-08 1.19699e-07 2.98099e-08 4.22255e-08 -2.30281e-08 -2.46762e-08 4.31701e-08 1.7406e-08 -1.24224e-08 -8.11324e-09
852 0.77 170 0 -6.56346e-08 2.75546e-07 -4.3632e-08 1.22844e-07 3.32653e-08 4.18051e-08 -2.02862e-08 -2.54929e-08 3.91899e-08 1.84891e-08 -1.26752e-08 -8.16895e-09
852 0.78 170 0 -6.86674e-08 2.81634e-07 -4.55598e-08 1.26149e-07 3.65853e-08 4.13679e-08 -1.76628e-08 -2.64656e-08 3.5322e-08 1.97957e-08 -1.29287e-08 -8.21918e-09
852 0.79 170 0 -7.14434e-08 2.87975e-07 -4.72959e-08 1.29615e-07 3.97705e-08 4.09238e-08 -1.51805e-08 -2.75913e-08 3.15873e-08 2.13235e-08 -1.31913e-08 -8.26314e-09
852 0.8 170 0 -7.3924e-08 2.9456e-07 -4.88085e-08 1.33229e-07 4.28025e-08 4.0475e-08 -1.28649e-08 -2.88658e-08 2.80141e-08 2.3076e-08 -1.34638e-08 -8.29712e-09
852 0.81 170 0 -7.60703e-08 3.01369e-07 -5.00789e-08 1.36974e-07 4.57259e-08 4.00448e-08 -1.07236e-08 -3.02611e-08 2.46172e-08 2.50244e-08 -1.37477e-08 -8.32411e-09
852 0.82 170 0 -7.78586e-08 3.08384e-07 -5.10931e-08 1.4083e-07 4.85354e-08 3.96401e-08 -8.76775e-09 -3.17662e-08 2.14132e-08 2.71649e-08 -1.40443e-08 -8.34116e-09
852 0.83 170 0 -7.92536e-08 3.15585e-07 -5.18304e-08 1.44777e-07 5.124e-08 3.92656e-08 -7.00912e-09 -3.33653e-08 1.84206e-08 2.94881e-08 -1.43558e-08 -8.34563e-09
852 0.84 170 0 -8.02173e-08 3.22952e-07 -5.22712e-08 1.48798e-07 5.38539e-08 3.89318e-08 -5.45906e-09 -3.50415e-08 1.56613e-08 3.19814e-08 -1.46838e-08 -8.33638e-09
852 0.85 170 0 -8.07244e-08 3.30462e-07 -5.2405e-08 1.52869e-07 5.63649e-08 3.86456e-08 -4.12707e-09 -3.67832e-08 1.31562e-08 3.46433e-08 -1.50304e-08 -8.30582e-09
852 0.86 170 0 -8.07086e-08 3.38093e-07 -5.21968e-08 1.56975e-07 5.88323e-08 3.84071e-08 -3.02214e-09 -3.85649e-08 1.09306e-08 3.74449e-08 -1.5399e-08 -8.25387e-09
852 0.87 170 0 -8.01361e-08 3.45815e-07 -5.16356e-08 1.61094e-07 6.12501e-08 3.82187e-08 -2.15151e-09 -4.03763e-08 9.00992e-09 4.03801e-08 -1.57905e-08 -8.17256e-09
852 0.88 170 0 -7.89559e-08 3.536e-07 -5.07011e-08 1.65206e-07 6.36352e-08 3.80799e-08 -1.52303e-09 -4.22045e-08 7.42451e-09 4.34352e-08 -1.62062e-08 -8.05304e-09
852 0.89 170 0 -7.71095e-08 3.61418e-07 -4.93694e-08 1.69297e-07 6.60078e-08 3.79918e-08 -1.14737e-09 -4.40411e-08 6.21069e-09 4.65938e-08 -1.66454e-08 -7.88574e-09
852 0.9 170 0 -7.45428e-08 3.69239e-07 -4.76194e-08 1.73358e-07 6.8361e-08 3.79767e-08 -1.04494e-09 -4.58884e-08 5.41855e-09 4.98481e-08 -1.7103e-08 -7.65523e-09
852 0.91 170 0 -7.11405e-08 3.7703e-07 -4.53863e-08 1.77387e-07 7.07783e-08 3.79926e-08 -1.23685e-09 -4.77429e-08 5.0937e-09 5.31627e-08 -1.7576e-08 -7.35241e-09
852 0.92 170 0 -6.6803e-08 3.84764e-07 -4.26094e-08 1.81393e-07 7.32717e-08 3.80598e-08 -1.77707e-09 -4.96245e-08 5.31647e-09 5.65271e-08 -1.80518e-08 -6.96202e-09
852 0.93 170 0 -6.13599e-08 3.92428e-07 -3.9171e-08 1.854e-07 7.59052e-08 3.81747e-08 -2.75686e-09 -5.1559e-08 6.19776e-09 5.99247e-08 -1.85155e-08 -6.46982e-09
852 0.94 170 0 -5.45425e-08 4.00038e-07 -3.48724e-08 1.89451e-07 7.87734e-08 3.83624e-08 -4.35211e-09 -5.35832e-08 7.93082e-09 6.33458e-08 -1.89442e-08 -5.86114e-09
852 0.95 170 0 -4.57933e-08 4.07608e-07 -2.92951e-08 1.93593e-07 8.20312e-08 3.84935e-08 -6.88946e-09 -5.57417e-08 1.0848e-08 6.67822e-08 -1.93211e-08 -5.12592e-09
852 0.96 170 0 -3.39664e-08 4.15114e-07 -2.15927e-08 1.97834e-07 8.58707e-08 3.84953e-08 -1.11191e-08 -5.80221e-08 1.57458e-08 7.01717e-08 -1.96217e-08 -4.2423e-09
852 0.97 170 0 -1.61277e-08 4.21823e-07 -9.64695e-09 2.01667e-07 9.05892e-08 3.81757e-08 -1.89354e-08 -5.98981e-08 2.46896e-08 7.28821e-08 -1.98091e-08 -3.14696e-09
852 0.98 170 0 1.52728e-08 4.20804e-07 1.19282e-08 2.00179e-07 9.68494e-08 3.72649e-08 -3.52009e-08 -5.65665e-08 4.30782e-08 6.94507e-08 -1.96882e-08 -1.65597e-09
852 0.99 170 0 4.4958e-08 3.71735e-07 3.23563e-08 1.648e-07 1.07149e-07 3.4231e-08 -4.87655e-08 -2.06601e-08 5.81226e-08 2.88541e-08 -1.82102e-08 -1.65133e-10
852 1 170 0 1.52376e-11 3.61951e-07 -2.07222e-10 1.57058e-07 1.56411e-07 1.37775e-10 9.86944e-11 2.59422e-09 9.70648e-11 -5.3072e-10 -1.8307e-08 -5.30832e-11
852 1.01 170 0 2.29185e-11 3.61819e-07 -1.90053e-10 1.57098e-07 9.88621e-08 -6.97453e-11 1.72116e-10 -2.55081e-08 -2.83385e-11 3.67092e-08 -1.63977e-08 -4.61884e-11
852 1.02 170 0 2.08481e-11 3.60109e-07 -1.76639e-10 1.55344e-07 9.11363e-08 -5.65109e-11 1.57712e-10 -2.97396e-08 -2.55749e-11 4.2945e-08 -1.57415e-08 -4.26171e-11
852 1.03 170 0 2.00839e-11 3.57266e-07 -1.65518e-10 1.52691e-07 8.592e-08 -5.01443e-11 1.47409e-10 -3.1561e-08 -2.48711e-11 4.62332e-08 -1.51913e-08 -3.91806e-11
852 1.04 170 0 1.64375e-11 3.53968e-07 -1.57933e-10 1.49662e-07 8.16491e-08 -4.42095e-11 1.40186e-10 -3.23349e-08 -2.61031e-11 4.82426e-08 -1.46986e-08 -3.65706e-11
852 1.05 170 0 1.20546e-11 3.50356e-07 -1.52868e-10 1.46376e-07 7.77745e-08 -3.91458e-11 1.35206e-10 -3.25025e-08 -2.83521e-11 4.95178e-08 -1.42401e-08 -3.42625e-11
852 1.06 170 0 4.81855e-12 3.46444e-07 -1.52135e-10 1.42853e-07 7.40308e-08 -3.07807e-11 1.32242e-10 -3.22507e-08 -3.09377e-11 5.02939e-08 -1.38002e-08 -3.21364e-11
852 1.07 170 0 -4.45082e-13 3.42186e-07 -1.49993e-10 1.39066e-07 7.02339e-08 -2.61199e-11 1.29643e-10 -3.16704e-08 -3.40847e-11 5.06883e-08 -1.33721e-08 -3.01657e-11
852 1.08 170 0 -6.63202e-12 3.37534e-07 -1.49153e-10 1.34984e-07 6.62711e-08 -2.14163e-11 1.28089e-10 -3.08071e-08 -3.78747e-11 5.07635e-08 -1.29474e-08 -2.85198e-11
852 1.09 170 0 -1.5661e-11 3.32426e-07 -1.52147e-10 1.30566e-07 6.20482e-08 -1.31332e-11 1.27989e-10 -2.96811e-08 -4.19004e-11 5.05514e-08 -1.25179e-08 -2.6805e-11
852 1.1 170 0 -2.25002e-11 3.26774e-07 -1.53275e-10 1.25752e-07 5.74611e-08 -8.07081e-12 1.27807e-10 -2.82971e-08 -4.62058e-11 5.00661e-08 -1.20806e-08 -2.52119e-11
852 1.11 170 0 -3.04759e-11 3.20492e-07 -1.55712e-10 1.20483e-07 5.24235e-08 -2.46447e-12 1.28439e-10 -2.66497e-08 -5.1088e-11 4.93094e-08 -1.16291e-08 -2.37662e-11
852 1.12 170 0 -4.22959e-11 3.13485e-07 -1.62192e-10 1.1469e-07 4.68465e-08 7.27336e-12 1.30599e-10 -2.47244e-08 -5.66261e-11 4.82737e-08 -1.11562e-08 -2.23561e-11
852 1.13 170 0 -5.19713e-11 3.05616e-07 -1.66922e-10 1.08278e-07 4.0609e-08 1.41855e-11 1.32624e-10 -2.24966e-08 -6.23972e-11 4.69411e-08 -1.06583e-08 -2.09519e-11
852 1.14 170 0 -6.36287e-11 2.96747e-07 -1.73351e-10 1.01149e-07 3.35937e-08 2.23133e-11 1.35615e-10 -1.99347e-08 -6.90331e-11 4.52867e-08 -1.01279e-08 -1.97752e-11
852 1.15 170 0 -8.02602e-11 2.86709e-07 -1.84702e-10 9.31816e-08 2.566e-08 3.54712e-11 1.40409e-10 -1.69966e-08 -7.67011e-11 4.32753e-08 -9.55597e-09 -1.84064e-11
852 1.16 170 0 -9.60539e-11 2.75276e-07 -1.94857e-10 8.42164e-08 1.66216e-08 4.67085e-11 1.45381e-10 -1.36266e-08 -8.50623e-11 4.08596e-08 -8.93574e-09 -1.73861e-11
852 1.17 170 0 -1.19202e-10 2.62194e-07 -2.11549e-10 7.40718e-08 6.27293e-09 6.4477e-11 1.52898e-10 -9.75611e-09 -9.53234e-11 3.79802e-08 -8.25438e-09 -1.63315e-11
852 1.18 170 0 -1.41501e-10 2.47123e-07 -2.27742e-10 6.25047e-08 -5.66425e-09 8.08516e-11 1.60884e-10 -5.29389e-09 -1.06353e-10 3.45575e-08 -7.49973e-09 -1.51847e-11
852 1.19 170 0 -1.69007e-10 2.2964e-07 -2.48149e-10 4.92141e-08 -1.95302e-08 1.01037e-10 1.70942e-10 -1.24064e-10 -1.19404e-10 3.04895e-08 -6.65434e-09 -1.41882e-11
852 1.2 170 0 -2.0883e-10 2.09204e-07 -2.78686e-10 3.3813e-08 -3.57611e-08 1.31732e-10 1.85086e-10 5.90439e-09 -1.35911e-10 2.56432e-08 -5.6951e-09 -1.32401e-11
852 1.21 170 0 -2.53055e-10 1.85074e-07 -3.12244e-10 1.57722e-08 -5.49566e-08 1.64723e-10 2.01421e-10 1.29965e-08 -1.55046e-10 1.98367e-08 -4.59525e-09 -1.27647e-11
852 1.22 170 0 -3.16759e-10 1.56276e-07 -3.61552e-10 -5.60395e-09 -7.78985e-08 2.13851e-10 2.24255e-10 2.1426e-08 -1.7996e-10 1.28277e-08 -3.3136e-09 -1.22876e-11
852 1.23 170 0 -3.91886e-10 1.21429e-07 -4.19714e-10 -3.13023e-08 -1.05701e-07 2.71032e-10 2.51869e-10 3.15795e-08 -2.09918e-10 4.27262e-09 -1.79786e-09 -1.20453e-11
852 1.24 170 0 -5.04679e-10 7.85927e-08 -5.06572e-10 -6.27102e-08 -1.39925e-07 3.58263e-10 2.91666e-10 4.40038e-08 -2.51204e-10 -6.31409e-09 3.00006e-11 -1.29294e-11
852 1.25 170 0 -6.4939e-10 2.48479e-08 -6.18129e-10 -1.01912e-07 -1.8292e-07 4.69832e-10 3.43194e-10 5.95193e-08 -3.04122e-10 -1.96621e-08 2.28355e-09 -1.42212e-11
852 1.26 170 0 -8.6183e-10 -4.42894e-08 -7.80837e-10 -1.52114e-07 -2.38294e-07 6.34363e-10 4.1728e-10 7.93899e-08 -3.78592e-10 -3.68953e-08 5.13946e-09 -1.74279e-11
852 1.27 170 0 -1.20404e-09 -1.36163e-07 -1.04118e-09 -2.18563e-07 -3.11957e-07 9.0231e-10 5.32744e-10 1.05687e-07 -4.91683e-10 -5.98557e-08 8.88829e-09 -2.38645e-11
852 1.28 170 0 -1.74407e-09 -2.63722e-07 -1.44888e-09 -3.10514e-07 -4.14327e-07 1.32532e-09 7.12268e-10 1.42058e-07 -6.6556e-10 -9.17898e-08 1.4036e-08 -3.61814e-11
852 1.29 170 0 -2.75043e-09 -4.51931e-07 -2.20192e-09 -4.45809e-07 -5.65493e-07 2.11952e-09 1.03638e-09 1.95547e-07 -9.73579e-10 -1.38962e-07 2.1567e-08 -6.22653e-11
852 1.3 170 0 -4.79187e-09 -7.56321e-07 -3.71529e-09 -6.64131e-07 -8.10134e-07 3.73504e-09 1.6786e-09 2.81809e-07 -1.57667e-09 -2.15305e-07 3.36596e-08 -1.2187e-10
852 1.31 170 0 -1.02522e-08 -1.3296e-06 -7.72266e-09 -1.07462e-06 -1.27112e-06 8.07958e-09 3.34357e-09 4.43913e-07 -3.11665e-09 -3.59137e-07 5.6319e-08 -2.9647e-10
852 1.32 170 0 -3.36107e-08 -2.80157e-06 -2.46852e-08 -2.12736e-06 -2.45521e-06 2.67461e-08 1.02502e-08 8.59465e-07 -9.41728e-09 -7.28499e-07 1.14287e-07 -1.11046e-09
852 1.33 170 0 -7.14744e-07 -1.47552e-05 -5.13509e-07 -1.06707e-05 -1.20729e-05 5.7367e-07 2.04682e-07 4.23052e-06 -1.84115e-07 -3.72816e-06 5.8383e-07 -2.67934e-08
852 1.34 170 0 -1.12382e-07 6.54898e-06 -7.92044e-08 4.5537e-06 5.06898e-06 9.09234e-08 3.03148e-08 -1.77683e-06 -2.64615e-08 1.61777e-06 -2.53002e-07 -4.76893e-09
852 1.35 170 0 -2.0152e-08 3.07208e-06 -1.39645e-08 2.06803e-06 2.2717e-06 1.64275e-08 5.12654e-09 -7.95695e-07 -4.30803e-09 7.45305e-07 -1.16169e-07 -9.56564e-10
852 1.36 170 0 -8.31051e-09 2.15356e-06 -5.67429e-09 1.41081e-06 1.53294e-06 6.82204e-09 1.99773e-09 -5.36172e-07 -1.60216e-09 5.14778e-07 -7.99413e-08 -4.38077e-10
852 1.37 170 0 -4.55459e-09 1.73009e-06 -3.06956e-09 1.10739e-06 1.19251e-06 3.7666e-09 1.03246e-09 -4.16266e-07 -7.80584e-10 4.08458e-07 -6.31713e-08 -2.63194e-10
852 1.38 170 0 -2.91689e-09 1.48704e-06 -1.9431e-09 9.32915e-07 9.97254e-07 2.42957e-09 6.2298e-10 -3.47241e-07 -4.38922e-10 3.474e-07 -5.34971e-08 -1.83443e-10
852 1.39 170 0 -2.04867e-09 1.32975e-06 -1.35039e-09 8.1974e-07 8.71008e-07 1.71985e-09 4.10066e-10 -3.02401e-07 -2.64534e-10 3.07853e-07 -4.71944e-08 -1.38701e-10
852 1.4 170 0 -1.52332e-09 1.21994e-06 -9.9414e-10 7.40492e-07 7.82961e-07 1.29162e-09 2.81712e-10 -2.70944e-07 -1.60715e-10 2.80207e-07 -4.27572e-08 -1.09982e-10
852 1.41 170 0 -1.18979e-09 1.13915e-06 -7.68857e-10 6.81989e-07 7.18269e-07 1.02027e-09 2.00178e-10 -2.4767e-07 -9.62431e-11 2.59836e-07 -3.9463e-08 -9.07648e-11
852 1.42 170 0 -9.61658e-10 1.07739e-06 -6.15191e-10 6.37092e-07 6.68895e-07 8.36643e-10 1.42667e-10 -2.29761e-07 -5.11876e-11 2.44235e-07 -3.69174e-08 -7.66702e-11
852 1.43 170 0 -7.97725e-10 1.02879e-06 -5.04877e-10 6.01599e-07 6.30108e-07 7.07612e-10 9.84223e-11 -2.15561e-07 -1.63029e-11 2.31927e-07 -3.48891e-08 -6.55456e-11
852 1.44 170 0 -6.73151e-10 9.89663e-07 -4.20794e-10 5.72877e-07 5.98942e-07 6.14338e-10 5.98326e-11 -2.0403e-07 1.5285e-11 2.2199e-07 -3.32328e-08 -5.6647e-11
852 1.45 170 0 -5.7993e-10 9.5758e-07 -3.56991e-10 5.49193e-07 5.73444e-07 5.49688e-10 2.49647e-11 -1.94486e-07 4.45235e-11 2.13818e-07 -3.18546e-08 -4.91462e-11
852 1.46 170 0 -5.06562e-10 9.30878e-07 -3.05811e-10 5.29356e-07 5.52273e-07 5.07059e-10 -1.14932e-11 -1.86463e-07 7.69329e-11 2.06995e-07 -3.06876e-08 -4.23939e-11
852 1.47 170 0 -4.4713e-10 9.08377e-07 -2.63201e-10 5.12524e-07 5.34477e-07 4.85115e-10 -5.43923e-11 -1.79629e-07 1.17763e-10 2.01229e-07 -2.96848e-08 -3.58083e-11
852 1.48 170 0 -3.9781e-10 8.89221e-07 -2.25972e-10 4.98084e-07 5.1936e-07 4.87252e-10 -1.11574e-10 -1.7375e-07 1.75486e-10 1.96312e-07 -2.88121e-08 -2.91041e-11
852 1.49 170 0 -3.54163e-10 8.72767e-07 -1.90633e-10 4.85577e-07 5.06395e-07 5.263e-10 -2.00396e-10 -1.68653e-07 2.70242e-10 1.92096e-07 -2.80421e-08 -2.20877e-11
852 1.5 170 0 -3.16133e-10 8.5853e-07 -1.55187e-10 4.74655e-07 4.95162e-07 6.32405e-10 -3.52258e-10 -1.64231e-07 4.37709e-10 1.88493e-07 -2.73545e-08 -1.29388e-11
852 1.51 170 0 -2.78798e-10 8.46132e-07 -1.12908e-10 4.65047e-07 4.8528e-07 9.05136e-10 -6.71865e-10 -1.60446e-07 8.00632e-10 1.85498e-07 -2.67274e-08 3.24744e-13
852 1.52 170 0 -2.34544e-10 8.35275e-07 -4.73544e-11 4.56535e-07 4.76204e-07 1.76345e-09 -1.58361e-09 -1.57505e-07 1.86042e-09 1.83393e-07 -2.61294e-08 2.42124e-11
852 1.53 170 0 -1.47224e-10 8.25718e-07 1.2183e-10 4.48922e-07 4.65316e-07 6.88553e-09 -6.73815e-09 -1.57641e-07 7.9802e-09 1.84949e-07 -2.54486e-08 9.17756e-11
852 1.54 170 0 -2.77777e-09 8.1685e-07 -6.29387e-09 4.42325e-07 -2.01689e-06 8.01805e-07 -7.67755e-07 -2.55109e-06 9.36865e-07 3.09026e-06 -3.15584e-08 -4.68679e-09
852 1.55 170 0 -3.73028e-10 8.0985e-07 -4.45588e-10 4.36286e-07 4.5505e-07 5.69156e-09 -4.93557e-09 -1.50675e-07 6.28653e-09 1.78576e-07 -2.53458e-08 -1.66048e-10
852 1.56 170 0 -3.00374e-10 8.03205e-07 -2.99779e-10 4.30773e-07 4.52593e-07 1.68169e-09 -1.2292e-09 -1.45762e-07 1.66943e-09 1.7371e-07 -2.48106e-08 -1.0018e-10
852 1.57 170 0 -2.68458e-10 7.97291e-07 -2.45525e-10 4.25808e-07 4.48638e-07 8.68895e-10 -5.0861e-10 -1.43116e-07 7.53488e-10 1.71491e-07 -2.44145e-08 -7.82195e-11
852 1.58 170 0 -2.48423e-10 7.92013e-07 -2.15219e-10 4.21306e-07 4.44898e-07 5.71692e-10 -2.58708e-10 -1.4095e-07 4.28112e-10 1.69783e-07 -2.40739e-08 -6.61848e-11
852 1.59 170 0 -2.33883e-10 7.87296e-07 -1.9491e-10 4.17211e-07 4.41533e-07 4.27019e-10 -1.44393e-10 -1.39023e-07 2.75091e-10 1.68306e-07 -2.37677e-08 -5.85251e-11
852 1.6 170 0 -2.2232e-10 7.83076e-07 -1.80026e-10 4.13474e-07 4.38542e-07 3.44256e-10 -8.34313e-11 -1.37265e-07 1.91124e-10 1.66984e-07 -2.34875e-08 -5.31708e-11
852 1.61 170 0 -2.12628e-10 7.79298e-07 -1.68719e-10 4.10057e-07 4.35896e-07 2.91124e-10 -4.6797e-11 -1.35645e-07 1.39614e-10 1.65784e-07 -2.32284e-08 -4.95225e-11
852 1.62 170 0 -2.04432e-10 7.75914e-07 -1.59278e-10 4.06925e-07 4.33563e-07 2.55084e-10 -2.43292e-11 -1.34143e-07 1.0645e-10 1.64687e-07 -2.29878e-08 -4.63726e-11
852 1.63 170 0 -1.97564e-10 7.72883e-07 -1.5145e-10 4.04048e-07 4.31514e-07 2.28956e-10 -9.40052e-12 -1.32743e-07 8.34325e-11 1.63679e-07 -2.27631e-08 -4.37259e-11
852 1.64 170 0 -1.91131e-10 7.7017e-07 -1.44907e-10 4.01401e-07 4.29721e-07 2.08833e-10 1.3207e-12 -1.31435e-07 6.68209e-11 1.62748e-07 -2.25522e-08 -4.19706e-11
852 1.65 170 0 -1.85957e-10 7.67745e-07 -1.39022e-10 3.98961e-07 4.28161e-07 1.93322e-10 8.55952e-12 -1.30209e-07 5.43386e-11 1.61888e-07 -2.23542e-08 -4.00439e-11
852 1.66 170 0 -1.80994e-10 7.65578e-07 -1.34003e-10 3.9671e-07 4.26811e-07 1.80692e-10 1.40772e-11 -1.29056e-07 4.48866e-11 1.61089e-07 -2.21672e-08 -3.87591e-11
852 1.67 170 0 -1.76671e-10 7.63647e-07 -1.29614e-10 3.94629e-07 4.25653e-07 1.70338e-10 1.82346e-11 -1.2797e-07 3.7406e-11 1.60347e-07 -2.19906e-08 -3.76122e-11
852 1.68 170 0 -1.72896e-10 7.6193e-07 -1.25634e-10 3.92704e-07 4.24669e-07 1.61724e-10 2.13089e-11 -1.26945e-07 3.13821e-11 1.59656e-07 -2.18234e-08 -3.65757e-11
852 1.69 170 0 -1.69443e-10 7.60407e-07 -1.22058e-10 3.90922e-07 4.23844e-07 1.54415e-10 2.36607e-11 -1.25976e-07 2.65158e-11 1.59011e-07 -2.16646e-08 -3.57031e-11
852 1.7 170 0 -1.6628e-10 7.59064e-07 -1.18838e-10 3.89269e-07 4.23165e-07 1.48145e-10 2.54826e-11 -1.25056e-07 2.25325e-11 1.58407e-07 -2.15137e-08 -3.49734e-11
852 1.71 170 0 -1.63333e-10 7.57883e-07 -1.15923e-10 3.87736e-07 4.22619e-07 1.42689e-10 2.69183e-11 -1.24184e-07 1.92404e-11 1.57842e-07 -2.13699e-08 -3.43826e-11
852 1.72 170 0 -1.60625e-10 7.56852e-07 -1.1327e-10 3.86312e-07 4.22196e-07 1.37913e-10 2.80491e-11 -1.23353e-07 1.64699e-11 1.57311e-07 -2.12328e-08 -3.38991e-11
852 1.73 170 0 -1.58202e-10 7.55959e-07 -1.10852e-10 3.84989e-07 4.21886e-07 1.33704e-10 2.89568e-11 -1.22562e-07 1.40501e-11 1.56812e-07 -2.11018e-08 -3.35045e-11
852 1.74 170 0 -1.55895e-10 7.55192e-07 -1.08798e-10 3.8376e-07 4.2168e-07 1.29923e-10 2.98428e-11 -1.21807e-07 1.19482e-11 1.56342e-07 -2.09766e-08 -3.33933e-11
852 1.75 170 0 -1.53855e-10 7.54541e-07 -1.06887e-10 3.82616e-07 4.21571e-07 1.2652e-10 3.05352e-11 -1.21085e-07 9.99371e-12 1.55899e-07 -2.08567e-08 -3.32338e-11
852 1.76 170 0 -1.52151e-10 7.53999e-07 -1.05149e-10 3.81553e-07 4.2155e-07 1.23378e-10 3.11629e-11 -1.20395e-07 7.98911e-12 1.5548e-07 -2.07416e-08 -3.32053e-11
852 1.77 170 0 -1.51167e-10 7.53556e-07 -1.03348e-10 3.80563e-07 4.21612e-07 1.20434e-10 3.15626e-11 -1.19732e-07 5.53739e-12 1.55084e-07 -2.06309e-08 -3.29272e-11
852 1.78 170 0 -1.51327e-10 7.53205e-07 -1.0076e-10 3.79641e-07 4.2175e-07 1.17482e-10 3.12594e-11 -1.19096e-07 2.12598e-12 1.54708e-07 -2.05231e-08 -3.13448e-11
852 1.79 170 0 -1.47991e-10 7.52934e-07 -9.67904e-11 3.7878e-07 4.2195e-07 1.0987e-10 3.35929e-11 -1.18488e-07 -3.53876e-12 1.54357e-07 -2.04204e-08 -2.75871e-11
852 1.8 170 0 -1.44922e-10 7.52745e-07 -9.36196e-11 3.7798e-07 4.2222e-07 1.04745e-10 3.45227e-11 -1.17902e-07 -6.46597e-12 1.54022e-07 -2.0321e-08 -2.63296e-11
852 1.81 170 0 -1.42625e-10 7.5263e-07 -9.09502e-11 3.77235e-07 4.22553e-07 1.00917e-10 3.48127e-11 -1.17336e-07 -8.56815e-12 1.53702e-07 -2.02248e-08 -2.5215e-11
852 1.82 170 0 -1.4092e-10 7.52584e-07 -8.86353e-11 3.76543e-07 4.22943e-07 9.80554e-11 3.46241e-11 -1.1679e-07 -1.00921e-11 1.53397e-07 -2.01315e-08 -2.41259e-11
852 1.83 170 0 -1.39491e-10 7.52602e-07 -8.65183e-11 3.75898e-07 4.23387e-07 9.56604e-11 3.42537e-11 -1.16263e-07 -1.13265e-11 1.53106e-07 -2.00413e-08 -2.30719e-11
852 1.84 170 0 -1.38323e-10 7.52679e-07 -8.46208e-11 3.75298e-07 4.2388e-07 9.37025e-11 3.37479e-11 -1.15753e-07 -1.23082e-11 1.52827e-07 -1.99538e-08 -2.2064e-11
852 1.85 170 0 -1.37431e-10 7.52811e-07 -8.28835e-11 3.74741e-07 4.2442e-07 9.21075e-11 3.31244e-11 -1.15259e-07 -1.3131e-11 1.52561e-07 -1.98689e-08 -2.10538e-11
852 1.86 170 0 -1.36807e-10 7.52995e-07 -8.13443e-11 3.74223e-07 4.25003e-07 9.08582e-11 3.2437e-11 -1.14781e-07 -1.38237e-11 1.52306e-07 -1.97865e-08 -2.00572e-11
852 1.87 170 0 -1.36468e-10 7.53226e-07 -7.9994e-11 3.73741e-07 4.25627e-07 8.98906e-11 3.17395e-11 -1.14317e-07 -1.44708e-11 1.52061e-07 -1.97064e-08 -1.90654e-11
852 1.88 170 0 -1.36571e-10 7.53502e-07 -7.88788e-11 3.73295e-07 4.26288e-07 8.92408e-11 3.10646e-11 -1.13866e-07 -1.51614e-11 1.51826e-07 -1.96283e-08 -1.80596e-11
852 1.89 170 0 -1.37577e-10 7.53821e-07 -7.79107e-11 3.72881e-07 4.26985e-07 8.89107e-11 3.0427e-11 -1.13429e-07 -1.61604e-11 1.516e-07 -1.95523e-08 -1.70845e-11
852 1.9 170 0 -1.38423e-10 7.54178e-07 -7.67846e-11 3.72497e-07 4.27715e-07 8.86815e-11 2.96843e-11 -1.13003e-07 -1.69194e-11 1.51383e-07 -1.94783e-08 -1.62974e-11
852 1.91 170 0 -1.38972e-10 7.54571e-07 -7.58717e-11 3.72142e-07 4.28475e-07 8.84775e-11 2.90291e-11 -1.1259e-07 -1.74831e-11 1.51174e-07 -1.94062e-08 -1.55491e-11
852 1.92 170 0 -1.39625e-10 7.54998e-07 -7.49944e-11 3.71814e-07 4.29265e-07 8.83471e-11 2.83737e-11 -1.12187e-07 -1.80534e-11 1.50972e-07 -1.93359e-08 -1.47963e-11
852 1.93 170 0 -1.40385e-10 7.55457e-07 -7.41494e-11 3.71511e-07 4.30081e-07 8.82908e-11 2.77146e-11 -1.11794e-07 -1.86312e-11 1.50777e-07 -1.92672e-08 -1.40357e-11
852 1.94 170 0 -1.4126e-10 7.55946e-07 -7.33333e-11 3.71232e-07 4.30923e-07 8.83106e-11 2.70477e-11 -1.1141e-07 -1.92189e-11 1.50588e-07 -1.92001e-08 -1.3263e-11
852 1.95 170 0 -1.42262e-10 7.56462e-07 -7.25423e-11 3.70975e-07 4.31789e-07 8.84102e-11 2.63678e-11 -1.11036e-07 -1.98206e-11 1.50405e-07 -1.91344e-08 -1.24721e-11
852 1.96 170 0 -1.43411e-10 7.57004e-07 -7.17718e-11 3.7074e-07 4.32677e-07 8.85969e-11 2.56677e-11 -1.1067e-07 -2.04431e-11 1.50228e-07 -1.90702e-08 -1.1654e-11
852 1.97 170 0 -1.44742e-10 7.5757e-07 -7.10153e-11 3.70524e-07 4.33586e-07 8.88839e-11 2.4936e-11 -1.10313e-07 -2.10979e-11 1.50055e-07 -1.90073e-08 -1.07943e-11
852 1.98 170 0 -1.46325e-10 7.58158e-07 -7.02627e-11 3.70328e-07 4.34514e-07 8.92982e-11 2.41522e-11 -1.09963e-07 -2.18071e-11 1.49888e-07 -1.89456e-08 -9.86611e-12
852 1.99 170 0 -1.48333e-10 7.58768e-07 -6.94914e-11 3.70148e-07 4.35461e-07 8.9909e-11 2.32664e-11 -1.0962e-07 -2.26248e-11 1.49725e-07 -1.88852e-08 -8.80464e-12
852 2 170 0 -1.52513e-10 7.59398e-07 -6.84897e-11 3.69986e-07 4.36426e-07 9.14218e-11 2.17886e-11 -1.09284e-07 -2.40959e-11 1.49566e-07 -1.88258e-08 -6.97093e-12
