852 0 470 0 1.3772e-20 -2.54266e-21 1.6249e-08 2.17642e-08 0 0 0 0 0 0 2.17063e-08 1.90187e-08
852 0.01 470 0 1.05543e-20 -1.00622e-20 1.62555e-08 2.17576e-08 6.0645e-23 -7.62436e-24 -2.13274e-10 -1.3883e-10 4.14774e-23 -1.17747e-22 2.17108e-08 1.90104e-08
852 0.02 470 0 9.41406e-21 -6.13984e-21 1.6275e-08 2.17378e-08 1.84735e-22 5.01125e-24 -4.26783e-10 -2.7731e-10 6.73408e-24 -1.73603e-22 2.17241e-08 1.89854e-08
852 0.03 470 0 6.90071e-21 -6.61549e-21 1.63073e-08 2.17045e-08 8.60687e-23 7.95024e-23 -6.40762e-10 -4.15075e-10 1.16681e-22 -3.3567e-22 2.17463e-08 1.89434e-08
852 0.04 470 0 9.71811e-21 -5.68785e-21 1.63525e-08 2.16582e-08 2.22839e-22 8.38755e-23 -8.55443e-10 -5.51792e-10 1.78717e-22 -4.03935e-22 2.17772e-08 1.8885e-08
852 0.05 470 0 7.40537e-21 -1.28705e-21 1.64105e-08 2.15984e-08 1.06673e-22 3.37944e-22 -1.07106e-09 -6.87097e-10 3.02317e-22 -4.76113e-22 2.18167e-08 1.88098e-08
852 0.06 470 0 1.21483e-20 -6.69018e-21 1.64811e-08 2.1525e-08 5.10116e-22 8.36233e-23 -1.28782e-09 -8.20628e-10 2.33269e-22 -6.46629e-22 2.18646e-08 1.87176e-08
852 0.07 470 0 6.74166e-21 -6.40734e-21 1.65641e-08 2.14378e-08 2.96953e-22 1.60049e-22 -1.50597e-09 -9.52016e-10 1.81298e-22 -7.36927e-22 2.19207e-08 1.86083e-08
852 0.08 470 0 7.37785e-21 -4.06871e-21 1.66593e-08 2.13366e-08 3.39114e-22 3.0392e-22 -1.7257e-09 -1.08089e-09 2.7919e-22 -7.65372e-22 2.19846e-08 1.84818e-08
852 0.09 470 0 1.08219e-20 -2.9149e-21 1.67659e-08 2.12183e-08 5.08715e-22 4.22603e-22 -1.9472e-09 -1.20659e-09 5.22651e-22 -8.72154e-22 2.2057e-08 1.83367e-08
852 0.1 470 0 1.05158e-20 -3.76883e-21 1.68848e-08 2.10882e-08 6.72216e-22 3.79701e-22 -2.17071e-09 -1.32925e-09 4.31235e-22 -9.69265e-22 2.21358e-08 1.8175e-08
852 0.11 470 0 7.76396e-21 -6.85517e-21 1.70151e-08 2.09432e-08 5.91025e-22 8.44944e-23 -2.3964e-09 -1.44822e-09 2.64107e-22 -1.06818e-21 2.22215e-08 1.79954e-08
852 0.12 470 0 1.21216e-20 -1.12325e-20 1.71563e-08 2.07829e-08 1.32351e-21 -4.53898e-22 -2.62443e-09 -1.56308e-09 8.30277e-23 -1.27282e-21 2.23136e-08 1.77976e-08
852 0.13 470 0 6.27968e-21 -8.53542e-21 1.73082e-08 2.0607e-08 6.55414e-22 -9.0903e-23 -2.85498e-09 -1.67343e-09 1.17534e-22 -1.29029e-21 2.24115e-08 1.75813e-08
852 0.14 470 0 1.4363e-20 -6.33748e-21 1.74701e-08 2.04148e-08 1.54545e-21 9.38301e-23 -3.08817e-09 -1.77876e-09 5.12755e-22 -1.40896e-21 2.25148e-08 1.73459e-08
852 0.15 470 0 7.77478e-21 -9.47387e-21 1.76412e-08 2.02036e-08 8.8019e-22 -3.9102e-22 -3.32409e-09 -1.87828e-09 2.07682e-22 -1.38805e-21 2.26235e-08 1.70909e-08
852 0.16 470 0 9.43573e-21 -8.06116e-21 1.78219e-08 1.99782e-08 1.23634e-21 -1.89387e-22 -3.56294e-09 -1.97235e-09 2.66396e-22 -1.50323e-21 2.27354e-08 1.68175e-08
852 0.17 470 0 8.9118e-21 -8.01586e-21 1.80112e-08 1.97354e-08 9.06498e-22 -1.71779e-23 -3.80476e-09 -2.06007e-09 5.79887e-22 -1.73832e-21 2.28507e-08 1.65245e-08
852 0.18 470 0 1.01805e-20 -3.22217e-21 1.82082e-08 1.94745e-08 1.29942e-21 9.91601e-22 -4.04962e-09 -2.14094e-09 6.65011e-22 -1.95908e-21 2.29685e-08 1.62114e-08
852 0.19 470 0 9.32996e-21 -1.1662e-20 1.84116e-08 1.91923e-08 1.53967e-21 -6.28765e-22 -4.29747e-09 -2.21381e-09 1.24006e-22 -2.09353e-21 2.30886e-08 1.58767e-08
852 0.2 470 0 6.13391e-21 -1.11563e-20 1.8622e-08 1.8894e-08 1.09409e-21 -8.29518e-22 -4.54846e-09 -2.2794e-09 -7.92223e-24 -1.87878e-21 2.32086e-08 1.55226e-08
852 0.21 470 0 1.10213e-20 -9.59753e-21 1.88379e-08 1.85764e-08 2.45336e-21 -3.52031e-22 -4.80257e-09 -2.33661e-09 -1.34881e-22 -2.29896e-21 2.33285e-08 1.51477e-08
852 0.22 470 0 1.98242e-21 -9.11389e-21 1.90583e-08 1.82384e-08 3.30691e-22 -1.29525e-22 -5.0596e-09 -2.38477e-09 -2.73577e-23 -2.18899e-21 2.34468e-08 1.47513e-08
852 0.23 470 0 1.27986e-20 -1.09053e-20 1.92813e-08 1.78768e-08 2.90754e-21 -6.74901e-22 -5.31941e-09 -2.42259e-09 1.72816e-23 -2.61613e-21 2.35631e-08 1.43321e-08
852 0.24 470 0 5.7487e-21 -7.2978e-21 1.95074e-08 1.74968e-08 1.22368e-21 1.31175e-22 -5.58206e-09 -2.45096e-09 1.12195e-22 -2.33903e-21 2.36749e-08 1.38922e-08
852 0.25 470 0 8.45744e-21 -1.14582e-20 1.97341e-08 1.70925e-08 1.9167e-21 -1.05448e-21 -5.84717e-09 -2.46785e-09 3.33399e-23 -2.48057e-21 2.37821e-08 1.34296e-08
852 0.26 470 0 9.08249e-21 -9.25982e-21 1.99611e-08 1.6668e-08 2.49366e-21 -2.56732e-22 -6.11463e-09 -2.47387e-09 -1.33076e-22 -2.85242e-21 2.38819e-08 1.2945e-08
852 0.27 470 0 4.89622e-21 -8.69691e-21 2.01867e-08 1.6221e-08 1.74345e-21 -3.07515e-23 -6.38411e-09 -2.46795e-09 -4.94005e-22 -2.82128e-21 2.39735e-08 1.24384e-08
852 0.28 470 0 1.08355e-20 -8.96089e-21 2.04086e-08 1.57481e-08 3.04589e-21 -1.90715e-22 -6.65515e-09 -2.44855e-09 4.40392e-23 -3.13026e-21 2.4056e-08 1.19085e-08
852 0.29 470 0 5.93587e-21 -9.66952e-21 2.06263e-08 1.52537e-08 2.1712e-21 -4.55635e-22 -6.92743e-09 -2.4164e-09 -5.29801e-22 -3.02409e-21 2.41261e-08 1.13565e-08
852 0.3 470 0 6.85144e-21 -4.83498e-21 2.08373e-08 1.47329e-08 1.79585e-21 1.22353e-21 -7.20037e-09 -2.36953e-09 4.1627e-22 -3.18228e-21 2.41835e-08 1.07818e-08
852 0.31 470 0 7.46366e-21 -1.18517e-20 2.10406e-08 1.419e-08 2.9897e-21 -1.09962e-21 -7.47351e-09 -2.30873e-09 -8.16738e-22 -3.42997e-21 2.42249e-08 1.01854e-08
852 0.32 470 0 4.06348e-21 -9.64249e-21 2.12336e-08 1.36223e-08 2.16209e-21 -5.05131e-22 -7.74618e-09 -2.23247e-09 -9.77242e-22 -3.23168e-21 2.4249e-08 9.56669e-09
852 0.33 470 0 6.1731e-21 -1.02055e-20 2.14138e-08 1.30272e-08 2.47106e-21 -7.29278e-22 -8.01736e-09 -2.1394e-09 -5.43344e-22 -3.38992e-21 2.4254e-08 8.92602e-09
852 0.34 470 0 4.22367e-21 -1.07544e-20 2.15798e-08 1.24093e-08 2.68138e-21 -8.62633e-22 -8.2864e-09 -2.03036e-09 -1.33023e-21 -3.55986e-21 2.42363e-08 8.26449e-09
852 0.35 470 0 4.65941e-21 -1.01883e-20 2.17285e-08 1.17643e-08 2.42402e-21 -6.99304e-22 -8.55225e-09 -1.90328e-09 -9.24888e-22 -3.65101e-21 2.41951e-08 7.58236e-09
852 0.36 470 0 4.71271e-21 -5.32402e-21 2.18581e-08 1.10965e-08 2.57877e-21 1.15374e-21 -8.81389e-09 -1.75905e-09 -6.60377e-22 -3.66778e-21 2.41264e-08 6.88089e-09
852 0.37 470 0 1.75303e-21 -1.45287e-20 2.19653e-08 1.04023e-08 2.90001e-21 -3.02043e-21 -9.07005e-09 -1.59564e-09 -2.67481e-21 -3.34446e-21 2.40291e-08 6.16079e-09
852 0.38 470 0 1.9554e-21 -6.0374e-21 2.20471e-08 9.68411e-09 1.94124e-21 1.04052e-21 -9.31932e-09 -1.41316e-09 -1.13416e-21 -3.85205e-21 2.38996e-08 5.42324e-09
852 0.39 470 0 4.44928e-21 -6.74149e-21 2.21021e-08 8.9451e-09 3.52484e-21 5.56844e-22 -9.56054e-09 -1.21245e-09 -1.57712e-21 -3.90961e-21 2.37351e-08 4.67082e-09
852 0.4 470 0 -1.16428e-21 -8.10032e-21 2.21252e-08 8.18184e-09 1.65738e-21 -2.57819e-22 -9.79181e-09 -9.90997e-10 -2.28507e-21 -3.51681e-21 2.35335e-08 3.90389e-09
852 0.41 470 0 1.7151e-21 -1.1921e-20 2.21146e-08 7.39962e-09 3.45643e-21 -2.38046e-21 -1.00113e-08 -7.50671e-10 -2.9961e-21 -3.60737e-21 2.32907e-08 3.12562e-09
852 0.42 470 0 1.60674e-21 -1.38642e-20 2.20661e-08 6.59623e-09 3.39405e-21 -3.20905e-21 -1.02173e-08 -4.89623e-10 -3.14047e-21 -3.79398e-21 2.30053e-08 2.33805e-09
852 0.43 470 0 3.60305e-21 -1.68356e-20 2.19762e-08 5.77534e-09 3.69906e-21 -5.00213e-21 -1.04074e-08 -2.08599e-10 -2.80601e-21 -3.82494e-21 2.26733e-08 1.54378e-09
852 0.44 470 0 1.09222e-21 -9.6229e-21 2.18422e-08 4.94136e-09 3.54013e-21 -1.50946e-21 -1.05796e-08 9.09746e-11 -3.1208e-21 -3.70683e-21 2.22917e-08 7.46569e-10
852 0.45 470 0 2.86728e-21 -9.54003e-21 2.16593e-08 4.09308e-09 4.09786e-21 -1.62563e-21 -1.07313e-08 4.10586e-10 -2.86035e-21 -3.80123e-21 2.18584e-08 -5.05343e-11
852 0.46 470 0 1.15534e-21 -1.06086e-20 2.14249e-08 3.23589e-09 4.03513e-21 -1.74373e-21 -1.08604e-08 7.48414e-10 -3.58311e-21 -4.23833e-21 2.13708e-08 -8.42991e-10
852 0.47 470 0 4.34748e-22 -1.66185e-20 2.11349e-08 2.3749e-09 4.26162e-21 -6.51466e-21 -1.09636e-08 1.10253e-09 -4.75546e-21 -3.1372e-21 2.08246e-08 -1.6264e-09
852 0.48 470 0 -2.59483e-22 -1.49335e-20 2.07846e-08 1.51087e-09 3.62805e-21 -4.67018e-21 -1.10381e-08 1.47349e-09 -4.32819e-21 -4.03724e-21 2.02187e-08 -2.39591e-09
852 0.49 470 0 7.5141e-22 -8.31688e-21 2.03712e-08 6.5059e-10 4.4252e-21 -1.47832e-21 -1.10809e-08 1.85847e-09 -3.96491e-21 -3.70009e-21 1.95506e-08 -3.14567e-09
852 0.5 470 0 -4.85553e-21 -1.14614e-20 1.9891e-08 -2.0036e-10 1.85725e-21 -5.38883e-21 -1.10891e-08 2.25522e-09 -5.16537e-21 -1.71855e-21 1.88181e-08 -3.86947e-09
852 0.51 470 0 2.60135e-21 -5.96751e-21 1.93414e-08 -1.03397e-09 6.13841e-21 4.52069e-22 -1.10595e-08 2.65994e-09 -4.07408e-21 -4.54251e-21 1.80194e-08 -4.56041e-09
852 0.52 470 0 -1.64647e-21 -1.66188e-20 1.87182e-08 -1.84666e-09 3.9809e-21 -8.19647e-21 -1.09889e-08 3.0716e-09 -5.80554e-21 -2.68444e-21 1.71543e-08 -5.2115e-09
852 0.53 470 0 -9.53915e-22 -1.32995e-20 1.80187e-08 -2.62867e-09 5.14109e-21 -6.20734e-21 -1.08738e-08 3.48482e-09 -6.07983e-21 -2.88958e-21 1.62214e-08 -5.81414e-09
852 0.54 470 0 -1.16608e-21 -1.29882e-20 1.7241e-08 -3.37117e-09 5.93829e-21 -6.34464e-21 -1.07114e-08 3.89511e-09 -6.84077e-21 -2.84217e-21 1.5221e-08 -6.35982e-09
852 0.55 470 0 -6.31226e-21 -2.26791e-21 1.63833e-08 -4.06436e-09 1.76989e-21 -6.02276e-22 -1.04987e-08 4.29701e-09 -5.42252e-21 -1.0407e-21 1.41541e-08 -6.83919e-09
852 0.56 470 0 -5.10642e-21 -8.91863e-21 1.54445e-08 -4.69749e-09 3.67583e-21 -4.66499e-21 -1.02329e-08 4.68454e-09 -6.90768e-21 -1.82927e-21 1.30221e-08 -7.24263e-09
852 0.57 470 0 1.34087e-22 -8.71418e-21 1.4425e-08 -5.2586e-09 7.47301e-21 -3.56248e-21 -9.91207e-09 5.04984e-09 -6.80896e-21 -3.29377e-21 1.18284e-08 -7.55886e-09
852 0.58 470 0 -6.16522e-21 -1.05887e-20 1.33256e-08 -5.73482e-09 2.70167e-21 -7.88019e-21 -9.53436e-09 5.385e-09 -7.32503e-21 -3.85942e-22 1.05769e-08 -7.7771e-09
852 0.59 470 0 -9.24316e-21 -9.83561e-21 1.21482e-08 -6.11194e-09 1.12441e-21 -7.1806e-21 -9.09842e-09 5.6807e-09 -7.86323e-21 -3.31168e-22 9.27254e-09 -7.88572e-09
852 0.6 470 0 -7.94085e-21 -1.26237e-20 1.08979e-08 -6.37544e-09 7.71403e-22 -9.33061e-21 -8.60493e-09 5.92693e-09 -7.35088e-21 -5.10664e-22 7.92336e-09 -7.87309e-09
852 0.61 470 0 -7.42828e-21 -9.73011e-21 9.57922e-09 -6.50829e-09 2.42028e-21 -9.21897e-21 -8.05404e-09 6.11135e-09 -8.14144e-21 7.94458e-22 6.5371e-09 -7.72614e-09
852 0.62 470 0 -8.96334e-21 -5.99323e-21 8.20019e-09 -6.49499e-09 6.85711e-22 -8.04081e-21 -7.44842e-09 6.22261e-09 -7.69306e-21 2.38187e-21 5.12529e-09 -7.43267e-09
852 0.63 470 0 -1.0098e-20 -1.052e-20 6.77274e-09 -6.31487e-09 6.43816e-22 -1.07083e-20 -6.79281e-09 6.24472e-09 -8.88333e-21 1.36027e-21 3.70035e-09 -6.98062e-09
852 0.64 470 0 -6.70402e-21 -9.37385e-21 5.30977e-09 -5.95076e-09 2.36083e-21 -1.12062e-20 -6.09329e-09 6.16411e-09 -8.09791e-21 1.98108e-21 2.2779e-09 -6.35822e-09
852 0.65 470 0 -7.90178e-21 -3.51017e-21 3.82726e-09 -5.38377e-09 1.92817e-22 -6.9776e-21 -5.35837e-09 5.96484e-09 -6.71046e-21 2.88841e-21 8.75924e-10 -5.553e-09
852 0.66 470 0 -1.44683e-20 -4.2346e-21 2.34744e-09 -4.59224e-09 -7.9068e-21 -1.10199e-20 -4.60048e-09 5.62833e-09 -5.74116e-21 6.49095e-21 -4.85187e-10 -4.55522e-09
852 0.67 470 0 -9.64354e-21 -6.68246e-21 8.94433e-10 -3.55779e-09 -1.40706e-21 -1.22235e-20 -3.83423e-09 5.13819e-09 -7.65995e-21 4.59748e-21 -1.78185e-09 -3.35574e-09
852 0.68 470 0 -1.2727e-20 -6.56151e-21 -5.01763e-10 -2.26262e-09 -1.69086e-21 -1.26536e-20 -3.07948e-09 4.47697e-09 -9.75798e-21 5.01552e-21 -2.98638e-09 -1.94659e-09
852 0.69 470 0 -6.8438e-21 -3.03588e-21 -1.8054e-09 -6.87373e-10 1.45984e-21 -1.09504e-20 -2.35996e-09 3.62568e-09 -7.69103e-21 5.42741e-21 -4.06931e-09 -3.22968e-10
852 0.7 470 0 -9.1588e-21 2.67584e-21 -2.97388e-09 1.18355e-09 -2.01022e-21 -8.12786e-21 -1.70557e-09 2.56712e-09 -6.37445e-21 8.01066e-21 -4.99712e-09 1.51599e-09
852 0.71 470 0 -1.36892e-20 1.88409e-21 -3.95985e-09 3.3618e-09 -1.10367e-20 -8.88335e-21 -1.15153e-09 1.28646e-09 -3.73898e-21 9.23933e-21 -5.73226e-09 3.56967e-09
852 0.72 470 0 -2.13573e-20 8.33557e-22 -4.70691e-09 5.85685e-09 -1.58505e-20 -7.82592e-21 -7.40203e-10 -2.30349e-10 -6.28759e-21 8.56623e-21 -6.23485e-09 5.83105e-09
852 0.73 470 0 -5.21602e-21 7.67023e-22 -5.15137e-09 8.67021e-09 2.30941e-21 -1.36973e-20 -5.21264e-10 -1.99169e-09 -7.4908e-21 9.42163e-21 -6.46162e-09 8.2869e-09
852 0.74 470 0 -1.51911e-20 4.64688e-21 -5.22045e-09 1.17984e-08 -1.46531e-20 -7.47954e-21 -5.53602e-10 -4.00308e-09 -3.01349e-21 1.07508e-20 -6.36596e-09 1.09193e-08
852 0.75 470 0 -2.61058e-21 6.65753e-21 -4.83383e-09 1.5225e-08 -1.38263e-21 -8.10183e-21 -9.03386e-10 -6.25956e-09 -2.23997e-21 1.04219e-20 -5.90014e-09 1.36999e-08
852 0.76 470 0 -5.74455e-21 4.80695e-21 -3.90158e-09 1.89236e-08 -6.5014e-21 -1.2183e-20 -1.6474e-09 -8.74876e-09 -2.09102e-21 1.23496e-20 -5.01379e-09 1.65934e-08
852 0.77 470 0 -4.68806e-21 5.41857e-21 -2.32404e-09 2.28524e-08 -4.35905e-21 -1.1436e-20 -2.87225e-09 -1.14462e-08 -2.65003e-21 1.20224e-20 -3.65741e-09 1.95525e-08
852 0.78 470 0 -7.93878e-21 8.63034e-21 2.77946e-12 2.69466e-08 -7.43152e-21 -1.01193e-20 -4.67108e-09 -1.43071e-08 -3.21957e-21 1.43307e-20 -1.78306e-09 2.25172e-08
852 0.79 470 0 -6.68962e-21 5.80896e-21 3.19446e-09 3.11231e-08 -9.36578e-21 -1.57571e-20 -7.15056e-09 -1.72718e-08 -2.13246e-21 1.54549e-20 6.5592e-10 2.54167e-08
852 0.8 470 0 -8.82323e-21 9.42262e-21 7.37167e-09 3.52717e-08 -1.3564e-20 -9.25265e-21 -1.04249e-08 -2.02583e-08 -5.95135e-22 1.52269e-20 3.7019e-09 2.81688e-08
852 0.81 470 0 -9.65899e-21 1.83582e-20 1.26323e-08 3.92175e-08 -2.22877e-20 7.30895e-21 -1.45917e-08 -2.31154e-08 5.96976e-21 1.45083e-20 7.37017e-09 3.06458e-08
852 0.82 470 0 -3.98362e-21 1.78915e-20 1.90943e-08 4.27882e-08 -2.0072e-20 1.07266e-20 -1.97687e-08 -2.57048e-08 9.5463e-21 1.21008e-20 1.16816e-08 3.27442e-08
852 0.83 470 0 -5.6861e-21 1.59358e-20 2.68584e-08 4.57479e-08 -2.09826e-20 1.28485e-21 -2.60642e-08 -2.78242e-08 6.80729e-21 1.5967e-20 1.66345e-08 3.43284e-08
852 0.84 470 0 3.1398e-21 1.34396e-20 3.59981e-08 4.78061e-08 -1.55763e-20 -7.306e-21 -3.35651e-08 -2.92182e-08 9.8646e-21 1.74489e-20 2.22003e-08 3.52473e-08
852 0.85 470 0 4.37549e-21 1.30525e-20 4.65565e-08 4.86122e-08 -1.43929e-20 5.10668e-21 -4.23358e-08 -2.95708e-08 1.19653e-20 1.07409e-20 2.8323e-08 3.53375e-08
852 0.86 470 0 6.53619e-21 1.97166e-20 5.85173e-08 4.77489e-08 -1.62364e-20 1.60277e-20 -5.23893e-08 -2.84985e-08 1.62895e-20 1.16895e-20 3.49063e-08 3.4427e-08
852 0.87 470 0 1.18779e-20 1.82424e-20 7.17968e-08 4.47276e-08 -1.51962e-20 1.15285e-20 -6.36801e-08 -2.55421e-08 1.96122e-20 1.27621e-20 4.18121e-08 3.23411e-08
852 0.88 470 0 1.33357e-20 1.24476e-20 8.62008e-08 3.89875e-08 -1.3087e-20 1.63582e-20 -7.60608e-08 -2.01649e-08 2.0321e-20 5.51135e-21 4.88477e-08 2.89134e-08
852 0.89 470 0 1.84095e-20 1.69272e-20 1.01398e-07 2.9894e-08 -2.04766e-21 2.80595e-20 -8.92557e-08 -1.17471e-08 2.20977e-20 3.12947e-21 5.57635e-08 2.39969e-08
852 0.9 470 0 1.09728e-20 8.88187e-22 1.16874e-07 1.67478e-08 -1.26591e-20 1.59263e-20 -1.02814e-07 4.08573e-10 1.73818e-20 -3.87989e-21 6.2248e-08 1.74804e-08
852 0.91 470 0 1.83357e-20 6.83714e-21 1.31863e-07 -1.20234e-09 -3.70863e-21 2.19436e-20 -1.16035e-07 1.70659e-08 2.17919e-20 -2.00138e-21 6.79227e-08 9.31241e-09
852 0.92 470 0 2.9225e-20 -4.32817e-22 1.45243e-07 -2.47664e-08 6.64674e-21 2.47542e-20 -1.27861e-07 3.90657e-08 2.84619e-20 -1.11234e-20 7.23483e-08 -4.72401e-10
852 0.93 470 0 4.05641e-20 2.72172e-21 1.55616e-07 -5.46099e-08 1.28594e-20 3.59779e-20 -1.36958e-07 6.71274e-08 3.92969e-20 -1.27201e-20 7.50574e-08 -1.17528e-08
852 0.94 470 0 2.89093e-20 -1.24496e-20 1.60972e-07 -9.14511e-08 1.57411e-20 2.63846e-20 -1.41369e-07 1.02042e-07 2.62732e-20 -2.31918e-20 7.55199e-08 -2.42578e-08
852 0.95 470 0 2.17826e-20 -2.33015e-20 1.58456e-07 -1.35916e-07 3.75675e-20 1.53905e-20 -1.38263e-07 1.44529e-07 1.20889e-20 -3.33696e-20 7.31993e-08 -3.75333e-08
852 0.96 470 0 1.16294e-20 -2.80955e-20 1.43982e-07 -1.88416e-07 3.33421e-20 8.50486e-21 -1.23551e-07 1.95108e-07 3.39713e-21 -3.49898e-20 6.7587e-08 -5.09132e-08
852 0.97 470 0 -3.67795e-21 -1.93037e-20 1.11108e-07 -2.49091e-07 2.24248e-20 3.58515e-21 -9.07407e-08 2.54037e-07 -8.20574e-21 -2.30645e-20 5.82372e-08 -6.34571e-08
852 0.98 470 0 -7.67972e-21 -2.3942e-20 4.77891e-08 -3.17713e-07 3.12908e-20 -2.17138e-21 -2.76702e-08 3.21188e-07 -1.40282e-20 -2.80031e-20 4.48033e-08 -7.38402e-08
852 0.99 470 0 -2.21277e-20 -5.93983e-20 -7.83424e-08 -3.93554e-07 5.86653e-20 -2.00196e-20 9.82563e-08 3.9587e-07 -3.40789e-20 -6.52749e-20 2.7005e-08 -8.00348e-08
852 1 470 0 3.84474e-19 1.47625e-21 -6.55496e-06 -2.38974e-07 1.23113e-20 3.77994e-19 6.57687e-06 2.38985e-07 4.02367e-19 -7.29704e-22 2.19817e-11 -8.14289e-08
852 1.01 470 0 -9.16982e-21 -7.81631e-21 -2.18221e-07 1.70959e-10 1.82949e-20 -1.23548e-20 2.36901e-07 -1.81018e-10 -1.27675e-20 -1.35474e-20 -4.32298e-11 -5.95076e-08
852 1.02 470 0 -1.09602e-20 -6.10025e-21 -1.56618e-07 1.68855e-10 1.56919e-20 -2.27248e-20 1.752e-07 -1.84135e-10 -1.9392e-20 -1.19504e-20 -5.51499e-11 -5.45273e-08
852 1.03 470 0 -5.72611e-21 -5.33544e-21 -1.29657e-07 1.78906e-10 1.55201e-20 -1.1437e-20 1.48691e-07 -2.00218e-10 -1.05389e-20 -1.18256e-20 -6.89261e-11 -5.26105e-08
852 1.04 470 0 -1.48335e-20 -4.93943e-21 -1.16206e-07 2.01531e-10 1.70833e-20 -2.20766e-20 1.36231e-07 -2.31013e-10 -2.50372e-20 -1.27229e-20 -8.78339e-11 -5.27841e-08
852 1.05 470 0 -8.14993e-21 -3.55024e-21 -1.10742e-07 2.43807e-10 1.63956e-20 -1.76216e-20 1.3245e-07 -2.85956e-10 -1.68766e-20 -1.1566e-20 -1.17289e-10 -5.50165e-08
852 1.06 470 0 9.23558e-21 -4.57777e-21 -1.11992e-07 3.18232e-10 2.16938e-20 -2.10112e-20 1.36441e-07 -3.81345e-10 -1.14575e-21 -1.58166e-20 -1.66181e-10 -5.99292e-08
852 1.07 470 0 -1.07772e-20 -2.57038e-21 -1.21452e-07 4.65147e-10 2.58258e-20 -3.28142e-20 1.50531e-07 -5.68951e-10 -2.90023e-20 -1.65485e-20 -2.6054e-10 -6.92457e-08
852 1.08 470 0 -3.47509e-21 -7.11338e-21 -1.45656e-07 8.1513e-10 3.03769e-20 -2.7943e-20 1.83457e-07 -1.01684e-09 -1.93839e-20 -2.45659e-20 -4.85316e-10 -8.7757e-08
852 1.09 470 0 -3.09625e-21 2.03733e-21 -2.1098e-07 2.06245e-09 6.23098e-20 -2.71567e-20 2.69776e-07 -2.62203e-09 -1.92042e-20 -3.41858e-20 -1.29599e-09 -1.33462e-07
852 1.1 470 0 -5.36697e-20 -4.67208e-20 -5.66586e-07 1.76401e-08 1.58835e-19 -8.45446e-20 7.3485e-07 -2.28353e-08 -1.08986e-19 -1.46588e-19 -1.16309e-08 -3.74345e-07
852 1.11 470 0 4.01453e-19 9.96425e-20 4.62421e-07 1.38502e-08 -1.23939e-19 -9.06477e-20 -6.07833e-07 -1.8243e-08 3.80989e-19 1.8628e-19 -9.53637e-09 3.17721e-07
852 1.12 470 0 1.29931e-20 7.25849e-21 1.40093e-07 1.48448e-09 -6.26444e-20 5.32146e-20 -1.86486e-07 -1.988e-09 4.87116e-20 4.84986e-20 -1.06306e-09 9.97305e-08
852 1.13 470 0 3.84015e-21 3.13875e-21 7.53043e-08 4.95305e-10 -4.1163e-20 4.15602e-20 -1.01443e-07 -6.73969e-10 3.19338e-20 3.09145e-20 -3.67632e-10 5.5368e-08
852 1.14 470 0 -7.3761e-23 1.39518e-21 4.83028e-08 2.34975e-10 -3.92956e-20 4.94237e-20 -6.58037e-08 -3.2462e-10 3.37504e-20 2.8474e-20 -1.80228e-10 3.65791e-08
852 1.15 470 0 1.17529e-21 1.18891e-21 3.38602e-08 1.32414e-10 -4.02492e-20 3.29059e-20 -4.66188e-08 -1.85597e-10 2.43752e-20 2.96498e-20 -1.0468e-10 2.63454e-08
852 1.16 470 0 4.98296e-21 3.58041e-21 2.50609e-08 8.27875e-11 -7.71934e-20 5.75946e-20 -3.48491e-08 -1.17649e-10 4.72177e-20 5.97889e-20 -6.73014e-11 1.999e-08
852 1.17 470 0 3.77303e-21 1.76591e-21 1.92494e-08 5.57333e-11 9.30121e-20 -1.93708e-20 -2.70192e-08 -8.02307e-11 -1.00155e-20 -6.66197e-20 -4.64972e-11 1.57099e-08
852 1.18 470 0 6.46939e-22 7.22676e-22 1.51925e-08 3.93073e-11 1.9923e-20 -1.55336e-20 -2.15127e-08 -5.72928e-11 -1.10174e-20 -1.42002e-20 -3.35921e-11 1.26632e-08
852 1.19 470 0 6.8671e-22 4.49664e-22 1.22441e-08 2.89173e-11 9.72795e-21 -6.65981e-21 -1.74807e-08 -4.26374e-11 -4.36152e-21 -6.9801e-21 -2.52739e-11 1.0406e-08
852 1.2 470 0 3.7285e-22 2.83457e-22 1.00339e-08 2.19257e-11 5.13168e-21 -6.94309e-21 -1.44354e-08 -3.26811e-11 -5.07895e-21 -3.71322e-21 -1.95692e-11 8.68165e-09
852 1.21 470 0 1.3093e-22 3.3269e-22 8.33599e-09 1.70379e-11 4.05419e-21 -5.29584e-21 -1.20785e-08 -2.56554e-11 -4.13323e-21 -2.86459e-21 -1.55079e-11 7.33248e-09
852 1.22 470 0 1.984e-22 3.29147e-22 7.0053e-09 1.3514e-11 3.19374e-21 4.54943e-22 -1.02177e-08 -2.05434e-11 5.89828e-22 -2.22544e-21 -1.25284e-11 6.25618e-09
852 1.23 470 0 9.60801e-23 2.09748e-22 5.94499e-09 1.09386e-11 1.86048e-21 -2.40375e-21 -8.72427e-09 -1.67711e-11 -1.93101e-21 -1.29925e-21 -1.03173e-11 5.38376e-09
852 1.24 470 0 1.34134e-22 1.87481e-22 5.08812e-09 8.98615e-12 1.40155e-21 -9.94656e-23 -7.5088e-09 -1.38861e-11 5.37258e-23 -9.63425e-22 -8.61387e-12 4.66701e-09
852 1.25 470 0 1.15689e-22 1.28786e-22 4.38725e-09 7.49767e-12 9.2932e-22 -1.38602e-22 -6.50773e-09 -1.16659e-11 -5.36011e-24 -6.43991e-22 -7.29693e-12 4.0714e-09
852 1.26 470 0 1.2085e-22 1.46185e-22 3.80789e-09 6.32709e-12 9.51873e-22 -3.78829e-22 -5.67465e-09 -9.90546e-12 -2.17646e-22 -6.56651e-22 -6.24565e-12 3.57153e-09
852 1.27 470 0 3.37674e-23 1.01935e-22 3.32453e-09 5.40622e-12 5.95555e-22 2.37058e-22 -4.97509e-09 -8.5077e-12 2.37196e-22 -4.0449e-22 -5.40766e-12 3.1484e-09
852 1.28 470 0 6.48297e-23 8.90333e-23 2.91796e-09 4.68135e-12 4.93383e-22 -4.88498e-22 -4.38294e-09 -7.3957e-12 -3.89917e-22 -3.35724e-22 -4.74003e-12 2.78752e-09
852 1.29 470 0 6.71758e-23 6.95972e-23 2.57342e-09 4.08615e-12 3.4489e-22 -6.15247e-22 -3.87809e-09 -6.47592e-12 -5.15087e-22 -2.29347e-22 -4.18369e-12 2.47764e-09
852 1.3 470 0 8.82545e-24 7.23696e-23 2.27955e-09 3.62112e-12 3.35755e-22 2.17768e-22 -3.44497e-09 -5.74655e-12 1.98409e-22 -2.22124e-22 -3.74378e-12 2.21e-09
852 1.31 470 0 8.7019e-23 6.65247e-23 2.02739e-09 3.2531e-12 2.90551e-22 -4.24966e-22 -3.07125e-09 -5.16018e-12 -3.25272e-22 -1.90918e-22 -3.39012e-12 1.97759e-09
852 1.32 470 0 -1.50623e-23 5.0254e-23 1.80996e-09 3.04562e-12 1.88551e-22 2.61219e-22 -2.74725e-09 -4.80015e-12 2.17089e-22 -1.16201e-22 -3.18469e-12 1.77492e-09
852 1.33 470 0 8.92016e-24 3.98839e-23 1.62116e-09 2.65831e-12 1.55229e-22 -2.49406e-24 -2.46452e-09 -4.20775e-12 -1.23462e-23 -9.9305e-23 -2.80375e-12 1.59704e-09
852 1.34 470 0 2.67498e-23 3.57e-23 1.45667e-09 2.33263e-12 1.39844e-22 -4.87716e-23 -2.217e-09 -3.70675e-12 -3.52957e-23 -9.15455e-23 -2.48006e-12 1.44048e-09
852 1.35 470 0 -3.38712e-23 3.37796e-23 1.31273e-09 2.05658e-12 9.80634e-23 7.27426e-23 -1.99944e-09 -3.27977e-12 6.13555e-24 -5.35457e-23 -2.20292e-12 1.30219e-09
852 1.36 470 0 -2.00904e-23 2.68953e-23 1.18629e-09 1.82092e-12 8.86697e-23 7.74104e-23 -1.80749e-09 -2.91338e-12 3.23811e-23 -5.41756e-23 -1.964e-12 1.17961e-09
852 1.37 470 0 -2.14898e-23 2.23261e-23 1.0748e-09 1.61845e-12 6.15449e-23 6.90775e-23 -1.63756e-09 -2.59703e-12 2.27373e-23 -3.30885e-23 -1.75678e-12 1.07062e-09
852 1.38 470 0 -4.35643e-24 1.74666e-23 9.7615e-10 1.44348e-12 5.68905e-23 -3.63192e-23 -1.48666e-09 -2.32235e-12 -6.2538e-23 -3.55153e-23 -1.57606e-12 9.73442e-10
852 1.39 470 0 1.70734e-23 1.67826e-23 8.88586e-10 1.29147e-12 5.78872e-23 -5.4536e-23 -1.35224e-09 -2.08266e-12 -5.49246e-23 -3.84129e-23 -1.41767e-12 8.86554e-10
852 1.4 470 0 -4.5946e-23 1.04893e-23 8.10623e-10 1.15879e-12 2.27382e-23 1.31913e-22 -1.23219e-09 -1.87253e-12 6.3982e-23 -9.39067e-24 -1.27822e-12 8.08676e-10
852 1.41 470 0 -6.92966e-24 9.75383e-24 7.4101e-10 1.04245e-12 2.57159e-23 3.49741e-23 -1.12468e-09 -1.68753e-12 1.21665e-23 -1.41441e-23 -1.15493e-12 7.38711e-10
852 1.42 470 0 5.00221e-23 8.44425e-24 6.78686e-10 9.40025e-13 1.67072e-23 -1.0497e-22 -1.02818e-09 -1.52402e-12 -6.75343e-23 -6.33117e-24 -1.04551e-12 6.75719e-10
852 1.43 470 0 1.85132e-23 7.17459e-24 6.22743e-10 8.49492e-13 8.52926e-24 -4.47646e-24 -9.41363e-10 -1.37894e-12 2.55621e-24 8.2523e-25 -9.48035e-13 6.1889e-10
852 1.44 470 0 1.42485e-24 4.63722e-24 5.72408e-10 7.69148e-13 7.56575e-24 -3.89561e-24 -8.6309e-10 -1.24972e-12 -1.88194e-23 -1.86524e-24 -8.60855e-13 5.67524e-10
852 1.45 470 0 1.51448e-23 1.27274e-25 5.27015e-10 6.97561e-13 2.78923e-25 -1.83246e-23 -7.92377e-10 -1.13418e-12 -1.61343e-23 -1.14232e-25 -7.82581e-13 5.21011e-10
