852 0 290 0 6.90911e-09 3.08688e-08 -3.29771e-08 4.16144e-09 0 0 0 0 0 0 -3.79069e-08 2.14429e-09
852 0.01 290 0 6.89831e-09 3.08813e-08 -3.29826e-08 4.17475e-09 1.1701e-09 -1.23632e-09 1.00131e-09 -4.16518e-10 -1.03435e-09 9.98063e-10 -3.79033e-08 2.15168e-09
852 0.02 290 0 6.86601e-09 3.09186e-08 -3.2999e-08 4.2147e-09 2.33717e-09 -2.47349e-09 2.00179e-09 -8.34407e-10 -2.06664e-09 1.99769e-09 -3.78925e-08 2.17385e-09
852 0.03 290 0 6.81239e-09 3.09808e-08 -3.3026e-08 4.28134e-09 3.49818e-09 -3.71236e-09 3.0006e-09 -1.25504e-09 -3.09479e-09 3.00043e-09 -3.78744e-08 2.21079e-09
852 0.04 290 0 6.7377e-09 3.10683e-08 -3.30637e-08 4.37483e-09 4.65008e-09 -4.95373e-09 3.99691e-09 -1.67978e-09 -4.11672e-09 4.00783e-09 -3.78489e-08 2.26251e-09
852 0.05 290 0 6.64246e-09 3.11812e-08 -3.31115e-08 4.49535e-09 5.78984e-09 -6.19839e-09 4.98984e-09 -2.10999e-09 -5.13031e-09 5.02141e-09 -3.78161e-08 2.32891e-09
852 0.06 290 0 6.52712e-09 3.13198e-08 -3.31692e-08 4.64307e-09 6.91439e-09 -7.44707e-09 5.97852e-09 -2.54703e-09 -6.13343e-09 6.04264e-09 -3.77755e-08 2.41005e-09
852 0.07 290 0 6.39361e-09 3.14833e-08 -3.32364e-08 4.81879e-09 8.02069e-09 -8.70047e-09 6.9621e-09 -2.99226e-09 -7.12391e-09 7.07286e-09 -3.7726e-08 2.50497e-09
852 0.08 290 0 6.24042e-09 3.16746e-08 -3.33121e-08 5.02167e-09 9.10564e-09 -9.95911e-09 7.93952e-09 -3.44695e-09 -8.09951e-09 8.11368e-09 -3.76694e-08 2.61538e-09
852 0.09 290 0 6.06927e-09 3.18924e-08 -3.33952e-08 5.25287e-09 1.01661e-08 -1.12235e-08 8.90983e-09 -3.91243e-09 -9.05805e-09 9.16628e-09 -3.76056e-08 2.74092e-09
852 0.1 290 0 5.88204e-09 3.21381e-08 -3.34862e-08 5.51216e-09 1.11991e-08 -1.24942e-08 9.87208e-09 -4.39e-09 -9.99705e-09 1.02321e-08 -3.75319e-08 2.88029e-09
852 0.11 290 0 5.67953e-09 3.2412e-08 -3.35837e-08 5.80029e-09 1.22015e-08 -1.37713e-08 1.08252e-08 -4.88094e-09 -1.09142e-08 1.13122e-08 -3.74491e-08 3.03404e-09
852 0.12 290 0 5.46303e-09 3.27142e-08 -3.36865e-08 6.1174e-09 1.31701e-08 -1.50552e-08 1.1768e-08 -5.38645e-09 -1.1807e-08 1.24077e-08 -3.73567e-08 3.20201e-09
852 0.13 290 0 5.23411e-09 3.30459e-08 -3.37936e-08 6.46425e-09 1.41018e-08 -1.63457e-08 1.26993e-08 -5.90779e-09 -1.26729e-08 1.35197e-08 -3.72545e-08 3.3842e-09
852 0.14 290 0 4.99556e-09 3.34063e-08 -3.3904e-08 6.84159e-09 1.49936e-08 -1.76429e-08 1.36181e-08 -6.44618e-09 -1.35094e-08 1.46488e-08 -3.71407e-08 3.5795e-09
852 0.15 290 0 4.74676e-09 3.3798e-08 -3.40153e-08 7.24897e-09 1.58421e-08 -1.89464e-08 1.45227e-08 -7.0026e-09 -1.43139e-08 1.57961e-08 -3.70182e-08 3.78992e-09
852 0.16 290 0 4.49142e-09 3.42214e-08 -3.41275e-08 7.68711e-09 1.66444e-08 -2.02557e-08 1.5412e-08 -7.57823e-09 -1.50832e-08 1.69623e-08 -3.68829e-08 4.0134e-09
852 0.17 290 0 4.23122e-09 3.46765e-08 -3.42385e-08 8.15646e-09 1.73973e-08 -2.15703e-08 1.62844e-08 -8.17408e-09 -1.58148e-08 1.81478e-08 -3.67355e-08 4.25021e-09
852 0.18 290 0 3.96926e-09 3.51624e-08 -3.43461e-08 8.65818e-09 1.80977e-08 -2.28893e-08 1.71386e-08 -8.79125e-09 -1.65058e-08 1.93525e-08 -3.65753e-08 4.49981e-09
852 0.19 290 0 3.70679e-09 3.56828e-08 -3.44494e-08 9.19129e-09 1.87426e-08 -2.42115e-08 1.79728e-08 -9.43044e-09 -1.71528e-08 2.05773e-08 -3.64016e-08 4.76235e-09
852 0.2 290 0 3.44712e-09 3.62366e-08 -3.45459e-08 9.75666e-09 1.9329e-08 -2.55356e-08 1.87853e-08 -1.00926e-08 -1.77528e-08 2.18219e-08 -3.62137e-08 5.03717e-09
852 0.21 290 0 3.18753e-09 3.6826e-08 -3.4636e-08 1.03555e-08 1.98526e-08 -2.68604e-08 1.95745e-08 -1.07787e-08 -1.83031e-08 2.30866e-08 -3.60119e-08 5.32426e-09
852 0.22 290 0 2.94318e-09 3.74463e-08 -3.47127e-08 1.0987e-08 2.03131e-08 -2.81837e-08 2.03384e-08 -1.14891e-08 -1.87995e-08 2.43691e-08 -3.57922e-08 5.62174e-09
852 0.23 290 0 2.70976e-09 3.81021e-08 -3.47758e-08 1.16508e-08 2.07064e-08 -2.95034e-08 2.10748e-08 -1.22241e-08 -1.92392e-08 2.56702e-08 -3.55567e-08 5.93076e-09
852 0.24 290 0 2.49091e-09 3.87915e-08 -3.48224e-08 1.23475e-08 2.10295e-08 -3.08175e-08 2.17817e-08 -1.29846e-08 -1.96188e-08 2.69885e-08 -3.53047e-08 6.25071e-09
852 0.25 290 0 2.29248e-09 3.95138e-08 -3.4851e-08 1.30776e-08 2.12804e-08 -3.21232e-08 2.24574e-08 -1.37708e-08 -1.99346e-08 2.83222e-08 -3.50323e-08 6.57884e-09
852 0.26 290 0 2.11514e-09 4.02708e-08 -3.48575e-08 1.38396e-08 2.14563e-08 -3.34175e-08 2.30989e-08 -1.45827e-08 -2.01833e-08 2.96706e-08 -3.47425e-08 6.91704e-09
852 0.27 290 0 1.96546e-09 4.10594e-08 -3.48404e-08 1.46341e-08 2.15552e-08 -3.46974e-08 2.37046e-08 -1.54206e-08 -2.03612e-08 3.10309e-08 -3.44303e-08 7.26185e-09
852 0.28 290 0 1.84526e-09 4.18815e-08 -3.4795e-08 1.546e-08 2.15749e-08 -3.59589e-08 2.42714e-08 -1.6284e-08 -2.04649e-08 3.24015e-08 -3.40989e-08 7.61485e-09
852 0.29 290 0 1.76082e-09 4.27332e-08 -3.47198e-08 1.6317e-08 2.15139e-08 -3.71987e-08 2.47974e-08 -1.7173e-08 -2.04907e-08 3.3779e-08 -3.37431e-08 7.97249e-09
852 0.3 290 0 1.71419e-09 4.36157e-08 -3.46098e-08 1.72034e-08 2.13702e-08 -3.84123e-08 2.52793e-08 -1.80865e-08 -2.04354e-08 3.51611e-08 -3.3366e-08 8.3359e-09
852 0.31 290 0 1.7121e-09 4.45244e-08 -3.44632e-08 1.81187e-08 2.11431e-08 -3.95956e-08 2.57151e-08 -1.90244e-08 -2.02952e-08 3.65436e-08 -3.29627e-08 8.70151e-09
852 0.32 290 0 1.7569e-09 4.54599e-08 -3.42749e-08 1.90607e-08 2.08314e-08 -4.07436e-08 2.61014e-08 -1.99852e-08 -2.00673e-08 3.79234e-08 -3.2536e-08 9.07012e-09
852 0.33 290 0 1.85508e-09 4.64167e-08 -3.40421e-08 2.00285e-08 2.04348e-08 -4.18515e-08 2.64359e-08 -2.09681e-08 -1.97483e-08 3.9295e-08 -3.20822e-08 9.43863e-09
852 0.34 290 0 2.00992e-09 4.73953e-08 -3.37616e-08 2.10191e-08 1.99534e-08 -4.29138e-08 2.67155e-08 -2.19712e-08 -1.93349e-08 4.0655e-08 -3.16014e-08 9.80546e-09
852 0.35 290 0 2.22679e-09 4.83883e-08 -3.34287e-08 2.20307e-08 1.93872e-08 -4.39254e-08 2.69377e-08 -2.29932e-08 -1.88252e-08 4.19966e-08 -3.10926e-08 1.01691e-08
852 0.36 290 0 2.50903e-09 4.93953e-08 -3.30398e-08 2.30599e-08 1.87372e-08 -4.48804e-08 2.7099e-08 -2.40316e-08 -1.8216e-08 4.33156e-08 -3.05558e-08 1.05279e-08
852 0.37 290 0 2.86284e-09 5.04085e-08 -3.25923e-08 2.41041e-08 1.80053e-08 -4.57731e-08 2.71974e-08 -2.50844e-08 -1.75054e-08 4.46043e-08 -2.99878e-08 1.0878e-08
852 0.38 290 0 3.29111e-09 5.14245e-08 -3.2081e-08 2.51595e-08 1.71927e-08 -4.65976e-08 2.72296e-08 -2.61488e-08 -1.66919e-08 4.58566e-08 -2.93904e-08 1.12189e-08
852 0.39 290 0 3.79376e-09 5.24433e-08 -3.15053e-08 2.62233e-08 1.63005e-08 -4.73466e-08 2.71927e-08 -2.72222e-08 -1.57735e-08 4.70675e-08 -2.87635e-08 1.15475e-08
852 0.4 290 0 4.38371e-09 5.34474e-08 -3.08568e-08 2.72883e-08 1.53358e-08 -4.80161e-08 2.70845e-08 -2.83003e-08 -1.47503e-08 4.82252e-08 -2.81046e-08 1.18607e-08
852 0.41 290 0 5.06021e-09 5.44358e-08 -3.01352e-08 2.83509e-08 1.43013e-08 -4.8599e-08 2.69023e-08 -2.93797e-08 -1.36214e-08 4.93237e-08 -2.74137e-08 1.2155e-08
852 0.42 290 0 5.82554e-09 5.54007e-08 -2.93362e-08 2.94054e-08 1.32006e-08 -4.90896e-08 2.66436e-08 -3.04564e-08 -1.23877e-08 5.03545e-08 -2.66923e-08 1.24289e-08
852 0.43 290 0 6.68213e-09 5.6356e-08 -2.84583e-08 3.04519e-08 1.20349e-08 -4.94719e-08 2.63042e-08 -3.15265e-08 -1.10442e-08 5.13108e-08 -2.59405e-08 1.26729e-08
852 0.44 290 0 7.63276e-09 5.72815e-08 -2.74982e-08 3.14829e-08 1.08117e-08 -4.97444e-08 2.58829e-08 -3.25857e-08 -9.59515e-09 5.21815e-08 -2.51574e-08 1.28871e-08
852 0.45 290 0 8.68035e-09 5.81457e-08 -2.6452e-08 3.24828e-08 9.54482e-09 -4.99129e-08 2.53803e-08 -3.36267e-08 -8.04982e-09 5.29556e-08 -2.43451e-08 1.30735e-08
852 0.46 290 0 9.82492e-09 5.89492e-08 -2.53187e-08 3.34472e-08 8.2391e-09 -4.99681e-08 2.47941e-08 -3.46444e-08 -6.40885e-09 5.36244e-08 -2.35041e-08 1.32256e-08
852 0.47 290 0 1.10658e-08 5.96852e-08 -2.40972e-08 3.43694e-08 6.90194e-09 -4.9904e-08 2.41229e-08 -3.56332e-08 -4.67594e-09 5.41782e-08 -2.26355e-08 1.33392e-08
852 0.48 290 0 1.24024e-08 6.03397e-08 -2.27863e-08 3.52395e-08 5.54392e-09 -4.97188e-08 2.33666e-08 -3.65861e-08 -2.85784e-09 5.46068e-08 -2.17411e-08 1.34105e-08
852 0.49 290 0 1.38323e-08 6.09048e-08 -2.13858e-08 3.60493e-08 4.17323e-09 -4.94082e-08 2.25245e-08 -3.74967e-08 -9.60335e-10 5.49008e-08 -2.08234e-08 1.34359e-08
852 0.5 290 0 1.53527e-08 6.13698e-08 -1.98968e-08 3.67902e-08 2.80107e-09 -4.89697e-08 2.1597e-08 -3.83579e-08 1.00948e-09 5.505e-08 -1.98836e-08 1.34099e-08
852 0.51 290 0 1.69563e-08 6.17273e-08 -1.83223e-08 3.7454e-08 1.43539e-09 -4.84007e-08 2.05851e-08 -3.91633e-08 3.0433e-09 5.50466e-08 -1.89252e-08 1.33287e-08
852 0.52 290 0 1.86434e-08 6.1957e-08 -1.66605e-08 3.80261e-08 9.27765e-11 -4.77044e-08 1.94902e-08 -3.99031e-08 5.12946e-09 5.48786e-08 -1.79514e-08 1.31886e-08
852 0.53 290 0 2.04042e-08 6.20475e-08 -1.49163e-08 3.84967e-08 -1.21726e-09 -4.68829e-08 1.8315e-08 -4.05704e-08 7.25592e-09 5.45379e-08 -1.69654e-08 1.29864e-08
852 0.54 290 0 2.22313e-08 6.19963e-08 -1.30935e-08 3.88581e-08 -2.48322e-09 -4.59331e-08 1.70608e-08 -4.11569e-08 9.41384e-09 5.40179e-08 -1.59729e-08 1.27156e-08
852 0.55 290 0 2.41144e-08 6.1786e-08 -1.11976e-08 3.90967e-08 -3.69224e-09 -4.48628e-08 1.57324e-08 -4.1654e-08 1.15871e-08 5.33106e-08 -1.49778e-08 1.23738e-08
852 0.56 290 0 2.60439e-08 6.14108e-08 -9.23388e-09 3.92029e-08 -4.83399e-09 -4.36729e-08 1.43327e-08 -4.20534e-08 1.37632e-08 5.24097e-08 -1.39863e-08 1.19572e-08
852 0.57 290 0 2.80062e-08 6.08542e-08 -7.21045e-09 3.91631e-08 -5.8949e-09 -4.23737e-08 1.28683e-08 -4.2346e-08 1.59241e-08 5.13086e-08 -1.30026e-08 1.14619e-08
852 0.58 290 0 2.99891e-08 6.01151e-08 -5.13477e-09 3.89685e-08 -6.86428e-09 -4.09675e-08 1.13432e-08 -4.25227e-08 1.80563e-08 5.00043e-08 -1.20359e-08 1.08834e-08
852 0.59 290 0 3.19752e-08 5.91769e-08 -3.01719e-09 3.86035e-08 -7.73097e-09 -3.94677e-08 9.7659e-09 -4.25734e-08 2.01385e-08 4.84922e-08 -1.10913e-08 1.0219e-08
852 0.6 290 0 3.39492e-08 5.80422e-08 -8.69583e-10 3.80644e-08 -8.48666e-09 -3.78781e-08 8.14258e-09 -4.24917e-08 2.2157e-08 4.67716e-08 -1.01784e-08 9.46618e-09
852 0.61 290 0 3.58955e-08 5.6693e-08 1.29818e-09 3.73319e-08 -9.11674e-09 -3.62194e-08 6.48357e-09 -4.22656e-08 2.4088e-08 4.48414e-08 -9.30709e-09 8.62249e-09
852 0.62 290 0 3.7795e-08 5.51298e-08 3.47055e-09 3.64007e-08 -9.61532e-09 -3.44988e-08 4.79752e-09 -4.18884e-08 2.59147e-08 4.27015e-08 -8.48432e-09 7.68703e-09
852 0.63 290 0 3.96267e-08 5.33482e-08 5.63265e-09 3.52577e-08 -9.9754e-09 -3.27313e-08 3.09578e-09 -4.13496e-08 2.76156e-08 4.03554e-08 -7.7219e-09 6.65792e-09
852 0.64 290 0 4.13701e-08 5.13455e-08 7.76703e-09 3.38933e-08 -1.01897e-08 -3.09339e-08 1.39092e-09 -4.06408e-08 2.91695e-08 3.78079e-08 -7.03025e-09 5.5349e-09
852 0.65 290 0 4.30045e-08 4.91242e-08 9.85534e-09 3.22987e-08 -1.02548e-08 -2.91187e-08 -3.04588e-10 -3.97528e-08 3.05574e-08 3.50645e-08 -6.42143e-09 4.31798e-09
852 0.66 290 0 4.45071e-08 4.66843e-08 1.18767e-08 3.0464e-08 -1.01668e-08 -2.73045e-08 -1.97508e-09 -3.86767e-08 3.17572e-08 3.21332e-08 -5.90796e-09 3.00841e-09
852 0.67 290 0 4.58548e-08 4.40291e-08 1.38083e-08 2.83802e-08 -9.92464e-09 -2.55087e-08 -3.60377e-09 -3.74033e-08 3.27478e-08 2.90236e-08 -5.5034e-09 1.60834e-09
852 0.68 290 0 4.70232e-08 4.11674e-08 1.56243e-08 2.60409e-08 -9.53031e-09 -2.37449e-08 -5.17245e-09 -3.59242e-08 3.3509e-08 2.57465e-08 -5.22094e-09 1.21472e-10
852 0.69 290 0 4.79904e-08 3.80998e-08 1.72986e-08 2.3435e-08 -8.98287e-09 -2.20397e-08 -6.65881e-09 -3.42294e-08 3.40179e-08 2.23159e-08 -5.07851e-09 -1.4483e-09
852 0.7 290 0 4.87307e-08 3.48382e-08 1.87993e-08 2.05571e-08 -8.28946e-09 -2.04062e-08 -8.03984e-09 -3.23104e-08 3.42551e-08 1.87452e-08 -5.09032e-09 -3.09382e-09
852 0.71 290 0 4.92184e-08 3.13918e-08 2.00929e-08 1.74018e-08 -7.45633e-09 -1.88655e-08 -9.28791e-09 -3.01594e-08 3.41986e-08 1.50512e-08 -5.27587e-09 -4.80784e-09
852 0.72 290 0 4.94322e-08 2.77797e-08 2.11406e-08 1.3966e-08 -6.49008e-09 -1.74321e-08 -1.03726e-08 -2.77685e-08 3.38309e-08 1.12544e-08 -5.65332e-09 -6.57958e-09
852 0.73 290 0 4.93434e-08 2.40089e-08 2.18994e-08 1.02453e-08 -5.40455e-09 -1.6127e-08 -1.12586e-08 -2.51304e-08 3.31292e-08 7.37079e-09 -6.24111e-09 -8.39546e-09
852 0.74 290 0 4.89299e-08 2.0106e-08 2.23215e-08 6.24389e-09 -4.20947e-09 -1.496e-08 -1.19056e-08 -2.22408e-08 3.20768e-08 3.42468e-09 -7.06225e-09 -1.02404e-08
852 0.75 290 0 4.81647e-08 1.60769e-08 2.23522e-08 1.95996e-09 -2.92219e-09 -1.39587e-08 -1.22655e-08 -1.90951e-08 3.06514e-08 -5.63638e-10 -8.13797e-09 -1.20937e-08
852 0.76 290 0 4.70256e-08 1.19519e-08 2.1928e-08 -2.59602e-09 -1.55635e-09 -1.31319e-08 -1.22834e-08 -1.56936e-08 2.88363e-08 -4.56589e-09 -9.49105e-09 -1.39304e-08
852 0.77 290 0 4.54837e-08 7.74646e-09 2.09788e-08 -7.41028e-09 -1.33181e-10 -1.24957e-08 -1.18963e-08 -1.20411e-08 2.661e-08 -8.56026e-09 -1.11449e-08 -1.57208e-08
852 0.78 290 0 4.35146e-08 3.48598e-09 1.94238e-08 -1.24615e-08 1.32758e-09 -1.20594e-08 -1.10316e-08 -8.14697e-09 2.39538e-08 -1.25191e-08 -1.31215e-08 -1.7428e-08
852 0.79 290 0 4.10917e-08 -8.04026e-10 1.71604e-08 -1.7745e-08 2.80545e-09 -1.18396e-08 -9.60724e-09 -3.99585e-09 2.0839e-08 -1.64081e-08 -1.54319e-08 -1.90167e-08
852 0.8 290 0 3.81919e-08 -5.09371e-09 1.40677e-08 -2.31794e-08 4.29062e-09 -1.18484e-08 -7.49377e-09 3.48629e-10 1.72607e-08 -2.02125e-08 -1.80947e-08 -2.04221e-08
852 0.81 290 0 3.4775e-08 -9.37481e-09 1.00536e-08 -2.86761e-08 5.74493e-09 -1.20928e-08 -4.58864e-09 4.80626e-09 1.319e-08 -2.3906e-08 -2.11435e-08 -2.15774e-08
852 0.82 290 0 3.07949e-08 -1.36238e-08 4.98595e-09 -3.41439e-08 7.14119e-09 -1.25788e-08 -7.65484e-10 9.30665e-09 8.58756e-09 -2.74615e-08 -2.45824e-08 -2.24087e-08
852 0.83 290 0 2.61974e-08 -1.78184e-08 -1.28225e-09 -3.94528e-08 8.45228e-09 -1.33132e-08 4.12363e-09 1.37406e-08 3.40857e-09 -3.08519e-08 -2.84048e-08 -2.2824e-08
852 0.84 290 0 2.09034e-08 -2.19386e-08 -8.90387e-09 -4.44227e-08 9.64179e-09 -1.43047e-08 1.02381e-08 1.79488e-08 -2.41335e-09 -3.40476e-08 -3.25913e-08 -2.27195e-08
852 0.85 290 0 1.48131e-08 -2.59541e-08 -1.80376e-08 -4.88113e-08 1.06855e-08 -1.55539e-08 1.77485e-08 2.17143e-08 -8.96416e-09 -3.70181e-08 -3.70948e-08 -2.19754e-08
852 0.86 290 0 7.77882e-09 -2.98346e-08 -2.88393e-08 -5.23093e-08 1.1544e-08 -1.70715e-08 2.68306e-08 2.47457e-08 -1.6372e-08 -3.97205e-08 -4.18373e-08 -2.04605e-08
852 0.87 290 0 -4.18885e-10 -3.35288e-08 -4.14587e-08 -5.45364e-08 1.21064e-08 -1.89143e-08 3.76508e-08 2.66857e-08 -2.48244e-08 -4.20686e-08 -4.67008e-08 -1.80538e-08
852 0.88 290 0 -1.00598e-08 -3.69329e-08 -5.59659e-08 -5.49462e-08 1.2358e-08 -2.10589e-08 5.03234e-08 2.70072e-08 -3.45649e-08 -4.39827e-08 -5.15142e-08 -1.46279e-08
852 0.89 290 0 -2.15596e-08 -3.98566e-08 -7.237e-08 -5.28981e-08 1.22273e-08 -2.35227e-08 6.49048e-08 2.50746e-08 -4.59656e-08 -4.52766e-08 -5.60493e-08 -1.00888e-08
852 0.9 290 0 -3.54983e-08 -4.19394e-08 -9.05718e-08 -4.76143e-08 1.16285e-08 -2.6328e-08 8.13516e-08 2.00991e-08 -5.95553e-08 -4.56066e-08 -6.00194e-08 -4.39636e-09
852 0.91 290 0 -5.26706e-08 -4.25307e-08 -1.10331e-07 -3.81697e-08 1.04226e-08 -2.95168e-08 9.94835e-08 1.11146e-08 -7.60628e-08 -4.43462e-08 -6.30901e-08 2.40575e-09
852 0.92 290 0 -7.41302e-08 -4.04229e-08 -1.31244e-07 -2.34409e-08 8.43112e-09 -3.31414e-08 1.18952e-07 -3.07341e-09 -9.64728e-08 -4.03419e-08 -6.49074e-08 1.01563e-08
852 0.93 290 0 -1.01212e-07 -3.34232e-08 -1.52725e-07 -1.99765e-09 5.36155e-09 -3.72853e-08 1.39214e-07 -2.40151e-08 -1.22043e-07 -3.14824e-08 -6.5147e-08 1.8554e-08
852 0.94 290 0 -1.35449e-07 -1.74598e-08 -1.73976e-07 2.82268e-08 7.1482e-10 -4.20695e-08 1.59474e-07 -5.3962e-08 -1.54222e-07 -1.38218e-08 -6.35867e-08 2.71543e-08
852 0.95 290 0 -1.7806e-07 1.53413e-08 -1.93752e-07 7.07944e-08 -6.49229e-09 -4.76331e-08 1.78411e-07 -9.67699e-08 -1.94132e-07 2.03226e-08 -6.02004e-08 3.5405e-08
852 0.96 290 0 -2.27457e-07 8.15464e-08 -2.09092e-07 1.33125e-07 -1.83642e-08 -5.39535e-08 1.92797e-07 -1.60356e-07 -2.40071e-07 8.71685e-08 -5.52888e-08 4.27474e-08
852 0.97 290 0 -2.65707e-07 2.1925e-07 -2.08393e-07 2.32829e-07 -4.01691e-08 -5.95219e-08 1.90085e-07 -2.63292e-07 -2.74016e-07 2.24025e-07 -4.97128e-08 4.89469e-08
852 0.98 290 0 -1.70396e-07 5.0218e-07 -1.27051e-07 4.04787e-07 -8.49643e-08 -5.08571e-08 1.01408e-07 -4.4173e-07 -1.74427e-07 5.02362e-07 -4.5059e-08 5.57698e-08
852 0.99 290 0 5.29658e-07 5.20453e-07 2.7883e-07 4.4834e-07 -1.19553e-07 4.52648e-08 -3.2912e-07 -4.80487e-07 5.20247e-07 5.1227e-07 -3.41252e-08 7.13232e-08
852 1 290 0 -5.96103e-06 -2.36954e-07 2.63759e-07 9.65408e-10 -2.44176e-10 7.81106e-08 -3.13751e-07 -1.05811e-09 -5.97085e-06 -2.36985e-07 -8.76105e-11 7.24436e-08
852 1.01 290 0 9.45698e-08 8.01993e-10 1.3128e-07 3.27379e-10 -2.21338e-11 2.99248e-08 -1.64345e-07 -3.58114e-10 8.45447e-08 7.93162e-10 -1.49858e-11 4.80276e-08
852 1.02 290 0 7.21092e-08 4.92531e-10 8.90979e-08 1.89012e-10 -4.81456e-13 2.03526e-08 -1.17487e-07 -2.07646e-10 6.31177e-08 4.86871e-10 -6.82791e-12 4.09372e-08
852 1.03 290 0 5.56809e-08 3.54404e-10 6.63654e-08 1.29742e-10 6.83417e-12 1.59345e-08 -9.19587e-08 -1.42617e-10 4.75468e-08 3.50285e-10 -2.81851e-12 3.63839e-08
852 1.04 290 0 4.38764e-08 2.76923e-10 5.18758e-08 9.77084e-11 1.05667e-11 1.36199e-08 -7.55601e-08 -1.07025e-10 3.65487e-08 2.73521e-10 -4.42738e-13 3.30805e-08
852 1.05 290 0 3.49186e-08 2.2807e-10 4.17271e-08 7.81618e-11 1.28356e-11 1.24055e-08 -6.40229e-08 -8.5014e-11 2.83844e-08 2.25029e-10 1.14191e-12 3.05314e-08
852 1.06 290 0 2.77671e-08 1.94905e-10 3.41584e-08 6.53185e-11 1.53756e-11 1.18544e-08 -5.54104e-08 -6.99734e-11 2.20297e-08 1.91524e-10 2.22412e-12 2.84889e-08
852 1.07 290 0 2.1807e-08 1.71399e-10 2.82473e-08 5.64819e-11 1.65939e-11 1.17513e-08 -4.87051e-08 -5.96863e-11 1.68814e-08 1.68045e-10 3.11587e-12 2.68116e-08
852 1.08 290 0 1.66564e-08 1.54107e-10 2.34602e-08 5.01305e-11 1.77394e-11 1.19733e-08 -4.33146e-08 -5.21049e-11 1.2564e-08 1.50647e-10 3.85037e-12 2.54108e-08
852 1.09 290 0 1.2065e-08 1.41398e-10 1.94654e-08 4.55949e-11 1.97028e-11 1.2449e-08 -3.88701e-08 -4.61712e-11 8.833e-09 1.37249e-10 4.45653e-12 2.42275e-08
852 1.1 290 0 7.85769e-09 1.31567e-10 1.60442e-08 4.21572e-11 2.08155e-11 1.31404e-08 -3.51298e-08 -4.17626e-11 5.52175e-09 1.27141e-10 5.04115e-12 2.32214e-08
852 1.11 290 0 3.9081e-09 1.24152e-10 1.30456e-08 3.96003e-11 2.2065e-11 1.4023e-08 -3.19268e-08 -3.82795e-11 2.51039e-09 1.19329e-10 5.60711e-12 2.23635e-08
852 1.12 290 0 1.19648e-10 1.19123e-10 1.03611e-08 3.79447e-11 2.43248e-11 1.50842e-08 -2.9142e-08 -3.53754e-11 -2.90616e-10 1.13283e-10 6.15267e-12 2.16329e-08
852 1.13 290 0 -3.58946e-09 1.15231e-10 7.90825e-09 3.66658e-11 2.59075e-11 1.63255e-08 -2.66887e-08 -3.31674e-11 -2.95181e-09 1.0877e-10 6.73284e-12 2.10148e-08
852 1.14 290 0 -7.28771e-09 1.12788e-10 5.62321e-09 3.58835e-11 2.78065e-11 1.77511e-08 -2.45007e-08 -3.13896e-11 -5.53148e-09 1.05529e-10 7.35155e-12 2.04984e-08
852 1.15 290 0 -1.10388e-08 1.12235e-10 3.45357e-09 3.57982e-11 3.08428e-11 1.93733e-08 -2.25267e-08 -2.99149e-11 -8.08068e-09 1.03495e-10 8.02682e-12 2.00766e-08
852 1.16 290 0 -1.49088e-08 1.12375e-10 1.3533e-09 3.59068e-11 3.34641e-11 2.12148e-08 -2.07262e-08 -2.88358e-11 -1.06477e-08 1.02446e-10 8.77467e-12 1.97456e-08
852 1.17 290 0 -1.89636e-08 1.14631e-10 -7.18798e-10 3.6766e-11 3.75312e-11 2.33022e-08 -1.90655e-08 -2.7993e-11 -1.328e-08 1.02664e-10 9.65059e-12 1.95037e-08
852 1.18 290 0 -2.3281e-08 1.17565e-10 -2.80398e-09 3.78162e-11 4.13272e-11 2.56767e-08 -1.75163e-08 -2.74764e-11 -1.60289e-08 1.038e-10 1.06374e-11 1.9353e-08
852 1.19 290 0 -2.79501e-08 1.22128e-10 -4.9447e-09 3.94048e-11 4.59556e-11 2.83899e-08 -1.60535e-08 -2.72208e-11 -1.89518e-08 1.06134e-10 1.17961e-11 1.92979e-08
852 1.2 290 0 -3.30792e-08 1.29717e-10 -7.1879e-09 4.20742e-11 5.27827e-11 3.151e-08 -1.46535e-08 -2.72419e-11 -2.21165e-08 1.10234e-10 1.32321e-11 1.93467e-08
852 1.21 290 0 -3.88113e-08 1.38872e-10 -9.59058e-09 4.52159e-11 6.01094e-11 3.51335e-08 -1.32935e-08 -2.75902e-11 -2.56091e-08 1.15746e-10 1.49314e-11 1.9513e-08
852 1.22 290 0 -4.53291e-08 1.52556e-10 -1.22224e-08 4.9945e-11 7.0694e-11 3.93865e-08 -1.19491e-08 -2.83332e-11 -2.95394e-08 1.23955e-10 1.71265e-11 1.98161e-08
852 1.23 290 0 -5.28886e-08 1.69383e-10 -1.51771e-08 5.56864e-11 8.29068e-11 4.44511e-08 -1.05924e-08 -2.95295e-11 -3.40587e-08 1.34564e-10 1.98195e-11 2.02855e-08
852 1.24 290 0 -6.18454e-08 1.944e-10 -1.8582e-08 6.42681e-11 1.00989e-10 5.05827e-08 -9.18894e-09 -3.1416e-11 -3.93762e-08 1.50099e-10 2.34913e-11 2.09639e-08
852 1.25 290 0 -7.27313e-08 2.26963e-10 -2.26247e-08 7.53642e-11 1.23782e-10 5.81677e-08 -7.69244e-09 -3.41314e-11 -4.58029e-08 1.7079e-10 2.82746e-11 2.19171e-08
852 1.26 290 0 -8.63602e-08 2.74178e-10 -2.75894e-08 9.14537e-11 1.56644e-10 6.77995e-08 -6.0359e-09 -3.81736e-11 -5.38143e-08 2.00704e-10 3.50143e-11 2.32474e-08
852 1.27 290 0 -1.04062e-07 3.48464e-10 -3.39385e-08 1.16873e-10 2.08696e-10 8.04513e-08 -4.11405e-09 -4.45215e-11 -6.41858e-08 2.47113e-10 4.52471e-11 2.51239e-08
852 1.28 290 0 -1.2818e-07 4.63811e-10 -4.24833e-08 1.5627e-10 2.8915e-10 9.78408e-08 -1.74617e-09 -5.44953e-11 -7.82817e-08 3.19206e-10 6.10701e-11 2.78462e-08
852 1.29 290 0 -1.63225e-07 6.7276e-10 -5.47848e-08 2.27861e-10 4.36239e-10 1.23279e-07 1.4124e-09 -7.22584e-11 -9.87297e-08 4.48031e-10 8.91464e-11 3.19934e-08
852 1.3 290 0 -2.19234e-07 1.08598e-09 -7.43108e-08 3.69485e-10 7.28447e-10 1.64133e-07 6.12233e-09 -1.06939e-10 -1.31371e-07 7.00902e-10 1.44327e-10 3.88552e-08
852 1.31 290 0 -3.23798e-07 2.15755e-09 -1.10593e-07 7.37625e-10 1.49406e-09 2.40662e-07 1.44705e-08 -1.94552e-10 -1.92265e-07 1.3477e-09 2.85614e-10 5.19804e-08
852 1.32 290 0 -5.90706e-07 6.59793e-09 -2.02936e-07 2.26601e-09 4.699e-09 4.36423e-07 3.50522e-08 -5.47216e-10 -3.4764e-07 3.99216e-09 8.65673e-10 8.60088e-08
852 1.33 290 0 -2.7513e-06 1.31471e-07 -9.4933e-07 4.53413e-08 9.59328e-08 2.02281e-06 1.98582e-07 -1.01021e-08 -1.60515e-06 7.71702e-08 1.70183e-08 3.63726e-07
852 1.34 290 0 1.09682e-06 1.94316e-08 3.79676e-07 6.72948e-09 1.44822e-08 -8.03207e-07 -9.163e-08 -1.39798e-09 6.34483e-07 1.10786e-08 2.46659e-09 -1.31695e-07
852 1.35 290 0 4.67732e-07 3.28557e-09 1.62263e-07 1.14233e-09 2.49335e-09 -3.41443e-07 -4.37519e-08 -2.24021e-10 2.68328e-07 1.82259e-09 4.06699e-10 -5.10337e-08
852 1.36 290 0 3.00896e-07 1.2823e-09 1.04526e-07 4.47417e-10 9.87331e-10 -2.19111e-07 -3.08123e-08 -8.43163e-11 1.71216e-07 6.94224e-10 1.5405e-10 -2.98319e-08
852 1.37 290 0 2.23521e-07 6.66568e-10 7.76978e-08 2.3342e-10 5.19323e-10 -1.6246e-07 -2.46476e-08 -4.30752e-11 1.26175e-07 3.5302e-10 7.71744e-11 -2.01293e-08
852 1.38 290 0 1.78758e-07 4.06359e-10 6.21418e-08 1.42728e-10 3.19145e-10 -1.29747e-07 -2.09627e-08 -2.63716e-11 1.00119e-07 2.11516e-10 4.51597e-11 -1.46125e-08
852 1.39 290 0 1.49507e-07 2.72464e-10 5.19508e-08 9.59584e-11 2.15004e-10 -1.08415e-07 -1.84647e-08 -1.8144e-11 8.30943e-08 1.40007e-10 2.89185e-11 -1.10821e-08
852 1.4 290 0 1.28848e-07 1.93654e-10 4.47338e-08 6.84047e-11 1.53114e-10 -9.33832e-08 -1.66299e-08 -1.35267e-11 7.10731e-08 9.86181e-11 1.94414e-11 -8.6482e-09
852 1.41 290 0 1.13447e-07 1.45067e-10 3.93391e-08 5.1355e-11 1.14464e-10 -8.22038e-08 -1.52056e-08 -1.08204e-11 6.21149e-08 7.37033e-11 1.37387e-11 -6.88243e-09
852 1.42 290 0 1.015e-07 1.12729e-10 3.51425e-08 3.99817e-11 8.84349e-11 -7.3552e-08 -1.40545e-08 -9.12787e-12 5.5169e-08 5.7502e-11 1.00129e-11 -5.55298e-09
852 1.43 290 0 9.19419e-08 9.01134e-11 3.17766e-08 3.20128e-11 6.99991e-11 -6.66478e-08 -1.30957e-08 -8.03587e-12 4.96165e-08 4.64697e-11 7.46111e-12 -4.52351e-09
852 1.44 290 0 8.41082e-08 7.33604e-11 2.90107e-08 2.61148e-11 5.61414e-11 -6.10026e-08 -1.2278e-08 -7.33483e-12 4.50694e-08 3.85532e-11 5.57863e-12 -3.70874e-09
852 1.45 290 0 7.75598e-08 6.11609e-11 2.66932e-08 2.17977e-11 4.58357e-11 -5.62946e-08 -1.15677e-08 -6.90592e-12 4.12723e-08 3.30713e-11 4.26411e-12 -3.05253e-09
852 1.46 290 0 7.19954e-08 5.18319e-11 2.47196e-08 1.84902e-11 3.77416e-11 -5.23031e-08 -1.09414e-08 -6.6866e-12 3.80497e-08 2.91553e-11 3.28426e-12 -2.5165e-09
852 1.47 290 0 6.72015e-08 4.45362e-11 2.30159e-08 1.58987e-11 3.11602e-11 -4.88716e-08 -1.03825e-08 -6.65109e-12 3.52774e-08 2.64148e-11 2.54028e-12 -2.07348e-09
852 1.48 290 0 6.30229e-08 3.87263e-11 2.15281e-08 1.38315e-11 2.55925e-11 -4.58863e-08 -9.87867e-09 -6.80689e-12 3.28648e-08 2.46463e-11 1.96472e-12 -1.70378e-09
852 1.49 290 0 5.93433e-08 3.39202e-11 2.02159e-08 1.21266e-11 2.04867e-11 -4.32623e-08 -9.42078e-09 -7.23571e-12 3.07443e-08 2.38037e-11 1.48827e-12 -1.39275e-09
852 1.5 290 0 5.60745e-08 3.00833e-11 1.90487e-08 1.07561e-11 1.56687e-11 -4.09349e-08 -9.00184e-09 -8.00431e-12 2.88647e-08 2.40598e-11 1.1339e-12 -1.12927e-09
852 1.51 290 0 5.31481e-08 2.68934e-11 1.80026e-08 9.61529e-12 1.02839e-11 -3.88536e-08 -8.6165e-09 -9.46099e-12 2.71866e-08 2.59803e-11 8.48857e-13 -9.04778e-10
852 1.52 290 0 5.05103e-08 2.42154e-11 1.70587e-08 8.65658e-12 2.54221e-12 -3.69778e-08 -8.26111e-09 -1.26031e-11 2.56801e-08 3.15673e-11 6.18143e-13 -7.1257e-10
852 1.53 290 0 4.81179e-08 2.19543e-11 1.62021e-08 7.84593e-12 -1.62704e-11 -3.5269e-08 -7.9363e-09 -2.2582e-11 2.43289e-08 5.14119e-11 4.31034e-13 -5.47324e-10
852 1.54 290 0 4.59365e-08 1.99662e-11 1.54206e-08 7.1148e-12 7.68619e-10 -3.40276e-08 -7.44493e-09 4.47132e-10 2.27123e-08 -9.18182e-10 3.29967e-13 -4.04789e-10
852 1.55 290 0 4.39372e-08 1.83388e-11 1.47042e-08 6.5439e-12 4.48963e-11 -3.23611e-08 -7.30459e-09 1.59532e-11 2.18862e-08 -2.92293e-11 1.58665e-13 -2.8145e-10
852 1.56 290 0 4.20971e-08 1.68962e-11 1.40448e-08 6.02437e-12 2.85135e-11 -3.10498e-08 -7.03758e-09 6.97898e-12 2.08559e-08 -1.11591e-11 5.47834e-14 -1.74525e-10
852 1.57 290 0 4.03965e-08 1.56443e-11 1.34354e-08 5.57084e-12 2.22469e-11 -2.98454e-08 -6.78195e-09 3.94196e-12 1.98983e-08 -5.26329e-12 -2.4965e-14 -8.16448e-11
852 1.58 290 0 3.88191e-08 1.45295e-11 1.28704e-08 5.16842e-12 1.87252e-11 -2.87303e-08 -6.53957e-09 2.46672e-12 1.90109e-08 -2.54726e-12 -9.70534e-14 -8.79403e-13
852 1.59 290 0 3.7351e-08 1.35457e-11 1.23447e-08 4.81243e-12 1.63457e-11 -2.76935e-08 -6.30974e-09 1.6015e-12 1.81866e-08 -1.04397e-12 -1.56161e-13 6.94128e-11
852 1.6 290 0 3.59805e-08 1.26722e-11 1.18543e-08 4.49581e-12 1.45788e-11 -2.67262e-08 -6.09159e-09 1.04153e-12 1.74192e-08 -1.31976e-13 -2.0524e-13 1.30607e-10
852 1.61 290 0 3.46974e-08 1.18964e-11 1.13956e-08 4.21306e-12 1.31812e-11 -2.58209e-08 -5.88424e-09 6.488e-13 1.67027e-08 4.70812e-13 -2.42242e-13 1.83875e-10
852 1.62 290 0 3.34931e-08 1.11951e-11 1.09654e-08 3.95814e-12 1.20484e-11 -2.49711e-08 -5.6869e-09 3.72559e-13 1.60324e-08 8.56052e-13 -2.76084e-13 2.30203e-10
852 1.63 290 0 3.23599e-08 1.05631e-11 1.05611e-08 3.72765e-12 1.10997e-11 -2.41715e-08 -5.49882e-09 1.68217e-13 1.54037e-08 1.11617e-12 -3.03539e-13 2.70449e-10
852 1.64 290 0 3.12914e-08 9.99516e-12 1.01803e-08 3.51972e-12 1.02838e-11 -2.34174e-08 -5.31936e-09 8.4447e-15 1.48128e-08 1.3089e-12 -3.24037e-13 3.05347e-10
852 1.65 290 0 3.02817e-08 9.47844e-12 9.82089e-09 3.33e-12 9.58229e-12 -2.27045e-08 -5.14791e-09 -1.11451e-13 1.42565e-08 1.43448e-12 -3.41146e-13 3.35529e-10
852 1.66 290 0 2.93257e-08 9.00648e-12 9.48115e-09 3.15638e-12 8.96304e-12 -2.20292e-08 -4.98395e-09 -2.0657e-13 1.37316e-08 1.52531e-12 -3.53973e-13 3.61549e-10
852 1.67 290 0 2.84189e-08 8.5777e-12 9.15943e-09 2.99756e-12 8.4167e-12 -2.13884e-08 -4.827e-09 -2.81448e-13 1.32355e-08 1.5895e-12 -3.62255e-13 3.83883e-10
852 1.68 290 0 2.75575e-08 8.18366e-12 8.85428e-09 2.85096e-12 7.92968e-12 -2.07791e-08 -4.6766e-09 -3.39754e-13 1.2766e-08 1.63118e-12 -3.67534e-13 4.02951e-10
852 1.69 290 0 2.67378e-08 7.82108e-12 8.56443e-09 2.71539e-12 7.49228e-12 -2.01989e-08 -4.53237e-09 -3.85135e-13 1.23209e-08 1.6578e-12 -3.70117e-13 4.19119e-10
852 1.7 290 0 2.59567e-08 7.48613e-12 8.28874e-09 2.58941e-12 7.09691e-12 -1.96456e-08 -4.39394e-09 -4.19968e-13 1.18983e-08 1.67297e-12 -3.7009e-13 4.32711e-10
852 1.71 290 0 2.52113e-08 7.17644e-12 8.02617e-09 2.47198e-12 6.73723e-12 -1.9117e-08 -4.26098e-09 -4.46372e-13 1.14967e-08 1.68125e-12 -3.67311e-13 4.44009e-10
852 1.72 290 0 2.44991e-08 6.8889e-12 7.77579e-09 2.36187e-12 6.40829e-12 -1.86115e-08 -4.13318e-09 -4.65592e-13 1.11144e-08 1.68396e-12 -3.61658e-13 4.53267e-10
852 1.73 290 0 2.38178e-08 6.62176e-12 7.53677e-09 2.2581e-12 6.10573e-12 -1.81273e-08 -4.01026e-09 -4.78948e-13 1.07501e-08 1.68406e-12 -3.52582e-13 4.60704e-10
852 1.74 290 0 2.31653e-08 6.37208e-12 7.30835e-09 2.15967e-12 5.82483e-12 -1.76631e-08 -3.89197e-09 -4.87404e-13 1.04027e-08 1.68336e-12 -3.40065e-13 4.6652e-10
852 1.75 290 0 2.25397e-08 6.13824e-12 7.08984e-09 2.06565e-12 5.56303e-12 -1.72175e-08 -3.77805e-09 -4.91358e-13 1.00709e-08 1.68228e-12 -3.24036e-13 4.70888e-10
852 1.76 290 0 2.19393e-08 5.91791e-12 6.8806e-09 1.97508e-12 5.31592e-12 -1.67893e-08 -3.66828e-09 -4.91939e-13 9.75373e-09 1.68334e-12 -3.04248e-13 4.73964e-10
852 1.77 290 0 2.13626e-08 5.71043e-12 6.68006e-09 1.88647e-12 5.07974e-12 -1.63774e-08 -3.56247e-09 -4.90032e-13 9.4503e-09 1.69028e-12 -2.78516e-13 4.75888e-10
852 1.78 290 0 2.0808e-08 5.51389e-12 6.4877e-09 1.79639e-12 4.84608e-12 -1.59808e-08 -3.4604e-09 -4.87087e-13 9.15973e-09 1.71048e-12 -2.42439e-13 4.76783e-10
852 1.79 290 0 2.02743e-08 5.31153e-12 6.30295e-09 1.73033e-12 4.45387e-12 -1.55983e-08 -3.36201e-09 -6.34582e-13 8.88169e-09 1.95496e-12 -2.25864e-13 4.7669e-10
852 1.8 290 0 1.97603e-08 5.10205e-12 6.12549e-09 1.65912e-12 4.16862e-12 -1.52295e-08 -3.26701e-09 -6.89358e-13 8.61486e-09 2.04085e-12 -2.22867e-13 4.75819e-10
852 1.81 290 0 1.92649e-08 4.89711e-12 5.95488e-09 1.58615e-12 3.93093e-12 -1.48735e-08 -3.17525e-09 -7.09508e-13 8.35866e-09 2.06444e-12 -2.16663e-13 4.74236e-10
852 1.82 290 0 1.8787e-08 4.70038e-12 5.79073e-09 1.51468e-12 3.72951e-12 -1.45296e-08 -3.08658e-09 -7.08873e-13 8.11252e-09 2.0467e-12 -2.08307e-13 4.72015e-10
852 1.83 290 0 1.83257e-08 4.51156e-12 5.63269e-09 1.44577e-12 3.54772e-12 -1.41972e-08 -3.00089e-09 -7.00188e-13 7.87593e-09 2.01206e-12 -1.99036e-13 4.69224e-10
852 1.84 290 0 1.78801e-08 4.33187e-12 5.48044e-09 1.37989e-12 3.3842e-12 -1.38756e-08 -2.91803e-09 -6.8533e-13 7.64836e-09 1.96417e-12 -1.89021e-13 4.65929e-10
852 1.85 290 0 1.74495e-08 4.16164e-12 5.33368e-09 1.317e-12 3.23641e-12 -1.35642e-08 -2.83789e-09 -6.66093e-13 7.42934e-09 1.90717e-12 -1.78161e-13 4.62187e-10
852 1.86 290 0 1.70331e-08 4.00156e-12 5.19212e-09 1.25727e-12 3.10317e-12 -1.32627e-08 -2.76036e-09 -6.4391e-13 7.21844e-09 1.84383e-12 -1.66684e-13 4.5805e-10
852 1.87 290 0 1.66302e-08 3.85125e-12 5.05552e-09 1.20024e-12 2.98163e-12 -1.29704e-08 -2.68532e-09 -6.20402e-13 7.01523e-09 1.77773e-12 -1.5448e-13 4.53565e-10
852 1.88 290 0 1.62401e-08 3.71155e-12 4.92362e-09 1.14635e-12 2.87219e-12 -1.26869e-08 -2.61269e-09 -5.96499e-13 6.81934e-09 1.70987e-12 -1.42538e-13 4.48775e-10
852 1.89 290 0 1.58623e-08 3.58216e-12 4.7962e-09 1.09581e-12 2.77331e-12 -1.24119e-08 -2.54235e-09 -5.73734e-13 6.63041e-09 1.64251e-12 -1.32172e-13 4.43719e-10
852 1.9 290 0 1.54961e-08 3.46178e-12 4.67304e-09 1.05198e-12 2.68499e-12 -1.21449e-08 -2.47423e-09 -5.53437e-13 6.44812e-09 1.57512e-12 -1.28011e-13 4.38433e-10
852 1.91 290 0 1.51411e-08 3.34757e-12 4.55396e-09 1.01127e-12 2.60211e-12 -1.18856e-08 -2.40823e-09 -5.33978e-13 6.27214e-09 1.51004e-12 -1.24737e-13 4.32948e-10
852 1.92 290 0 1.47967e-08 3.23913e-12 4.43876e-09 9.7249e-13 2.52382e-12 -1.16336e-08 -2.34427e-09 -5.14973e-13 6.10217e-09 1.44743e-12 -1.21117e-13 4.27293e-10
852 1.93 290 0 1.44626e-08 3.13603e-12 4.32727e-09 9.3551e-13 2.44984e-12 -1.13887e-08 -2.28227e-09 -4.96362e-13 5.93794e-09 1.38701e-12 -1.17195e-13 4.21496e-10
852 1.94 290 0 1.41382e-08 3.03792e-12 4.21933e-09 9.0019e-13 2.37995e-12 -1.11505e-08 -2.22216e-09 -4.78088e-13 5.77919e-09 1.32848e-12 -1.12998e-13 4.15579e-10
852 1.95 290 0 1.38231e-08 2.94447e-12 4.11478e-09 8.66399e-13 2.31395e-12 -1.09187e-08 -2.16387e-09 -4.60085e-13 5.62568e-09 1.27156e-12 -1.08532e-13 4.09565e-10
852 1.96 290 0 1.3517e-08 2.85539e-12 4.01349e-09 8.34003e-13 2.25169e-12 -1.06931e-08 -2.10733e-09 -4.42273e-13 5.47717e-09 1.21592e-12 -1.03779e-13 4.03471e-10
852 1.97 290 0 1.32195e-08 2.77043e-12 3.9153e-09 8.02855e-13 2.1931e-12 -1.04735e-08 -2.05247e-09 -4.24533e-13 5.33346e-09 1.16115e-12 -9.86844e-14 3.97316e-10
852 1.98 290 0 1.29303e-08 2.68937e-12 3.82011e-09 7.72764e-13 2.13826e-12 -1.02596e-08 -1.99924e-09 -4.06654e-13 5.19434e-09 1.10657e-12 -9.31136e-14 3.91115e-10
852 1.99 290 0 1.2649e-08 2.61204e-12 3.72777e-09 7.43397e-13 2.08772e-12 -1.00511e-08 -1.94758e-09 -3.88139e-13 5.05961e-09 1.05066e-12 -8.67032e-14 3.84883e-10
852 2 290 0 1.23753e-08 2.5391e-12 3.63818e-09 7.12224e-13 2.04893e-12 -9.84802e-09 -1.89742e-09 -3.64116e-13 4.9291e-09 9.78879e-13 -7.56232e-14 3.78633e-10
