852 0 160 0 0 0 0 0 -1.88105e-07 -8.8815e-08 -1.25873e-07 -1.2278e-07 1.58834e-07 1.22448e-07 0 0
852 0.01 160 0 5.61913e-10 9.25039e-09 4.02626e-10 5.26809e-09 -1.88078e-07 -8.87517e-08 -1.25885e-07 -1.22756e-07 1.58847e-07 1.22422e-07 -1.88236e-10 -6.83292e-11
852 0.02 160 0 1.12527e-09 1.84966e-08 8.06363e-10 1.05331e-08 -1.87997e-07 -8.85619e-08 -1.25919e-07 -1.22683e-07 1.58884e-07 1.22345e-07 -3.76402e-10 -1.3662e-10
852 0.03 160 0 1.69149e-09 2.77345e-08 1.21231e-09 1.5792e-08 -1.87862e-07 -8.82456e-08 -1.25977e-07 -1.22562e-07 1.58946e-07 1.22217e-07 -5.64431e-10 -2.04836e-10
852 0.04 160 0 2.26197e-09 3.69599e-08 1.62154e-09 2.10416e-08 -1.87672e-07 -8.78032e-08 -1.26057e-07 -1.22392e-07 1.59032e-07 1.22037e-07 -7.52248e-10 -2.72939e-10
852 0.05 160 0 2.83804e-09 4.61686e-08 2.03511e-09 2.6279e-08 -1.87426e-07 -8.72348e-08 -1.26159e-07 -1.22174e-07 1.59142e-07 1.21805e-07 -9.39782e-10 -3.40878e-10
852 0.06 160 0 3.42103e-09 5.53564e-08 2.45398e-09 3.15009e-08 -1.87124e-07 -8.65407e-08 -1.26283e-07 -1.21906e-07 1.59276e-07 1.2152e-07 -1.12693e-09 -4.08657e-10
852 0.07 160 0 4.01212e-09 6.45191e-08 2.87913e-09 3.67043e-08 -1.86765e-07 -8.57215e-08 -1.26428e-07 -1.21588e-07 1.59432e-07 1.21182e-07 -1.3137e-09 -4.76206e-10
852 0.08 160 0 4.61237e-09 7.36524e-08 3.31137e-09 4.1886e-08 -1.86346e-07 -8.47775e-08 -1.26594e-07 -1.21219e-07 1.59611e-07 1.2079e-07 -1.5e-09 -5.43501e-10
852 0.09 160 0 5.22288e-09 8.27519e-08 3.75142e-09 4.70429e-08 -1.85867e-07 -8.37098e-08 -1.26779e-07 -1.20799e-07 1.5981e-07 1.20343e-07 -1.68584e-09 -6.10554e-10
852 0.1 160 0 5.84442e-09 9.18136e-08 4.20019e-09 5.21718e-08 -1.85326e-07 -8.25188e-08 -1.26983e-07 -1.20327e-07 1.60029e-07 1.19841e-07 -1.87087e-09 -6.77245e-10
852 0.11 160 0 6.47781e-09 1.00833e-07 4.65811e-09 5.72693e-08 -1.84721e-07 -8.12048e-08 -1.27205e-07 -1.19803e-07 1.60268e-07 1.19283e-07 -2.05514e-09 -7.43656e-10
852 0.12 160 0 7.12367e-09 1.09805e-07 5.12575e-09 6.23323e-08 -1.84049e-07 -7.9769e-08 -1.27443e-07 -1.19224e-07 1.60523e-07 1.18667e-07 -2.23878e-09 -8.09687e-10
852 0.13 160 0 7.78221e-09 1.18727e-07 5.60335e-09 6.73576e-08 -1.83308e-07 -7.82127e-08 -1.27697e-07 -1.18591e-07 1.60795e-07 1.17992e-07 -2.42157e-09 -8.75311e-10
852 0.14 160 0 8.45382e-09 1.27592e-07 6.09116e-09 7.23417e-08 -1.82496e-07 -7.6537e-08 -1.27964e-07 -1.17903e-07 1.61082e-07 1.17257e-07 -2.60346e-09 -9.40593e-10
852 0.15 160 0 9.13835e-09 1.36398e-07 6.58907e-09 7.72816e-08 -1.8161e-07 -7.47443e-08 -1.28244e-07 -1.17157e-07 1.6138e-07 1.16461e-07 -2.78448e-09 -1.0055e-09
852 0.16 160 0 9.83547e-09 1.45139e-07 7.09699e-09 8.21736e-08 -1.80647e-07 -7.2834e-08 -1.28533e-07 -1.16353e-07 1.61689e-07 1.15602e-07 -2.96421e-09 -1.07e-09
852 0.17 160 0 1.05449e-08 1.53811e-07 7.6147e-09 8.70145e-08 -1.79604e-07 -7.08089e-08 -1.28832e-07 -1.1549e-07 1.62007e-07 1.1468e-07 -3.14305e-09 -1.13406e-09
852 0.18 160 0 1.12658e-08 1.62408e-07 8.14163e-09 9.18009e-08 -1.78477e-07 -6.8671e-08 -1.29136e-07 -1.14567e-07 1.6233e-07 1.13692e-07 -3.32077e-09 -1.1976e-09
852 0.19 160 0 1.19968e-08 1.70928e-07 8.67677e-09 9.65297e-08 -1.77264e-07 -6.64231e-08 -1.29445e-07 -1.13583e-07 1.62657e-07 1.12637e-07 -3.49732e-09 -1.2609e-09
852 0.2 160 0 1.27367e-08 1.79365e-07 9.21934e-09 1.01197e-07 -1.75961e-07 -6.40657e-08 -1.29755e-07 -1.12535e-07 1.62985e-07 1.11514e-07 -3.67235e-09 -1.32377e-09
852 0.21 160 0 1.3484e-08 1.87713e-07 9.76852e-09 1.05798e-07 -1.74562e-07 -6.16026e-08 -1.30063e-07 -1.11423e-07 1.63309e-07 1.10321e-07 -3.84661e-09 -1.38593e-09
852 0.22 160 0 1.42362e-08 1.9597e-07 1.03218e-08 1.10333e-07 -1.73067e-07 -5.90366e-08 -1.30368e-07 -1.10246e-07 1.63628e-07 1.09057e-07 -4.01938e-09 -1.44813e-09
852 0.23 160 0 1.49907e-08 2.04132e-07 1.08778e-08 1.14797e-07 -1.7147e-07 -5.63704e-08 -1.30666e-07 -1.09003e-07 1.63938e-07 1.07721e-07 -4.19013e-09 -1.5099e-09
852 0.24 160 0 1.57454e-08 2.12193e-07 1.14349e-08 1.19186e-07 -1.69767e-07 -5.3607e-08 -1.30953e-07 -1.07692e-07 1.64235e-07 1.06311e-07 -4.35966e-09 -1.57133e-09
852 0.25 160 0 1.64963e-08 2.20149e-07 1.199e-08 1.23498e-07 -1.67955e-07 -5.07516e-08 -1.31227e-07 -1.06313e-07 1.64515e-07 1.04826e-07 -4.52788e-09 -1.63262e-09
852 0.26 160 0 1.72401e-08 2.27996e-07 1.2541e-08 1.27729e-07 -1.66028e-07 -4.78061e-08 -1.31483e-07 -1.04864e-07 1.64775e-07 1.03264e-07 -4.69419e-09 -1.69368e-09
852 0.27 160 0 1.79726e-08 2.35731e-07 1.30846e-08 1.31877e-07 -1.63984e-07 -4.47758e-08 -1.31718e-07 -1.03345e-07 1.65009e-07 1.01625e-07 -4.85916e-09 -1.75446e-09
852 0.28 160 0 1.86889e-08 2.43349e-07 1.36171e-08 1.35939e-07 -1.61817e-07 -4.16665e-08 -1.31926e-07 -1.01754e-07 1.65212e-07 9.9908e-08 -5.02239e-09 -1.81534e-09
852 0.29 160 0 1.93842e-08 2.50847e-07 1.41354e-08 1.39911e-07 -1.59524e-07 -3.84812e-08 -1.32104e-07 -1.00092e-07 1.6538e-07 9.8112e-08 -5.18407e-09 -1.87599e-09
852 0.3 160 0 2.00531e-08 2.58223e-07 1.46345e-08 1.43793e-07 -1.571e-07 -3.52273e-08 -1.32247e-07 -9.83589e-08 1.65507e-07 9.62363e-08 -5.34381e-09 -1.9369e-09
852 0.31 160 0 2.06895e-08 2.65472e-07 1.51112e-08 1.47581e-07 -1.54542e-07 -3.19089e-08 -1.32351e-07 -9.65532e-08 1.65588e-07 9.42814e-08 -5.5022e-09 -1.99769e-09
852 0.32 160 0 2.12864e-08 2.72593e-07 1.55595e-08 1.51274e-07 -1.51846e-07 -2.85338e-08 -1.32409e-07 -9.46754e-08 1.65616e-07 9.22469e-08 -5.65909e-09 -2.05879e-09
852 0.33 160 0 2.18369e-08 2.79583e-07 1.5975e-08 1.54871e-07 -1.49008e-07 -2.51072e-08 -1.32418e-07 -9.27265e-08 1.65587e-07 9.01335e-08 -5.81431e-09 -2.11997e-09
852 0.34 160 0 2.2334e-08 2.86442e-07 1.63516e-08 1.5837e-07 -1.46025e-07 -2.16377e-08 -1.3237e-07 -9.07067e-08 1.65492e-07 8.79418e-08 -5.9679e-09 -2.18178e-09
852 0.35 160 0 2.27697e-08 2.93168e-07 1.66838e-08 1.6177e-07 -1.42894e-07 -1.81315e-08 -1.3226e-07 -8.86177e-08 1.65327e-07 8.56723e-08 -6.12034e-09 -2.24384e-09
852 0.36 160 0 2.31356e-08 2.99761e-07 1.69658e-08 1.65071e-07 -1.39611e-07 -1.45972e-08 -1.32084e-07 -8.646e-08 1.65084e-07 8.33278e-08 -6.27069e-09 -2.30636e-09
852 0.37 160 0 2.34225e-08 3.06221e-07 1.71905e-08 1.68274e-07 -1.36175e-07 -1.10431e-08 -1.31833e-07 -8.42363e-08 1.64756e-07 8.09092e-08 -6.42019e-09 -2.36954e-09
852 0.38 160 0 2.36216e-08 3.12549e-07 1.73514e-08 1.71378e-07 -1.32583e-07 -7.47708e-09 -1.31503e-07 -8.19488e-08 1.64336e-07 7.84195e-08 -6.56838e-09 -2.43311e-09
852 0.39 160 0 2.37224e-08 3.18743e-07 1.74413e-08 1.74384e-07 -1.28833e-07 -3.91128e-09 -1.31086e-07 -7.95999e-08 1.63815e-07 7.58616e-08 -6.71621e-09 -2.49704e-09
852 0.4 160 0 2.37169e-08 3.24814e-07 1.74535e-08 1.77298e-07 -1.24925e-07 -3.51076e-10 -1.30577e-07 -7.7194e-08 1.6319e-07 7.32394e-08 -6.86119e-09 -2.5624e-09
852 0.41 160 0 2.35942e-08 3.30762e-07 1.73807e-08 1.8012e-07 -1.20859e-07 3.19228e-09 -1.2997e-07 -7.47349e-08 1.62452e-07 7.05568e-08 -7.00459e-09 -2.62875e-09
852 0.42 160 0 2.33446e-08 3.3659e-07 1.7216e-08 1.82855e-07 -1.16635e-07 6.70917e-09 -1.29258e-07 -7.22277e-08 1.61595e-07 6.78179e-08 -7.14573e-09 -2.69633e-09
852 0.43 160 0 2.29456e-08 3.42295e-07 1.69419e-08 1.85498e-07 -1.12248e-07 1.01905e-08 -1.28427e-07 -6.96707e-08 1.60601e-07 6.50235e-08 -7.28874e-09 -2.76008e-09
852 0.44 160 0 2.23947e-08 3.47884e-07 1.65561e-08 1.88057e-07 -1.07709e-07 1.36214e-08 -1.2748e-07 -6.70732e-08 1.59463e-07 6.2186e-08 -7.43186e-09 -2.82077e-09
852 0.45 160 0 2.16929e-08 3.53383e-07 1.60584e-08 1.90548e-07 -1.03019e-07 1.69911e-08 -1.26411e-07 -6.44489e-08 1.5819e-07 5.93168e-08 -7.56916e-09 -2.88606e-09
852 0.46 160 0 2.08254e-08 3.58796e-07 1.54393e-08 1.92974e-07 -9.81807e-08 2.02903e-08 -1.25214e-07 -6.18017e-08 1.56771e-07 5.6422e-08 -7.70552e-09 -2.95233e-09
852 0.47 160 0 1.97799e-08 3.6413e-07 1.46894e-08 1.95341e-07 -9.31956e-08 2.35088e-08 -1.23881e-07 -5.91379e-08 1.55197e-07 5.35081e-08 -7.84024e-09 -3.02137e-09
852 0.48 160 0 1.85528e-08 3.694e-07 1.38052e-08 1.97659e-07 -8.80727e-08 2.66362e-08 -1.22411e-07 -5.64677e-08 1.53466e-07 5.05868e-08 -7.9725e-09 -3.09144e-09
852 0.49 160 0 1.71385e-08 3.74619e-07 1.27842e-08 1.99937e-07 -8.28237e-08 2.96613e-08 -1.20797e-07 -5.38022e-08 1.51578e-07 4.7669e-08 -8.1024e-09 -3.17043e-09
852 0.5 160 0 1.55201e-08 3.79798e-07 1.16143e-08 2.02187e-07 -7.74458e-08 3.25747e-08 -1.19035e-07 -5.11485e-08 1.49518e-07 4.4762e-08 -8.23477e-09 -3.25154e-09
852 0.51 160 0 1.36932e-08 3.84948e-07 1.02916e-08 2.04416e-07 -7.19478e-08 3.53637e-08 -1.17124e-07 -4.85158e-08 1.47281e-07 4.18784e-08 -8.3677e-09 -3.33216e-09
852 0.52 160 0 1.16573e-08 3.90095e-07 8.81475e-09 2.06643e-07 -6.63394e-08 3.80262e-08 -1.15064e-07 -4.59161e-08 1.44872e-07 3.90302e-08 -8.5003e-09 -3.41529e-09
852 0.53 160 0 9.40979e-09 3.95252e-07 7.18236e-09 2.08878e-07 -6.06287e-08 4.05534e-08 -1.12853e-07 -4.33602e-08 1.42288e-07 3.62294e-08 -8.63531e-09 -3.50038e-09
852 0.54 160 0 6.94251e-09 4.00436e-07 5.38855e-09 2.11132e-07 -5.48289e-08 4.29331e-08 -1.1049e-07 -4.08599e-08 1.39525e-07 3.34905e-08 -8.76918e-09 -3.58691e-09
852 0.55 160 0 4.26111e-09 4.05666e-07 3.43664e-09 2.13422e-07 -4.89485e-08 4.51639e-08 -1.07975e-07 -3.84269e-08 1.36587e-07 3.08245e-08 -8.90546e-09 -3.67535e-09
852 0.56 160 0 1.3611e-09 4.10962e-07 1.32534e-09 2.1576e-07 -4.30025e-08 4.72338e-08 -1.0531e-07 -3.60735e-08 1.33472e-07 2.82479e-08 -9.04098e-09 -3.7665e-09
852 0.57 160 0 -1.74929e-09 4.16345e-07 -9.40636e-10 2.18162e-07 -3.70003e-08 4.9145e-08 -1.025e-07 -3.38114e-08 1.30187e-07 2.57722e-08 -9.18073e-09 -3.85883e-09
852 0.58 160 0 -5.07134e-09 4.21832e-07 -3.36153e-09 2.20642e-07 -3.09579e-08 5.08878e-08 -9.95467e-08 -3.16535e-08 1.26731e-07 2.3413e-08 -9.31877e-09 -3.95278e-09
852 0.59 160 0 -8.59085e-09 4.2745e-07 -5.92701e-09 2.23218e-07 -2.4886e-08 5.24656e-08 -9.64572e-08 -2.96117e-08 1.23116e-07 2.11829e-08 -9.46385e-09 -4.04758e-09
852 0.6 160 0 -1.2312e-08 4.33206e-07 -8.63783e-09 2.25895e-07 -1.8802e-08 5.38656e-08 -9.32331e-08 -2.76981e-08 1.19337e-07 1.90975e-08 -9.60818e-09 -4.14266e-09
852 0.61 160 0 -1.62047e-08 4.39138e-07 -1.14745e-08 2.28705e-07 -1.27146e-08 5.51047e-08 -8.98906e-08 -2.59243e-08 1.15417e-07 1.71666e-08 -9.75803e-09 -4.24072e-09
852 0.62 160 0 -2.02681e-08 4.45257e-07 -1.44342e-08 2.31652e-07 -6.64162e-09 5.61718e-08 -8.64335e-08 -2.43021e-08 1.11357e-07 1.54056e-08 -9.90785e-09 -4.34175e-09
852 0.63 160 0 -2.44837e-08 4.51579e-07 -1.75043e-08 2.34751e-07 -5.94768e-10 5.7075e-08 -8.28722e-08 -2.28409e-08 1.07169e-07 1.38248e-08 -1.00598e-08 -4.44236e-09
852 0.64 160 0 -2.88291e-08 4.58131e-07 -2.06688e-08 2.38017e-07 5.41418e-09 5.78198e-08 -7.92198e-08 -2.1549e-08 1.02867e-07 1.24371e-08 -1.022e-08 -4.54076e-09
852 0.65 160 0 -3.32946e-08 4.6492e-07 -2.39169e-08 2.41461e-07 1.13693e-08 5.8407e-08 -7.5485e-08 -2.04387e-08 9.84577e-08 1.12519e-08 -1.03816e-08 -4.64416e-09
852 0.66 160 0 -3.78515e-08 4.71966e-07 -2.72298e-08 2.45092e-07 1.72601e-08 5.88443e-08 -7.16835e-08 -1.9515e-08 9.39604e-08 1.02796e-08 -1.05458e-08 -4.7464e-09
852 0.67 160 0 -4.24786e-08 4.79281e-07 -3.05877e-08 2.48923e-07 2.30757e-08 5.9139e-08 -6.78305e-08 -1.87861e-08 8.93882e-08 9.52645e-09 -1.07156e-08 -4.85021e-09
852 0.68 160 0 -4.71578e-08 4.86874e-07 -3.39808e-08 2.52955e-07 2.88e-08 5.92945e-08 -6.39344e-08 -1.8258e-08 8.47523e-08 9.00536e-09 -1.08911e-08 -4.94922e-09
852 0.69 160 0 -5.18427e-08 4.94767e-07 -3.73772e-08 2.57205e-07 3.44334e-08 5.93327e-08 -6.00195e-08 -1.79313e-08 8.00813e-08 8.71676e-09 -1.10698e-08 -5.04774e-09
852 0.7 160 0 -5.65239e-08 5.02954e-07 -4.07576e-08 2.61675e-07 3.99614e-08 5.92554e-08 -5.60993e-08 -1.7815e-08 7.53812e-08 8.66379e-09 -1.12539e-08 -5.15122e-09
852 0.71 160 0 -6.11573e-08 5.11448e-07 -4.41026e-08 2.66369e-07 4.53802e-08 5.90786e-08 -5.21896e-08 -1.79052e-08 7.06775e-08 8.85098e-09 -1.14464e-08 -5.25204e-09
852 0.72 160 0 -6.57201e-08 5.20249e-07 -4.73883e-08 2.71283e-07 5.06815e-08 5.88088e-08 -4.83069e-08 -1.8203e-08 6.59839e-08 9.28143e-09 -1.16416e-08 -5.35129e-09
852 0.73 160 0 -7.01776e-08 5.29359e-07 -5.0592e-08 2.76418e-07 5.58633e-08 5.84628e-08 -4.44685e-08 -1.87049e-08 6.13206e-08 9.95396e-09 -1.18434e-08 -5.44983e-09
852 0.74 160 0 -7.45081e-08 5.3877e-07 -5.36955e-08 2.81768e-07 6.0912e-08 5.80438e-08 -4.06876e-08 -1.94125e-08 5.66999e-08 1.08718e-08 -1.20561e-08 -5.53885e-09
852 0.75 160 0 -7.86607e-08 5.48483e-07 -5.66613e-08 2.87336e-07 6.58467e-08 5.75793e-08 -3.69886e-08 -2.03142e-08 5.21479e-08 1.20195e-08 -1.22793e-08 -5.62645e-09
852 0.76 160 0 -8.26059e-08 5.58483e-07 -5.94776e-08 2.93109e-07 7.0659e-08 5.70744e-08 -3.33798e-08 -2.14031e-08 4.76795e-08 1.33993e-08 -1.25125e-08 -5.69796e-09
852 0.77 160 0 -8.63329e-08 5.68763e-07 -6.21174e-08 2.9909e-07 7.53586e-08 5.65487e-08 -2.98817e-08 -2.26736e-08 4.33034e-08 1.49934e-08 -1.27516e-08 -5.76866e-09
852 0.78 160 0 -8.98035e-08 5.79324e-07 -6.4556e-08 3.05258e-07 7.99453e-08 5.60069e-08 -2.65053e-08 -2.41172e-08 3.90406e-08 1.6808e-08 -1.29874e-08 -5.84508e-09
852 0.79 160 0 -9.29493e-08 5.90154e-07 -6.67418e-08 3.11614e-07 8.44099e-08 5.54501e-08 -2.3286e-08 -2.57336e-08 3.49274e-08 1.88459e-08 -1.32321e-08 -5.91843e-09
852 0.8 160 0 -9.57698e-08 6.01223e-07 -6.86797e-08 3.18125e-07 8.87503e-08 5.48881e-08 -2.02227e-08 -2.75062e-08 3.09646e-08 2.10952e-08 -1.3486e-08 -5.98271e-09
852 0.81 160 0 -9.82045e-08 6.12514e-07 -7.0328e-08 3.24781e-07 9.30065e-08 5.43362e-08 -1.73342e-08 -2.9411e-08 2.71764e-08 2.35307e-08 -1.37504e-08 -6.045e-09
852 0.82 160 0 -1.00231e-07 6.24e-07 -7.16723e-08 3.31558e-07 9.71724e-08 5.37992e-08 -1.46305e-08 -3.1437e-08 2.35767e-08 2.61463e-08 -1.40261e-08 -6.10233e-09
852 0.83 160 0 -1.01815e-07 6.35656e-07 -7.26901e-08 3.38431e-07 1.01257e-07 5.32783e-08 -1.2122e-08 -3.35668e-08 2.01802e-08 2.89315e-08 -1.4316e-08 -6.15049e-09
852 0.84 160 0 -1.02919e-07 6.47451e-07 -7.33596e-08 3.45376e-07 1.05274e-07 5.27804e-08 -9.81859e-09 -3.5781e-08 1.70049e-08 3.18693e-08 -1.46213e-08 -6.19056e-09
852 0.85 160 0 -1.03524e-07 6.5936e-07 -7.36716e-08 3.52365e-07 1.09211e-07 5.231e-08 -7.72753e-09 -3.80686e-08 1.40661e-08 3.49582e-08 -1.49434e-08 -6.21131e-09
852 0.86 160 0 -1.03564e-07 6.71343e-07 -7.35866e-08 3.59375e-07 1.13128e-07 5.18596e-08 -5.85414e-09 -4.03981e-08 1.13817e-08 3.81602e-08 -1.52855e-08 -6.21962e-09
852 0.87 160 0 -1.03016e-07 6.8336e-07 -7.30964e-08 3.66375e-07 1.17017e-07 5.14282e-08 -4.20125e-09 -4.2757e-08 8.96768e-09 4.1466e-08 -1.56484e-08 -6.20787e-09
852 0.88 160 0 -1.0184e-07 6.95373e-07 -7.21838e-08 3.73335e-07 1.20894e-07 5.10096e-08 -2.76999e-09 -4.51271e-08 6.84162e-09 4.48581e-08 -1.60341e-08 -6.1666e-09
852 0.89 160 0 -9.99946e-08 7.07335e-07 -7.08315e-08 3.80228e-07 1.24777e-07 5.05989e-08 -1.56093e-09 -4.7493e-08 5.02253e-09 4.83133e-08 -1.64418e-08 -6.08819e-09
852 0.9 160 0 -9.74542e-08 7.19206e-07 -6.90327e-08 3.8703e-07 1.28657e-07 5.02143e-08 -5.80449e-10 -4.98511e-08 3.5377e-09 5.18191e-08 -1.68661e-08 -5.95765e-09
852 0.91 160 0 -9.41382e-08 7.30927e-07 -6.67387e-08 3.93722e-07 1.32616e-07 4.97996e-08 1.78076e-10 -5.21823e-08 2.39579e-09 5.53279e-08 -1.73067e-08 -5.77258e-09
852 0.92 160 0 -9.00121e-08 7.42452e-07 -6.39291e-08 4.0029e-07 1.36664e-07 4.93684e-08 7.00679e-10 -5.44936e-08 1.6248e-09 5.88194e-08 -1.77526e-08 -5.52087e-09
852 0.93 160 0 -8.50056e-08 7.53749e-07 -6.05536e-08 4.06734e-07 1.4086e-07 4.89047e-08 9.6723e-10 -5.6792e-08 1.25148e-09 6.22675e-08 -1.81903e-08 -5.18859e-09
852 0.94 160 0 -7.90273e-08 7.64828e-07 -5.65357e-08 4.13085e-07 1.45301e-07 4.84204e-08 9.25543e-10 -5.91007e-08 1.32517e-09 6.56568e-08 -1.85956e-08 -4.76456e-09
852 0.95 160 0 -7.18542e-08 7.75722e-07 -5.16843e-08 4.194e-07 1.50139e-07 4.77533e-08 4.96736e-10 -6.14718e-08 1.89674e-09 6.89944e-08 -1.89571e-08 -4.25377e-09
852 0.96 160 0 -6.30476e-08 7.86605e-07 -4.56399e-08 4.25828e-07 1.55571e-07 4.67856e-08 -5.62739e-10 -6.40123e-08 3.18144e-09 7.23577e-08 -1.9256e-08 -3.6563e-09
852 0.97 160 0 -5.12917e-08 7.97765e-07 -3.73894e-08 4.32583e-07 1.61892e-07 4.52139e-08 -2.97797e-09 -6.68702e-08 5.89126e-09 7.58797e-08 -1.94791e-08 -2.95937e-09
852 0.98 160 0 -3.20889e-08 8.08165e-07 -2.35416e-08 4.38886e-07 1.6963e-07 4.24703e-08 -9.36527e-09 -6.92572e-08 1.27326e-08 7.86995e-08 -1.95923e-08 -2.09683e-09
852 0.99 160 0 -1.88527e-09 7.99142e-07 -1.40883e-09 4.3078e-07 1.80135e-07 3.707e-08 -2.11505e-08 -5.89275e-08 2.50832e-08 6.77227e-08 -1.92641e-08 -1.00901e-09
852 1 160 0 1.22302e-10 7.92285e-07 -3.59578e-10 4.24231e-07 2.33305e-07 1.59954e-10 1.86324e-10 -3.24731e-08 2.16504e-10 3.71147e-08 -1.92704e-08 -9.26166e-11
852 1.01 160 0 2.18196e-10 7.74772e-07 -2.62515e-10 4.10197e-07 1.70463e-07 -7.00967e-11 2.17688e-10 -5.46195e-08 1.20954e-10 6.50111e-08 -1.76892e-08 -8.09229e-11
852 1.02 160 0 2.17299e-10 7.69796e-07 -2.33985e-10 4.05109e-07 1.62266e-07 -5.66975e-11 1.89961e-10 -5.67419e-08 1.2285e-10 6.84566e-08 -1.71624e-08 -7.31213e-11
852 1.03 160 0 2.10861e-10 7.66057e-07 -2.15642e-10 4.00875e-07 1.56895e-07 -5.04697e-11 1.73706e-10 -5.76491e-08 1.18133e-10 7.04436e-08 -1.67535e-08 -6.65339e-11
852 1.04 160 0 1.98458e-10 7.62881e-07 -2.04274e-10 3.97022e-07 1.52608e-07 -4.4397e-11 1.63238e-10 -5.80182e-08 1.10066e-10 7.17899e-08 -1.64052e-08 -6.17858e-11
852 1.05 160 0 1.86469e-10 7.59914e-07 -1.9784e-10 3.93298e-07 1.4878e-07 -3.91591e-11 1.56723e-10 -5.80454e-08 1.0161e-10 7.27395e-08 -1.6089e-08 -5.7007e-11
852 1.06 160 0 1.72675e-10 7.56931e-07 -1.96452e-10 3.89542e-07 1.45108e-07 -3.00978e-11 1.52367e-10 -5.78055e-08 9.3797e-11 7.33896e-08 -1.57904e-08 -5.24709e-11
852 1.07 160 0 1.6025e-10 7.53745e-07 -1.93586e-10 3.8562e-07 1.41375e-07 -2.51395e-11 1.49008e-10 -5.73305e-08 8.48527e-11 7.37849e-08 -1.5505e-08 -4.89287e-11
852 1.08 160 0 1.4746e-10 7.50219e-07 -1.93492e-10 3.81431e-07 1.37448e-07 -2.00467e-11 1.47476e-10 -5.66303e-08 7.56468e-11 7.39444e-08 -1.52229e-08 -4.53134e-11
852 1.09 160 0 1.33189e-10 7.46227e-07 -1.97457e-10 3.76884e-07 1.33214e-07 -1.08395e-11 1.47108e-10 -5.57022e-08 6.72481e-11 7.38722e-08 -1.49366e-08 -4.14026e-11
852 1.1 160 0 1.20554e-10 7.41624e-07 -1.99055e-10 3.71871e-07 1.28546e-07 -5.2582e-12 1.46947e-10 -5.45362e-08 5.80294e-11 7.35641e-08 -1.4646e-08 -3.84425e-11
852 1.11 160 0 1.07439e-10 7.36278e-07 -2.03088e-10 3.66295e-07 1.23339e-07 9.95534e-13 1.48081e-10 -5.31154e-08 4.85988e-11 7.30082e-08 -1.43438e-08 -3.50508e-11
852 1.12 160 0 9.09033e-11 7.30051e-07 -2.11763e-10 3.60052e-07 1.17484e-07 1.20688e-11 1.50548e-10 -5.1416e-08 3.9143e-11 7.21865e-08 -1.40232e-08 -3.15353e-11
852 1.13 160 0 7.63061e-11 7.22755e-07 -2.17991e-10 3.53003e-07 1.10834e-07 1.9913e-11 1.53035e-10 -4.94067e-08 2.90474e-11 7.10728e-08 -1.36843e-08 -2.87387e-11
852 1.14 160 0 5.98244e-11 7.14202e-07 -2.27227e-10 3.45007e-07 1.03242e-07 2.92349e-11 1.56943e-10 -4.7049e-08 1.82172e-11 6.96349e-08 -1.33188e-08 -2.56118e-11
852 1.15 160 0 3.88342e-11 7.04166e-07 -2.42124e-10 3.35894e-07 9.45375e-08 4.44476e-11 1.62438e-10 -4.42937e-08 6.97011e-12 6.78307e-08 -1.29188e-08 -2.18418e-11
852 1.16 160 0 1.74504e-11 6.92349e-07 -2.55531e-10 3.25442e-07 8.44906e-08 5.75172e-11 1.68388e-10 -4.10792e-08 -5.68765e-12 6.56062e-08 -1.24822e-08 -1.9537e-11
852 1.17 160 0 -1.08698e-11 6.7842e-07 -2.77926e-10 3.13401e-07 7.28484e-08 7.83097e-11 1.77157e-10 -3.73285e-08 -1.96142e-11 6.28949e-08 -1.19943e-08 -1.55602e-11
852 1.18 160 0 -3.8707e-11 6.61931e-07 -2.99034e-10 2.99437e-07 5.92689e-08 9.75245e-11 1.8646e-10 -3.29422e-08 -3.47282e-11 5.9609e-08 -1.14493e-08 -1.25291e-11
852 1.19 160 0 -7.22915e-11 6.42333e-07 -3.26253e-10 2.83137e-07 4.33338e-08 1.21322e-10 1.98285e-10 -2.77935e-08 -5.19299e-11 5.56371e-08 -1.08314e-08 -8.88217e-12
852 1.2 160 0 -1.19766e-10 6.18924e-07 -3.66492e-10 2.63971e-07 2.45065e-08 1.57682e-10 2.14374e-10 -2.17179e-08 -7.24355e-11 5.08345e-08 -1.01207e-08 -4.48965e-12
852 1.21 160 0 -1.73673e-10 5.90736e-07 -4.10706e-10 2.41217e-07 2.05e-09 1.96935e-10 2.33153e-10 -1.44935e-08 -9.63405e-11 4.50043e-08 -9.29997e-09 -1.62908e-12
852 1.22 160 0 -2.49522e-10 5.56508e-07 -4.75967e-10 2.13925e-07 -2.49972e-08 2.55565e-10 2.58983e-10 -5.82273e-09 -1.25933e-10 3.78845e-08 -8.33136e-09 3.37525e-12
852 1.23 160 0 -3.39695e-10 5.14446e-07 -5.52526e-10 1.80747e-07 -5.80044e-08 3.24022e-10 2.90278e-10 4.71237e-09 -1.61365e-10 2.91043e-08 -7.17759e-09 7.35947e-12
852 1.24 160 0 -4.75579e-10 4.6203e-07 -6.6798e-10 1.39791e-07 -9.88912e-08 4.28824e-10 3.35015e-10 1.77042e-08 -2.08895e-10 1.81399e-08 -5.77292e-09 1.2302e-11
852 1.25 160 0 -6.50448e-10 3.95474e-07 -8.15692e-10 8.82141e-08 -1.50545e-07 5.63215e-10 3.92866e-10 3.40404e-08 -2.69276e-10 4.20497e-09 -4.02975e-09 1.67963e-11
852 1.26 160 0 -9.08698e-10 3.08959e-07 -1.03257e-09 2.16435e-08 -2.17402e-07 7.61959e-10 4.75811e-10 5.50887e-08 -3.53137e-10 -1.39116e-08 -1.80495e-09 2.19515e-11
852 1.27 160 0 -1.32796e-09 1.92957e-07 -1.3795e-09 -6.70781e-08 -3.06726e-07 1.08646e-09 6.03978e-10 8.30897e-08 -4.78713e-10 -3.81944e-08 1.13314e-09 2.63956e-11
852 1.28 160 0 -1.99443e-09 3.06677e-08 -1.9255e-09 -1.90571e-07 -4.31325e-07 1.60004e-09 8.03082e-10 1.21991e-07 -6.70657e-10 -7.21407e-08 5.18746e-09 2.98683e-11
852 1.29 160 0 -3.24752e-09 -2.10296e-07 -2.93581e-09 -3.73165e-07 -6.15891e-07 2.56658e-09 1.16035e-09 1.79411e-07 -1.00785e-09 -1.22499e-07 1.11446e-08 2.77448e-11
852 1.3 160 0 -5.81115e-09 -6.01978e-07 -4.97446e-09 -6.68982e-07 -9.15349e-07 4.53724e-09 1.86635e-09 2.72287e-07 -1.66532e-09 -2.04276e-07 2.07417e-08 1.04477e-11
852 1.31 160 0 -1.27315e-08 -1.34249e-06 -1.0389e-08 -1.22685e-06 -1.48074e-06 9.84858e-09 3.68776e-09 4.47212e-07 -3.33646e-09 -3.58749e-07 3.87724e-08 -7.34036e-11
852 1.32 160 0 -4.26119e-08 -3.24892e-06 -3.33942e-08 -2.66056e-06 -2.93498e-06 3.27194e-08 1.1211e-08 8.96324e-07 -1.01523e-08 -7.56149e-07 8.49833e-08 -5.76174e-10
852 1.33 160 0 -9.22797e-07 -1.87538e-05 -6.98979e-07 -1.43092e-05 -1.47562e-05 7.04402e-07 2.21943e-07 4.54271e-06 -1.98586e-07 -3.98682e-06 4.59552e-07 -1.98185e-08
852 1.34 160 0 -1.47495e-07 8.88844e-06 -1.08558e-07 6.45426e-06 6.31673e-06 1.12076e-07 3.25769e-08 -1.95657e-06 -2.83574e-08 1.77206e-06 -2.08272e-07 -4.36909e-09
852 1.35 160 0 -2.68453e-08 4.38097e-06 -1.92863e-08 3.06648e-06 2.87951e-06 2.03295e-08 5.45688e-09 -8.95584e-07 -4.55197e-09 8.32746e-07 -9.90928e-08 -1.00503e-09
852 1.36 160 0 -1.1224e-08 3.19259e-06 -7.90122e-09 2.17216e-06 1.97274e-06 8.47655e-09 2.10602e-09 -6.15259e-07 -1.65527e-09 5.84898e-07 -7.02333e-08 -5.09368e-10
852 1.37 160 0 -6.23112e-09 2.64648e-06 -4.31222e-09 1.76033e-06 1.55563e-06 4.69926e-09 1.07671e-09 -4.85976e-07 -7.79502e-10 4.70841e-07 -5.68969e-08 -3.27548e-10
852 1.38 160 0 -4.03945e-09 2.33442e-06 -2.7558e-09 1.52434e-06 1.31698e-06 3.04352e-09 6.42489e-10 -4.11734e-07 -4.18124e-10 4.05536e-07 -4.92261e-08 -2.39565e-10
852 1.39 160 0 -2.87092e-09 2.13365e-06 -1.9341e-09 1.37194e-06 1.16317e-06 2.16314e-09 4.17499e-10 -3.63655e-07 -2.35493e-10 3.63405e-07 -4.42468e-08 -1.88665e-10
852 1.4 160 0 -2.16011e-09 1.99446e-06 -1.43904e-09 1.26581e-06 1.05634e-06 1.63097e-09 2.81931e-10 -3.30053e-07 -1.27868e-10 3.34093e-07 -4.07533e-08 -1.53206e-10
852 1.41 160 0 -1.70727e-09 1.89294e-06 -1.12544e-09 1.18798e-06 9.7822e-07 1.29317e-09 1.96039e-10 -3.05302e-07 -6.24922e-11 3.12619e-07 -3.81733e-08 -1.28318e-10
852 1.42 160 0 -1.39706e-09 1.81611e-06 -9.10859e-10 1.1287e-06 9.18946e-07 1.06409e-09 1.35064e-10 -2.86355e-07 -1.78721e-11 2.96282e-07 -3.61906e-08 -1.09868e-10
852 1.43 160 0 -1.17394e-09 1.75636e-06 -7.56638e-10 1.08225e-06 8.72696e-07 9.02699e-10 8.76223e-11 -2.71418e-07 1.60215e-11 2.83495e-07 -3.46192e-08 -9.40368e-11
852 1.44 160 0 -1.00477e-09 1.7089e-06 -6.39052e-10 1.04503e-06 8.35826e-07 7.85513e-10 4.53899e-11 -2.59368e-07 4.6577e-11 2.73262e-07 -3.33432e-08 -8.03945e-11
852 1.45 160 0 -8.7949e-10 1.67059e-06 -5.49943e-10 1.01469e-06 8.05936e-07 7.03804e-10 6.40847e-12 -2.49468e-07 7.41454e-11 2.64932e-07 -3.22895e-08 -6.84539e-11
852 1.46 160 0 -7.825e-10 1.63926e-06 -4.78315e-10 9.89594e-07 7.81375e-07 6.49183e-10 -3.57623e-11 -2.41213e-07 1.04895e-10 2.58058e-07 -3.14035e-08 -5.73443e-11
852 1.47 160 0 -7.05699e-10 1.61338e-06 -4.18867e-10 9.68598e-07 7.60973e-07 6.19772e-10 -8.6744e-11 -2.34247e-07 1.44852e-10 2.52326e-07 -3.06463e-08 -4.55039e-11
852 1.48 160 0 -6.44879e-10 1.59185e-06 -3.67155e-10 9.50864e-07 7.43872e-07 6.19426e-10 -1.56311e-10 -2.28316e-07 2.02995e-10 2.47513e-07 -2.99906e-08 -3.2642e-11
852 1.49 160 0 -5.9488e-10 1.57383e-06 -3.18388e-10 9.35768e-07 7.29426e-07 6.63093e-10 -2.66226e-10 -2.2324e-07 3.01991e-10 2.43464e-07 -2.94127e-08 -1.80178e-11
852 1.5 160 0 -5.58396e-10 1.5587e-06 -2.70055e-10 9.22835e-07 7.17114e-07 7.86631e-10 -4.56314e-10 -2.18908e-07 4.81106e-10 2.40092e-07 -2.88953e-08 1.82592e-12
852 1.51 160 0 -5.3396e-10 1.54595e-06 -2.13402e-10 9.11695e-07 7.06463e-07 1.10795e-09 -8.59084e-10 -2.15306e-07 8.79393e-10 2.3741e-07 -2.84145e-08 3.20137e-11
852 1.52 160 0 -5.29036e-10 1.53522e-06 -1.26873e-10 9.0205e-07 6.96791e-07 2.12425e-09 -2.01354e-09 -2.12733e-07 2.06895e-09 2.35789e-07 -2.79279e-08 8.81828e-11
852 1.53 160 0 -5.81201e-10 1.52619e-06 9.40552e-11 8.9363e-07 6.84847e-07 8.20395e-09 -8.5606e-09 -2.14182e-07 9.09492e-09 2.38662e-07 -2.72526e-08 2.51923e-10
852 1.54 160 0 2.57302e-09 1.51875e-06 -8.33409e-09 8.86858e-07 -2.25312e-06 9.55541e-07 -9.80122e-07 -3.25092e-06 1.1098e-06 3.64348e-06 -3.75276e-08 -9.68391e-09
852 1.55 160 0 -2.48274e-10 1.51219e-06 -6.42129e-10 8.80346e-07 6.76239e-07 6.81878e-09 -6.32232e-09 -2.06203e-07 7.73471e-09 2.31327e-07 -2.79259e-08 -3.6909e-10
852 1.56 160 0 -2.98072e-10 1.50694e-06 -4.51459e-10 8.74792e-07 6.74476e-07 2.04164e-09 -1.58747e-09 -2.0103e-07 2.15582e-09 2.26529e-07 -2.73942e-08 -2.14733e-10
852 1.57 160 0 -3.05392e-10 1.50263e-06 -3.80011e-10 8.69989e-07 6.71113e-07 1.07168e-09 -6.64387e-10 -1.98554e-07 1.02709e-09 2.24644e-07 -2.70717e-08 -1.62781e-10
852 1.58 160 0 -3.0431e-10 1.49915e-06 -3.39857e-10 8.65819e-07 6.68076e-07 7.16365e-10 -3.43231e-10 -1.96614e-07 6.17495e-10 2.23297e-07 -2.682e-08 -1.34864e-10
852 1.59 160 0 -3.01185e-10 1.4964e-06 -3.12687e-10 8.62204e-07 6.65529e-07 5.43126e-10 -1.95923e-10 -1.94931e-07 4.20238e-10 2.22189e-07 -2.66063e-08 -1.17038e-10
852 1.6 160 0 -2.96733e-10 1.49429e-06 -2.9305e-10 8.59079e-07 6.63461e-07 4.43848e-10 -1.16711e-10 -1.93427e-07 3.09648e-10 2.21242e-07 -2.64182e-08 -1.04722e-10
852 1.61 160 0 -2.90984e-10 1.49276e-06 -2.78181e-10 8.56391e-07 6.61833e-07 3.79967e-10 -6.87099e-11 -1.92069e-07 2.40997e-10 2.20421e-07 -2.62493e-08 -9.63744e-11
852 1.62 160 0 -2.8638e-10 1.49175e-06 -2.65399e-10 8.54091e-07 6.60603e-07 3.36608e-10 -3.9368e-11 -1.90834e-07 1.95022e-10 2.19708e-07 -2.60972e-08 -8.90683e-11
852 1.63 160 0 -2.82158e-10 1.4912e-06 -2.55249e-10 8.52141e-07 6.59735e-07 3.05173e-10 -1.93686e-11 -1.89708e-07 1.62476e-10 2.19088e-07 -2.5959e-08 -8.31538e-11
852 1.64 160 0 -2.77283e-10 1.49106e-06 -2.4644e-10 8.50504e-07 6.59194e-07 2.80895e-10 -5.10268e-12 -1.88678e-07 1.38696e-10 2.1855e-07 -2.5832e-08 -7.89915e-11
852 1.65 160 0 -2.74342e-10 1.49129e-06 -2.38786e-10 8.49152e-07 6.58949e-07 2.62281e-10 4.76674e-12 -1.87734e-07 1.19785e-10 2.18085e-07 -2.57162e-08 -7.45874e-11
852 1.66 160 0 -2.70769e-10 1.49187e-06 -2.31921e-10 8.48056e-07 6.58974e-07 2.47083e-10 1.21122e-11 -1.86867e-07 1.05326e-10 2.17687e-07 -2.56092e-08 -7.1331e-11
852 1.67 160 0 -2.67586e-10 1.49275e-06 -2.26245e-10 8.47193e-07 6.59245e-07 2.34665e-10 1.79413e-11 -1.86071e-07 9.37286e-11 2.17347e-07 -2.55107e-08 -6.85982e-11
852 1.68 160 0 -2.65203e-10 1.49392e-06 -2.21043e-10 8.46544e-07 6.59742e-07 2.24394e-10 2.224e-11 -1.85338e-07 8.39179e-11 2.17061e-07 -2.54198e-08 -6.59929e-11
852 1.69 160 0 -2.63033e-10 1.49534e-06 -2.16352e-10 8.46088e-07 6.60444e-07 2.15715e-10 2.55474e-11 -1.84662e-07 7.57581e-11 2.16824e-07 -2.53357e-08 -6.37175e-11
852 1.7 160 0 -2.61056e-10 1.49699e-06 -2.12112e-10 8.4581e-07 6.61335e-07 2.0831e-10 2.81156e-11 -1.8404e-07 6.88976e-11 2.16631e-07 -2.52578e-08 -6.17339e-11
852 1.71 160 0 -2.59192e-10 1.49886e-06 -2.08237e-10 8.45695e-07 6.62401e-07 2.01908e-10 3.01244e-11 -1.83465e-07 6.309e-11 2.16478e-07 -2.51856e-08 -6.00226e-11
852 1.72 160 0 -2.57569e-10 1.50093e-06 -2.04658e-10 8.45729e-07 6.63628e-07 1.9636e-10 3.16611e-11 -1.82935e-07 5.80568e-11 2.16361e-07 -2.51187e-08 -5.84747e-11
852 1.73 160 0 -2.56265e-10 1.50318e-06 -2.01436e-10 8.45902e-07 6.65004e-07 1.91547e-10 3.29013e-11 -1.82445e-07 5.35933e-11 2.16278e-07 -2.50567e-08 -5.71013e-11
852 1.74 160 0 -2.54481e-10 1.50559e-06 -1.98716e-10 8.46201e-07 6.66517e-07 1.87257e-10 3.41416e-11 -1.81993e-07 5.00847e-11 2.16225e-07 -2.49992e-08 -5.64979e-11
852 1.75 160 0 -2.53016e-10 1.50816e-06 -1.96186e-10 8.46618e-07 6.68158e-07 1.83479e-10 3.50962e-11 -1.81574e-07 4.68723e-11 2.162e-07 -2.49462e-08 -5.57974e-11
852 1.76 160 0 -2.51589e-10 1.51087e-06 -1.94211e-10 8.47144e-07 6.69919e-07 1.80058e-10 3.62465e-11 -1.81187e-07 4.39883e-11 2.162e-07 -2.48975e-08 -5.58645e-11
852 1.77 160 0 -2.51068e-10 1.51371e-06 -1.93072e-10 8.4777e-07 6.7179e-07 1.76926e-10 3.78588e-11 -1.8083e-07 4.0621e-11 2.16223e-07 -2.48528e-08 -5.66688e-11
852 1.78 160 0 -2.54405e-10 1.51667e-06 -1.9127e-10 8.48489e-07 6.73765e-07 1.7369e-10 3.89231e-11 -1.80498e-07 3.39953e-11 2.16267e-07 -2.48094e-08 -5.5648e-11
852 1.79 160 0 -2.52803e-10 1.51974e-06 -1.8554e-10 8.49291e-07 6.75824e-07 1.6435e-10 4.21364e-11 -1.80197e-07 2.43383e-11 2.16338e-07 -2.47684e-08 -4.8268e-11
852 1.8 160 0 -2.50792e-10 1.52292e-06 -1.81354e-10 8.50176e-07 6.7798e-07 1.5807e-10 4.38564e-11 -1.79917e-07 1.88025e-11 2.16425e-07 -2.47307e-08 -4.57423e-11
852 1.81 160 0 -2.49624e-10 1.5262e-06 -1.77972e-10 8.51136e-07 6.80221e-07 1.53463e-10 4.47203e-11 -1.79657e-07 1.4544e-11 2.16528e-07 -2.46956e-08 -4.36719e-11
852 1.82 160 0 -2.49253e-10 1.52956e-06 -1.75122e-10 8.52167e-07 6.82544e-07 1.50099e-10 4.49049e-11 -1.79417e-07 1.10853e-11 2.16646e-07 -2.46623e-08 -4.16929e-11
852 1.83 160 0 -2.49253e-10 1.53302e-06 -1.72546e-10 8.53264e-07 6.8494e-07 1.47345e-10 4.48056e-11 -1.79195e-07 8.04844e-12 2.16778e-07 -2.46313e-08 -3.97823e-11
852 1.84 160 0 -2.49562e-10 1.53655e-06 -1.70291e-10 8.54422e-07 6.87407e-07 1.45176e-10 4.44913e-11 -1.7899e-07 5.42719e-12 2.16924e-07 -2.46025e-08 -3.7986e-11
852 1.85 160 0 -2.50304e-10 1.54015e-06 -1.68265e-10 8.55636e-07 6.89941e-07 1.43483e-10 4.39883e-11 -1.78801e-07 3.00948e-12 2.17081e-07 -2.45755e-08 -3.61748e-11
852 1.86 160 0 -2.51402e-10 1.54383e-06 -1.6653e-10 8.56905e-07 6.92536e-07 1.42255e-10 4.33719e-11 -1.78627e-07 8.14061e-13 2.17249e-07 -2.45502e-08 -3.44049e-11
852 1.87 160 0 -2.52881e-10 1.54757e-06 -1.65074e-10 8.58223e-07 6.9519e-07 1.41403e-10 4.27225e-11 -1.78467e-07 -1.28447e-12 2.17428e-07 -2.45267e-08 -3.26513e-11
852 1.88 160 0 -2.54951e-10 1.55136e-06 -1.63995e-10 8.59588e-07 6.97899e-07 1.40979e-10 4.20949e-11 -1.7832e-07 -3.40533e-12 2.17616e-07 -2.45045e-08 -3.08629e-11
852 1.89 160 0 -2.58383e-10 1.55522e-06 -1.63653e-10 8.60998e-07 7.00661e-07 1.41027e-10 4.17573e-11 -1.78185e-07 -5.96592e-12 2.17813e-07 -2.44837e-08 -2.90846e-11
852 1.9 160 0 -2.62434e-10 1.55913e-06 -1.62758e-10 8.62449e-07 7.03472e-07 1.41262e-10 4.10587e-11 -1.78062e-07 -8.5814e-12 2.1802e-07 -2.44643e-08 -2.75633e-11
852 1.91 160 0 -2.65482e-10 1.56308e-06 -1.62086e-10 8.63938e-07 7.06329e-07 1.41505e-10 4.04318e-11 -1.7795e-07 -1.0619e-11 2.18234e-07 -2.44464e-08 -2.60956e-11
852 1.92 160 0 -2.68741e-10 1.56708e-06 -1.6148e-10 8.65463e-07 7.09231e-07 1.4186e-10 3.9799e-11 -1.77848e-07 -1.26777e-11 2.18455e-07 -2.44296e-08 -2.46144e-11
852 1.93 160 0 -2.72223e-10 1.57113e-06 -1.60937e-10 8.67023e-07 7.12174e-07 1.4233e-10 3.91556e-11 -1.77755e-07 -1.47646e-11 2.18682e-07 -2.4414e-08 -2.31126e-11
852 1.94 160 0 -2.75954e-10 1.57521e-06 -1.60453e-10 8.68614e-07 7.15157e-07 1.4292e-10 3.84965e-11 -1.77672e-07 -1.68904e-11 2.18916e-07 -2.43995e-08 -2.15808e-11
852 1.95 160 0 -2.79967e-10 1.57934e-06 -1.60027e-10 8.70236e-07 7.18177e-07 1.43637e-10 3.78154e-11 -1.77596e-07 -1.90712e-11 2.19155e-07 -2.43859e-08 -2.0006e-11
852 1.96 160 0 -2.84323e-10 1.58349e-06 -1.59658e-10 8.71886e-07 7.21234e-07 1.44496e-10 3.71034e-11 -1.77528e-07 -2.13318e-11 2.19399e-07 -2.43733e-08 -1.83691e-11
852 1.97 160 0 -2.89116e-10 1.58768e-06 -1.59347e-10 8.73562e-07 7.24324e-07 1.45521e-10 3.63468e-11 -1.77468e-07 -2.37132e-11 2.19647e-07 -2.43615e-08 -1.66391e-11
852 1.98 160 0 -2.94534e-10 1.5919e-06 -1.59097e-10 8.75263e-07 7.27447e-07 1.46763e-10 3.55208e-11 -1.77414e-07 -2.6292e-11 2.19901e-07 -2.43505e-08 -1.47592e-11
852 1.99 160 0 -3.01034e-10 1.59615e-06 -1.58921e-10 8.76988e-07 7.30601e-07 1.48344e-10 3.45656e-11 -1.77366e-07 -2.92558e-11 2.20158e-07 -2.43402e-08 -1.25926e-11
852 2 160 0 -3.13182e-10 1.60043e-06 -1.58962e-10 8.78735e-07 7.33784e-07 1.51505e-10 3.28967e-11 -1.77324e-07 -3.44718e-11 2.20419e-07 -2.43304e-08 -8.79156e-12
