852 0 420 0 -7.67242e-10 -1.97634e-08 1.6898e-08 3.73521e-08 0 0 0 0 0 0 2.34622e-08 3.86112e-08
852 0.01 420 0 -7.76579e-10 -1.9766e-08 1.6912e-08 3.7345e-08 1.63148e-10 2.34703e-10 -2.71536e-11 -2.46362e-10 -9.17302e-11 -4.28048e-10 2.34778e-08 3.86007e-08
852 0.02 420 0 -8.04702e-10 -1.9774e-08 1.69541e-08 3.73228e-08 3.26688e-10 4.68706e-10 -5.4886e-11 -4.92925e-10 -1.84416e-10 -8.55728e-10 2.3525e-08 3.85684e-08
852 0.03 420 0 -8.51735e-10 -1.97867e-08 1.7024e-08 3.72858e-08 4.91035e-10 7.01306e-10 -8.37632e-11 -7.39883e-10 -2.7901e-10 -1.28269e-09 2.36034e-08 3.85144e-08
852 0.04 420 0 -9.17296e-10 -1.98041e-08 1.71221e-08 3.72352e-08 6.56591e-10 9.31817e-10 -1.14386e-10 -9.87489e-10 -3.76458e-10 -1.70857e-09 2.37125e-08 3.84396e-08
852 0.05 420 0 -1.00209e-09 -1.98261e-08 1.72478e-08 3.71688e-08 8.23719e-10 1.15951e-09 -1.47321e-10 -1.23587e-09 -4.77712e-10 -2.13296e-09 2.38529e-08 3.83421e-08
852 0.06 420 0 -1.10593e-09 -1.98524e-08 1.74013e-08 3.7087e-08 9.92795e-10 1.38368e-09 -1.83178e-10 -1.48523e-09 -5.83708e-10 -2.55548e-09 2.4024e-08 3.82221e-08
852 0.07 420 0 -1.22866e-09 -1.98823e-08 1.75828e-08 3.69908e-08 1.16419e-09 1.60364e-09 -2.22593e-10 -1.73583e-09 -6.95372e-10 -2.97569e-09 2.42251e-08 3.80799e-08
852 0.08 420 0 -1.37114e-09 -1.99158e-08 1.77913e-08 3.68772e-08 1.33818e-09 1.81862e-09 -2.66142e-10 -1.98768e-09 -8.13632e-10 -3.39315e-09 2.44567e-08 3.79131e-08
852 0.09 420 0 -1.53326e-09 -1.99521e-08 1.80272e-08 3.6747e-08 1.51508e-09 2.02789e-09 -3.1449e-10 -2.24098e-09 -9.39395e-10 -3.80736e-09 2.4718e-08 3.77218e-08
852 0.1 420 0 -1.71528e-09 -1.9991e-08 1.829e-08 3.65988e-08 1.69508e-09 2.23072e-09 -3.68297e-10 -2.49582e-09 -1.07356e-09 -4.21776e-09 2.50088e-08 3.75049e-08
852 0.11 420 0 -1.91728e-09 -2.0031e-08 1.85795e-08 3.64332e-08 1.87855e-09 2.42636e-09 -4.28216e-10 -2.75235e-09 -1.21699e-09 -4.62389e-09 2.5328e-08 3.7262e-08
852 0.12 420 0 -2.13985e-09 -2.00718e-08 1.88951e-08 3.62476e-08 2.0656e-09 2.614e-09 -4.94902e-10 -3.01044e-09 -1.37055e-09 -5.0251e-09 2.56756e-08 3.69909e-08
852 0.13 420 0 -2.38268e-09 -2.01126e-08 1.92371e-08 3.60433e-08 2.2564e-09 2.79293e-09 -5.69169e-10 -3.2704e-09 -1.53507e-09 -5.42073e-09 2.60503e-08 3.6692e-08
852 0.14 420 0 -2.64637e-09 -2.01526e-08 1.96047e-08 3.5818e-08 2.45091e-09 2.96235e-09 -6.51731e-10 -3.53204e-09 -1.71135e-09 -5.81e-09 2.64518e-08 3.6363e-08
852 0.15 420 0 -2.93099e-09 -2.01902e-08 1.99974e-08 3.55714e-08 2.64938e-09 3.12145e-09 -7.43311e-10 -3.79537e-09 -1.90016e-09 -6.1923e-09 2.68789e-08 3.6003e-08
852 0.16 420 0 -3.2369e-09 -2.02246e-08 2.04147e-08 3.5302e-08 2.85167e-09 3.26944e-09 -8.44717e-10 -4.06023e-09 -2.10224e-09 -6.56672e-09 2.73306e-08 3.56101e-08
852 0.17 420 0 -3.56462e-09 -2.02545e-08 2.08556e-08 3.50075e-08 3.0577e-09 3.40549e-09 -9.56682e-10 -4.32629e-09 -2.31828e-09 -6.93242e-09 2.78062e-08 3.51824e-08
852 0.18 420 0 -3.91353e-09 -2.0279e-08 2.13203e-08 3.46887e-08 3.26724e-09 3.52889e-09 -1.08023e-09 -4.59369e-09 -2.54893e-09 -7.28833e-09 2.83043e-08 3.47196e-08
852 0.19 420 0 -4.28421e-09 -2.02962e-08 2.18073e-08 3.43435e-08 3.48023e-09 3.63874e-09 -1.21607e-09 -4.86196e-09 -2.79476e-09 -7.63358e-09 2.88229e-08 3.42191e-08
852 0.2 420 0 -4.6771e-09 -2.03045e-08 2.23156e-08 3.39694e-08 3.69624e-09 3.73425e-09 -1.36502e-09 -5.1305e-09 -3.0563e-09 -7.96704e-09 2.93611e-08 3.36786e-08
852 0.21 420 0 -5.09221e-09 -2.03045e-08 2.28446e-08 3.35664e-08 3.9148e-09 3.81444e-09 -1.52808e-09 -5.39946e-09 -3.33423e-09 -8.28751e-09 2.9917e-08 3.30981e-08
852 0.22 420 0 -5.52832e-09 -2.02908e-08 2.33936e-08 3.3133e-08 4.13568e-09 3.879e-09 -1.70623e-09 -5.66782e-09 -3.62851e-09 -8.59375e-09 3.04883e-08 3.2474e-08
852 0.23 420 0 -5.98648e-09 -2.0263e-08 2.39607e-08 3.26662e-08 4.35813e-09 3.92693e-09 -1.90023e-09 -5.93482e-09 -3.93963e-09 -8.8845e-09 3.10735e-08 3.18043e-08
852 0.24 420 0 -6.4657e-09 -2.02201e-08 2.4545e-08 3.21661e-08 4.58142e-09 3.95758e-09 -2.11117e-09 -6.20032e-09 -4.26781e-09 -9.15821e-09 3.16699e-08 3.10885e-08
852 0.25 420 0 -6.96617e-09 -2.01589e-08 2.51449e-08 3.16295e-08 4.80504e-09 3.97018e-09 -2.33985e-09 -6.46283e-09 -4.61311e-09 -9.41369e-09 3.22751e-08 3.03231e-08
852 0.26 420 0 -7.48688e-09 -2.00784e-08 2.57589e-08 3.10561e-08 5.02785e-09 3.96418e-09 -2.58733e-09 -6.72203e-09 -4.97552e-09 -9.64911e-09 3.28861e-08 2.95075e-08
852 0.27 420 0 -8.02759e-09 -1.99754e-08 2.63851e-08 3.04427e-08 5.24924e-09 3.93892e-09 -2.85435e-09 -6.9762e-09 -5.35486e-09 -9.86322e-09 3.35001e-08 2.86385e-08
852 0.28 420 0 -8.58697e-09 -1.98485e-08 2.7022e-08 2.9789e-08 5.46796e-09 3.89392e-09 -3.14203e-09 -7.22469e-09 -5.75086e-09 -1.00541e-08 3.41134e-08 2.77152e-08
852 0.29 420 0 -9.16502e-09 -1.96948e-08 2.76666e-08 2.90916e-08 5.68262e-09 3.82883e-09 -3.45099e-09 -7.46563e-09 -6.16307e-09 -1.02201e-08 3.47231e-08 2.6735e-08
852 0.3 420 0 -9.75922e-09 -1.95123e-08 2.83175e-08 2.83503e-08 5.89244e-09 3.74315e-09 -3.78224e-09 -7.69797e-09 -6.59084e-09 -1.03595e-08 3.53245e-08 2.56968e-08
852 0.31 420 0 -1.03695e-08 -1.92981e-08 2.89713e-08 2.75617e-08 6.09559e-09 3.6368e-09 -4.13631e-09 -7.91957e-09 -7.03345e-09 -1.04704e-08 3.59141e-08 2.45985e-08
852 0.32 420 0 -1.09929e-08 -1.90503e-08 2.96262e-08 2.67256e-08 6.29111e-09 3.50947e-09 -4.51406e-09 -8.12902e-09 -7.48984e-09 -1.05511e-08 3.64866e-08 2.34389e-08
852 0.33 420 0 -1.16288e-08 -1.87657e-08 3.02782e-08 2.58386e-08 6.47691e-09 3.3614e-09 -4.91586e-09 -8.32379e-09 -7.95888e-09 -1.05997e-08 3.7038e-08 2.22165e-08
852 0.34 420 0 -1.22741e-08 -1.84419e-08 3.09247e-08 2.49e-08 6.65197e-09 3.19255e-09 -5.34224e-09 -8.50189e-09 -8.43914e-09 -1.06144e-08 3.75622e-08 2.09301e-08
852 0.35 420 0 -1.29265e-08 -1.80775e-08 3.15619e-08 2.39086e-08 6.81405e-09 3.00329e-09 -5.79351e-09 -8.66134e-09 -8.92899e-09 -1.05932e-08 3.80542e-08 1.95795e-08
852 0.36 420 0 -1.35836e-08 -1.76687e-08 3.2186e-08 2.28617e-08 6.9617e-09 2.79417e-09 -6.26962e-09 -8.79892e-09 -9.42659e-09 -1.05345e-08 3.85081e-08 1.81637e-08
852 0.37 420 0 -1.42416e-08 -1.72137e-08 3.27931e-08 2.17585e-08 7.09348e-09 2.56573e-09 -6.7706e-09 -8.91207e-09 -9.9298e-09 -1.04366e-08 3.8917e-08 1.66826e-08
852 0.38 420 0 -1.48974e-08 -1.67111e-08 3.33784e-08 2.05984e-08 7.2069e-09 2.31884e-09 -7.29609e-09 -8.99835e-09 -1.04363e-08 -1.02976e-08 3.92749e-08 1.51369e-08
852 0.39 420 0 -1.55487e-08 -1.61585e-08 3.39373e-08 1.93787e-08 7.30035e-09 2.05424e-09 -7.84552e-09 -9.05401e-09 -1.09438e-08 -1.01162e-08 3.95755e-08 1.35268e-08
852 0.4 420 0 -1.61883e-08 -1.55526e-08 3.44652e-08 1.81002e-08 7.37277e-09 1.77403e-09 -8.41786e-09 -9.07591e-09 -1.14486e-08 -9.89109e-09 3.98097e-08 1.18539e-08
852 0.41 420 0 -1.68135e-08 -1.48929e-08 3.4956e-08 1.67616e-08 7.42147e-09 1.47952e-09 -9.01188e-09 -9.06074e-09 -1.19479e-08 -9.62072e-09 3.99713e-08 1.012e-08
852 0.42 420 0 -1.7419e-08 -1.41782e-08 3.54044e-08 1.53629e-08 7.44523e-09 1.17229e-09 -9.62594e-09 -9.00505e-09 -1.24384e-08 -9.30425e-09 4.00521e-08 8.32785e-09
852 0.43 420 0 -1.80013e-08 -1.3408e-08 3.58004e-08 1.38994e-08 7.43948e-09 8.52176e-10 -1.02583e-08 -8.9037e-09 -1.29154e-08 -8.93858e-09 4.00423e-08 6.4761e-09
852 0.44 420 0 -1.85551e-08 -1.25803e-08 3.61386e-08 1.23737e-08 7.40391e-09 5.2287e-10 -1.09057e-08 -8.75331e-09 -1.33755e-08 -8.52444e-09 3.99338e-08 4.57128e-09
852 0.45 420 0 -1.90708e-08 -1.16958e-08 3.64172e-08 1.07935e-08 7.34108e-09 1.89018e-10 -1.15652e-08 -8.55245e-09 -1.3815e-08 -8.06421e-09 3.97199e-08 2.62319e-09
852 0.46 420 0 -1.95438e-08 -1.07547e-08 3.66268e-08 9.1573e-09 7.24763e-09 -1.47427e-10 -1.22331e-08 -8.2967e-09 -1.42292e-08 -7.55661e-09 3.93924e-08 6.35589e-10
852 0.47 420 0 -1.99677e-08 -9.75808e-09 3.67596e-08 7.46664e-09 7.12276e-09 -4.83988e-10 -1.29053e-08 -7.98226e-09 -1.46134e-08 -7.00204e-09 3.8942e-08 -1.38539e-09
852 0.48 420 0 -2.03352e-08 -8.70758e-09 3.68087e-08 5.7248e-09 6.96641e-09 -8.1711e-10 -1.3577e-08 -7.60583e-09 -1.49628e-08 -6.40184e-09 3.83609e-08 -3.43146e-09
852 0.49 420 0 -2.06397e-08 -7.60553e-09 3.67656e-08 3.93481e-09 6.77802e-09 -1.14381e-09 -1.42427e-08 -7.16424e-09 -1.52722e-08 -5.75719e-09 3.76405e-08 -5.49397e-09
852 0.5 420 0 -2.08741e-08 -6.45487e-09 3.66222e-08 2.10083e-09 6.55761e-09 -1.46055e-09 -1.48962e-08 -6.65453e-09 -1.55366e-08 -5.07e-09 3.6773e-08 -7.56302e-09
852 0.51 420 0 -2.10323e-08 -5.25952e-09 3.63701e-08 2.26786e-10 6.30548e-09 -1.76408e-09 -1.55308e-08 -6.0739e-09 -1.57514e-08 -4.34279e-09 3.57517e-08 -9.62742e-09
852 0.52 420 0 -2.11047e-08 -4.02405e-09 3.60003e-08 -1.67876e-09 6.02266e-09 -2.0498e-09 -1.61382e-08 -5.42141e-09 -1.591e-08 -3.57861e-09 3.45687e-08 -1.1674e-08
852 0.53 420 0 -2.10844e-08 -2.7546e-09 3.55059e-08 -3.60933e-09 5.71195e-09 -2.31478e-09 -1.67105e-08 -4.69562e-09 -1.60082e-08 -2.78181e-09 3.32181e-08 -1.36887e-08
852 0.54 420 0 -2.09655e-08 -1.4572e-09 3.48765e-08 -5.55756e-09 5.37354e-09 -2.55541e-09 -1.72384e-08 -3.89569e-09 -1.60403e-08 -1.95593e-09 3.16942e-08 -1.56573e-08
852 0.55 420 0 -2.07402e-08 -1.39263e-10 3.41053e-08 -7.51423e-09 5.01116e-09 -2.76765e-09 -1.77123e-08 -3.02192e-09 -1.60019e-08 -1.10678e-09 2.99936e-08 -1.75625e-08
852 0.56 420 0 -2.04032e-08 1.1899e-09 3.31815e-08 -9.46746e-09 4.62544e-09 -2.94866e-09 -1.81213e-08 -2.0767e-09 -1.58874e-08 -2.39106e-10 2.81124e-08 -1.93872e-08
852 0.57 420 0 -1.9947e-08 2.52115e-09 3.20998e-08 -1.14062e-08 4.22257e-09 -3.0952e-09 -1.84547e-08 -1.06201e-09 -1.56929e-08 6.39524e-10 2.60491e-08 -2.11117e-08
852 0.58 420 0 -1.93676e-08 3.84333e-09 3.08499e-08 -1.33155e-08 3.80341e-09 -3.2045e-09 -1.87004e-08 1.70919e-11 -1.54136e-08 1.52297e-09 2.38031e-08 -2.27164e-08
852 0.59 420 0 -1.86587e-08 5.14495e-09 2.94269e-08 -1.51814e-08 3.37519e-09 -3.27427e-09 -1.88468e-08 1.15562e-09 -1.50463e-08 2.40229e-09 2.13763e-08 -2.4179e-08
852 0.6 420 0 -1.78188e-08 6.41322e-09 2.7822e-08 -1.6987e-08 2.93903e-09 -3.30255e-09 -1.88814e-08 2.34587e-09 -1.45872e-08 3.27004e-09 1.87724e-08 -2.5478e-08
852 0.61 420 0 -1.68417e-08 7.63319e-09 2.60318e-08 -1.8711e-08 2.50309e-09 -3.28779e-09 -1.8791e-08 3.5768e-09 -1.40332e-08 4.11527e-09 1.59968e-08 -2.6588e-08
852 0.62 420 0 -1.57265e-08 8.79089e-09 2.40509e-08 -2.0335e-08 2.07212e-09 -3.22952e-09 -1.85637e-08 4.83823e-09 -1.33824e-08 4.92846e-09 1.30574e-08 -2.74852e-08
852 0.63 420 0 -1.44729e-08 9.86973e-09 2.18759e-08 -2.18354e-08 1.65066e-09 -3.127e-09 -1.81868e-08 6.11531e-09 -1.26331e-08 5.69837e-09 9.96599e-09 -2.81438e-08
852 0.64 420 0 -1.30812e-08 1.08521e-08 1.9506e-08 -2.31868e-08 1.24551e-09 -2.98131e-09 -1.76487e-08 7.39094e-09 -1.17851e-08 6.41279e-09 6.73653e-09 -2.85377e-08
852 0.65 420 0 -1.15537e-08 1.172e-08 1.69411e-08 -2.43616e-08 8.61585e-10 -2.79384e-09 -1.69385e-08 8.64523e-09 -1.08381e-08 7.05922e-09 3.38587e-09 -2.86399e-08
852 0.66 420 0 -9.89405e-09 1.24542e-08 1.41846e-08 -2.53306e-08 5.05602e-10 -2.56656e-09 -1.60467e-08 9.85598e-09 -9.79385e-09 7.62373e-09 -6.44946e-11 -2.84235e-08
852 0.67 420 0 -8.10876e-09 1.30336e-08 1.12421e-08 -2.60596e-08 1.81838e-10 -2.30243e-09 -1.4965e-08 1.09954e-08 -8.65453e-09 8.0914e-09 -3.58944e-09 -2.78612e-08
852 0.68 420 0 -6.20622e-09 1.34374e-08 8.12314e-09 -2.65147e-08 -1.03536e-10 -2.00589e-09 -1.36886e-08 1.20349e-08 -7.42454e-09 8.4471e-09 -7.16011e-09 -2.69268e-08
852 0.69 420 0 -4.19553e-09 1.36419e-08 4.8426e-09 -2.66553e-08 -3.44534e-10 -1.6815e-09 -1.22146e-08 1.29385e-08 -6.10899e-09 8.67266e-09 -1.07416e-08 -2.55927e-08
852 0.7 420 0 -2.09055e-09 1.36246e-08 1.41776e-09 -2.64423e-08 -5.37747e-10 -1.33413e-09 -1.05441e-08 1.36701e-08 -4.71538e-09 8.75088e-09 -1.4294e-08 -2.38346e-08
852 0.71 420 0 9.17863e-11 1.33603e-08 -2.12524e-09 -2.58306e-08 -6.78573e-10 -9.70801e-10 -8.68376e-09 1.41865e-08 -3.25376e-09 8.66199e-09 -1.77716e-08 -2.1629e-08
852 0.72 420 0 2.331e-09 1.28235e-08 -5.75416e-09 -2.47728e-08 -7.64296e-10 -5.98552e-10 -6.64597e-09 1.4441e-08 -1.73637e-09 8.38542e-09 -2.11225e-08 -1.89546e-08
852 0.73 420 0 4.6023e-09 1.19877e-08 -9.42717e-09 -2.32194e-08 -7.92245e-10 -2.25267e-10 -4.45077e-09 1.43827e-08 -1.79142e-10 7.89887e-09 -2.42871e-08 -1.57939e-08
852 0.74 420 0 6.87521e-09 1.08253e-08 -1.30929e-08 -2.11184e-08 -7.62466e-10 1.39825e-10 -2.1271e-09 1.39568e-08 1.39843e-09 7.17911e-09 -2.71987e-08 -1.21331e-08
852 0.75 420 0 9.1136e-09 9.30585e-09 -1.66854e-08 -1.8416e-08 -6.74034e-10 4.85581e-10 2.84098e-10 1.31018e-08 2.97035e-09 6.19887e-09 -2.97799e-08 -7.9642e-09
852 0.76 420 0 1.12726e-08 7.40415e-09 -2.01235e-08 -1.50597e-08 -5.28324e-10 8.05765e-10 2.7263e-09 1.17575e-08 4.50533e-09 4.93365e-09 -3.1946e-08 -3.28994e-09
852 0.77 420 0 1.32998e-08 5.09323e-09 -2.33069e-08 -1.09985e-08 -3.27437e-10 1.09033e-09 5.12686e-09 9.86103e-09 5.96478e-09 3.3568e-09 -3.36023e-08 1.87862e-09
852 0.78 420 0 1.51319e-08 2.34937e-09 -2.61121e-08 -6.18576e-09 -7.5395e-11 1.33142e-09 7.39013e-09 7.35019e-09 7.30079e-09 1.44229e-09 -3.46432e-08 7.51688e-09
852 0.79 420 0 1.66934e-08 -8.49283e-10 -2.83895e-08 -5.84898e-10 2.22146e-10 1.51859e-09 9.39613e-09 4.16764e-09 8.45385e-09 -8.35127e-10 -3.49528e-08 1.35833e-08
852 0.8 420 0 1.78928e-08 -4.51541e-09 -2.99568e-08 5.82498e-09 5.58484e-10 1.64671e-09 1.09922e-08 2.66969e-10 9.35068e-09 -3.49601e-09 -3.44059e-08 2.00134e-08
852 0.81 420 0 1.8623e-08 -8.65817e-09 -3.05958e-08 1.30399e-08 9.27081e-10 1.70224e-09 1.19905e-08 -4.38277e-09 9.90073e-09 -6.55705e-09 -3.28691e-08 2.67159e-08
852 0.82 420 0 1.87562e-08 -1.32653e-08 -3.00488e-08 2.10164e-08 1.31749e-09 1.68108e-09 1.2162e-08 -9.77903e-09 9.99439e-09 -1.00209e-08 -3.02038e-08 3.35626e-08
852 0.83 420 0 1.81412e-08 -1.83079e-08 -2.80164e-08 2.96577e-08 1.71962e-09 1.57448e-09 1.12329e-08 -1.58762e-08 9.49912e-09 -1.38756e-08 -2.62753e-08 4.03833e-08
852 0.84 420 0 1.6606e-08 -2.37227e-08 -2.4159e-08 3.87864e-08 2.11977e-09 1.37651e-09 8.88422e-09 -2.25591e-08 8.25802e-09 -1.80806e-08 -2.09573e-08 4.69545e-08
852 0.85 420 0 1.39518e-08 -2.94043e-08 -1.81053e-08 4.81204e-08 2.50802e-09 1.08504e-09 4.75588e-09 -2.96183e-08 6.08805e-09 -2.25599e-08 -1.41535e-08 5.29929e-08
852 0.86 420 0 9.96566e-09 -3.51901e-08 -9.47083e-09 5.72317e-08 2.86809e-09 6.90841e-10 -1.53897e-09 -3.67131e-08 2.78315e-09 -2.71828e-08 -5.81053e-09 5.81479e-08
852 0.87 420 0 4.42107e-09 -4.08376e-08 2.1031e-09 6.55118e-08 3.18485e-09 1.91912e-10 -1.03804e-08 -4.33302e-08 -1.88012e-09 -3.17458e-08 4.04702e-09 6.20009e-08
852 0.88 420 0 -2.90878e-09 -4.60211e-08 1.68829e-08 7.21243e-08 3.4301e-09 -4.11194e-10 -2.20818e-08 -4.87406e-08 -8.1299e-09 -3.59613e-08 1.52785e-08 6.40796e-08
852 0.89 420 0 -1.22056e-08 -5.02695e-08 3.49096e-08 7.58377e-08 3.57883e-09 -1.11186e-09 -3.67801e-08 -5.17981e-08 -1.61595e-08 -3.94045e-08 2.75964e-08 6.39058e-08
852 0.9 420 0 -2.35657e-08 -5.29287e-08 5.60165e-08 7.55242e-08 3.68766e-09 -1.93355e-09 -5.43952e-08 -5.14617e-08 -2.6121e-08 -4.1492e-08 4.05411e-08 6.09423e-08
852 0.91 420 0 -3.70202e-08 -5.3318e-08 7.9522e-08 6.96788e-08 3.7075e-09 -2.90318e-09 -7.44008e-08 -4.63077e-08 -3.80971e-08 -4.15545e-08 5.34161e-08 5.47683e-08
852 0.92 420 0 -5.24678e-08 -5.05429e-08 1.04126e-07 5.66463e-08 3.50255e-09 -4.07484e-09 -9.56955e-08 -3.46991e-08 -5.20235e-08 -3.86878e-08 6.53033e-08 4.51485e-08
852 0.93 420 0 -6.95706e-08 -4.34454e-08 1.27722e-07 3.49357e-08 3.04983e-09 -5.46726e-09 -1.16366e-07 -1.5097e-08 -6.76303e-08 -3.17461e-08 7.50973e-08 3.21385e-08
852 0.94 420 0 -8.77925e-08 -3.05618e-08 1.47278e-07 3.5173e-09 2.21783e-09 -7.1486e-09 -1.33565e-07 1.36395e-08 -8.44343e-08 -1.92305e-08 8.1622e-08 1.6179e-08
852 0.95 420 0 -1.06282e-07 -9.69399e-09 1.58764e-07 -3.77717e-08 7.39033e-10 -9.22322e-09 -1.43407e-07 5.18459e-08 -1.01608e-07 1.12294e-09 8.37686e-08 -1.84671e-09
852 0.96 420 0 -1.23332e-07 2.32931e-08 1.57158e-07 -8.7585e-08 -1.9857e-09 -1.1812e-08 -1.40944e-07 9.83753e-08 -1.17411e-07 3.3535e-08 8.06538e-08 -2.06219e-08
852 0.97 420 0 -1.33107e-07 7.79339e-08 1.36891e-07 -1.41802e-07 -7.53956e-09 -1.47888e-08 -1.20634e-07 1.49269e-07 -1.25834e-07 8.76214e-08 7.17306e-08 -3.84614e-08
852 0.98 420 0 -1.03257e-07 1.74433e-07 9.69389e-08 -1.91894e-07 -2.03815e-08 -1.50416e-08 -8.16775e-08 1.96094e-07 -9.39867e-08 1.83442e-07 5.67844e-08 -5.32823e-08
852 0.99 420 0 9.90352e-08 2.19093e-07 5.28802e-08 -2.6967e-07 -3.50286e-08 1.01209e-08 -4.02922e-08 2.72189e-07 1.11243e-07 2.25154e-07 3.64347e-08 -6.22318e-08
852 1 420 0 1.06316e-07 3.90958e-10 -6.37245e-06 -2.38728e-07 -8.87283e-11 2.77638e-08 6.39024e-06 2.38756e-07 1.21374e-07 4.16884e-10 9.02644e-11 -7.87175e-08
852 1.01 420 0 4.62535e-08 1.15581e-10 -1.2423e-07 1.0055e-10 -7.68496e-12 9.88894e-09 1.34403e-07 -1.01526e-10 5.42738e-08 1.19541e-10 -1.03848e-11 -3.8574e-08
852 1.02 420 0 2.86184e-08 6.04448e-11 -7.64304e-08 6.6127e-11 -2.45704e-12 6.98721e-09 8.52784e-08 -6.74038e-11 3.53337e-08 6.28253e-11 -1.02742e-11 -3.04653e-08
852 1.03 420 0 1.97168e-08 3.8168e-11 -5.51532e-08 4.90213e-11 -7.13041e-13 5.58365e-09 6.3092e-08 -5.04957e-11 2.56268e-08 3.97518e-11 -9.84126e-12 -2.55371e-08
852 1.04 420 0 1.437e-08 2.66809e-11 -4.29422e-08 3.86706e-11 1.33238e-13 4.7622e-09 5.01886e-08 -4.02967e-11 1.97144e-08 2.77339e-11 -9.36354e-12 -2.21181e-08
852 1.05 420 0 1.08323e-08 1.99462e-11 -3.50222e-08 3.17747e-11 6.12675e-13 4.23231e-09 4.1716e-08 -3.35148e-11 1.57536e-08 2.06168e-11 -8.91859e-12 -1.95813e-08
852 1.06 420 0 8.33797e-09 1.56359e-11 -2.94927e-08 2.69567e-11 1.0467e-12 3.87028e-09 3.57328e-08 -2.88168e-11 1.29309e-08 1.59277e-11 -8.57371e-12 -1.76187e-08
852 1.07 420 0 6.49681e-09 1.27634e-11 -2.54364e-08 2.33063e-11 1.24354e-12 3.61485e-09 3.12972e-08 -2.52306e-11 1.08295e-08 1.28284e-11 -8.21152e-12 -1.60566e-08
852 1.08 420 0 5.0889e-09 1.07382e-11 -2.23533e-08 2.05409e-11 1.3988e-12 3.43143e-09 2.78931e-08 -2.25222e-11 9.21245e-09 1.06088e-11 -7.91265e-12 -1.47876e-08
852 1.09 420 0 3.98114e-09 9.27759e-12 -1.99473e-08 1.84783e-11 1.62598e-12 3.29952e-09 2.52134e-08 -2.05396e-11 7.93565e-09 8.90698e-12 -7.72291e-12 -1.37416e-08
852 1.1 420 0 3.08823e-09 8.18969e-12 -1.80323e-08 1.67763e-11 1.7313e-12 3.20663e-09 2.30639e-08 -1.88852e-11 6.90657e-09 7.67109e-12 -7.51994e-12 -1.28704e-08
852 1.11 420 0 2.3531e-09 7.36824e-12 -1.64852e-08 1.54307e-11 1.83456e-12 3.14436e-09 2.13158e-08 -1.75909e-11 6.06282e-09 6.70919e-12 -7.36924e-12 -1.214e-08
852 1.12 420 0 1.73614e-09 6.76999e-12 -1.52217e-08 1.44699e-11 2.03137e-12 3.10708e-09 1.98803e-08 -1.67178e-11 5.36102e-09 5.90379e-12 -7.34022e-12 -1.15257e-08
852 1.13 420 0 1.20874e-09 6.29912e-12 -1.41831e-08 1.36356e-11 2.14152e-12 3.09158e-09 1.86956e-08 -1.59491e-11 4.77027e-09 5.29598e-12 -7.29264e-12 -1.10096e-08
852 1.14 420 0 7.49796e-10 5.94951e-12 -1.33267e-08 1.30073e-11 2.27008e-12 3.09552e-09 1.77166e-08 -1.54011e-11 4.26772e-09 4.79885e-12 -7.30627e-12 -1.05783e-08
852 1.15 420 0 3.43217e-10 5.7336e-12 -1.26215e-08 1.26351e-11 2.49168e-12 3.11765e-09 1.6911e-08 -1.51513e-11 3.83627e-09 4.36478e-12 -7.43913e-12 -1.02221e-08
852 1.16 420 0 -2.38539e-11 5.57266e-12 -1.20454e-08 1.23295e-11 2.65912e-12 3.15785e-09 1.62557e-08 -1.49594e-11 3.46294e-09 4.03091e-12 -7.57127e-12 -9.93422e-09
852 1.17 420 0 -3.61782e-10 5.53343e-12 -1.15821e-08 1.22784e-11 2.93586e-12 3.21641e-09 1.57338e-08 -1.50792e-11 3.13756e-09 3.73214e-12 -7.85341e-12 -9.71017e-09
852 1.18 420 0 -6.79617e-10 5.53261e-12 -1.12206e-08 1.22833e-11 3.17185e-12 3.29474e-09 1.5335e-08 -1.52552e-11 2.85221e-09 3.50612e-12 -8.14994e-12 -9.54781e-09
852 1.19 420 0 -9.8546e-10 5.612e-12 -1.0954e-08 1.24457e-11 3.45719e-12 3.39493e-09 1.50533e-08 -1.5627e-11 2.60053e-09 3.32128e-12 -8.54631e-12 -9.44706e-09
852 1.2 420 0 -1.28707e-09 5.83498e-12 -1.07793e-08 1.29093e-11 3.89433e-12 3.52008e-09 1.48875e-08 -1.63901e-11 2.37736e-09 3.15488e-12 -9.16394e-12 -9.41007e-09
852 1.21 420 0 -1.59271e-09 6.11689e-12 -1.06979e-08 1.34855e-11 4.34154e-12 3.67501e-09 1.4842e-08 -1.72999e-11 2.17859e-09 3.03907e-12 -9.86717e-12 -9.44208e-09
852 1.22 420 0 -1.91138e-09 6.59238e-12 -1.07154e-08 1.44622e-11 4.99819e-12 3.8661e-09 1.49268e-08 -1.8746e-11 2.00072e-09 2.94089e-12 -1.08941e-11 -9.55154e-09
852 1.23 420 0 -2.25428e-09 7.18082e-12 -1.08438e-08 1.56632e-11 5.73201e-12 4.10293e-09 1.51604e-08 -2.05e-11 1.84094e-09 2.89001e-12 -1.21172e-11 -9.75221e-09
852 1.24 420 0 -2.63565e-09 8.09611e-12 -1.11026e-08 1.75374e-11 6.82609e-12 4.39897e-09 1.55721e-08 -2.31748e-11 1.69681e-09 2.8589e-12 -1.39185e-11 -1.00647e-08
852 1.25 420 0 -3.07572e-09 9.28304e-12 -1.15248e-08 1.99601e-11 8.17486e-12 4.77487e-09 1.62093e-08 -2.66147e-11 1.56629e-09 2.88058e-12 -1.62182e-11 -1.05216e-08
852 1.26 420 0 -3.60434e-09 1.10164e-11 -1.21629e-08 2.34977e-11 1.01046e-11 5.26243e-09 1.71481e-08 -3.16052e-11 1.44761e-09 2.94844e-12 -1.95206e-11 -1.11741e-08
852 1.27 420 0 -4.26937e-09 1.37643e-11 -1.31062e-08 2.90793e-11 1.31448e-11 5.91392e-09 1.85156e-08 -3.94461e-11 1.33915e-09 3.07112e-12 -2.46708e-11 -1.21072e-08
852 1.28 420 0 -5.15414e-09 1.79997e-11 -1.45141e-08 3.76617e-11 1.77773e-11 6.82181e-09 2.05389e-08 -5.14996e-11 1.23942e-09 3.29846e-12 -3.25827e-11 -1.34721e-08
852 1.29 420 0 -6.4182e-09 2.56582e-11 -1.66966e-08 5.31026e-11 2.61716e-11 8.16436e-09 2.36587e-08 -7.31809e-11 1.14679e-09 3.67312e-12 -4.67966e-11 -1.55616e-08
852 1.3 420 0 -8.41537e-09 4.06763e-11 -2.0346e-08 8.32528e-11 4.26353e-11 1.03385e-08 2.88583e-08 -1.15582e-10 1.05914e-09 4.35467e-12 -7.46398e-11 -1.90288e-08
852 1.31 420 0 -1.21172e-08 7.93527e-11 -2.73692e-08 1.60451e-10 8.52852e-11 1.44358e-08 3.88457e-08 -2.24352e-10 9.72273e-10 5.73255e-12 -1.46197e-10 -2.56706e-08
852 1.32 420 0 -2.15284e-08 2.38145e-10 -4.56358e-08 4.75473e-10 2.61547e-10 2.49585e-08 6.47949e-08 -6.69388e-10 8.71508e-10 9.63392e-12 -4.39839e-10 -4.29015e-08
852 1.33 420 0 -9.75739e-08 4.65369e-09 -1.94896e-07 9.16958e-09 5.2052e-09 1.1041e-07 2.76731e-07 -1.29939e-08 5.42688e-10 5.59299e-11 -8.60317e-09 -1.83535e-07
852 1.34 420 0 3.78309e-08 6.74253e-10 7.146e-08 1.31061e-09 7.66009e-10 -4.18895e-08 -1.01441e-07 -1.869e-09 9.57965e-10 -9.22562e-12 -1.2461e-09 6.73764e-08
852 1.35 420 0 1.56818e-08 1.11676e-10 2.81018e-08 2.13967e-10 1.28514e-10 -1.703e-08 -3.9871e-08 -3.06995e-10 8.2798e-10 -4.04629e-12 -2.05973e-10 2.65148e-08
852 1.36 420 0 9.8027e-09 4.26638e-11 1.67135e-08 8.05469e-11 4.95839e-11 -1.04611e-08 -2.36942e-08 -1.16251e-10 7.5845e-10 -2.3536e-12 -7.84427e-11 1.57733e-08
852 1.37 420 0 7.07388e-09 2.16973e-11 1.15052e-08 4.03291e-11 2.5405e-11 -7.43106e-09 -1.62933e-08 -5.85436e-11 7.03523e-10 -1.53964e-12 -3.97032e-11 1.08556e-08
852 1.38 420 0 5.4945e-09 1.29299e-11 8.54518e-09 2.36615e-11 1.52067e-11 -5.69042e-09 -1.20854e-08 -3.45433e-11 6.55928e-10 -1.06944e-12 -2.35322e-11 8.05744e-09
852 1.39 420 0 4.46258e-09 8.46962e-12 6.65092e-09 1.52532e-11 9.97703e-12 -4.56259e-09 -9.39164e-09 -2.23931e-11 6.13277e-10 -7.66665e-13 -1.53146e-11 6.26458e-09
852 1.4 420 0 3.7344e-09 5.87835e-12 5.34429e-09 1.04059e-11 6.91704e-12 -3.77379e-09 -7.53294e-09 -1.53638e-11 5.74461e-10 -5.55176e-13 -1.05402e-11 5.02645e-09
852 1.41 420 0 3.1925e-09 4.29665e-12 4.39519e-09 7.48008e-12 5.03409e-12 -3.19218e-09 -6.18253e-09 -1.11074e-11 5.38838e-10 -4.02859e-13 -7.63981e-12 4.12614e-09
852 1.42 420 0 2.77322e-09 3.25624e-12 3.6792e-09 5.57269e-12 3.78576e-12 -2.74635e-09 -5.16366e-09 -8.3241e-12 5.05974e-10 -2.87021e-13 -5.73612e-12 3.44631e-09
852 1.43 420 0 2.43903e-09 2.5374e-12 3.12318e-09 4.26777e-12 2.91623e-12 -2.39431e-09 -4.37243e-09 -6.41466e-12 4.75548e-10 -1.95675e-13 -4.42495e-12 2.91796e-09
852 1.44 420 0 2.16639e-09 2.01302e-12 2.68145e-09 3.32238e-12 2.27483e-12 -2.10975e-09 -3.74391e-09 -5.02831e-12 4.47307e-10 -1.18075e-13 -3.46764e-12 2.49796e-09
852 1.45 420 0 1.93974e-09 1.63464e-12 2.32398e-09 2.64963e-12 1.80629e-12 -1.87532e-09 -3.23541e-09 -4.04046e-12 4.2104e-10 -5.36914e-14 -2.78303e-12 2.15795e-09
852 1.46 420 0 1.74843e-09 1.34892e-12 2.03026e-09 2.14662e-12 1.44592e-12 -1.67916e-09 -2.81776e-09 -3.30188e-12 3.96569e-10 4.20206e-15 -2.26808e-12 1.87852e-09
852 1.47 420 0 1.58484e-09 1.12828e-12 1.78579e-09 1.76241e-12 1.1599e-12 -1.51286e-09 -2.47033e-09 -2.7391e-12 3.73738e-10 5.94262e-14 -1.87244e-12 1.64596e-09
852 1.48 420 0 1.44345e-09 9.54844e-13 1.58009e-09 1.46357e-12 9.24693e-13 -1.37028e-09 -2.17821e-09 -2.30438e-12 3.52408e-10 1.16434e-13 -1.56297e-12 1.45034e-09
852 1.49 420 0 1.3201e-09 8.13863e-13 1.40537e-09 1.22202e-12 7.16576e-13 -1.24688e-09 -1.93028e-09 -1.95889e-12 3.32458e-10 1.84417e-13 -1.31093e-12 1.28427e-09
852 1.5 420 0 1.21164e-09 7.02269e-13 1.25574e-09 1.03413e-12 5.28391e-13 -1.13919e-09 -1.71816e-09 -1.69976e-12 3.13772e-10 2.67778e-13 -1.11432e-12 1.14215e-09
852 1.51 420 0 1.1156e-09 6.10734e-13 1.12665e-09 8.81813e-13 3.28686e-13 -1.04453e-09 -1.53538e-09 -1.50865e-12 2.96238e-10 3.92841e-13 -9.54133e-13 1.01968e-09
852 1.52 420 0 1.03005e-09 5.3495e-13 1.01458e-09 7.57055e-13 5.67092e-14 -9.60839e-10 -1.37688e-09 -1.3975e-12 2.79726e-10 6.29123e-13 -8.22278e-13 9.13482e-10
852 1.53 420 0 9.53425e-10 4.71707e-13 9.16721e-10 6.54193e-13 -5.81359e-13 -8.86605e-10 -1.23857e-09 -1.48182e-12 2.6393e-10 1.33706e-12 -7.13113e-13 8.20888e-10
852 1.54 420 0 8.84473e-10 4.22587e-13 8.30822e-10 5.6967e-13 1.58633e-11 -8.00138e-10 -1.12593e-09 5.69417e-12 2.74046e-10 -1.91464e-11 -6.21117e-13 7.39756e-10
852 1.55 420 0 8.22154e-10 3.73415e-13 7.55067e-10 4.96562e-13 1.36275e-12 -7.5856e-10 -1.0115e-09 -3.61894e-13 2.37673e-10 -1.2076e-12 -5.44522e-13 6.68349e-10
852 1.56 420 0 7.6562e-10 3.34691e-13 6.87976e-10 4.35767e-13 8.44147e-13 -7.04784e-10 -9.17159e-10 -4.70908e-13 2.24538e-10 -6.14823e-13 -4.79201e-13 6.05249e-10
852 1.57 420 0 7.14154e-10 3.01567e-13 6.28324e-10 3.84794e-13 6.40158e-13 -6.55889e-10 -8.33532e-10 -4.63415e-13 2.1243e-10 -4.05206e-13 -4.24308e-13 5.49285e-10
852 1.58 420 0 6.67158e-10 2.72594e-13 5.75096e-10 3.40318e-13 5.23337e-13 -6.11405e-10 -7.59101e-10 -4.30503e-13 2.01096e-10 -2.98219e-13 -3.76115e-13 4.99483e-10
852 1.59 420 0 6.2412e-10 2.47387e-13 5.27443e-10 3.02104e-13 4.436e-13 -5.70829e-10 -6.92636e-10 -3.93187e-13 1.90449e-10 -2.32231e-13 -3.34563e-13 4.55028e-10
852 1.6 420 0 5.84604e-10 2.2533e-13 4.84652e-10 2.6907e-13 3.8415e-13 -5.33721e-10 -6.33109e-10 -3.56695e-13 1.80431e-10 -1.87221e-13 -2.98527e-13 4.15235e-10
852 1.61 420 0 5.48237e-10 2.06017e-13 4.46116e-10 2.40703e-13 3.37258e-13 -4.99697e-10 -5.7965e-10 -3.23429e-13 1.70997e-10 -1.54166e-13 -2.67532e-13 3.79521e-10
852 1.62 420 0 5.14694e-10 1.88842e-13 4.11322e-10 2.15595e-13 2.99263e-13 -4.68427e-10 -5.31522e-10 -2.92348e-13 1.62105e-10 -1.2929e-13 -2.39958e-13 3.4739e-10
852 1.63 420 0 4.83694e-10 1.73584e-13 3.79827e-10 1.93597e-13 2.67571e-13 -4.39623e-10 -4.88092e-10 -2.64315e-13 1.53719e-10 -1.097e-13 -2.1573e-13 3.18419e-10
852 1.64 420 0 4.5499e-10 1.60079e-13 3.51255e-10 1.74469e-13 2.40577e-13 -4.13036e-10 -4.48816e-10 -2.39623e-13 1.45807e-10 -9.36279e-14 -1.9465e-13 2.92241e-10
852 1.65 420 0 4.28368e-10 1.47961e-13 3.25277e-10 1.57427e-13 2.174e-13 -3.88449e-10 -4.13225e-10 -2.17166e-13 1.38339e-10 -8.04484e-14 -1.75788e-13 2.68541e-10
852 1.66 420 0 4.03636e-10 1.37083e-13 3.0161e-10 1.4243e-13 1.97246e-13 -3.6567e-10 -3.80912e-10 -1.97234e-13 1.31287e-10 -6.94024e-14 -1.59171e-13 2.47045e-10
852 1.67 420 0 3.80627e-10 1.27332e-13 2.80007e-10 1.29121e-13 1.79523e-13 -3.44531e-10 -3.51523e-10 -1.79436e-13 1.24624e-10 -5.9878e-14 -1.44394e-13 2.27515e-10
852 1.68 420 0 3.5919e-10 1.18509e-13 2.60252e-10 1.17252e-13 1.63872e-13 -3.24882e-10 -3.24749e-10 -1.63453e-13 1.18328e-10 -5.17085e-14 -1.31187e-13 2.09742e-10
852 1.69 420 0 3.39192e-10 1.10514e-13 2.42157e-10 1.06648e-13 1.49942e-13 -3.06593e-10 -3.00318e-10 -1.49112e-13 1.12375e-10 -4.4586e-14 -1.19369e-13 1.93544e-10
852 1.7 420 0 3.20514e-10 1.03246e-13 2.25555e-10 9.71556e-14 1.37479e-13 -2.89545e-10 -2.77991e-10 -1.3624e-13 1.06745e-10 -3.83324e-14 -1.08774e-13 1.7876e-10
852 1.71 420 0 3.0305e-10 9.66314e-14 2.10299e-10 8.86524e-14 1.26256e-13 -2.73634e-10 -2.5756e-10 -1.24713e-13 1.01418e-10 -3.27593e-14 -9.92771e-14 1.65249e-10
852 1.72 420 0 2.86701e-10 9.05887e-14 1.96261e-10 8.10277e-14 1.1611e-13 -2.58766e-10 -2.38837e-10 -1.14394e-13 9.63774e-11 -2.77746e-14 -9.07586e-14 1.52884e-10
852 1.73 420 0 2.71383e-10 8.50612e-14 1.83324e-10 7.41947e-14 1.06885e-13 -2.44856e-10 -2.21659e-10 -1.05194e-13 9.16054e-11 -2.32583e-14 -8.31309e-14 1.41555e-10
852 1.74 420 0 2.57016e-10 7.99872e-14 1.71387e-10 6.80783e-14 9.84624e-14 -2.3183e-10 -2.05879e-10 -9.70263e-14 8.70867e-11 -1.91457e-14 -7.63191e-14 1.31164e-10
852 1.75 420 0 2.43529e-10 7.53173e-14 1.60359e-10 6.26049e-14 9.07518e-14 -2.19617e-10 -1.91366e-10 -8.97819e-14 8.28065e-11 -1.53854e-14 -7.02409e-14 1.21621e-10
852 1.76 420 0 2.30858e-10 7.10046e-14 1.50158e-10 5.77408e-14 8.36633e-14 -2.08157e-10 -1.78004e-10 -8.34437e-14 7.87511e-11 -1.19341e-14 -6.48767e-14 1.1285e-10
852 1.77 420 0 2.18944e-10 6.70252e-14 1.40711e-10 5.34614e-14 7.71208e-14 -1.97393e-10 -1.65689e-10 -7.79986e-14 7.49079e-11 -8.71763e-15 -6.02051e-14 1.04779e-10
852 1.78 420 0 2.07732e-10 6.33396e-14 1.31953e-10 4.98328e-14 7.1081e-14 -1.87274e-10 -1.54328e-10 -7.35397e-14 7.1265e-11 -5.71325e-15 -5.63009e-14 9.73448e-11
852 1.79 420 0 1.97175e-10 5.70687e-14 1.23834e-10 5.11461e-14 6.30693e-14 -1.7775e-10 -1.43856e-10 -7.70567e-14 6.78164e-11 -3.15974e-15 -5.94207e-14 9.05054e-11
852 1.8 420 0 1.87226e-10 5.23275e-14 1.16288e-10 4.95068e-14 5.70026e-14 -1.68784e-10 -1.34168e-10 -7.55794e-14 6.45417e-11 -1.5017e-15 -5.84605e-14 8.41897e-11
852 1.81 420 0 1.77844e-10 4.82942e-14 1.09271e-10 4.70465e-14 5.19319e-14 -1.60337e-10 -1.25204e-10 -7.24996e-14 6.14339e-11 -2.88021e-16 -5.6162e-14 7.83562e-11
852 1.82 420 0 1.68992e-10 4.4777e-14 1.02738e-10 4.42239e-14 4.75992e-14 -1.52372e-10 -1.16903e-10 -6.85866e-14 5.84843e-11 6.17463e-16 -5.31545e-14 7.29644e-11
852 1.83 420 0 1.60634e-10 4.15763e-14 9.66531e-11 4.14296e-14 4.37522e-14 -1.44856e-10 -1.09211e-10 -6.45771e-14 5.56845e-11 1.29457e-15 -5.00559e-14 6.79779e-11
852 1.84 420 0 1.5274e-10 3.86671e-14 9.09795e-11 3.87043e-14 4.0334e-14 -1.37761e-10 -1.02078e-10 -6.05588e-14 5.30264e-11 1.7882e-15 -4.69338e-14 6.33628e-11
852 1.85 420 0 1.45278e-10 3.60261e-14 8.56854e-11 3.60862e-14 3.72969e-14 -1.31058e-10 -9.54594e-11 -5.66177e-14 5.05024e-11 2.13292e-15 -4.38577e-14 5.90886e-11
852 1.86 420 0 1.38223e-10 3.36293e-14 8.07416e-11 3.35888e-14 3.45988e-14 -1.24721e-10 -8.93128e-11 -5.27952e-14 4.8105e-11 2.3523e-15 -4.08637e-14 5.51276e-11
852 1.87 420 0 1.31547e-10 3.14585e-14 7.61213e-11 3.12328e-14 3.2209e-14 -1.18728e-10 -8.3601e-11 -4.91458e-14 4.58277e-11 2.46297e-15 -3.79996e-14 5.14544e-11
852 1.88 420 0 1.25229e-10 2.95003e-14 7.18002e-11 2.9003e-14 3.00981e-14 -1.13057e-10 -7.82897e-11 -4.56539e-14 4.36638e-11 2.4885e-15 -3.52597e-14 4.80461e-11
852 1.89 420 0 1.19246e-10 2.77356e-14 6.77563e-11 2.69052e-14 2.82304e-14 -1.07688e-10 -7.33478e-11 -4.23416e-14 4.16073e-11 2.45472e-15 -3.26704e-14 4.48817e-11
852 1.9 420 0 1.13577e-10 2.60538e-14 6.3969e-11 2.49561e-14 2.64704e-14 -1.02602e-10 -6.87469e-11 -3.92092e-14 3.96525e-11 2.4049e-15 -3.02534e-14 4.19422e-11
852 1.91 420 0 1.08205e-10 2.44667e-14 6.04199e-11 2.31641e-14 2.48148e-14 -9.77825e-11 -6.44609e-11 -3.63165e-14 3.77942e-11 2.35354e-15 -2.80232e-14 3.921e-11
852 1.92 420 0 1.03111e-10 2.2989e-14 5.70917e-11 2.15103e-14 2.32771e-14 -9.32131e-11 -6.0466e-11 -3.36461e-14 3.60272e-11 2.29909e-15 -2.59605e-14 3.66692e-11
852 1.93 420 0 9.828e-11 2.16117e-14 5.39689e-11 1.99815e-14 2.18481e-14 -8.8879e-11 -5.67404e-11 -3.11757e-14 3.43469e-11 2.2411e-15 -2.40486e-14 3.43052e-11
852 1.94 420 0 9.36957e-11 2.03267e-14 5.10371e-11 1.85656e-14 2.05191e-14 -8.47665e-11 -5.32641e-11 -2.88854e-14 3.27487e-11 2.17937e-15 -2.22728e-14 3.21046e-11
852 1.95 420 0 8.93442e-11 1.91264e-14 4.8283e-11 1.7252e-14 1.92822e-14 -8.08626e-11 -5.00187e-11 -2.67576e-14 3.12283e-11 2.11383e-15 -2.06196e-14 3.0055e-11
852 1.96 420 0 8.52124e-11 1.8004e-14 4.56943e-11 1.60306e-14 1.81303e-14 -7.71553e-11 -4.69875e-11 -2.47754e-14 2.97817e-11 2.04436e-15 -1.90764e-14 2.81454e-11
852 1.97 420 0 8.12878e-11 1.69532e-14 4.32599e-11 1.48919e-14 1.70568e-14 -7.36336e-11 -4.41549e-11 -2.29225e-14 2.84051e-11 1.97061e-15 -1.76304e-14 2.63652e-11
852 1.98 420 0 7.75589e-11 1.59677e-14 4.09694e-11 1.38255e-14 1.60557e-14 -7.02869e-11 -4.15067e-11 -2.11806e-14 2.7095e-11 1.89161e-15 -1.62669e-14 2.47051e-11
852 1.99 420 0 7.40148e-11 1.5041e-14 3.88132e-11 1.2817e-14 1.51221e-14 -6.71055e-11 -3.90297e-11 -1.9522e-14 2.58479e-11 1.80405e-15 -1.49625e-14 2.31563e-11
852 2 420 0 7.06454e-11 1.41583e-14 3.67824e-11 1.17746e-14 1.42663e-14 -6.40802e-11 -3.67119e-11 -1.77514e-14 2.46607e-11 1.66464e-15 -1.35439e-14 2.17107e-11
