852 0 510 0 1.31163e-08 -6.86286e-09 -2.60985e-08 2.696e-08 0 0 0 0 0 0 -2.45631e-08 3.18168e-08
852 0.01 510 0 1.31145e-08 -6.87056e-09 -2.60861e-08 2.69718e-08 -1.14213e-10 1.5817e-10 2.26491e-10 -1.19557e-10 2.59884e-10 -1.76087e-10 -2.45472e-08 3.18283e-08
852 0.02 510 0 1.31093e-08 -6.89365e-09 -2.60488e-08 2.70071e-08 -2.27824e-10 3.16477e-10 4.52826e-10 -2.3982e-10 5.19194e-10 -3.52807e-10 -2.44993e-08 3.18625e-08
852 0.03 510 0 1.31005e-08 -6.93213e-09 -2.59865e-08 2.70659e-08 -3.40232e-10 4.75055e-10 6.78844e-10 -3.61493e-10 7.77351e-10 -5.30788e-10 -2.44194e-08 3.19194e-08
852 0.04 510 0 1.30879e-08 -6.98601e-09 -2.58991e-08 2.7148e-08 -4.50834e-10 6.34031e-10 9.04379e-10 -4.85284e-10 1.03377e-09 -7.10656e-10 -2.43071e-08 3.19987e-08
852 0.05 510 0 1.30714e-08 -7.05528e-09 -2.57862e-08 2.72532e-08 -5.59028e-10 7.93519e-10 1.12925e-09 -6.11901e-10 1.28786e-09 -8.93024e-10 -2.41623e-08 3.21001e-08
852 0.06 510 0 1.30506e-08 -7.13991e-09 -2.56474e-08 2.73811e-08 -6.6421e-10 9.53622e-10 1.35325e-09 -7.42051e-10 1.539e-09 -1.0785e-09 -2.39844e-08 3.22232e-08
852 0.07 510 0 1.30251e-08 -7.23986e-09 -2.54824e-08 2.75315e-08 -7.65777e-10 1.11442e-09 1.57618e-09 -8.76443e-10 1.78658e-09 -1.26766e-09 -2.3773e-08 3.23674e-08
852 0.08 510 0 1.29946e-08 -7.35512e-09 -2.52905e-08 2.77039e-08 -8.63128e-10 1.27599e-09 1.79776e-09 -1.01579e-09 2.02995e-09 -1.46108e-09 -2.35274e-08 3.2532e-08
852 0.09 510 0 1.29585e-08 -7.48566e-09 -2.50712e-08 2.78978e-08 -9.55658e-10 1.43834e-09 2.01774e-09 -1.1608e-09 2.26844e-09 -1.65931e-09 -2.3247e-08 3.27164e-08
852 0.1 510 0 1.29162e-08 -7.63134e-09 -2.48238e-08 2.81126e-08 -1.04277e-09 1.60151e-09 2.2358e-09 -1.31218e-09 2.50137e-09 -1.86286e-09 -2.29311e-08 3.29196e-08
852 0.11 510 0 1.28672e-08 -7.79214e-09 -2.45475e-08 2.83477e-08 -1.12385e-09 1.76545e-09 2.45159e-09 -1.47064e-09 2.728e-09 -2.07222e-09 -2.2579e-08 3.31406e-08
852 0.12 510 0 1.28108e-08 -7.96784e-09 -2.42415e-08 2.86022e-08 -1.19832e-09 1.93013e-09 2.66471e-09 -1.63689e-09 2.9476e-09 -2.28786e-09 -2.21896e-08 3.33783e-08
852 0.13 510 0 1.27462e-08 -8.15844e-09 -2.3905e-08 2.88754e-08 -1.26557e-09 2.09543e-09 2.87471e-09 -1.81162e-09 3.15938e-09 -2.5102e-09 -2.1762e-08 3.36315e-08
852 0.14 510 0 1.26726e-08 -8.36363e-09 -2.35369e-08 2.91663e-08 -1.32503e-09 2.26122e-09 3.0811e-09 -1.99554e-09 3.36253e-09 -2.73959e-09 -2.12953e-08 3.38987e-08
852 0.15 510 0 1.2589e-08 -8.58324e-09 -2.31363e-08 2.94738e-08 -1.37613e-09 2.4273e-09 3.28332e-09 -2.18932e-09 3.55618e-09 -2.97637e-09 -2.07884e-08 3.41784e-08
852 0.16 510 0 1.24945e-08 -8.817e-09 -2.2702e-08 2.97967e-08 -1.41829e-09 2.59345e-09 3.48071e-09 -2.39363e-09 3.73946e-09 -3.22081e-09 -2.02401e-08 3.44688e-08
852 0.17 510 0 1.23881e-08 -9.06451e-09 -2.2233e-08 3.01337e-08 -1.45097e-09 2.75938e-09 3.6726e-09 -2.60912e-09 3.91144e-09 -3.47312e-09 -1.96494e-08 3.4768e-08
852 0.18 510 0 1.22687e-08 -9.32543e-09 -2.1728e-08 3.04834e-08 -1.47364e-09 2.92475e-09 3.85822e-09 -2.83643e-09 4.07116e-09 -3.73343e-09 -1.90152e-08 3.50741e-08
852 0.19 510 0 1.21352e-08 -9.59923e-09 -2.11858e-08 3.08442e-08 -1.4858e-09 3.08915e-09 4.0367e-09 -3.07616e-09 4.21762e-09 -4.00182e-09 -1.83362e-08 3.53846e-08
852 0.2 510 0 1.19863e-08 -9.88535e-09 -2.06052e-08 3.12144e-08 -1.48697e-09 3.25213e-09 4.2071e-09 -3.32886e-09 4.34979e-09 -4.27827e-09 -1.76113e-08 3.56971e-08
852 0.21 510 0 1.18217e-08 -1.01839e-08 -1.99849e-08 3.15921e-08 -1.47651e-09 3.41314e-09 4.36849e-09 -3.5951e-09 4.46661e-09 -4.56287e-09 -1.68397e-08 3.60095e-08
852 0.22 510 0 1.16384e-08 -1.04927e-08 -1.93237e-08 3.19752e-08 -1.45439e-09 3.57165e-09 4.51955e-09 -3.87528e-09 4.56696e-09 -4.85508e-09 -1.60198e-08 3.63178e-08
852 0.23 510 0 1.14357e-08 -1.08114e-08 -1.86203e-08 3.23614e-08 -1.42009e-09 3.72698e-09 4.65914e-09 -4.16984e-09 4.64972e-09 -5.15476e-09 -1.51507e-08 3.66194e-08
852 0.24 510 0 1.12126e-08 -1.11391e-08 -1.78734e-08 3.27483e-08 -1.37325e-09 3.87846e-09 4.78597e-09 -4.4791e-09 4.71376e-09 -5.46152e-09 -1.42319e-08 3.6911e-08
852 0.25 510 0 1.09674e-08 -1.14747e-08 -1.70819e-08 3.31333e-08 -1.31368e-09 4.02527e-09 4.89856e-09 -4.80334e-09 4.75792e-09 -5.77482e-09 -1.32622e-08 3.71889e-08
852 0.26 510 0 1.06989e-08 -1.18169e-08 -1.62444e-08 3.35136e-08 -1.24116e-09 4.16661e-09 4.9954e-09 -5.14269e-09 4.78102e-09 -6.09403e-09 -1.22411e-08 3.74492e-08
852 0.27 510 0 1.04056e-08 -1.21642e-08 -1.536e-08 3.38859e-08 -1.15561e-09 4.30159e-09 5.07482e-09 -5.49718e-09 4.78189e-09 -6.41833e-09 -1.11681e-08 3.76878e-08
852 0.28 510 0 1.00861e-08 -1.2515e-08 -1.44276e-08 3.42471e-08 -1.057e-09 4.42922e-09 5.13504e-09 -5.86675e-09 4.75937e-09 -6.74682e-09 -1.00428e-08 3.79003e-08
852 0.29 510 0 9.73911e-09 -1.28674e-08 -1.34462e-08 3.45934e-08 -9.45411e-10 4.54855e-09 5.17423e-09 -6.25113e-09 4.71232e-09 -7.0784e-09 -8.86507e-09 3.80821e-08
852 0.3 510 0 9.36327e-09 -1.32196e-08 -1.24152e-08 3.49213e-08 -8.21026e-10 4.65851e-09 5.19038e-09 -6.64991e-09 4.63964e-09 -7.41185e-09 -7.63523e-09 3.82281e-08
852 0.31 510 0 8.95738e-09 -1.35693e-08 -1.13338e-08 3.52265e-08 -6.841e-10 4.75804e-09 5.18149e-09 -7.06251e-09 4.54025e-09 -7.74577e-09 -6.35383e-09 3.83334e-08
852 0.32 510 0 8.52024e-09 -1.3914e-08 -1.02017e-08 3.55047e-08 -5.35093e-10 4.846e-09 5.14534e-09 -7.48809e-09 4.41317e-09 -8.07857e-09 -5.02162e-09 3.83923e-08
852 0.33 510 0 8.0508e-09 -1.42513e-08 -9.01869e-09 3.57514e-08 -3.74521e-10 4.92128e-09 5.07971e-09 -7.92564e-09 4.25746e-09 -8.40854e-09 -3.63986e-09 3.83991e-08
852 0.34 510 0 7.54821e-09 -1.45782e-08 -7.78484e-09 3.59617e-08 -2.0308e-10 4.98274e-09 4.9823e-09 -8.37384e-09 4.07232e-09 -8.73374e-09 -2.2103e-09 3.83481e-08
852 0.35 510 0 7.01175e-09 -1.48916e-08 -6.50057e-09 3.61304e-08 -2.1571e-11 5.02926e-09 4.8508e-09 -8.8311e-09 3.85705e-09 -9.05209e-09 -7.35179e-10 3.82331e-08
852 0.36 510 0 6.44093e-09 -1.51884e-08 -5.16666e-09 3.62521e-08 1.69037e-10 5.05976e-09 4.68287e-09 -9.29553e-09 3.6111e-09 -9.36132e-09 7.82698e-10 3.80478e-08
852 0.37 510 0 5.83544e-09 -1.54649e-08 -3.78417e-09 3.63212e-08 3.67584e-10 5.07316e-09 4.4761e-09 -9.76488e-09 3.33408e-09 -9.65898e-09 2.34006e-09 3.77856e-08
852 0.38 510 0 5.19526e-09 -1.57176e-08 -2.35473e-09 3.63319e-08 5.7281e-10 5.06844e-09 4.22819e-09 -1.02366e-08 3.02578e-09 -9.94248e-09 3.93286e-09 3.74403e-08
852 0.39 510 0 4.52106e-09 -1.59435e-08 -8.80102e-10 3.62779e-08 7.83523e-10 5.04444e-09 3.9369e-09 -1.07079e-08 2.6861e-09 -1.02093e-08 5.55671e-09 3.70056e-08
852 0.4 510 0 3.81279e-09 -1.61366e-08 6.36457e-10 3.61531e-08 9.97564e-10 5.00086e-09 3.60009e-09 -1.11749e-08 2.31557e-09 -1.0456e-08 7.20541e-09 3.6474e-08
852 0.41 510 0 3.07185e-09 -1.62934e-08 2.19207e-09 3.59509e-08 1.21341e-09 4.93676e-09 3.21576e-09 -1.16342e-08 1.91461e-09 -1.06798e-08 8.87306e-09 3.58394e-08
852 0.42 510 0 2.29979e-09 -1.64098e-08 3.78279e-09 3.56648e-08 1.42921e-09 4.85162e-09 2.78222e-09 -1.20814e-08 1.48409e-09 -1.08775e-08 1.05524e-08 3.50957e-08
852 0.43 510 0 1.49765e-09 -1.64824e-08 5.4074e-09 3.52836e-08 1.64309e-09 4.74255e-09 2.29602e-09 -1.25114e-08 1.02409e-09 -1.10446e-08 1.22386e-08 3.4234e-08
852 0.44 510 0 6.67953e-10 -1.65065e-08 7.05785e-09 3.48023e-08 1.85258e-09 4.61041e-09 1.75728e-09 -1.29187e-08 5.36632e-10 -1.11784e-08 1.39204e-08 3.32491e-08
852 0.45 510 0 -1.85108e-10 -1.64757e-08 8.72448e-09 3.42194e-08 2.05501e-09 4.45828e-09 1.16729e-09 -1.32987e-08 2.50177e-11 -1.12769e-08 1.55844e-08 3.21393e-08
852 0.46 510 0 -1.05832e-09 -1.6386e-08 1.04019e-08 3.35264e-08 2.24824e-09 4.28521e-09 5.24994e-10 -1.36448e-08 -5.09007e-10 -1.13361e-08 1.7221e-08 3.08985e-08
852 0.47 510 0 -1.94766e-09 -1.62334e-08 1.20824e-08 3.27161e-08 2.42988e-09 4.09145e-09 -1.69415e-10 -1.39506e-08 -1.06287e-09 -1.13526e-08 1.88188e-08 2.95224e-08
852 0.48 510 0 -2.84805e-09 -1.60134e-08 1.37565e-08 3.17831e-08 2.59744e-09 3.87834e-09 -9.14665e-10 -1.42092e-08 -1.63315e-09 -1.13234e-08 2.03643e-08 2.80082e-08
852 0.49 510 0 -3.75408e-09 -1.57221e-08 1.54145e-08 3.07214e-08 2.74854e-09 3.64675e-09 -1.70893e-09 -1.44132e-08 -2.21632e-09 -1.12453e-08 2.18438e-08 2.63536e-08
852 0.5 510 0 -4.65968e-09 -1.5356e-08 1.70449e-08 2.95257e-08 2.88077e-09 3.39817e-09 -2.54948e-09 -1.45551e-08 -2.80827e-09 -1.11154e-08 2.32422e-08 2.45573e-08
852 0.51 510 0 -5.55791e-09 -1.49129e-08 1.86358e-08 2.81914e-08 2.99207e-09 3.13404e-09 -3.43256e-09 -1.46272e-08 -3.40461e-09 -1.09314e-08 2.45441e-08 2.26201e-08
852 0.52 510 0 -6.44104e-09 -1.43878e-08 2.01728e-08 2.67153e-08 3.07996e-09 2.8576e-09 -4.35293e-09 -1.46211e-08 -3.99965e-09 -1.06905e-08 2.57315e-08 2.05434e-08
852 0.53 510 0 -7.30053e-09 -1.37795e-08 2.16414e-08 2.5095e-08 3.14286e-09 2.57129e-09 -5.30437e-09 -1.45293e-08 -4.5879e-09 -1.03913e-08 2.67872e-08 1.83315e-08
852 0.54 510 0 -8.12806e-09 -1.30871e-08 2.30259e-08 2.33279e-08 3.17885e-09 2.27722e-09 -6.27981e-09 -1.43436e-08 -5.16361e-09 -1.0032e-08 2.76933e-08 1.5989e-08
852 0.55 510 0 -8.9135e-09 -1.23097e-08 2.43091e-08 2.1415e-08 3.18693e-09 1.97929e-09 -7.26994e-09 -1.40566e-08 -5.71999e-09 -9.61214e-09 2.84306e-08 1.35242e-08
852 0.56 510 0 -9.64726e-09 -1.1448e-08 2.54727e-08 1.93566e-08 3.16587e-09 1.68019e-09 -8.26462e-09 -1.3661e-08 -6.25037e-09 -9.13099e-09 2.89804e-08 1.09462e-08
852 0.57 510 0 -1.03182e-08 -1.0503e-08 2.64974e-08 1.71568e-08 3.11541e-09 1.38429e-09 -9.25159e-09 -1.31506e-08 -6.74719e-09 -8.58934e-09 2.93232e-08 8.26796e-09
852 0.58 510 0 -1.09158e-08 -9.47782e-09 2.73628e-08 1.48198e-08 3.03516e-09 1.0947e-09 -1.02174e-08 -1.25194e-08 -7.203e-09 -7.98791e-09 2.94399e-08 5.50353e-09
852 0.59 510 0 -1.14282e-08 -8.37601e-09 2.80477e-08 1.2354e-08 2.92594e-09 8.16012e-10 -1.11465e-08 -1.17633e-08 -7.60964e-09 -7.32906e-09 2.93115e-08 2.67127e-09
852 0.6 510 0 -1.18446e-08 -7.20387e-09 2.853e-08 9.76818e-09 2.78826e-09 5.50871e-10 -1.20222e-08 -1.08793e-08 -7.95945e-09 -6.61526e-09 2.89206e-08 -2.09018e-10
852 0.61 510 0 -1.21518e-08 -5.96646e-09 2.87866e-08 7.07697e-09 2.62433e-09 3.0515e-10 -1.28249e-08 -9.86637e-09 -8.24312e-09 -5.8507e-09 2.82487e-08 -3.11261e-09
852 0.62 510 0 -1.2339e-08 -4.67314e-09 2.87943e-08 4.2951e-09 2.43579e-09 8.13959e-11 -1.35344e-08 -8.72541e-09 -8.45267e-09 -5.03987e-09 2.72803e-08 -6.01347e-09
852 0.63 510 0 -1.23943e-08 -3.33404e-09 2.85298e-08 1.44272e-09 2.22566e-09 -1.16507e-10 -1.41287e-08 -7.46032e-09 -8.57943e-09 -4.18907e-09 2.60015e-08 -8.88086e-09
852 0.64 510 0 -1.23063e-08 -1.96111e-09 2.79697e-08 -1.45647e-09 1.99743e-09 -2.8507e-10 -1.4584e-08 -6.07788e-09 -8.61488e-09 -3.30569e-09 2.44004e-08 -1.16809e-08
852 0.65 510 0 -1.20645e-08 -5.68344e-10 2.70908e-08 -4.37518e-09 1.75467e-09 -4.21939e-10 -1.48756e-08 -4.58833e-09 -8.55071e-09 -2.39801e-09 2.24674e-08 -1.43768e-08
852 0.66 510 0 -1.16625e-08 8.29111e-10 2.58681e-08 -7.29012e-09 1.49485e-09 -5.22895e-10 -1.49764e-08 -2.99963e-09 -8.37614e-09 -1.47466e-09 2.01994e-08 -1.69326e-08
852 0.67 510 0 -1.10904e-08 2.21513e-09 2.42811e-08 -1.0162e-08 1.22904e-09 -5.86186e-10 -1.48593e-08 -1.33262e-09 -8.08678e-09 -5.49908e-10 1.75942e-08 -1.92999e-08
852 0.68 510 0 -1.03351e-08 3.56675e-09 2.23143e-08 -1.29348e-08 9.67975e-10 -6.12464e-10 -1.44999e-08 3.80363e-10 -7.67672e-09 3.6227e-10 1.46502e-08 -2.14268e-08
852 0.69 510 0 -9.3903e-09 4.86173e-09 1.99507e-08 -1.55619e-08 7.1432e-10 -5.99105e-10 -1.38711e-08 2.11115e-09 -7.13742e-09 1.24782e-09 1.13769e-08 -2.32638e-08
852 0.7 510 0 -8.25204e-09 6.07391e-09 1.71773e-08 -1.79878e-08 4.74071e-10 -5.48763e-10 -1.29478e-08 3.82293e-09 -6.46384e-09 2.08959e-09 7.78879e-09 -2.47576e-08
852 0.71 510 0 -6.91826e-09 7.17508e-09 1.39862e-08 -2.01486e-08 2.5184e-10 -4.61373e-10 -1.17069e-08 5.47078e-09 -5.65103e-09 2.86817e-09 3.90827e-09 -2.58509e-08
852 0.72 510 0 -5.38945e-09 8.13426e-09 1.03763e-08 -2.1973e-08 5.41275e-11 -3.40305e-10 -1.01292e-08 7.00169e-09 -4.69661e-09 3.56143e-09 -2.34421e-10 -2.64841e-08
852 0.73 510 0 -3.66933e-09 8.91717e-09 6.35487e-09 -2.33805e-08 -1.1316e-10 -1.88914e-10 -8.20026e-09 8.35278e-09 -3.59984e-09 4.14434e-09 -4.59895e-09 -2.65956e-08
852 0.74 510 0 -1.76663e-09 9.48608e-09 1.93926e-09 -2.42805e-08 -2.45946e-10 -1.22255e-11 -5.91327e-09 9.45066e-09 -2.36259e-09 4.58924e-09 -9.13401e-09 -2.6123e-08
852 0.75 510 0 3.06778e-10 9.80118e-09 -2.83871e-09 -2.45752e-08 -3.37637e-10 1.86046e-10 -3.27067e-09 1.02118e-08 -9.90281e-10 4.86404e-09 -1.37743e-08 -2.5003e-08
852 0.76 510 0 2.53089e-09 9.8178e-09 -7.9303e-09 -2.41551e-08 -3.84495e-10 3.98035e-10 -2.89041e-10 1.05401e-08 5.06936e-10 4.93383e-09 -1.84405e-08 -2.31749e-08
852 0.77 510 0 4.87822e-09 9.48852e-09 -1.32648e-08 -2.29031e-08 -3.83096e-10 6.16483e-10 2.99778e-09 1.03282e-08 2.11307e-09 4.75939e-09 -2.30357e-08 -2.05822e-08
852 0.78 510 0 7.31145e-09 8.76319e-09 -1.87442e-08 -2.06939e-08 -3.31309e-10 8.33057e-10 6.5328e-09 9.4575e-09 3.80447e-09 4.29793e-09 -2.74439e-08 -1.7175e-08
852 0.79 510 0 9.78116e-09 7.58946e-09 -2.42363e-08 -1.73982e-08 -2.2839e-10 1.03968e-09 1.02295e-08 7.79986e-09 5.54763e-09 3.50272e-09 -3.15268e-08 -1.29143e-08
852 0.8 510 0 1.22222e-08 5.91368e-09 -2.95658e-08 -1.28865e-08 -7.47815e-11 1.22606e-09 1.39629e-08 5.22151e-09 7.29583e-09 2.32439e-09 -3.51231e-08 -7.77867e-09
852 0.81 510 0 1.45534e-08 3.68327e-09 -3.4504e-08 -7.03668e-09 1.30056e-10 1.38106e-09 1.75609e-08 1.58643e-09 8.98659e-09 7.11818e-10 -3.80452e-08 -1.76914e-09
852 0.82 510 0 1.66668e-08 8.47807e-10 -3.87615e-08 2.54559e-10 3.79318e-10 1.49172e-09 2.07924e-08 -3.23168e-09 1.05361e-08 -1.38678e-09 -4.008e-08 5.07985e-09
852 0.83 510 0 1.8428e-08 -2.63204e-09 -4.19773e-08 9.05173e-09 6.67653e-10 1.54564e-09 2.33564e-08 -9.33384e-09 1.18335e-08 -4.01597e-09 -4.09903e-08 1.26861e-08
852 0.84 510 0 1.96711e-08 -6.77289e-09 -4.37031e-08 1.93537e-08 9.89686e-10 1.5383e-09 2.48666e-08 -1.67702e-08 1.27388e-08 -7.2055e-09 -4.05205e-08 2.09059e-08
852 0.85 510 0 2.01954e-08 -1.15646e-08 -4.34062e-08 3.10617e-08 1.33594e-09 1.46023e-09 2.4849e-08 -2.55111e-08 1.30772e-08 -1.09632e-08 -3.84076e-08 2.95201e-08
852 0.86 510 0 1.97641e-08 -1.69542e-08 -4.04684e-08 4.39317e-08 1.69734e-09 1.29826e-09 2.27363e-08 -3.54042e-08 1.26351e-08 -1.52598e-08 -3.43995e-08 3.82153e-08
852 0.87 510 0 1.81042e-08 -2.28209e-08 -3.42109e-08 5.7508e-08 2.06017e-09 1.04536e-09 1.78845e-08 -4.61067e-08 1.11599e-08 -2.00086e-08 -2.82839e-08 4.65646e-08
852 0.88 510 0 1.49159e-08 -2.89557e-08 -2.39397e-08 7.10577e-08 2.41025e-09 6.91136e-10 9.60981e-09 -5.70208e-08 8.36602e-09 -2.50407e-08 -1.99335e-08 5.4019e-08
852 0.89 510 0 9.89126e-09 -3.50295e-08 -9.03401e-09 8.34939e-08 2.73229e-09 2.27849e-10 -2.7347e-09 -6.72119e-08 3.94948e-09 -3.00753e-08 -9.36075e-09 5.99109e-08
852 0.9 510 0 2.74464e-09 -4.05653e-08 1.09144e-08 9.33169e-08 3.00694e-09 -3.54217e-10 -1.96305e-08 -7.53392e-08 -2.38552e-09 -3.46868e-08 3.21293e-09 6.34812e-08
852 0.91 510 0 -6.74367e-09 -4.49105e-08 3.59079e-08 9.85958e-08 3.2147e-09 -1.07037e-09 -4.12114e-08 -7.96223e-08 -1.08856e-08 -3.82719e-08 1.7286e-08 6.39419e-08
852 0.92 510 0 -1.86779e-08 -4.72362e-08 6.51989e-08 9.68099e-08 3.29132e-09 -1.91825e-09 -6.69251e-08 -7.76446e-08 -2.16799e-08 -4.0037e-08 3.20171e-08 6.06394e-08
852 0.93 510 0 -3.29352e-08 -4.63806e-08 9.72048e-08 8.57631e-08 3.33515e-09 -2.9705e-09 -9.54009e-08 -6.72684e-08 -3.47492e-08 -3.88784e-08 4.62661e-08 5.30288e-08
852 0.94 510 0 -4.92886e-08 -4.10809e-08 1.29088e-07 6.29782e-08 3.08595e-09 -4.32733e-09 -1.24081e-07 -4.59964e-08 -4.98953e-08 -3.34812e-08 5.85667e-08 4.10146e-08
852 0.95 510 0 -6.71119e-08 -2.93434e-08 1.5655e-07 2.65142e-08 2.42151e-09 -6.07161e-09 -1.48909e-07 -1.17535e-08 -6.65472e-08 -2.18355e-08 6.72882e-08 2.50477e-08
852 0.96 510 0 -8.5173e-08 -7.83064e-09 1.73607e-07 -2.43847e-08 9.16978e-10 -8.3672e-09 -1.64088e-07 3.6429e-08 -8.34811e-08 -5.36164e-10 7.08507e-08 6.20131e-09
852 0.97 510 0 -9.94722e-08 3.07674e-08 1.72447e-07 -8.83735e-08 -2.60313e-09 -1.13115e-08 -1.61906e-07 9.74597e-08 -9.66019e-08 3.78145e-08 6.79172e-08 -1.38066e-08
852 0.98 510 0 -8.76895e-08 1.02595e-07 1.45153e-07 -1.6071e-07 -1.17576e-08 -1.31358e-08 -1.34527e-07 1.66847e-07 -8.31833e-08 1.09325e-07 5.75105e-08 -3.2612e-08
852 0.99 510 0 4.9585e-08 1.48321e-07 8.68106e-08 -2.5908e-07 -2.5017e-08 3.37366e-09 -7.70994e-08 2.63089e-07 5.66252e-08 1.5308e-07 3.90987e-08 -4.70277e-08
852 1 510 0 6.4156e-08 2.35574e-10 -6.30892e-06 -2.38689e-07 -6.9061e-11 1.99298e-08 6.32329e-06 2.38716e-07 7.35988e-08 2.54646e-10 9.84114e-11 -6.81266e-08
852 1.01 510 0 2.53906e-08 6.32527e-11 -9.93039e-08 5.96176e-11 -4.72461e-12 5.82334e-09 1.06132e-07 -5.95741e-11 2.9597e-08 6.55908e-11 -6.81789e-12 -2.73114e-08
852 1.02 510 0 1.48021e-08 3.1064e-11 -5.66036e-08 3.79657e-11 -1.54372e-12 3.83359e-09 6.21378e-08 -3.8391e-11 1.81004e-08 3.24179e-11 -6.47711e-12 -2.00668e-08
852 1.03 510 0 9.71667e-09 1.86206e-11 -3.84318e-08 2.72316e-11 -5.40756e-13 2.89485e-09 4.31341e-08 -2.78706e-11 1.24723e-08 1.95033e-11 -5.94425e-12 -1.58993e-08
852 1.04 510 0 6.79079e-09 1.24309e-11 -2.8387e-08 2.08045e-11 -8.28436e-14 2.35032e-09 3.24859e-08 -2.15656e-11 9.1737e-09 1.30188e-11 -5.4318e-12 -1.31247e-08
852 1.05 510 0 4.93037e-09 8.9106e-12 -2.20803e-08 1.65752e-11 1.60203e-13 1.99807e-09 2.57156e-08 -1.74077e-11 7.03856e-09 9.29774e-12 -4.98167e-12 -1.11333e-08
852 1.06 510 0 3.6676e-09 6.71594e-12 -1.78012e-08 1.3658e-11 3.59443e-13 1.75397e-09 2.10674e-08 -1.45521e-11 5.56433e-09 6.92224e-12 -4.6217e-12 -9.6347e-09
852 1.07 510 0 2.7695e-09 5.28453e-12 -1.47404e-08 1.14728e-11 4.41349e-13 1.57692e-09 1.77057e-08 -1.23878e-11 4.49878e-09 5.38545e-12 -4.28078e-12 -8.46917e-09
852 1.08 510 0 2.10767e-09 4.29403e-12 -1.24653e-08 9.83444e-12 4.99177e-13 1.44413e-09 1.51808e-08 -1.07622e-11 3.70155e-09 4.31015e-12 -3.99584e-12 -7.54032e-09
852 1.09 510 0 1.60596e-09 3.5881e-12 -1.07238e-08 8.61633e-12 5.80491e-13 1.34215e-09 1.32295e-08 -9.56675e-12 3.08875e-09 3.5079e-12 -3.78329e-12 -6.78624e-09
852 1.1 510 0 1.21664e-09 3.06855e-12 -9.36032e-09 7.62035e-12 6.09206e-13 1.26273e-09 1.16878e-08 -8.57401e-12 2.60743e-09 2.93242e-12 -3.57827e-12 -6.16528e-09
852 1.11 510 0 9.08386e-10 2.67808e-12 -8.27316e-09 6.83298e-12 6.34833e-13 1.20032e-09 1.04484e-08 -7.79045e-12 2.22252e-09 2.49234e-12 -3.40975e-12 -5.64825e-09
852 1.12 510 0 6.59946e-10 2.38907e-12 -7.39374e-09 6.25353e-12 6.92583e-13 1.15117e-09 9.43832e-09 -7.23159e-12 1.91005e-09 2.13352e-12 -3.30563e-12 -5.21415e-09
852 1.13 510 0 4.56338e-10 2.16105e-12 -6.67443e-09 5.75189e-12 7.16123e-13 1.11289e-09 8.60667e-09 -6.73818e-12 1.65315e-09 1.86344e-12 -3.19932e-12 -4.84769e-09
852 1.14 510 0 2.86795e-10 1.98619e-12 -6.08104e-09 5.35864e-12 7.44457e-13 1.08367e-09 7.91674e-09 -6.35879e-12 1.43958e-09 1.6454e-12 -3.12478e-12 -4.53735e-09
852 1.15 510 0 1.43344e-10 1.86395e-12 -5.58868e-09 5.08767e-12 8.02227e-13 1.06229e-09 7.34174e-09 -6.11929e-12 1.26031e-09 1.4596e-12 -3.10387e-12 -4.27448e-09
852 1.16 510 0 1.98824e-11 1.76589e-12 -5.1791e-09 4.85287e-12 8.39117e-13 1.04808e-09 6.86203e-09 -5.90997e-12 1.10857e-09 1.31548e-12 -3.08369e-12 -4.0526e-09
852 1.17 510 0 -8.83037e-11 1.7103e-12 -4.83856e-09 4.72724e-12 9.0891e-13 1.04053e-09 6.46283e-09 -5.83218e-12 9.7914e-10 1.18959e-12 -3.12408e-12 -3.86682e-09
852 1.18 510 0 -1.85067e-10 1.66932e-12 -4.55699e-09 4.62615e-12 9.62473e-13 1.03957e-09 6.13343e-09 -5.77605e-12 8.68002e-10 1.09203e-12 -3.16809e-12 -3.71366e-09
852 1.19 510 0 -2.73614e-10 1.65401e-12 -4.327e-09 4.58671e-12 1.0283e-12 1.04534e-09 5.8661e-09 -5.79426e-12 7.71979e-10 1.0115e-12 -3.24785e-12 -3.5908e-09
852 1.2 510 0 -3.56753e-10 1.68082e-12 -4.14339e-09 4.65771e-12 1.13614e-12 1.05828e-09 5.65565e-09 -5.95511e-12 6.88536e-10 9.40264e-13 -3.4062e-12 -3.49693e-09
852 1.21 510 0 -4.37185e-10 1.72321e-12 -4.00309e-09 4.7638e-12 1.24182e-12 1.07928e-09 5.49948e-09 -6.15919e-12 6.15651e-10 8.86815e-13 -3.58844e-12 -3.43202e-09
852 1.22 510 0 -5.17579e-10 1.8172e-12 -3.90485e-09 5.0037e-12 1.40226e-12 1.1096e-09 5.39723e-09 -6.54293e-12 5.51659e-10 8.4102e-13 -3.87785e-12 -3.39718e-09
852 1.23 510 0 -6.00959e-10 1.93777e-12 -3.84972e-09 5.30799e-12 1.57695e-12 1.15129e-09 5.35159e-09 -7.01434e-12 4.952e-10 8.10399e-13 -4.22298e-12 -3.39525e-09
852 1.24 510 0 -6.9091e-10 2.13984e-12 -3.84124e-09 5.82279e-12 1.84219e-12 1.20725e-09 5.36865e-09 -7.77659e-12 4.45125e-10 7.87111e-13 -4.7507e-12 -3.43119e-09
852 1.25 510 0 -7.92269e-10 2.40405e-12 -3.88694e-09 6.49326e-12 2.16392e-12 1.28209e-09 5.46007e-09 -8.75838e-12 4.0047e-10 7.79281e-13 -5.42285e-12 -3.51349e-09
852 1.26 510 0 -9.11929e-10 2.79647e-12 -4.0001e-09 7.49072e-12 2.62385e-12 1.38291e-09 5.64572e-09 -1.02016e-11 3.60375e-10 7.84944e-13 -6.39567e-12 -3.65604e-09
852 1.27 510 0 -1.06071e-09 3.42618e-12 -4.2042e-09 9.08546e-12 3.34904e-12 1.52148e-09 5.96014e-09 -1.24916e-11 3.24052e-10 8.0662e-13 -7.92225e-12 -3.88245e-09
852 1.28 510 0 -1.25727e-09 4.39471e-12 -4.54237e-09 1.15332e-11 4.44406e-12 1.71868e-09 6.4662e-09 -1.60002e-11 2.90705e-10 8.56887e-13 -1.02567e-11 -4.23525e-09
852 1.29 510 0 -1.53708e-09 6.14669e-12 -5.09928e-09 1.59403e-11 6.42039e-12 2.01484e-09 7.28691e-09 -2.23099e-11 2.59373e-10 9.49116e-13 -1.44437e-11 -4.79721e-09
852 1.3 510 0 -1.97859e-09 9.56337e-12 -6.06525e-09 2.44981e-11 1.02644e-11 2.4998e-09 8.69816e-09 -3.4576e-11 2.28565e-10 1.12838e-12 -2.25917e-11 -5.75354e-09
852 1.31 510 0 -2.79699e-09 1.83146e-11 -7.96554e-09 4.62866e-11 2.01524e-11 3.42075e-09 1.14609e-08 -6.58626e-11 1.94909e-10 1.51963e-12 -4.34013e-11 -7.6146e-09
852 1.32 510 0 -4.87893e-09 5.39672e-11 -1.29698e-08 1.34473e-10 6.06631e-11 5.79732e-09 1.87172e-08 -1.92852e-10 1.45616e-10 2.75865e-12 -1.28088e-10 -1.24871e-08
852 1.33 510 0 -2.17117e-08 1.03566e-09 -5.40987e-08 2.54255e-09 1.18513e-09 2.51441e-08 7.82868e-08 -3.67394e-09 -1.09914e-10 2.35401e-11 -2.45798e-09 -5.24291e-08
852 1.34 510 0 8.26573e-09 1.47383e-10 1.9377e-08 3.56302e-10 1.71222e-10 -9.35486e-09 -2.81107e-08 -5.18629e-10 2.9648e-10 -4.15863e-13 -3.49324e-10 1.88932e-08
852 1.35 510 0 3.36463e-09 2.39804e-11 7.44521e-09 5.70327e-11 2.82037e-11 -3.73021e-09 -1.08251e-08 -8.36059e-11 2.12715e-10 -6.02519e-13 -5.66621e-11 7.29977e-09
852 1.36 510 0 2.06551e-09 9.00071e-12 4.32715e-09 2.10507e-11 1.06847e-11 -2.24781e-09 -6.30413e-09 -3.1071e-11 1.81015e-10 -3.93729e-13 -2.11779e-11 4.26423e-09
852 1.37 510 0 1.46392e-09 4.49782e-12 2.91137e-09 1.03343e-11 5.37587e-12 -1.56664e-09 -4.24896e-09 -1.53562e-11 1.60355e-10 -2.66036e-13 -1.05208e-11 2.88232e-09
852 1.38 510 0 1.11686e-09 2.63394e-12 2.11377e-09 5.94504e-12 3.1601e-12 -1.17725e-09 -3.08962e-09 -8.89183e-12 1.44375e-10 -1.85631e-13 -6.12078e-12 2.10145e-09
852 1.39 510 0 8.91054e-10 1.69559e-12 1.6085e-09 3.75776e-12 2.0363e-12 -9.2642e-10 -2.35413e-09 -5.65649e-12 1.31084e-10 -1.31981e-13 -3.91029e-12 1.60515e-09
852 1.4 510 0 7.32526e-10 1.15667e-12 1.26386e-09 2.51359e-12 1.38667e-12 -7.52158e-10 -1.85171e-09 -3.80804e-12 1.19624e-10 -9.3992e-14 -2.64205e-12 1.26545e-09
852 1.41 510 0 6.15254e-10 8.30997e-13 1.01653e-09 1.77166e-12 9.91344e-13 -6.24615e-10 -1.49061e-09 -2.70114e-12 1.09541e-10 -6.65579e-14 -1.88012e-12 1.02082e-09
852 1.42 510 0 5.25126e-10 6.19046e-13 8.32314e-10 1.29419e-12 7.32389e-13 -5.27636e-10 -1.22127e-09 -1.98585e-12 1.00559e-10 -4.58116e-14 -1.38598e-12 8.37985e-10
852 1.43 510 0 4.53825e-10 4.74201e-13 6.9117e-10 9.71842e-13 5.54289e-13 -4.51716e-10 -1.0146e-09 -1.50105e-12 9.24921e-11 -2.96348e-14 -1.04981e-12 6.97419e-10
852 1.44 510 0 3.96125e-10 3.69854e-13 5.80588e-10 7.41791e-13 4.24847e-13 -3.90907e-10 -8.52466e-10 -1.1538e-12 8.52052e-11 -1.60874e-14 -8.07812e-13 5.86926e-10
852 1.45 510 0 3.48579e-10 2.95269e-13 4.92379e-10 5.80059e-13 3.31503e-13 -3.41293e-10 -7.2297e-10 -9.08896e-13 7.8595e-11 -5.08332e-15 -6.36628e-13 4.98508e-10
852 1.46 510 0 3.08813e-10 2.39559e-13 4.2096e-10 4.60783e-13 2.60804e-13 -3.00193e-10 -6.18001e-10 -7.27857e-13 7.25788e-11 4.6046e-15 -5.09486e-13 4.26706e-10
852 1.47 510 0 2.75143e-10 1.97016e-13 3.62408e-10 3.7094e-13 2.05644e-13 -2.6571e-10 -5.31852e-10 -5.91353e-13 6.70889e-11 1.36522e-14 -4.13051e-13 3.67673e-10
852 1.48 510 0 2.46338e-10 1.63945e-13 3.13892e-10 3.02038e-13 1.61177e-13 -2.36464e-10 -4.60401e-10 -4.86824e-13 6.20683e-11 2.28126e-14 -3.38594e-13 3.18629e-10
852 1.49 510 0 2.21475e-10 1.37417e-13 2.73319e-10 2.47252e-13 1.22828e-13 -2.1143e-10 -4.00599e-10 -4.04306e-13 5.7468e-11 3.36166e-14 -2.78897e-13 2.77515e-10
852 1.5 510 0 1.99852e-10 1.16604e-13 2.39117e-10 2.05155e-13 8.91238e-14 -1.8983e-10 -3.50151e-10 -3.42018e-13 5.32455e-11 4.66797e-14 -2.3282e-13 2.4278e-10
852 1.51 510 0 1.80922e-10 9.97268e-14 2.1008e-10 1.71521e-13 5.46673e-14 -1.71061e-10 -3.07297e-10 -2.94638e-13 4.93627e-11 6.61929e-14 -1.95776e-13 2.13231e-10
852 1.52 510 0 1.64253e-10 8.59109e-14 1.85274e-10 1.44377e-13 9.70644e-15 -1.54657e-10 -2.70667e-10 -2.62268e-13 4.57824e-11 1.03024e-13 -1.65699e-13 1.87942e-10
852 1.53 510 0 1.49501e-10 7.45112e-14 1.63961e-10 1.22324e-13 -9.17346e-14 -1.40262e-10 -2.39179e-10 -2.58841e-13 4.24518e-11 2.13313e-13 -1.41129e-13 1.66182e-10
852 1.54 510 0 1.36387e-10 6.55492e-14 1.45559e-10 1.04341e-13 2.66757e-12 -1.25029e-10 -2.12877e-10 7.53213e-13 4.2504e-11 -3.22264e-12 -1.20765e-13 1.47366e-10
852 1.55 510 0 1.2468e-10 5.70604e-14 1.29595e-10 8.92466e-14 2.10582e-13 -1.16037e-10 -1.88471e-10 -9.19354e-14 3.68247e-11 -1.85578e-13 -1.03949e-13 1.31027e-10
852 1.56 510 0 1.14193e-10 5.03129e-14 1.15689e-10 7.67875e-14 1.28221e-13 -1.05989e-10 -1.6792e-10 -9.85993e-14 3.42014e-11 -9.25108e-14 -8.98415e-14 1.16781e-10
852 1.57 510 0 1.04767e-10 4.45978e-14 1.0353e-10 6.64834e-14 9.56362e-14 -9.69827e-11 -1.49962e-10 -9.14138e-14 3.18042e-11 -5.97908e-14 -7.8132e-14 1.04315e-10
852 1.58 510 0 9.62696e-11 3.96626e-14 9.28598e-11 5.76453e-14 7.69167e-14 -8.88979e-11 -1.34212e-10 -8.19084e-14 2.95941e-11 -4.31999e-14 -6.8017e-14 9.33722e-11
852 1.59 510 0 8.85894e-11 3.54165e-14 8.34665e-11 5.01684e-14 6.41486e-14 -8.16207e-11 -1.20355e-10 -7.27223e-14 2.75513e-11 -3.30487e-14 -5.94202e-14 8.37361e-11
852 1.6 510 0 8.16305e-11 3.17427e-14 7.51723e-11 4.38058e-14 5.46635e-14 -7.50534e-11 -1.08127e-10 -6.4369e-14 2.5661e-11 -2.61886e-14 -5.20712e-14 7.52274e-11
852 1.61 510 0 7.53108e-11 2.8559e-14 6.7828e-11 3.84218e-14 4.72262e-14 -6.91118e-11 -9.73092e-11 -5.70543e-14 2.39101e-11 -2.12031e-14 -4.58347e-14 6.76947e-11
852 1.62 510 0 6.95598e-11 2.5763e-14 6.1308e-11 3.37384e-14 4.12435e-14 -6.37241e-11 -8.77147e-11 -5.0484e-14 2.22874e-11 -1.74935e-14 -4.03762e-14 6.10103e-11
852 1.63 510 0 6.43163e-11 2.33076e-14 5.55056e-11 2.97009e-14 3.6297e-14 -5.88282e-11 -7.91856e-11 -4.47162e-14 2.07823e-11 -1.46081e-14 -3.56512e-14 5.50652e-11
852 1.64 510 0 5.95271e-11 2.1156e-14 5.03301e-11 2.62427e-14 3.21254e-14 -5.43703e-11 -7.15874e-11 -3.97324e-14 1.93857e-11 -1.22737e-14 -3.15956e-14 4.97669e-11
852 1.65 510 0 5.51456e-11 1.92486e-14 4.57039e-11 2.32157e-14 2.85812e-14 -5.03037e-11 -6.48049e-11 -3.53102e-14 1.8089e-11 -1.0387e-14 -2.80272e-14 4.50358e-11
852 1.66 510 0 5.11312e-11 1.75554e-14 4.15603e-11 2.05934e-14 2.55318e-14 -4.65877e-11 -5.8739e-11 -3.14551e-14 1.68844e-11 -8.82781e-15 -2.49281e-14 4.08034e-11
852 1.67 510 0 4.74477e-11 1.60536e-14 3.78419e-11 1.83061e-14 2.28825e-14 -4.31865e-11 -5.33046e-11 -2.8076e-14 1.5765e-11 -7.50633e-15 -2.2217e-14 3.70109e-11
852 1.68 510 0 4.40635e-11 1.47102e-14 3.44991e-11 1.6301e-14 2.05703e-14 -4.00689e-11 -4.84276e-11 -2.50972e-14 1.47241e-11 -6.39115e-15 -1.98325e-14 3.36069e-11
852 1.69 510 0 4.09503e-11 1.35066e-14 3.14889e-11 1.45401e-14 1.85378e-14 -3.7207e-11 -4.4044e-11 -2.24711e-14 1.3756e-11 -5.43589e-15 -1.77326e-14 3.05471e-11
852 1.7 510 0 3.80832e-11 1.24247e-14 2.87736e-11 1.29912e-14 1.67421e-14 -3.45766e-11 -4.0098e-11 -2.01543e-14 1.2855e-11 -4.6122e-15 -1.58806e-14 2.77927e-11
852 1.71 510 0 3.54398e-11 1.14506e-14 2.63208e-11 1.16279e-14 1.51462e-14 -3.21558e-11 -3.6541e-11 -1.81129e-14 1.20163e-11 -3.89221e-15 -1.42477e-14 2.53099e-11
852 1.72 510 0 3.30001e-11 1.05705e-14 2.41018e-11 1.0427e-14 1.37223e-14 -2.99253e-11 -3.33303e-11 -1.63141e-14 1.12353e-11 -3.26069e-15 -1.28074e-14 2.30691e-11
852 1.73 510 0 3.07463e-11 9.77388e-15 2.20915e-11 9.37011e-15 1.24451e-14 -2.7868e-11 -3.04284e-11 -1.47339e-14 1.05077e-11 -2.70003e-15 -1.15393e-14 2.10442e-11
852 1.74 510 0 2.86623e-11 9.05032e-15 2.02679e-11 8.44072e-15 1.12948e-14 -2.59683e-11 -2.78026e-11 -1.33494e-14 9.82954e-12 -2.19992e-15 -1.04253e-14 1.92123e-11
852 1.75 510 0 2.67337e-11 8.39117e-15 1.86115e-11 7.6241e-15 1.02557e-14 -2.42125e-11 -2.54238e-11 -1.21376e-14 9.19738e-12 -1.75191e-15 -9.448e-15 1.75532e-11
852 1.76 510 0 2.49473e-11 7.78858e-15 1.71052e-11 6.91081e-15 9.31312e-15 -2.25881e-11 -2.32664e-11 -1.10876e-14 8.60786e-12 -1.34899e-15 -8.59823e-15 1.6049e-11
852 1.77 510 0 2.32915e-11 7.23713e-15 1.57337e-11 6.29446e-15 8.45338e-15 -2.1084e-11 -2.13078e-11 -1.01918e-14 8.05794e-12 -9.80165e-16 -7.8698e-15 1.46838e-11
852 1.78 510 0 2.17555e-11 6.72853e-15 1.44837e-11 5.7814e-15 7.66409e-15 -1.96902e-11 -1.95278e-11 -9.45988e-15 7.54483e-12 -6.38716e-16 -7.27147e-15 1.34437e-11
852 1.79 510 0 2.03297e-11 5.95805e-15 1.33443e-11 5.9439e-15 6.65365e-15 -1.83969e-11 -1.7911e-11 -9.79231e-15 7.06653e-12 -3.15745e-16 -7.62288e-15 1.2318e-11
852 1.8 510 0 1.90052e-11 5.37699e-15 1.23032e-11 5.69585e-15 5.90821e-15 -1.71968e-11 -1.64379e-11 -9.45309e-15 6.61953e-12 -1.26385e-16 -7.3969e-15 1.12929e-11
852 1.81 510 0 1.77741e-11 4.88501e-15 1.13511e-11 5.34286e-15 5.293e-15 -1.60822e-11 -1.50952e-11 -8.92236e-15 6.20194e-12 3.59488e-18 -7.00183e-15 1.03589e-11
852 1.82 510 0 1.66291e-11 4.45877e-15 1.04798e-11 4.9496e-15 4.77311e-15 -1.50463e-11 -1.38703e-11 -8.30576e-15 5.81176e-12 9.44087e-17 -6.52845e-15 9.50752e-12
852 1.83 510 0 1.55636e-11 4.07569e-15 9.68172e-12 4.56743e-15 4.31728e-15 -1.40828e-11 -1.27523e-11 -7.69617e-15 5.44713e-12 1.58539e-16 -6.05674e-15 8.73085e-12
852 1.84 510 0 1.45715e-11 3.73162e-15 8.95005e-12 4.20135e-15 3.91708e-15 -1.31861e-11 -1.17309e-11 -7.10381e-15 5.10631e-12 2.01968e-16 -5.59542e-15 8.02183e-12
852 1.85 510 0 1.36473e-11 3.42266e-15 8.27872e-12 3.85568e-15 3.56516e-15 -1.23511e-11 -1.07972e-11 -6.53798e-15 4.78766e-12 2.29385e-16 -5.15258e-15 7.37413e-12
852 1.86 510 0 1.27859e-11 3.14519e-15 7.66225e-12 3.53155e-15 3.25551e-15 -1.15732e-11 -9.94295e-12 -6.00216e-15 4.48966e-12 2.43934e-16 -4.73167e-15 6.78204e-12
852 1.87 510 0 1.19826e-11 2.89616e-15 7.09574e-12 3.23079e-15 2.98318e-15 -1.08479e-11 -9.16093e-12 -5.50124e-15 4.21092e-12 2.48072e-16 -4.33727e-15 6.24044e-12
852 1.88 510 0 1.12331e-11 2.67341e-15 6.57472e-12 2.951e-15 2.74412e-15 -1.01715e-11 -8.44452e-12 -5.03189e-15 3.95013e-12 2.44463e-16 -3.96731e-15 5.74471e-12
852 1.89 510 0 1.05336e-11 2.47434e-15 6.09521e-12 2.69221e-15 2.53374e-15 -9.54025e-12 -7.78782e-12 -4.59522e-15 3.70607e-12 2.35979e-16 -3.62347e-15 5.2907e-12
852 1.9 510 0 9.88049e-12 2.28877e-15 5.65358e-12 2.45535e-15 2.33929e-15 -8.95093e-12 -7.18547e-12 -4.19017e-15 3.47763e-12 2.26524e-16 -3.30633e-15 4.87466e-12
852 1.91 510 0 9.27035e-12 2.11663e-15 5.24657e-12 2.24092e-15 2.15943e-15 -8.40047e-12 -6.63264e-12 -3.82197e-15 3.26377e-12 2.17272e-16 -3.01797e-15 4.49319e-12
852 1.92 510 0 8.70016e-12 1.95855e-15 4.87121e-12 2.04624e-15 1.99468e-15 -7.88609e-12 -6.12496e-12 -3.4873e-15 3.06352e-12 2.08095e-16 -2.75543e-15 4.14324e-12
852 1.93 510 0 8.16711e-12 1.81325e-15 4.52483e-12 1.86918e-15 1.84368e-15 -7.40522e-12 -5.6585e-12 -3.18254e-15 2.87597e-12 1.98945e-16 -2.51597e-15 3.82202e-12
852 1.94 510 0 7.66859e-12 1.67955e-15 4.20498e-12 1.7079e-15 1.70518e-15 -6.95549e-12 -5.22966e-12 -2.90454e-15 2.70029e-12 1.89799e-16 -2.29717e-15 3.52703e-12
852 1.95 510 0 7.2022e-12 1.55642e-15 3.90946e-12 1.56075e-15 1.57806e-15 -6.53472e-12 -4.83522e-12 -2.65047e-15 2.53569e-12 1.80647e-16 -2.09688e-15 3.256e-12
852 1.96 510 0 6.76572e-12 1.44291e-15 3.63626e-12 1.42624e-15 1.46131e-15 -6.1409e-12 -4.47222e-12 -2.41779e-15 2.38144e-12 1.71475e-16 -1.91313e-15 3.00686e-12
852 1.97 510 0 6.35709e-12 1.33815e-15 3.38355e-12 1.30301e-15 1.35401e-15 -5.77218e-12 -4.13799e-12 -2.20411e-15 2.23688e-12 1.62251e-16 -1.74407e-15 2.77774e-12
852 1.98 510 0 5.97443e-12 1.24134e-15 3.14967e-12 1.18968e-15 1.25534e-15 -5.42682e-12 -3.83011e-12 -2.00699e-15 2.10136e-12 1.52892e-16 -1.58778e-15 2.56693e-12
852 1.99 510 0 5.61596e-12 1.15168e-15 2.9331e-12 1.08464e-15 1.16461e-15 -5.10325e-12 -3.54637e-12 -1.8233e-15 1.9743e-12 1.43129e-16 -1.44172e-15 2.37289e-12
852 2 510 0 5.28007e-12 1.06793e-15 2.73245e-12 9.79632e-16 1.08265e-15 -4.79998e-12 -3.28476e-12 -1.63539e-15 1.85516e-12 1.29447e-16 -1.29071e-15 2.1942e-12
