852 0 230 0 -3.29234e-08 4.59006e-08 5.1504e-08 -2.37799e-08 0 0 0 0 0 0 2.32915e-08 -7.05253e-08
852 0.01 230 0 -3.29192e-08 4.59208e-08 5.14926e-08 -2.37792e-08 2.44795e-10 -9.41503e-10 1.37726e-10 8.08549e-12 -5.93423e-10 1.13549e-09 2.32764e-08 -7.05266e-08
852 0.02 230 0 -3.29066e-08 4.59811e-08 5.14585e-08 -2.37771e-08 4.87937e-10 -1.88233e-09 2.7492e-10 1.63494e-11 -1.18527e-09 2.27174e-09 2.3231e-08 -7.05304e-08
852 0.03 230 0 -3.28848e-08 4.60812e-08 5.14009e-08 -2.37743e-08 7.27758e-10 -2.82179e-09 4.11075e-10 2.49972e-11 -1.77395e-09 3.40951e-09 2.31558e-08 -7.05366e-08
852 0.04 230 0 -3.28547e-08 4.62219e-08 5.13214e-08 -2.37694e-08 9.62642e-10 -3.75919e-09 5.45616e-10 3.4177e-11 -2.35787e-09 4.54956e-09 2.30497e-08 -7.05451e-08
852 0.05 230 0 -3.28152e-08 4.64027e-08 5.12194e-08 -2.3763e-08 1.19095e-09 -4.69381e-09 6.78028e-10 4.41042e-11 -2.93542e-09 5.6926e-09 2.29131e-08 -7.05559e-08
852 0.06 230 0 -3.27657e-08 4.66234e-08 5.1095e-08 -2.37548e-08 1.41105e-09 -5.62492e-09 8.07789e-10 5.49916e-11 -3.50499e-09 6.83936e-09 2.27458e-08 -7.05683e-08
852 0.07 230 0 -3.27057e-08 4.68841e-08 5.09482e-08 -2.3745e-08 1.62134e-09 -6.55173e-09 9.34371e-10 6.70664e-11 -4.06495e-09 7.99052e-09 2.25479e-08 -7.05823e-08
852 0.08 230 0 -3.26342e-08 4.71845e-08 5.07794e-08 -2.37331e-08 1.82026e-09 -7.47344e-09 1.05726e-09 8.05814e-11 -4.61363e-09 9.14672e-09 2.2319e-08 -7.05973e-08
852 0.09 230 0 -3.25502e-08 4.75246e-08 5.05887e-08 -2.37191e-08 2.00624e-09 -8.38919e-09 1.17594e-09 9.58126e-11 -5.14934e-09 1.03086e-08 2.2059e-08 -7.0613e-08
852 0.1 230 0 -3.24522e-08 4.79043e-08 5.03765e-08 -2.37036e-08 2.17776e-09 -9.29812e-09 1.2899e-09 1.13202e-10 -5.6704e-09 1.14767e-08 2.1767e-08 -7.06284e-08
852 0.11 230 0 -3.23402e-08 4.83228e-08 5.01428e-08 -2.36849e-08 2.33329e-09 -1.01992e-08 1.39862e-09 1.3281e-10 -6.17501e-09 1.26516e-08 2.14444e-08 -7.06436e-08
852 0.12 230 0 -3.22126e-08 4.87798e-08 4.98879e-08 -2.36636e-08 2.4714e-09 -1.10915e-08 1.50164e-09 1.55129e-10 -6.66146e-09 1.38336e-08 2.10901e-08 -7.06575e-08
852 0.13 230 0 -3.20671e-08 4.92752e-08 4.96115e-08 -2.36398e-08 2.59058e-09 -1.19739e-08 1.59857e-09 1.80668e-10 -7.12789e-09 1.50233e-08 2.07045e-08 -7.06693e-08
852 0.14 230 0 -3.19032e-08 4.98087e-08 4.93154e-08 -2.36123e-08 2.68964e-09 -1.28452e-08 1.68874e-09 2.09677e-10 -7.57248e-09 1.62208e-08 2.02861e-08 -7.06784e-08
852 0.15 230 0 -3.1718e-08 5.03802e-08 4.89993e-08 -2.35822e-08 2.76725e-09 -1.37043e-08 1.77181e-09 2.42963e-10 -7.99332e-09 1.74267e-08 1.98344e-08 -7.06836e-08
852 0.16 230 0 -3.1511e-08 5.09882e-08 4.86635e-08 -2.35476e-08 2.82212e-09 -1.45498e-08 1.84735e-09 2.80651e-10 -8.38848e-09 1.86407e-08 1.93508e-08 -7.06842e-08
852 0.17 230 0 -3.12795e-08 5.16319e-08 4.83076e-08 -2.35096e-08 2.85297e-09 -1.53804e-08 1.91511e-09 3.23656e-10 -8.75603e-09 1.9863e-08 1.88348e-08 -7.06789e-08
852 0.18 230 0 -3.10222e-08 5.23114e-08 4.79337e-08 -2.34668e-08 2.85893e-09 -1.61945e-08 1.97441e-09 3.72365e-10 -9.09392e-09 2.10938e-08 1.82851e-08 -7.06668e-08
852 0.19 230 0 -3.07355e-08 5.30257e-08 4.75417e-08 -2.34203e-08 2.839e-09 -1.69907e-08 2.0251e-09 4.27899e-10 -9.40012e-09 2.23328e-08 1.7701e-08 -7.06461e-08
852 0.2 230 0 -3.0419e-08 5.3773e-08 4.71317e-08 -2.33685e-08 2.79219e-09 -1.77673e-08 2.06683e-09 4.90482e-10 -9.67255e-09 2.35795e-08 1.70842e-08 -7.06161e-08
852 0.21 230 0 -3.00714e-08 5.45557e-08 4.67024e-08 -2.33103e-08 2.71693e-09 -1.85221e-08 2.09937e-09 5.61063e-10 -9.90905e-09 2.48343e-08 1.64347e-08 -7.05754e-08
852 0.22 230 0 -2.96854e-08 5.53664e-08 4.62587e-08 -2.32489e-08 2.61422e-09 -1.92541e-08 2.12254e-09 6.41125e-10 -1.01075e-08 2.60956e-08 1.57489e-08 -7.05214e-08
852 0.23 230 0 -2.9262e-08 5.6206e-08 4.57988e-08 -2.31814e-08 2.48273e-09 -1.99609e-08 2.13617e-09 7.30893e-10 -1.02658e-08 2.73628e-08 1.50297e-08 -7.04533e-08
852 0.24 230 0 -2.87978e-08 5.70727e-08 4.53225e-08 -2.3109e-08 2.32179e-09 -2.06407e-08 2.14036e-09 8.31845e-10 -1.03817e-08 2.86352e-08 1.4277e-08 -7.03689e-08
852 0.25 230 0 -2.82896e-08 5.79657e-08 4.48323e-08 -2.30309e-08 2.13174e-09 -2.12913e-08 2.13482e-09 9.45109e-10 -1.04529e-08 2.99121e-08 1.34884e-08 -7.02663e-08
852 0.26 230 0 -2.77363e-08 5.88817e-08 4.43277e-08 -2.29462e-08 1.91218e-09 -2.19105e-08 2.1197e-09 1.07131e-09 -1.04774e-08 3.11916e-08 1.26664e-08 -7.0144e-08
852 0.27 230 0 -2.71328e-08 5.98185e-08 4.38087e-08 -2.28569e-08 1.6632e-09 -2.24962e-08 2.09559e-09 1.21261e-09 -1.04528e-08 3.24729e-08 1.18099e-08 -6.9999e-08
852 0.28 230 0 -2.64786e-08 6.07738e-08 4.32776e-08 -2.27601e-08 1.38551e-09 -2.30458e-08 2.06217e-09 1.3692e-09 -1.0377e-08 3.37537e-08 1.09194e-08 -6.983e-08
852 0.29 230 0 -2.57695e-08 6.17439e-08 4.27332e-08 -2.26578e-08 1.07925e-09 -2.35573e-08 2.02044e-09 1.54319e-09 -1.02479e-08 3.50323e-08 9.99586e-09 -6.9634e-08
852 0.3 230 0 -2.50026e-08 6.27268e-08 4.2178e-08 -2.25494e-08 7.45708e-10 -2.40281e-08 1.97051e-09 1.73597e-09 -1.00631e-08 3.6307e-08 9.03738e-09 -6.94083e-08
852 0.31 230 0 -2.41761e-08 6.37176e-08 4.16108e-08 -2.24349e-08 3.85323e-10 -2.44558e-08 1.91342e-09 1.94865e-09 -9.82093e-09 3.75748e-08 8.04759e-09 -6.91509e-08
852 0.32 230 0 -2.32861e-08 6.47136e-08 4.10339e-08 -2.23145e-08 5.17856e-14 -2.4838e-08 1.84971e-09 2.18312e-09 -9.51909e-09 3.88336e-08 7.02406e-09 -6.88584e-08
852 0.33 230 0 -2.233e-08 6.57096e-08 4.04462e-08 -2.21886e-08 -4.09021e-10 -2.51723e-08 1.78092e-09 2.441e-09 -9.15581e-09 4.00802e-08 5.9696e-09 -6.8528e-08
852 0.34 230 0 -2.13071e-08 6.67015e-08 3.985e-08 -2.20558e-08 -8.39601e-10 -2.5456e-08 1.70755e-09 2.72292e-09 -8.72941e-09 4.13113e-08 4.88497e-09 -6.81573e-08
852 0.35 230 0 -2.02127e-08 6.7684e-08 3.92439e-08 -2.19187e-08 -1.28999e-09 -2.56873e-08 1.63191e-09 3.03182e-09 -8.23818e-09 4.25239e-08 3.77086e-09 -6.77423e-08
852 0.36 230 0 -1.90466e-08 6.86516e-08 3.86293e-08 -2.17756e-08 -1.75759e-09 -2.58635e-08 1.55503e-09 3.36811e-09 -7.68084e-09 4.37137e-08 2.62983e-09 -6.72804e-08
852 0.37 230 0 -1.78057e-08 6.95996e-08 3.80072e-08 -2.16276e-08 -2.23923e-09 -2.59826e-08 1.47879e-09 3.73396e-09 -7.05586e-09 4.48774e-08 1.46122e-09 -6.67675e-08
852 0.38 230 0 -1.64882e-08 7.05209e-08 3.73763e-08 -2.14753e-08 -2.7324e-09 -2.60427e-08 1.40586e-09 4.13094e-09 -6.36238e-09 4.60103e-08 2.68846e-10 -6.62006e-08
852 0.39 230 0 -1.50944e-08 7.14136e-08 3.67369e-08 -2.13162e-08 -3.2343e-09 -2.60406e-08 1.33794e-09 4.55983e-09 -5.59915e-09 4.71089e-08 -9.45466e-10 -6.55765e-08
852 0.4 230 0 -1.36223e-08 7.22625e-08 3.60914e-08 -2.11541e-08 -3.73917e-09 -2.59769e-08 1.27777e-09 5.02193e-09 -4.76682e-09 4.81661e-08 -2.17919e-09 -6.48913e-08
852 0.41 230 0 -1.20702e-08 7.30639e-08 3.54373e-08 -2.09894e-08 -4.24422e-09 -2.58497e-08 1.22931e-09 5.51948e-09 -3.8646e-09 4.91782e-08 -3.43017e-09 -6.41404e-08
852 0.42 230 0 -1.04393e-08 7.38106e-08 3.47751e-08 -2.08212e-08 -4.74512e-09 -2.56577e-08 1.19504e-09 6.05273e-09 -2.89285e-09 5.01397e-08 -4.6946e-09 -6.33209e-08
852 0.43 230 0 -8.72709e-09 7.44999e-08 3.41065e-08 -2.06354e-08 -5.23706e-09 -2.53916e-08 1.17771e-09 6.62001e-09 -1.84832e-09 5.10409e-08 -5.96987e-09 -6.2418e-08
852 0.44 230 0 -6.93442e-09 7.51226e-08 3.3432e-08 -2.04383e-08 -5.71488e-09 -2.50542e-08 1.18044e-09 7.22276e-09 -7.33087e-10 5.1878e-08 -7.25112e-09 -6.14332e-08
852 0.45 230 0 -5.06859e-09 7.56622e-08 3.27492e-08 -2.02464e-08 -6.17256e-09 -2.46555e-08 1.20827e-09 7.86365e-09 4.4573e-10 5.26486e-08 -8.53273e-09 -6.0376e-08
852 0.46 230 0 -3.12779e-09 7.61118e-08 3.20564e-08 -2.00545e-08 -6.6056e-09 -2.41928e-08 1.26668e-09 8.54285e-09 1.68868e-09 5.33453e-08 -9.81123e-09 -5.92355e-08
852 0.47 230 0 -1.11616e-09 7.64635e-08 3.13536e-08 -1.98593e-08 -7.00887e-09 -2.36657e-08 1.35953e-09 9.25852e-09 2.99395e-09 5.39607e-08 -1.10809e-08 -5.8006e-08
852 0.48 230 0 9.61164e-10 7.6707e-08 3.06399e-08 -1.96623e-08 -7.37568e-09 -2.3077e-08 1.49163e-09 1.001e-08 4.35675e-09 5.44887e-08 -1.23353e-08 -5.66877e-08
852 0.49 230 0 3.10073e-09 7.68325e-08 2.99139e-08 -1.94618e-08 -7.70105e-09 -2.24286e-08 1.66851e-09 1.07958e-08 5.7747e-09 5.49221e-08 -1.3569e-08 -5.52739e-08
852 0.5 230 0 5.29668e-09 7.683e-08 2.91743e-08 -1.9257e-08 -7.97889e-09 -2.17235e-08 1.8957e-09 1.16137e-08 7.24313e-09 5.52537e-08 -1.4775e-08 -5.37619e-08
852 0.51 230 0 7.5412e-09 7.66942e-08 2.84193e-08 -1.90446e-08 -8.20481e-09 -2.09632e-08 2.17798e-09 1.2461e-08 8.75763e-09 5.5478e-08 -1.5946e-08 -5.21496e-08
852 0.52 230 0 9.82759e-09 7.64103e-08 2.76485e-08 -1.88271e-08 -8.37167e-09 -2.01546e-08 2.52075e-09 1.33347e-08 1.03103e-08 5.55876e-08 -1.70725e-08 -5.04349e-08
852 0.53 230 0 1.21455e-08 7.59695e-08 2.68602e-08 -1.86022e-08 -8.47483e-09 -1.93032e-08 2.9297e-09 1.42308e-08 1.18951e-08 5.55763e-08 -1.81477e-08 -4.86157e-08
852 0.54 230 0 1.44876e-08 7.53679e-08 2.60544e-08 -1.83637e-08 -8.50875e-09 -1.84102e-08 3.40831e-09 1.51439e-08 1.35063e-08 5.54379e-08 -1.91613e-08 -4.66894e-08
852 0.55 230 0 1.68409e-08 7.45911e-08 2.52277e-08 -1.81132e-08 -8.46979e-09 -1.74864e-08 3.9642e-09 1.6069e-08 1.51344e-08 5.5166e-08 -2.01041e-08 -4.46551e-08
852 0.56 230 0 1.91959e-08 7.36356e-08 2.43801e-08 -1.78438e-08 -8.35356e-09 -1.65346e-08 4.60037e-09 1.69994e-08 1.6772e-08 5.4755e-08 -2.09641e-08 -4.25115e-08
852 0.57 230 0 2.1537e-08 7.24888e-08 2.35103e-08 -1.75548e-08 -8.15622e-09 -1.5566e-08 5.32271e-09 1.79277e-08 1.84084e-08 5.41986e-08 -2.17323e-08 -4.02589e-08
852 0.58 230 0 2.38528e-08 7.11474e-08 2.26182e-08 -1.72391e-08 -7.87494e-09 -1.45852e-08 6.1341e-09 1.88456e-08 2.00344e-08 5.34919e-08 -2.23947e-08 -3.78969e-08
852 0.59 230 0 2.61253e-08 6.96001e-08 2.1703e-08 -1.68942e-08 -7.5075e-09 -1.36042e-08 7.03922e-09 1.97438e-08 2.16376e-08 5.26291e-08 -2.29407e-08 -3.54273e-08
852 0.6 230 0 2.83411e-08 6.78483e-08 2.07656e-08 -1.65101e-08 -7.0531e-09 -1.26259e-08 8.0391e-09 2.06122e-08 2.32088e-08 5.16069e-08 -2.3355e-08 -3.28518e-08
852 0.61 230 0 3.04786e-08 6.58744e-08 1.98061e-08 -1.60872e-08 -6.51049e-09 -1.16688e-08 9.13776e-09 2.14395e-08 2.47308e-08 5.04185e-08 -2.36255e-08 -3.01732e-08
852 0.62 230 0 3.25216e-08 6.36792e-08 1.88268e-08 -1.5614e-08 -5.88065e-09 -1.07372e-08 1.03353e-08 2.22134e-08 2.61923e-08 4.90603e-08 -2.37364e-08 -2.73949e-08
852 0.63 230 0 3.4449e-08 6.12596e-08 1.78308e-08 -1.50842e-08 -5.16528e-09 -9.84181e-09 1.16301e-08 2.29208e-08 2.7578e-08 4.75304e-08 -2.36712e-08 -2.45226e-08
852 0.64 230 0 3.62375e-08 5.86086e-08 1.6821e-08 -1.44901e-08 -4.36699e-09 -8.99486e-09 1.30221e-08 2.35473e-08 2.88709e-08 4.58237e-08 -2.34154e-08 -2.15628e-08
852 0.65 230 0 3.78652e-08 5.57258e-08 1.58042e-08 -1.38212e-08 -3.48919e-09 -8.20331e-09 1.4506e-08 2.40782e-08 3.00548e-08 4.39374e-08 -2.29507e-08 -1.85224e-08
852 0.66 230 0 3.9306e-08 5.26087e-08 1.47871e-08 -1.3069e-08 -2.53695e-09 -7.47863e-09 1.60766e-08 2.44975e-08 3.11103e-08 4.18694e-08 -2.2259e-08 -1.54113e-08
852 0.67 230 0 4.05326e-08 4.92567e-08 1.37788e-08 -1.22237e-08 -1.51653e-09 -6.83048e-09 1.77258e-08 2.47888e-08 3.20166e-08 3.9618e-08 -2.13212e-08 -1.22408e-08
852 0.68 230 0 4.15169e-08 4.56729e-08 1.27912e-08 -1.12731e-08 -4.35015e-10 -6.26532e-09 1.94431e-08 2.49347e-08 3.27528e-08 3.71821e-08 -2.01171e-08 -9.02486e-09
852 0.69 230 0 4.22236e-08 4.18527e-08 1.18381e-08 -1.02118e-08 6.98969e-10 -5.79785e-09 2.12146e-08 2.4918e-08 3.32908e-08 3.456e-08 -1.86257e-08 -5.77842e-09
852 0.7 230 0 4.26191e-08 3.78015e-08 1.09362e-08 -9.02535e-09 1.87388e-09 -5.4314e-09 2.30246e-08 2.47189e-08 3.36054e-08 3.17516e-08 -1.68257e-08 -2.51979e-09
852 0.71 230 0 4.26521e-08 3.35131e-08 1.00757e-08 -7.7294e-09 3.06044e-09 -5.16686e-09 2.48709e-08 2.43333e-08 3.3664e-08 2.87547e-08 -1.46979e-08 7.41548e-10
852 0.72 230 0 4.22983e-08 2.90184e-08 9.32086e-09 -6.29867e-09 4.27759e-09 -5.02356e-09 2.66989e-08 2.37449e-08 3.34326e-08 2.55824e-08 -1.22086e-08 3.95902e-09
852 0.73 230 0 4.15052e-08 2.4321e-08 8.6932e-09 -4.72269e-09 5.50393e-09 -5.00343e-09 2.84871e-08 2.29298e-08 3.28724e-08 2.22368e-08 -9.33596e-09 7.10755e-09
852 0.74 230 0 4.0219e-08 1.94369e-08 8.22819e-09 -2.99649e-09 6.72959e-09 -5.10526e-09 3.01994e-08 2.18764e-08 3.19403e-08 1.87222e-08 -6.05877e-09 1.01504e-08
852 0.75 230 0 3.83775e-08 1.43794e-08 7.9648e-09 -1.12422e-09 7.93382e-09 -5.33982e-09 3.17938e-08 2.05725e-08 3.0582e-08 1.50521e-08 -2.34819e-09 1.30453e-08
852 0.76 230 0 3.59137e-08 9.17744e-09 7.95096e-09 8.87528e-10 9.10347e-09 -5.70508e-09 3.32199e-08 1.90155e-08 2.87401e-08 1.12425e-08 1.81895e-09 1.5741e-08
852 0.77 230 0 3.27489e-08 3.86508e-09 8.24355e-09 3.02659e-09 1.02249e-08 -6.20054e-09 3.44183e-08 1.72048e-08 2.63458e-08 7.31521e-09 6.4638e-09 1.8176e-08
852 0.78 230 0 2.87976e-08 -1.51094e-09 8.90426e-09 5.2644e-09 1.1281e-08 -6.82487e-09 3.53223e-08 1.51549e-08 2.33219e-08 3.3042e-09 1.16079e-08 2.02796e-08
852 0.79 230 0 2.39624e-08 -6.88734e-09 1.00036e-08 7.55809e-09 1.22582e-08 -7.57455e-09 3.58551e-08 1.2894e-08 1.95796e-08 -7.44575e-10 1.72649e-08 2.19673e-08
852 0.8 230 0 1.81327e-08 -1.21838e-08 1.16189e-08 9.85223e-09 1.31402e-08 -8.44451e-09 3.59331e-08 1.04594e-08 1.50153e-08 -4.76903e-09 2.34433e-08 2.31401e-08
852 0.81 230 0 1.11846e-08 -1.72927e-08 1.38307e-08 1.20546e-08 1.39125e-08 -9.4316e-09 3.54618e-08 7.92437e-09 9.51261e-09 -8.68192e-09 3.01341e-08 2.36817e-08
852 0.82 230 0 2.98429e-09 -2.20726e-08 1.67187e-08 1.40493e-08 1.45579e-08 -1.053e-08 3.43482e-08 5.38249e-09 2.94106e-09 -1.23661e-08 3.73161e-08 2.34603e-08
852 0.83 230 0 -6.61416e-09 -2.63376e-08 2.03571e-08 1.56781e-08 1.50678e-08 -1.17292e-08 3.24984e-08 2.97142e-09 -4.84373e-09 -1.56668e-08 4.49395e-08 2.23231e-08
852 0.84 230 0 -1.77798e-08 -2.9857e-08 2.47955e-08 1.67193e-08 1.53778e-08 -1.30468e-08 2.98278e-08 8.78623e-10 -1.40049e-08 -1.83624e-08 5.29263e-08 2.01051e-08
852 0.85 230 0 -3.06426e-08 -3.2294e-08 3.00559e-08 1.69051e-08 1.55076e-08 -1.44516e-08 2.62857e-08 -6.36835e-10 -2.4682e-08 -2.01747e-08 6.11419e-08 1.66248e-08
852 0.86 230 0 -4.53357e-08 -3.32491e-08 3.60909e-08 1.58945e-08 1.54319e-08 -1.59404e-08 2.18736e-08 -1.25369e-09 -3.70203e-08 -2.07386e-08 6.93989e-08 1.16982e-08
852 0.87 230 0 -6.19538e-08 -3.221e-08 4.27533e-08 1.32861e-08 1.51354e-08 -1.75051e-08 1.66878e-08 -5.8118e-10 -5.11362e-08 -1.95863e-08 7.74379e-08 5.15263e-09
852 0.88 230 0 -8.05336e-08 -2.8544e-08 4.97451e-08 8.62414e-09 1.4596e-08 -1.91428e-08 1.09649e-08 1.8342e-09 -6.70978e-08 -1.6127e-08 8.49161e-08 -3.15045e-09
852 0.89 230 0 -1.01023e-07 -2.14765e-08 5.65552e-08 1.43677e-09 1.37859e-08 -2.08566e-08 5.14759e-09 6.47594e-09 -8.48942e-08 -9.62545e-09 9.14011e-08 -1.32827e-08
852 0.9 230 0 -1.2325e-07 -1.00682e-08 6.23918e-08 -8.69346e-09 1.26702e-08 -2.2656e-08 -4.13953e-11 1.37912e-08 -1.04403e-07 8.21456e-10 9.63779e-08 -2.52082e-08
852 0.91 230 0 -1.46897e-07 6.8111e-09 6.61106e-08 -2.20144e-08 1.11787e-08 -2.45641e-08 -3.52574e-09 2.40752e-08 -1.25357e-07 1.6323e-08 9.92722e-08 -3.87366e-08
852 0.92 230 0 -1.71483e-07 3.0583e-08 6.61677e-08 -3.84003e-08 9.21761e-09 -2.6616e-08 -3.80871e-09 3.72658e-08 -1.47322e-07 3.82749e-08 9.94981e-08 -5.34824e-08
852 0.93 230 0 -1.96351e-07 6.31645e-08 6.06058e-08 -5.7061e-08 6.61796e-09 -2.88651e-08 1.0454e-09 5.26353e-08 -1.69669e-07 6.85599e-08 9.65265e-08 -6.88423e-08
852 0.94 230 0 -2.20603e-07 1.0752e-07 4.71228e-08 -7.60532e-08 3.07896e-09 -3.13832e-08 1.33504e-08 6.82696e-08 -1.91496e-07 1.10053e-07 8.99611e-08 -8.40062e-08
852 0.95 230 0 -2.42687e-07 1.69019e-07 2.33316e-08 -9.13857e-08 -2.00152e-09 -3.42324e-08 3.55152e-08 8.01052e-08 -2.11212e-07 1.67892e-07 7.95854e-08 -9.80027e-08
852 0.96 230 0 -2.58326e-07 2.59056e-07 -1.21777e-08 -9.4913e-08 -9.89485e-09 -3.73339e-08 6.88843e-08 7.96786e-08 -2.2456e-07 2.52835e-07 6.53153e-08 -1.09739e-07
852 0.97 230 0 -2.49615e-07 4.04579e-07 -5.42436e-08 -6.89322e-08 -2.37114e-08 -3.96025e-08 1.07663e-07 4.84187e-08 -2.14244e-07 3.90127e-07 4.69291e-08 -1.17809e-07
852 0.98 230 0 -1.16532e-07 6.57569e-07 -5.4178e-08 1.91285e-08 -5.0778e-08 -3.25493e-08 9.93495e-08 -4.75995e-08 -8.53055e-08 6.27812e-07 2.37345e-08 -1.18679e-07
852 0.99 230 0 5.0958e-07 7.02192e-07 1.74993e-07 -1.2028e-08 -6.88604e-08 2.61834e-08 -1.54445e-07 -1.31594e-08 5.0742e-07 6.64815e-07 5.21295e-09 -1.01641e-07
852 1 230 0 4.71524e-07 1.6287e-09 -6.31243e-06 -2.38048e-07 -1.11527e-10 3.96479e-08 6.34174e-06 2.38008e-07 4.73884e-07 1.54143e-09 -1.86527e-11 -1.05092e-07
852 1.01 230 0 2.55718e-07 5.81164e-10 -8.57731e-08 4.8124e-10 -2.34979e-12 1.62188e-08 1.18979e-07 -5.10488e-10 2.6493e-07 5.43159e-10 -4.96909e-11 -8.40054e-08
852 1.02 230 0 1.84883e-07 3.48266e-10 -5.66283e-08 3.24185e-10 1.04034e-11 1.14972e-08 9.21231e-08 -3.44178e-10 1.97926e-07 3.22146e-10 -4.44702e-11 -7.84663e-08
852 1.03 230 0 1.45525e-07 2.467e-10 -4.51454e-08 2.50066e-10 1.4617e-11 9.69633e-09 8.17901e-08 -2.65966e-10 1.61004e-07 2.25643e-10 -4.20378e-11 -7.46715e-08
852 1.04 230 0 1.19702e-07 1.91013e-10 -3.91499e-08 2.06563e-10 1.69385e-11 9.11211e-09 7.64426e-08 -2.2024e-10 1.37078e-07 1.72287e-10 -4.07256e-11 -7.18848e-08
852 1.05 230 0 1.01095e-07 1.56714e-10 -3.56874e-08 1.78207e-10 1.84905e-11 9.18349e-09 7.33622e-08 -1.90548e-10 1.20127e-07 1.39119e-10 -4.00324e-11 -6.97837e-08
852 1.06 230 0 8.68187e-08 1.33893e-10 -3.36585e-08 1.58675e-10 2.06543e-11 9.66909e-09 7.15605e-08 -1.70034e-10 1.07403e-07 1.16095e-10 -3.99888e-11 -6.81915e-08
852 1.07 230 0 7.53442e-08 1.18277e-10 -3.25559e-08 1.44357e-10 2.17783e-11 1.04552e-08 7.0589e-08 -1.55179e-10 9.74538e-08 1.00493e-10 -3.98947e-11 -6.70008e-08
852 1.08 230 0 6.57767e-08 1.07098e-10 -3.21123e-08 1.33765e-10 2.29555e-11 1.14787e-08 7.02159e-08 -1.44257e-10 8.94306e-08 8.89846e-11 -4.00831e-11 -6.61423e-08
852 1.09 230 0 5.75527e-08 9.91666e-11 -3.21759e-08 1.2623e-10 2.50878e-11 1.27073e-08 7.0312e-08 -1.36429e-10 8.28034e-08 7.97557e-11 -4.07911e-11 -6.55708e-08
852 1.1 230 0 5.0294e-08 9.33341e-11 -3.26587e-08 1.2034e-10 2.64523e-11 1.41301e-08 7.08045e-08 -1.3047e-10 7.72243e-08 7.30941e-11 -4.14081e-11 -6.52575e-08
852 1.11 230 0 4.37347e-08 8.92188e-11 -3.35087e-08 1.1609e-10 2.80488e-11 1.57437e-08 7.16525e-08 -1.26267e-10 7.24522e-08 6.78422e-11 -4.2289e-11 -6.51844e-08
852 1.12 230 0 3.76792e-08 8.68045e-11 -3.46975e-08 1.13807e-10 3.07988e-11 1.75528e-08 7.28368e-08 -1.24005e-10 6.83155e-08 6.32595e-11 -4.3812e-11 -6.53427e-08
852 1.13 230 0 3.19734e-08 8.52358e-11 -3.62175e-08 1.12207e-10 3.29231e-11 1.95749e-08 7.43563e-08 -1.22614e-10 6.46907e-08 5.99768e-11 -4.52773e-11 -6.57321e-08
852 1.14 230 0 2.64934e-08 8.47385e-11 -3.80725e-08 1.11811e-10 3.54846e-11 2.18298e-08 7.62216e-08 -1.22519e-10 6.14832e-08 5.73337e-11 -4.71443e-11 -6.63584e-08
852 1.15 230 0 2.11323e-08 8.5753e-11 -4.02796e-08 1.1318e-10 3.94383e-11 2.43457e-08 7.84564e-08 -1.24196e-10 5.86215e-08 5.49334e-11 -4.98024e-11 -6.72349e-08
852 1.16 230 0 1.57899e-08 8.73166e-11 -4.28711e-08 1.15117e-10 4.30553e-11 2.71632e-08 8.10987e-08 -1.26626e-10 5.60507e-08 5.33315e-11 -5.25941e-11 -6.83832e-08
852 1.17 230 0 1.0371e-08 9.0686e-11 -4.58905e-08 1.19191e-10 4.84995e-11 3.03296e-08 8.41997e-08 -1.31258e-10 5.37263e-08 5.18436e-11 -5.65233e-11 -6.98332e-08
852 1.18 230 0 4.77331e-09 9.46518e-11 -4.94019e-08 1.24002e-10 5.37906e-11 3.39109e-08 8.78313e-08 -1.36825e-10 5.16141e-08 5.10687e-11 -6.07606e-11 -7.16271e-08
852 1.19 230 0 -1.11484e-09 1.00107e-10 -5.34894e-08 1.30556e-10 6.0285e-11 3.79893e-08 9.20876e-08 -1.44322e-10 4.9686e-08 5.06386e-11 -6.59901e-11 -7.38211e-08
852 1.2 230 0 -7.42337e-09 1.08371e-10 -5.82653e-08 1.40418e-10 6.97002e-11 4.26717e-08 9.70935e-08 -1.55294e-10 4.79189e-08 5.02952e-11 -7.31546e-11 -7.64899e-08
852 1.21 230 0 -1.43167e-08 1.18182e-10 -6.38856e-08 1.52155e-10 8.00641e-11 4.81062e-08 1.03021e-07 -1.68491e-10 4.62953e-08 5.05755e-11 -8.14833e-11 -7.97373e-08
852 1.22 230 0 -2.20018e-08 1.32392e-10 -7.05592e-08 1.6901e-10 9.49147e-11 5.44868e-08 1.101e-07 -1.87168e-10 4.48e-08 5.10226e-11 -9.2956e-11 -8.37028e-08
852 1.23 230 0 -3.07623e-08 1.49805e-10 -7.8584e-08 1.89696e-10 1.12371e-10 6.20908e-08 1.18658e-07 -2.10234e-10 4.34224e-08 5.21858e-11 -1.06893e-10 -8.85851e-08
852 1.24 230 0 -4.099e-08 1.75389e-10 -8.83822e-08 2.19843e-10 1.38125e-10 7.13076e-08 1.29159e-07 -2.43562e-10 4.21537e-08 5.36291e-11 -1.26839e-10 -9.46667e-08
852 1.25 230 0 -5.32651e-08 2.08754e-10 -1.00589e-07 2.59159e-10 1.71026e-10 8.27242e-08 1.42301e-07 -2.87168e-10 4.09899e-08 5.60316e-11 -1.52758e-10 -1.02372e-07
852 1.26 230 0 -6.84735e-08 2.57132e-10 -1.16185e-07 3.15931e-10 2.18688e-10 9.72421e-08 1.59158e-07 -3.50011e-10 3.99301e-08 5.93262e-11 -1.90028e-10 -1.12358e-07
852 1.27 230 0 -8.8059e-08 3.33451e-10 -1.36774e-07 4.04771e-10 2.94377e-10 1.16339e-07 1.81494e-07 -4.47976e-10 3.89801e-08 6.36695e-11 -2.48132e-10 -1.25698e-07
852 1.28 230 0 -1.1456e-07 4.52624e-10 -1.65192e-07 5.43071e-10 4.12368e-10 1.42622e-07 2.12415e-07 -6.00584e-10 3.81573e-08 7.01437e-11 -3.38794e-10 -1.44291e-07
852 1.29 230 0 -1.52866e-07 6.6983e-10 -2.06901e-07 7.9332e-10 6.29017e-10 1.81114e-07 2.57919e-07 -8.76093e-10 3.75009e-08 7.94064e-11 -5.02965e-10 -1.71795e-07
852 1.3 230 0 -2.13841e-07 1.10268e-09 -2.74059e-07 1.28954e-09 1.06249e-09 2.42994e-07 3.31339e-07 -1.42227e-09 3.71071e-08 9.43304e-11 -8.2978e-10 -2.16353e-07
852 1.31 230 0 -3.27357e-07 2.23449e-09 -4.00102e-07 2.57808e-09 2.2046e-09 3.59e-07 4.69356e-07 -2.83856e-09 3.72477e-08 1.19825e-10 -1.68139e-09 -3.00358e-07
852 1.32 230 0 -6.16592e-07 6.96808e-09 -7.22921e-07 7.93108e-09 7.01656e-09 6.55908e-07 8.23241e-07 -8.71697e-09 3.90599e-08 1.70282e-10 -5.23583e-09 -5.16166e-07
852 1.33 230 0 -2.95569e-06 1.41535e-07 -3.34053e-06 1.58928e-07 1.44987e-07 3.06262e-06 3.69449e-06 -1.74362e-07 5.98727e-08 -2.33573e-10 -1.06062e-07 -2.26892e-06
852 1.34 230 0 1.20964e-06 2.13232e-08 1.32341e-06 2.36229e-08 2.21621e-08 -1.22514e-06 -1.42215e-06 -2.58713e-08 2.05028e-08 -5.36277e-10 -1.59194e-08 8.55223e-07
852 1.35 230 0 5.28371e-07 3.67373e-09 5.61528e-07 4.01453e-09 3.86348e-09 -5.24619e-07 -5.86584e-07 -4.3886e-09 2.60726e-08 -1.67662e-10 -2.72818e-09 3.45307e-07
852 1.36 230 0 3.47524e-07 1.46036e-09 3.59853e-07 1.57475e-09 1.54947e-09 -3.39115e-07 -3.65592e-07 -1.71873e-09 2.70275e-08 -9.15348e-11 -1.078e-09 2.10607e-07
852 1.37 230 0 2.63531e-07 7.73039e-10 2.66572e-07 8.22374e-10 8.25505e-10 -2.53265e-07 -2.6351e-07 -8.96207e-10 2.71132e-08 -5.93118e-11 -5.66324e-10 1.48501e-07
852 1.38 230 0 2.14853e-07 4.79634e-10 2.12791e-07 5.03811e-10 5.13984e-10 -2.03734e-07 -2.04761e-07 -5.4851e-10 2.68992e-08 -4.17047e-11 -3.48754e-10 1.12845e-07
852 1.39 230 0 1.82977e-07 3.27154e-10 1.77787e-07 3.39452e-10 3.50878e-10 -1.7147e-07 -1.6661e-07 -3.69384e-10 2.65552e-08 -3.06016e-11 -2.35939e-10 8.97606e-08
852 1.4 230 0 1.60412e-07 2.36516e-10 1.53175e-07 2.4229e-10 2.5322e-10 -1.48763e-07 -1.39857e-07 -2.63674e-10 2.6149e-08 -2.28555e-11 -1.68894e-10 7.363e-08
852 1.41 230 0 1.43547e-07 1.80085e-10 1.34916e-07 1.82396e-10 1.91895e-10 -1.31901e-07 -1.20072e-07 -1.98716e-10 2.57127e-08 -1.72153e-11 -1.27437e-10 6.17489e-08
852 1.42 230 0 1.30428e-07 1.42175e-10 1.20823e-07 1.42444e-10 1.50322e-10 -1.18871e-07 -1.04857e-07 -1.55542e-10 2.52629e-08 -1.28383e-11 -9.96811e-11 5.26529e-08
852 1.43 230 0 1.19904e-07 1.1541e-10 1.09609e-07 1.14439e-10 1.20675e-10 -1.08492e-07 -9.27981e-08 -1.25424e-10 2.48091e-08 -9.2918e-12 -8.01331e-11 4.54798e-08
852 1.44 230 0 1.11252e-07 9.5403e-11 1.00468e-07 9.35569e-11 9.8187e-11 -1.00021e-07 -8.30122e-08 -1.03157e-10 2.43566e-08 -6.17436e-12 -6.54906e-11 3.96899e-08
852 1.45 230 0 1.03998e-07 8.07058e-11 9.28691e-08 7.84075e-11 8.13701e-11 -9.29713e-08 -7.49166e-08 -8.72012e-11 2.39089e-08 -3.46846e-12 -5.486e-11 3.49278e-08
852 1.46 230 0 9.78152e-08 6.93714e-11 8.64478e-08 6.68007e-11 6.80591e-11 -8.70066e-08 -6.81114e-08 -7.52093e-11 2.34678e-08 -9.22157e-13 -4.66942e-11 3.09497e-08
852 1.47 230 0 9.24714e-08 6.04293e-11 8.09463e-08 5.77059e-11 5.71497e-11 -8.18903e-08 -6.23137e-08 -6.61036e-11 2.30345e-08 1.61784e-12 -4.02727e-11 2.7583e-08
852 1.48 230 0 8.77983e-08 5.32513e-11 7.61771e-08 5.04508e-11 4.78363e-11 -7.74498e-08 -5.73174e-08 -5.92433e-11 2.26094e-08 4.36015e-12 -3.51402e-11 2.47022e-08
852 1.49 230 0 8.36701e-08 4.72647e-11 7.2e-08 4.43835e-11 3.91894e-11 -7.35567e-08 -5.29687e-08 -5.4138e-11 2.21925e-08 7.7377e-12 -3.08262e-11 2.22135e-08
852 1.5 230 0 7.99907e-08 4.245e-11 6.83089e-08 3.95818e-11 3.09501e-11 -7.01139e-08 -4.91505e-08 -5.10588e-11 2.1783e-08 1.20349e-11 -2.74207e-11 2.00459e-08
852 1.51 230 0 7.66858e-08 3.84176e-11 6.50214e-08 3.55863e-11 2.1603e-11 -6.7047e-08 -4.5771e-08 -5.02971e-11 2.13791e-08 1.86192e-11 -2.45881e-11 1.81444e-08
852 1.52 230 0 7.36969e-08 3.50079e-11 6.20725e-08 3.22216e-11 7.89955e-12 -6.43016e-08 -4.27555e-08 -5.39048e-11 2.09744e-08 3.12423e-11 -2.21991e-11 1.64655e-08
852 1.53 230 0 7.0977e-08 3.21e-11 5.94109e-08 2.93677e-11 -2.65165e-11 -6.18563e-08 -4.00282e-08 -7.36079e-11 2.05369e-08 6.9615e-11 -2.01761e-11 1.49749e-08
852 1.54 230 0 6.84886e-08 3.00419e-11 5.69948e-08 2.71898e-11 5.11418e-10 -5.73243e-08 -3.92598e-08 3.23524e-10 2.29189e-08 -5.85508e-10 -1.84072e-11 1.36451e-08
852 1.55 230 0 6.62003e-08 2.74749e-11 5.47902e-08 2.48357e-11 8.01278e-11 -5.73198e-08 -3.55564e-08 1.29714e-11 2.00488e-08 -6.5245e-11 -1.69215e-11 1.24526e-08
852 1.56 230 0 6.40869e-08 2.55834e-11 5.27694e-08 2.29998e-11 5.30641e-11 -5.5462e-08 -3.35318e-08 -3.28689e-12 1.96448e-08 -3.45824e-11 -1.56228e-11 1.13796e-08
852 1.57 230 0 6.2127e-08 2.39407e-11 5.0909e-08 2.14302e-11 4.24376e-11 -5.37228e-08 -3.17034e-08 -8.02583e-12 1.92857e-08 -2.35826e-11 -1.4506e-11 1.04104e-08
852 1.58 230 0 6.03029e-08 2.24707e-11 4.91896e-08 2.00072e-11 3.63754e-11 -5.21066e-08 -3.00339e-08 -9.72703e-12 1.89441e-08 -1.79147e-11 -1.34966e-11 9.53188e-09
852 1.59 230 0 5.85992e-08 2.11667e-11 4.75948e-08 1.87457e-11 3.22273e-11 -5.06028e-08 -2.85018e-08 -1.03386e-11 1.86142e-08 -1.4373e-11 -1.26003e-11 8.73327e-09
852 1.6 230 0 5.70032e-08 2.00041e-11 4.61106e-08 1.76208e-11 2.91175e-11 -4.92001e-08 -2.70905e-08 -1.04534e-11 1.82939e-08 -1.1924e-11 -1.18023e-11 8.00525e-09
852 1.61 230 0 5.55037e-08 1.89703e-11 4.4725e-08 1.66301e-11 2.66442e-11 -4.78881e-08 -2.57866e-08 -1.03501e-11 1.7982e-08 -1.00987e-11 -1.10927e-11 7.33986e-09
852 1.62 230 0 5.40912e-08 1.80303e-11 4.34279e-08 1.57159e-11 2.46129e-11 -4.66576e-08 -2.45785e-08 -1.00826e-11 1.76781e-08 -8.69569e-12 -1.04425e-11 6.73035e-09
852 1.63 230 0 5.27574e-08 1.71788e-11 4.22103e-08 1.48863e-11 2.28923e-11 -4.55007e-08 -2.34564e-08 -9.75054e-12 1.73815e-08 -7.56534e-12 -9.84974e-12 6.17078e-09
852 1.64 230 0 5.1495e-08 1.64161e-11 4.10645e-08 1.4147e-11 2.14063e-11 -4.44102e-08 -2.24116e-08 -9.41284e-12 1.70919e-08 -6.61789e-12 -9.32095e-12 5.65608e-09
852 1.65 230 0 5.02978e-08 1.5716e-11 3.99837e-08 1.34547e-11 2.00987e-11 -4.33801e-08 -2.14368e-08 -9.04519e-12 1.68091e-08 -5.80916e-12 -8.82284e-12 5.18177e-09
852 1.66 230 0 4.916e-08 1.50786e-11 3.89621e-08 1.2829e-11 1.89433e-11 -4.24049e-08 -2.05254e-08 -8.6872e-12 1.65328e-08 -5.11585e-12 -8.3704e-12 4.74394e-09
852 1.67 230 0 4.80769e-08 1.44991e-11 3.79945e-08 1.22469e-11 1.79012e-11 -4.14797e-08 -1.96716e-08 -8.3346e-12 1.62627e-08 -4.48951e-12 -7.94263e-12 4.33917e-09
852 1.68 230 0 4.70439e-08 1.39657e-11 3.70762e-08 1.17048e-11 1.69566e-11 -4.06004e-08 -1.88705e-08 -7.98915e-12 1.59986e-08 -3.92803e-12 -7.53942e-12 3.96441e-09
852 1.69 230 0 4.60572e-08 1.34749e-11 3.62031e-08 1.11981e-11 1.60934e-11 -3.97631e-08 -1.81174e-08 -7.65449e-12 1.57402e-08 -3.41445e-12 -7.15829e-12 3.61699e-09
852 1.7 230 0 4.51133e-08 1.30222e-11 3.53717e-08 1.07225e-11 1.52988e-11 -3.89646e-08 -1.74084e-08 -7.33143e-12 1.54875e-08 -2.9391e-12 -6.79454e-12 3.29451e-09
852 1.71 230 0 4.4209e-08 1.26048e-11 3.45786e-08 1.02743e-11 1.45601e-11 -3.82017e-08 -1.674e-08 -7.02239e-12 1.52402e-08 -2.489e-12 -6.44499e-12 2.99483e-09
852 1.72 230 0 4.33416e-08 1.22191e-11 3.38209e-08 9.85006e-12 1.38699e-11 -3.74719e-08 -1.61088e-08 -6.72688e-12 1.49982e-08 -2.0604e-12 -6.10517e-12 2.71606e-09
852 1.73 230 0 4.25084e-08 1.18635e-11 3.3096e-08 9.44743e-12 1.32198e-11 -3.67725e-08 -1.55121e-08 -6.44676e-12 1.47613e-08 -1.64533e-12 -5.77141e-12 2.45646e-09
852 1.74 230 0 4.17072e-08 1.15353e-11 3.24016e-08 9.06607e-12 1.26058e-11 -3.61016e-08 -1.49472e-08 -6.18421e-12 1.45293e-08 -1.24268e-12 -5.44327e-12 2.21451e-09
852 1.75 230 0 4.09359e-08 1.12325e-11 3.17354e-08 8.70235e-12 1.20245e-11 -3.5457e-08 -1.44118e-08 -5.93745e-12 1.43021e-08 -8.49298e-13 -5.11811e-12 1.9888e-09
852 1.76 230 0 4.01925e-08 1.09538e-11 3.10957e-08 8.3602e-12 1.1475e-11 -3.4837e-08 -1.39038e-08 -5.71383e-12 1.40796e-08 -4.6796e-13 -4.80058e-12 1.77808e-09
852 1.77 230 0 3.94754e-08 1.07022e-11 3.04805e-08 8.03787e-12 1.09594e-11 -3.42399e-08 -1.34213e-08 -5.51343e-12 1.38616e-08 -9.65109e-14 -4.48458e-12 1.5812e-09
852 1.78 230 0 3.8783e-08 1.04859e-11 2.98884e-08 7.74179e-12 1.05008e-11 -3.36642e-08 -1.29625e-08 -5.33793e-12 1.36482e-08 2.48229e-13 -4.16848e-12 1.39711e-09
852 1.79 230 0 3.81139e-08 9.91114e-12 2.93184e-08 7.7666e-12 9.84499e-12 -3.31082e-08 -1.25271e-08 -5.93315e-12 1.34396e-08 4.02054e-13 -4.41796e-12 1.22557e-09
852 1.8 230 0 3.74665e-08 9.49141e-12 2.87684e-08 7.64579e-12 9.32593e-12 -3.25713e-08 -1.21117e-08 -6.10742e-12 1.32347e-08 5.62079e-13 -4.47488e-12 1.06484e-09
852 1.81 230 0 3.68396e-08 9.12632e-12 2.82373e-08 7.46554e-12 8.87891e-12 -3.20522e-08 -1.17155e-08 -6.10832e-12 1.30337e-08 6.97358e-13 -4.42007e-12 9.14298e-10
852 1.82 230 0 3.62323e-08 8.79575e-12 2.7724e-08 7.25173e-12 8.48359e-12 -3.15498e-08 -1.13373e-08 -6.00254e-12 1.28364e-08 8.08953e-13 -4.29261e-12 7.73242e-10
852 1.83 230 0 3.56433e-08 8.47918e-12 2.72276e-08 7.03179e-12 8.1192e-12 -3.10631e-08 -1.0976e-08 -5.85992e-12 1.2643e-08 8.96371e-13 -4.14403e-12 6.41073e-10
852 1.84 230 0 3.50718e-08 8.17725e-12 2.67471e-08 6.80906e-12 7.78269e-12 -3.05913e-08 -1.06307e-08 -5.68892e-12 1.24532e-08 9.63969e-13 -3.97855e-12 5.17191e-10
852 1.85 230 0 3.45169e-08 7.89317e-12 2.62817e-08 6.58855e-12 7.4751e-12 -3.01335e-08 -1.03003e-08 -5.49892e-12 1.22669e-08 1.01408e-12 -3.80132e-12 4.01044e-10
852 1.86 230 0 3.39778e-08 7.62906e-12 2.58304e-08 6.37271e-12 7.19572e-12 -2.96891e-08 -9.98394e-09 -5.29602e-12 1.20842e-08 1.04913e-12 -3.61549e-12 2.92125e-10
852 1.87 230 0 3.34536e-08 7.3895e-12 2.53927e-08 6.16473e-12 6.94718e-12 -2.92572e-08 -9.68091e-09 -5.08868e-12 1.19048e-08 1.06926e-12 -3.42591e-12 1.89969e-10
852 1.88 230 0 3.29437e-08 7.18116e-12 2.49678e-08 5.96383e-12 6.73321e-12 -2.88372e-08 -9.39042e-09 -4.879e-12 1.17287e-08 1.07679e-12 -3.23364e-12 9.41409e-11
852 1.89 230 0 3.24473e-08 7.00431e-12 2.4555e-08 5.76829e-12 6.55393e-12 -2.84285e-08 -9.11179e-09 -4.67228e-12 1.15559e-08 1.07301e-12 -3.04626e-12 4.25151e-12
852 1.9 230 0 3.1964e-08 6.82229e-12 2.41538e-08 5.58483e-12 6.37799e-12 -2.80307e-08 -8.84436e-09 -4.47015e-12 1.13862e-08 1.06625e-12 -2.88224e-12 -8.00453e-11
852 1.91 230 0 3.1493e-08 6.64143e-12 2.37636e-08 5.41129e-12 6.2051e-12 -2.76432e-08 -8.58753e-09 -4.27613e-12 1.12195e-08 1.0593e-12 -2.72763e-12 -1.59113e-10
852 1.92 230 0 3.10339e-08 6.46891e-12 2.33839e-08 5.24463e-12 6.04061e-12 -2.72654e-08 -8.34073e-09 -4.08946e-12 1.10558e-08 1.05141e-12 -2.57756e-12 -2.33276e-10
852 1.93 230 0 3.05861e-08 6.30413e-12 2.30142e-08 5.08421e-12 5.88405e-12 -2.68969e-08 -8.10344e-09 -3.90915e-12 1.0895e-08 1.0424e-12 -2.43136e-12 -3.02831e-10
852 1.94 230 0 3.01491e-08 6.14657e-12 2.2654e-08 4.9294e-12 5.73499e-12 -2.65373e-08 -7.87517e-09 -3.73426e-12 1.07371e-08 1.03215e-12 -2.28832e-12 -3.68053e-10
852 1.95 230 0 2.97225e-08 5.99574e-12 2.23029e-08 4.77957e-12 5.59302e-12 -2.61862e-08 -7.65547e-09 -3.56383e-12 1.0582e-08 1.02052e-12 -2.14763e-12 -4.292e-10
852 1.96 230 0 2.93059e-08 5.85119e-12 2.19606e-08 4.63403e-12 5.4578e-12 -2.58433e-08 -7.4439e-09 -3.39674e-12 1.04295e-08 1.00731e-12 -2.00826e-12 -4.8651e-10
852 1.97 230 0 2.88988e-08 5.7125e-12 2.16266e-08 4.49191e-12 5.32903e-12 -2.55081e-08 -7.24007e-09 -3.23153e-12 1.02797e-08 9.92233e-13 -1.8687e-12 -5.40207e-10
852 1.98 230 0 2.85009e-08 5.57923e-12 2.13007e-08 4.35191e-12 5.20651e-12 -2.51804e-08 -7.0436e-09 -3.06585e-12 1.01325e-08 9.74733e-13 -1.72639e-12 -5.90501e-10
852 1.99 230 0 2.81119e-08 5.45094e-12 2.09824e-08 4.21128e-12 5.09041e-12 -2.48598e-08 -6.85415e-09 -2.89452e-12 9.98784e-09 9.53349e-13 -1.57535e-12 -6.37586e-10
852 2 230 0 2.77313e-08 5.32786e-12 2.06714e-08 4.04493e-12 4.98731e-12 -2.45461e-08 -6.67137e-09 -2.66846e-12 9.84563e-09 9.12212e-13 -1.35756e-12 -6.81646e-10
