852 0 290 0 9.16927e-08 8.07213e-08 -8.86854e-21 -1.16453e-20 0 0 0 0 0 0 -3.3985e-20 1.43281e-20
852 0.01 290 0 9.16936e-08 8.07351e-08 -1.74032e-20 -1.10326e-20 2.68287e-10 -1.29132e-09 2.36028e-22 5.27701e-24 -4.11667e-11 1.3826e-09 -9.05228e-21 3.28518e-20
852 0.02 290 0 9.16966e-08 8.07767e-08 -2.32069e-20 -9.27455e-21 5.35487e-10 -2.58136e-09 6.08593e-22 2.54079e-22 -8.10498e-11 2.7647e-09 -2.00551e-20 9.4893e-21
852 0.03 290 0 9.17006e-08 8.08466e-08 -1.8355e-20 1.61659e-21 8.00541e-10 -3.86883e-09 7.11809e-22 2.14331e-23 -1.18409e-10 4.14584e-09 -2.17111e-20 1.35519e-20
852 0.04 290 0 9.17079e-08 8.09434e-08 -1.44022e-20 -3.55126e-21 1.06235e-09 -5.15241e-09 3.27091e-22 -1.68897e-22 -1.51896e-10 5.52546e-09 -9.91751e-22 3.78266e-20
852 0.05 290 0 9.17177e-08 8.10677e-08 -6.01565e-21 -3.13426e-21 1.31986e-09 -6.43082e-09 9.02462e-22 2.19756e-23 -1.80265e-10 6.90304e-09 -1.76575e-20 3.07908e-20
852 0.06 290 0 9.17305e-08 8.12193e-08 -2.01563e-20 -3.13868e-21 1.57205e-09 -7.70272e-09 1.30991e-21 -8.80269e-23 -2.02246e-10 8.27805e-09 -2.3688e-20 2.5057e-20
852 0.07 290 0 9.17465e-08 8.13981e-08 -1.3444e-20 -3.3741e-21 1.81792e-09 -8.96677e-09 9.96434e-22 -5.20756e-22 -2.16582e-10 9.64992e-09 -1.463e-20 2.8509e-20
852 0.08 290 0 9.17664e-08 8.16038e-08 -1.44024e-20 -4.54073e-21 2.0565e-09 -1.02216e-08 1.65555e-21 -3.73537e-22 -2.22021e-10 1.10181e-08 -1.48622e-20 3.30251e-20
852 0.09 290 0 9.17899e-08 8.18355e-08 -2.03406e-20 -7.84949e-21 2.28665e-09 -1.1466e-08 1.58819e-21 -6.70351e-22 -2.17544e-10 1.23818e-08 -7.97525e-21 3.72425e-20
852 0.1 290 0 9.18192e-08 8.20944e-08 -2.0008e-20 -1.66502e-21 2.50787e-09 -1.26982e-08 1.80353e-21 -5.003e-22 -2.0152e-10 1.37405e-08 -1.58864e-20 2.54267e-20
852 0.11 290 0 9.18542e-08 8.23794e-08 -1.35577e-20 1.14807e-21 2.71916e-09 -1.3917e-08 2.24759e-21 -4.71562e-22 -1.72937e-10 1.50935e-08 -1.76781e-20 2.83789e-20
852 0.12 290 0 9.18958e-08 8.269e-08 -2.22406e-20 6.10892e-21 2.91974e-09 -1.5121e-08 3.99311e-21 -2.83758e-22 -1.30609e-10 1.644e-08 -3.82145e-20 1.53688e-20
852 0.13 290 0 9.19447e-08 8.30259e-08 -1.09742e-20 -9.04516e-22 3.10891e-09 -1.63085e-08 2.68092e-21 -1.14246e-21 -7.33758e-11 1.77791e-08 -1.52618e-20 3.30586e-20
852 0.14 290 0 9.2001e-08 8.33873e-08 -1.82376e-20 -7.63028e-21 3.28611e-09 -1.74781e-08 4.10518e-21 5.47318e-22 -2.96722e-13 1.91102e-08 -2.08033e-20 2.3632e-20
852 0.15 290 0 9.20676e-08 8.37722e-08 -1.10396e-20 2.82368e-21 3.45064e-09 -1.86282e-08 3.52251e-21 -1.23852e-21 9.01009e-11 2.04321e-08 -3.32039e-20 3.00404e-20
852 0.16 290 0 9.21445e-08 8.41806e-08 -1.26549e-20 4.81129e-21 3.6021e-09 -1.97571e-08 3.88056e-21 -1.21732e-21 1.98704e-10 2.17438e-08 -1.78701e-20 2.9136e-20
852 0.17 290 0 9.2232e-08 8.4611e-08 -1.69382e-20 -1.04575e-20 3.73974e-09 -2.08634e-08 3.40436e-21 -1.03206e-22 3.26127e-10 2.30443e-08 -1.37736e-20 3.11516e-20
852 0.18 290 0 9.23329e-08 8.50643e-08 -1.87174e-20 -1.21655e-20 3.86405e-09 -2.19452e-08 3.08647e-21 -5.44487e-22 4.7414e-10 2.43325e-08 -1.30581e-20 3.43908e-20
852 0.19 290 0 9.24465e-08 8.55393e-08 -1.66083e-20 3.95066e-21 3.97462e-09 -2.3001e-08 4.59699e-21 -1.63632e-21 6.43028e-10 2.56074e-08 -2.77399e-20 2.65875e-20
852 0.2 290 0 9.25761e-08 8.60338e-08 -1.20808e-20 4.71162e-22 4.07121e-09 -2.40287e-08 5.271e-21 -1.55656e-21 8.34159e-10 2.68672e-08 -2.18157e-20 3.20888e-20
852 0.21 290 0 9.27236e-08 8.65483e-08 -1.74509e-20 5.21627e-21 4.15442e-09 -2.50267e-08 6.36731e-21 -1.12107e-21 1.04808e-09 2.81107e-08 -3.44718e-20 2.32669e-20
852 0.22 290 0 9.28861e-08 8.70789e-08 -1.18727e-20 -1.4435e-21 4.2232e-09 -2.59937e-08 3.2655e-21 -2.66635e-21 1.285e-09 2.93365e-08 -6.88908e-21 3.83853e-20
852 0.23 290 0 9.30674e-08 8.76274e-08 -2.39528e-20 -1.13167e-21 4.27942e-09 -2.69275e-08 6.99662e-21 -1.65935e-22 1.54627e-09 3.05433e-08 -3.06188e-20 1.71584e-20
852 0.24 290 0 9.32699e-08 8.81901e-08 -1.60057e-20 2.24887e-21 4.32293e-09 -2.78262e-08 4.4521e-21 -2.42615e-21 1.83256e-09 3.1729e-08 -2.2184e-20 3.22266e-20
852 0.25 290 0 9.34939e-08 8.87663e-08 -2.03496e-20 1.31121e-21 4.35454e-09 -2.86881e-08 7.56867e-21 -1.58017e-21 2.144e-09 3.2892e-08 -2.88226e-20 3.00413e-20
852 0.26 290 0 9.37385e-08 8.93541e-08 -1.83393e-20 -2.08912e-21 4.3746e-09 -2.95119e-08 5.78942e-21 -1.23767e-21 2.47997e-09 3.40308e-08 -8.75271e-21 2.78489e-20
852 0.27 290 0 9.40094e-08 8.99518e-08 -2.32848e-20 8.60751e-21 4.3852e-09 -3.0295e-08 6.12276e-21 -3.71139e-21 2.84257e-09 3.51428e-08 -2.60719e-20 2.73972e-20
852 0.28 290 0 9.43055e-08 9.05571e-08 -1.72943e-20 -7.26181e-22 4.38711e-09 -3.1036e-08 6.39365e-21 2.28509e-22 3.23094e-09 3.62263e-08 -1.42391e-20 2.12087e-20
852 0.29 290 0 9.46259e-08 9.1168e-08 -1.02127e-20 1.20183e-21 4.38116e-09 -3.17338e-08 5.64567e-21 -2.58143e-21 3.64395e-09 3.72797e-08 -1.32994e-20 3.23397e-20
852 0.3 290 0 9.49761e-08 9.1782e-08 -9.67109e-21 -5.6957e-21 4.37021e-09 -3.23858e-08 4.36577e-21 -1.96057e-21 4.08344e-09 3.82999e-08 -5.82722e-21 3.765e-20
852 0.31 290 0 9.5355e-08 9.23966e-08 -1.80277e-20 7.22604e-21 4.35558e-09 -3.29908e-08 8.46572e-21 -3.98295e-21 4.54797e-09 3.9285e-08 -3.31552e-20 3.16747e-20
852 0.32 290 0 9.57626e-08 9.301e-08 -1.55544e-20 4.39106e-21 4.33923e-09 -3.35478e-08 6.55633e-21 -5.23966e-21 5.03572e-09 4.02331e-08 -1.9494e-20 3.76958e-20
852 0.33 290 0 9.62012e-08 9.36174e-08 -1.42618e-20 1.2155e-20 4.32368e-09 -3.40547e-08 6.73752e-21 -4.81238e-21 5.54826e-09 4.1141e-08 -2.63775e-20 3.08682e-20
852 0.34 290 0 9.66696e-08 9.42174e-08 -8.91039e-21 1.23163e-20 4.31143e-09 -3.45111e-08 6.81728e-21 -5.75943e-21 6.08295e-09 4.2007e-08 -2.52982e-20 3.11358e-20
852 0.35 290 0 9.71694e-08 9.48044e-08 -1.60561e-20 4.88002e-21 4.30424e-09 -3.49156e-08 6.91441e-21 -4.49146e-21 6.6385e-09 4.28278e-08 -1.93346e-20 3.33685e-20
852 0.36 290 0 9.77008e-08 9.53781e-08 -7.97485e-21 -4.61522e-22 4.30694e-09 -3.52673e-08 4.99978e-21 -4.0012e-21 7.21421e-09 4.36017e-08 -7.52254e-21 3.51085e-20
852 0.37 290 0 9.82638e-08 9.59317e-08 -1.28645e-20 2.0782e-20 4.32086e-09 -3.55657e-08 8.64808e-21 -8.18394e-21 7.80739e-09 4.43251e-08 -3.96236e-20 3.07185e-20
852 0.38 290 0 9.88582e-08 9.64647e-08 -1.29493e-20 -9.53691e-21 4.35133e-09 -3.58103e-08 4.98045e-21 -3.25345e-21 8.41686e-09 4.49966e-08 6.89315e-21 3.64935e-20
852 0.39 290 0 9.94835e-08 9.69698e-08 -7.91857e-21 3.2089e-21 4.40003e-09 -3.60012e-08 5.98585e-21 -5.02024e-21 9.03928e-09 4.56125e-08 -1.2616e-20 3.73204e-20
852 0.4 290 0 1.0014e-07 9.74469e-08 -1.26271e-20 7.13039e-21 4.47355e-09 -3.61381e-08 4.71778e-21 -7.67991e-21 9.67285e-09 4.61714e-08 -2.69842e-22 3.50374e-20
852 0.41 290 0 1.00823e-07 9.7888e-08 -9.82155e-21 6.30568e-21 4.57224e-09 -3.62226e-08 8.09054e-21 -7.11597e-21 1.03132e-08 4.66703e-08 -1.80233e-20 3.39892e-20
852 0.42 290 0 1.01536e-07 9.82901e-08 -1.62607e-20 1.28119e-20 4.70322e-09 -3.62542e-08 9.55993e-21 -7.78386e-21 1.09592e-08 4.71063e-08 -3.14747e-20 3.55859e-20
852 0.43 290 0 1.02272e-07 9.86491e-08 -2.05834e-20 1.05103e-20 4.86841e-09 -3.62358e-08 1.53646e-20 -7.95315e-21 1.16044e-08 4.74786e-08 -3.42725e-20 3.27532e-20
852 0.44 290 0 1.03032e-07 9.89612e-08 -1.15431e-20 1.13101e-20 5.07453e-09 -3.6168e-08 5.83989e-21 -8.42734e-21 1.22469e-08 4.77843e-08 -3.99303e-21 3.52771e-20
852 0.45 290 0 1.0381e-07 9.92204e-08 -1.61597e-20 1.38342e-21 5.32362e-09 -3.60538e-08 7.43791e-21 -6.44926e-21 1.28804e-08 4.80218e-08 -5.93285e-21 3.72337e-20
852 0.46 290 0 1.04608e-07 9.94226e-08 -1.651e-20 6.24724e-21 5.62239e-09 -3.58954e-08 8.8322e-21 -8.47366e-21 1.35012e-08 4.81886e-08 -6.31781e-21 3.96272e-20
852 0.47 290 0 1.05418e-07 9.9565e-08 -1.5453e-20 1.97846e-20 5.97443e-09 -3.56964e-08 1.26256e-20 -1.19593e-20 1.41047e-08 4.82851e-08 -3.51511e-20 3.63981e-20
852 0.48 290 0 1.06234e-07 9.96414e-08 -1.78992e-20 1.3022e-20 6.3825e-09 -3.54611e-08 1.18068e-20 -1.0764e-20 1.46832e-08 4.83095e-08 -1.99484e-20 3.75014e-20
852 0.49 290 0 1.07053e-07 9.96485e-08 -1.52232e-20 3.72741e-21 6.85209e-09 -3.51937e-08 7.45269e-21 -9.2871e-21 1.5232e-08 4.82613e-08 2.06175e-22 4.10225e-20
852 0.5 290 0 1.07872e-07 9.95831e-08 -6.47721e-21 2.23612e-20 7.38857e-09 -3.48989e-08 1.07264e-20 -1.40449e-20 1.57459e-08 4.81406e-08 -2.73395e-20 3.58724e-20
852 0.51 290 0 1.08681e-07 9.94401e-08 -1.06681e-20 2.84848e-21 7.99281e-09 -3.45832e-08 1.25227e-21 -7.81757e-21 1.62158e-08 4.79474e-08 9.91132e-21 3.41906e-20
852 0.52 290 0 1.09476e-07 9.92177e-08 -1.76933e-20 1.87401e-20 8.67053e-09 -3.42528e-08 1.40619e-20 -1.63229e-20 1.6636e-08 4.7683e-08 -2.1081e-20 4.69092e-20
852 0.53 290 0 1.10246e-07 9.89119e-08 -2.09376e-20 1.49081e-20 9.42259e-09 -3.39146e-08 9.42608e-21 -1.26295e-20 1.69992e-08 4.73488e-08 -1.08296e-20 3.96816e-20
852 0.54 290 0 1.10986e-07 9.8521e-08 -1.95423e-20 1.24161e-20 1.02523e-08 -3.35764e-08 9.74117e-21 -1.41866e-20 1.7298e-08 4.6947e-08 -7.34807e-21 4.45267e-20
852 0.55 290 0 1.11687e-07 9.80432e-08 -1.05391e-20 5.57087e-21 1.11613e-08 -3.32467e-08 3.35315e-21 -1.42146e-20 1.75247e-08 4.64807e-08 9.57076e-21 4.09362e-20
852 0.56 290 0 1.12339e-07 9.74794e-08 -1.40737e-20 1.56304e-20 1.21511e-08 -3.29347e-08 6.63207e-21 -1.6925e-20 1.7671e-08 4.59546e-08 -3.62856e-21 4.22352e-20
852 0.57 290 0 1.12932e-07 9.68258e-08 -1.70222e-20 8.73451e-21 1.32206e-08 -3.26494e-08 2.94519e-21 -1.22886e-20 1.77298e-08 4.53712e-08 8.89719e-21 3.85344e-20
852 0.58 290 0 1.13456e-07 9.60846e-08 -1.60627e-20 1.59837e-20 1.43693e-08 -3.24012e-08 9.48729e-21 -1.73529e-20 1.76926e-08 4.4737e-08 -6.08988e-21 4.06151e-20
852 0.59 290 0 1.13901e-07 9.52588e-08 -1.04063e-20 2.35456e-20 1.55949e-08 -3.22009e-08 7.38605e-21 -2.16528e-20 1.75516e-08 4.40594e-08 -9.76909e-21 4.68949e-20
852 0.6 290 0 1.14257e-07 9.43488e-08 -2.16973e-20 1.52481e-20 1.68959e-08 -3.20596e-08 1.17125e-20 -2.21735e-20 1.72992e-08 4.33442e-08 -3.01762e-21 4.80119e-20
852 0.61 290 0 1.14507e-07 9.33594e-08 -1.03104e-20 2.08302e-20 1.82629e-08 -3.19883e-08 5.02162e-21 -2.01796e-20 1.69262e-08 4.2601e-08 -1.05677e-21 4.10769e-20
852 0.62 290 0 1.14645e-07 9.22959e-08 -1.29185e-20 2.15581e-20 1.96949e-08 -3.19984e-08 4.7307e-21 -2.24692e-20 1.64286e-08 4.18392e-08 2.28756e-21 4.20289e-20
852 0.63 290 0 1.14659e-07 9.1164e-08 -5.94334e-21 2.30903e-20 2.11825e-08 -3.21018e-08 6.68726e-21 -2.54507e-20 1.5798e-08 4.10692e-08 -5.99267e-21 4.98588e-20
852 0.64 290 0 1.14535e-07 8.99713e-08 -1.45644e-20 1.50053e-20 2.27153e-08 -3.23104e-08 4.53995e-21 -2.23307e-20 1.50268e-08 4.0303e-08 9.71176e-21 4.28436e-20
852 0.65 290 0 1.14261e-07 8.87265e-08 -1.23684e-20 1.67366e-20 2.42819e-08 -3.26348e-08 3.96169e-22 -2.58175e-20 1.41111e-08 3.95533e-08 1.9086e-20 4.02293e-20
852 0.66 290 0 1.13829e-07 8.74416e-08 -3.8382e-21 3.23488e-20 2.58718e-08 -3.30863e-08 -1.70671e-23 -3.03869e-20 1.30476e-08 3.88352e-08 -1.81483e-21 4.16191e-20
852 0.67 290 0 1.13225e-07 8.61293e-08 -8.64587e-21 1.80105e-20 2.74666e-08 -3.36755e-08 -8.94085e-22 -2.69662e-20 1.18301e-08 3.81649e-08 1.23955e-20 4.24875e-20
852 0.68 290 0 1.12438e-07 8.48013e-08 -2.01144e-20 2.18835e-20 2.90493e-08 -3.44113e-08 1.23116e-21 -2.7851e-20 1.04569e-08 3.75571e-08 2.20624e-20 4.75865e-20
852 0.69 290 0 1.11461e-07 8.34761e-08 -1.12526e-20 1.30804e-20 3.06002e-08 -3.53022e-08 -1.35878e-21 -2.21893e-20 8.92779e-09 3.70323e-08 2.06791e-20 3.33852e-20
852 0.7 290 0 1.10285e-07 8.21715e-08 -5.67495e-21 2.01151e-20 3.20983e-08 -3.6356e-08 -9.64404e-21 -2.49662e-20 7.24305e-09 3.66102e-08 2.07215e-20 3.6994e-20
852 0.71 290 0 1.089e-07 8.09055e-08 1.57151e-21 3.48317e-20 3.35148e-08 -3.75768e-08 -7.91239e-21 -2.9492e-20 5.40308e-09 3.63099e-08 7.29594e-21 4.0418e-20
852 0.72 290 0 1.07305e-07 7.97028e-08 1.26926e-20 3.82032e-20 3.48263e-08 -3.89686e-08 -1.04376e-20 -3.77049e-20 3.41662e-09 3.61571e-08 2.21485e-21 5.83768e-20
852 0.73 290 0 1.05493e-07 7.85868e-08 -1.10217e-20 1.20628e-20 3.6e-08 -4.05326e-08 -1.2828e-20 -2.0098e-20 1.28725e-09 3.61747e-08 3.70181e-20 3.07079e-20
852 0.74 290 0 1.03465e-07 7.75832e-08 8.9906e-21 3.35423e-20 3.70021e-08 -4.22659e-08 -1.69692e-20 -3.093e-20 -9.72934e-10 3.63883e-08 1.8487e-20 3.71424e-20
852 0.75 290 0 1.01224e-07 7.67235e-08 7.66463e-21 1.99049e-20 3.77977e-08 -4.4164e-08 -1.94621e-20 -2.03035e-20 -3.34989e-09 3.68275e-08 2.40179e-20 2.66879e-20
852 0.76 290 0 9.87721e-08 7.60361e-08 -5.38417e-22 2.43064e-20 3.83439e-08 -4.62164e-08 -1.78753e-20 -1.7166e-20 -5.82708e-09 3.75189e-08 2.61552e-20 2.33578e-20
852 0.77 290 0 9.61266e-08 7.55555e-08 -2.2595e-22 1.94255e-20 3.86e-08 -4.84107e-08 -1.69518e-20 -2.21666e-20 -8.37715e-09 3.84953e-08 2.71873e-20 3.03603e-20
852 0.78 290 0 9.33051e-08 7.532e-08 -1.38715e-20 2.42077e-20 3.8519e-08 -5.07276e-08 -2.17013e-20 -3.49969e-20 -1.09692e-08 3.97913e-08 4.62282e-20 3.5881e-20
852 0.79 290 0 9.0335e-08 7.53571e-08 -1.2345e-20 1.76027e-20 3.80494e-08 -5.31439e-08 -1.83678e-20 -1.6568e-20 -1.35637e-08 4.14339e-08 4.48887e-20 1.84735e-20
852 0.8 290 0 8.72919e-08 7.56628e-08 -3.91655e-21 2.3211e-20 3.7148e-08 -5.565e-08 -2.47518e-20 -3.29269e-20 -1.60946e-08 4.34339e-08 4.89129e-20 3.38921e-20
852 0.81 290 0 8.40759e-08 7.64364e-08 2.36955e-20 3.39454e-20 3.57069e-08 -5.81216e-08 -3.775e-20 -2.69736e-20 -1.85549e-08 4.59186e-08 2.61343e-20 3.46771e-20
852 0.82 290 0 8.08478e-08 7.76525e-08 2.3664e-20 3.28932e-20 3.3695e-08 -6.05411e-08 -4.62432e-20 -2.04461e-20 -2.08223e-08 4.88846e-08 3.60211e-20 2.37801e-20
852 0.83 290 0 7.76916e-08 7.93619e-08 1.07617e-20 2.74222e-20 3.10439e-08 -6.28327e-08 -3.49401e-20 -1.74875e-20 -2.27916e-08 5.23689e-08 3.97546e-20 2.2219e-20
852 0.84 290 0 7.4733e-08 8.1618e-08 -3.95263e-22 1.84384e-20 2.76892e-08 -6.49052e-08 -4.20331e-20 -1.14875e-20 -2.43199e-08 5.64059e-08 5.97233e-20 1.75669e-20
852 0.85 290 0 7.21187e-08 8.44518e-08 1.48009e-20 2.24894e-20 2.36052e-08 -6.66662e-08 -4.8355e-20 -1.43492e-20 -2.52471e-08 6.09874e-08 4.17242e-20 1.85615e-20
852 0.86 290 0 7.01272e-08 8.79295e-08 3.22387e-20 2.26529e-20 1.85648e-08 -6.78991e-08 -5.36686e-20 -6.2045e-22 -2.52479e-08 6.62151e-08 4.33171e-20 1.22156e-20
852 0.87 290 0 6.90398e-08 9.20129e-08 2.28339e-20 1.81302e-20 1.25583e-08 -6.84108e-08 -5.91689e-20 1.69333e-22 -2.40212e-08 7.19904e-08 5.94351e-20 9.71655e-21
852 0.88 290 0 6.92769e-08 9.66133e-08 2.67546e-20 1.0562e-20 5.53786e-09 -6.79399e-08 -5.56569e-20 1.8113e-20 -2.11257e-08 7.81787e-08 4.0602e-20 2.57703e-21
852 0.89 290 0 7.13899e-08 1.01504e-07 4.60972e-20 1.27265e-20 -2.52675e-09 -6.61385e-08 -6.82063e-20 2.37205e-20 -1.59871e-08 8.45018e-08 3.71261e-20 3.0154e-21
852 0.9 290 0 7.60936e-08 1.06217e-07 2.85363e-20 1.37153e-20 -1.16017e-08 -6.25567e-08 -4.27153e-20 2.02934e-20 -7.87473e-09 9.04245e-08 2.53884e-20 1.48396e-21
852 0.91 290 0 8.42847e-08 1.09865e-07 3.77121e-20 4.01846e-21 -2.15269e-08 -5.66237e-08 -6.03587e-20 3.51214e-20 4.10347e-09 9.49751e-08 3.66819e-20 3.58684e-21
852 0.92 290 0 9.69424e-08 1.10854e-07 4.33127e-20 -1.31132e-21 -3.19274e-08 -4.76384e-08 -5.9771e-20 5.89549e-20 2.08936e-08 9.64547e-08 4.47824e-20 -1.15687e-20
852 0.93 290 0 1.14874e-07 1.0645e-07 3.18183e-20 -7.18311e-21 -4.20564e-08 -3.48153e-08 -4.56295e-20 6.94936e-20 4.32142e-08 9.20187e-08 5.02698e-20 -1.83414e-20
852 0.94 290 0 1.38043e-07 9.22382e-08 3.48031e-20 -1.50696e-20 -5.05775e-08 -1.74545e-08 -3.06064e-20 8.06346e-20 7.08449e-08 7.71591e-08 3.73846e-20 -2.00647e-20
852 0.95 290 0 1.64044e-07 6.17272e-08 4.25994e-20 -3.26739e-20 -5.53849e-08 4.64118e-09 -7.31447e-21 1.14862e-19 1.01078e-07 4.53871e-08 1.7801e-20 -2.54581e-20
852 0.96 290 0 1.85491e-07 6.88764e-09 2.78002e-20 -3.45858e-20 -5.36877e-08 3.03661e-08 1.07203e-21 1.05928e-19 1.26114e-07 -1.10919e-08 2.46408e-20 -2.49091e-20
852 0.97 290 0 1.86591e-07 -7.89787e-08 1.42811e-20 -3.33864e-20 -4.29381e-08 5.62965e-08 1.5035e-20 9.08907e-20 1.29787e-07 -9.83242e-08 1.86405e-20 -2.57908e-20
852 0.98 290 0 1.40333e-07 -1.95455e-07 2.90118e-21 -3.67709e-20 -2.30551e-08 7.6361e-08 4.7155e-20 8.34424e-20 8.50773e-08 -2.14718e-07 1.57784e-20 -3.05316e-20
852 0.99 290 0 6.42569e-10 -3.302e-07 2.94151e-21 -1.18132e-20 7.22284e-10 8.33232e-08 4.59642e-20 5.83901e-20 -5.34039e-08 -3.46292e-07 4.67104e-20 -6.149e-20
852 1 290 0 -6.51021e-06 -2.38165e-07 -2.16191e-19 -2.12487e-20 8.05973e-11 4.95593e-08 9.86968e-20 3.82037e-20 -6.57049e-06 -2.38295e-07 -1.83033e-21 4.56581e-19
852 1.01 290 0 -2.60114e-07 1.00181e-09 -7.77387e-21 -9.5932e-21 1.08049e-10 8.85877e-08 1.34979e-20 3.0155e-20 -2.90244e-07 8.88804e-10 2.13309e-20 -3.33002e-20
852 1.02 290 0 -2.52444e-07 1.06749e-09 -1.35354e-21 -9.02255e-21 1.81522e-10 1.06768e-07 5.85778e-20 2.8262e-20 -2.6697e-07 9.25436e-10 2.20078e-20 -2.61205e-20
852 1.03 290 0 -2.82714e-07 1.20988e-09 -4.68288e-22 -8.38277e-21 2.7059e-10 1.30637e-07 2.82999e-20 2.6957e-20 -2.79729e-07 1.02596e-09 2.28436e-20 -2.23373e-20
852 1.04 290 0 -3.37197e-07 1.4559e-09 -3.78869e-21 -6.79918e-21 3.97459e-10 1.62645e-07 9.19239e-20 2.52316e-20 -3.12644e-07 1.20695e-09 2.472e-20 -5.64885e-20
852 1.05 290 0 -4.19149e-07 1.88247e-09 4.92137e-21 -7.27124e-21 6.04328e-10 2.06951e-07 4.2565e-20 2.335e-20 -3.66212e-07 1.52204e-09 2.32554e-20 -4.58424e-20
852 1.06 290 0 -5.42265e-07 2.63808e-09 1.56664e-20 -6.43243e-21 9.61851e-10 2.71559e-07 -3.56294e-20 2.66094e-20 -4.49222e-07 2.07916e-09 3.0378e-20 6.40781e-21
852 1.07 290 0 -7.39185e-07 4.15753e-09 -7.61839e-21 1.4499e-23 1.68527e-09 3.73745e-07 7.85015e-20 1.57215e-20 -5.83965e-07 3.18858e-09 2.69951e-20 -8.03888e-20
852 1.08 290 0 -1.09709e-06 7.89438e-09 -2.41247e-20 -1.91548e-20 3.49535e-09 5.58746e-07 5.92597e-20 5.16681e-20 -8.30712e-07 5.88346e-09 5.08793e-20 -3.71376e-20
852 1.09 290 0 -1.93989e-06 2.17575e-08 -1.78281e-20 3.09629e-20 1.03662e-08 9.93958e-07 8.91424e-20 -1.6563e-20 -1.41398e-06 1.57407e-08 3.23317e-20 -7.14013e-20
852 1.1 290 0 -6.28363e-06 2.03795e-07 -2.38974e-19 -1.72463e-19 1.02868e-07 3.23702e-06 5.24184e-19 3.57132e-19 -4.42522e-06 1.43233e-07 3.07166e-19 -5.46178e-19
852 1.11 290 0 6.12128e-06 1.76107e-07 2.28503e-18 4.86388e-19 9.28541e-08 -3.16922e-06 -3.31768e-18 -7.97058e-19 4.17819e-06 1.20471e-07 -5.47469e-19 1.98835e-18
852 1.12 290 0 2.19267e-06 2.08649e-08 8.01272e-20 2.46378e-20 1.13188e-08 -1.14079e-06 -1.39924e-19 -6.15344e-20 1.45449e-06 1.39535e-08 -6.89283e-20 1.64389e-19
852 1.13 290 0 1.38205e-06 7.72531e-09 2.83339e-20 1.23102e-20 4.23426e-09 -7.22512e-07 -5.18421e-20 -3.02357e-20 8.93015e-07 5.09175e-09 -3.5306e-20 9.00145e-20
852 1.14 290 0 1.03178e-06 4.07818e-09 -4.52349e-21 3.05798e-21 2.19234e-09 -5.41976e-07 -9.82266e-21 -1.40629e-20 6.50706e-07 2.6953e-09 -2.12351e-20 5.64684e-20
852 1.15 290 0 8.3618e-07 2.56262e-09 1.6503e-20 1.82675e-21 1.24979e-09 -4.41338e-07 -2.27538e-20 -8.82013e-21 5.15599e-07 1.77652e-09 -1.31988e-20 3.94428e-20
852 1.16 290 0 7.11161e-07 1.78889e-09 1.98182e-20 1.26791e-20 3.55562e-10 -3.77207e-07 -2.10187e-20 -1.98077e-20 4.29351e-07 1.64057e-09 -1.82538e-20 2.79234e-20
852 1.17 290 0 6.24238e-07 1.34447e-09 2.7714e-20 6.38614e-21 1.5975e-09 -3.32347e-07 -2.21774e-20 -1.18683e-20 3.69811e-07 1.51689e-10 -1.38376e-20 1.69697e-20
852 1.18 290 0 5.60196e-07 1.05918e-09 1.57011e-20 6.54721e-21 8.86523e-10 -2.99795e-07 -1.57362e-20 -1.05091e-20 3.25708e-07 4.0908e-10 -1.13851e-20 2.92829e-20
852 1.19 290 0 5.10983e-07 8.68946e-10 1.72407e-20 2.19872e-21 6.69727e-10 -2.74764e-07 -1.51741e-20 -5.11918e-21 2.9197e-07 3.74398e-10 -6.8575e-21 2.27602e-20
852 1.2 290 0 4.71921e-07 7.33793e-10 1.34418e-20 1.71879e-21 5.45017e-10 -2.54957e-07 -1.32032e-20 -4.06119e-21 2.65259e-07 3.26548e-10 -5.10361e-21 3.10295e-20
852 1.21 290 0 4.40117e-07 6.34019e-10 4.20117e-21 9.31568e-22 4.60679e-10 -2.38888e-07 -6.67951e-21 -3.20811e-21 2.43565e-07 2.85311e-10 -4.93288e-21 2.92653e-20
852 1.22 290 0 4.13681e-07 5.58044e-10 1.01414e-20 4.51491e-22 3.99222e-10 -2.25583e-07 -6.59861e-21 -2.76477e-21 2.25576e-07 2.51944e-10 -4.7058e-21 1.23299e-20
852 1.23 290 0 3.9133e-07 4.99385e-10 7.96459e-21 9.93475e-22 3.5222e-10 -2.14378e-07 -6.41113e-21 -2.56389e-21 2.10406e-07 2.26142e-10 -3.82727e-21 2.51346e-20
852 1.24 290 0 3.72156e-07 4.52371e-10 1.13847e-20 8.46171e-22 3.15189e-10 -2.04808e-07 -6.15235e-21 -2.2416e-21 1.97426e-07 2.05139e-10 -3.27847e-21 1.02698e-20
852 1.25 290 0 3.55507e-07 4.14396e-10 1.24895e-20 8.94277e-22 2.85135e-10 -1.96532e-07 -6.1627e-21 -1.91445e-21 1.86185e-07 1.88546e-10 -2.72486e-21 1.09557e-20
852 1.26 290 0 3.40894e-07 3.82761e-10 1.04211e-20 5.08484e-22 2.6034e-10 -1.893e-07 -4.85633e-21 -1.7263e-21 1.76346e-07 1.74679e-10 -2.91557e-21 1.29902e-20
852 1.27 290 0 3.27949e-07 3.56264e-10 8.09326e-21 6.87432e-22 2.39382e-10 -1.82922e-07 -4.46196e-21 -1.50107e-21 1.67654e-07 1.6342e-10 -2.23065e-21 8.88727e-21
852 1.28 290 0 3.16389e-07 3.33824e-10 8.53679e-21 5.14118e-22 2.21205e-10 -1.7725e-07 -4.89282e-21 -1.32704e-21 1.59915e-07 1.54476e-10 -2.05611e-21 1.94974e-20
852 1.29 290 0 3.05989e-07 3.14152e-10 9.78927e-21 5.48966e-22 2.05467e-10 -1.7217e-07 -4.54748e-21 -1.13183e-21 1.52972e-07 1.46562e-10 -1.60882e-21 2.11354e-20
852 1.3 290 0 2.96574e-07 2.97002e-10 8.14458e-21 3.86915e-22 1.91076e-10 -1.67589e-07 -3.49727e-21 -1.08246e-21 1.46706e-07 1.40484e-10 -1.66753e-21 6.27882e-21
852 1.31 290 0 2.88e-07 2.81539e-10 1.09351e-20 3.57442e-22 1.7771e-10 -1.63435e-07 -4.08262e-21 -1.04618e-21 1.41017e-07 1.35519e-10 -1.58516e-21 1.83351e-20
852 1.32 290 0 2.80151e-07 2.67226e-10 7.04127e-21 3.96561e-22 1.62798e-10 -1.59643e-07 -2.90891e-21 -8.50558e-22 1.3583e-07 1.33698e-10 -1.23868e-21 3.56219e-21
852 1.33 290 0 2.72928e-07 2.53689e-10 8.2063e-21 3.38174e-22 1.54872e-10 -1.56174e-07 -3.44085e-21 -7.33729e-22 1.31065e-07 1.2551e-10 -1.0889e-21 1.14467e-20
852 1.34 290 0 2.66255e-07 2.41724e-10 8.69491e-21 2.88382e-22 1.47835e-10 -1.52982e-07 -3.06526e-21 -6.6166e-22 1.26677e-07 1.18343e-10 -1.01095e-21 1.16008e-20
852 1.35 290 0 2.60066e-07 2.31069e-10 6.15076e-21 2.73621e-22 1.41552e-10 -1.50032e-07 -2.72961e-21 -5.9444e-22 1.22619e-07 1.1201e-10 -8.4023e-22 1.31496e-20
852 1.36 290 0 2.54303e-07 2.21517e-10 6.94258e-21 2.29621e-22 1.35915e-10 -1.47296e-07 -2.44931e-21 -4.95154e-22 1.18854e-07 1.06367e-10 -7.81558e-22 9.80367e-21
852 1.37 290 0 2.4892e-07 2.12901e-10 6.23813e-21 2.39948e-22 1.30835e-10 -1.44749e-07 -2.53133e-21 -4.34629e-22 1.15349e-07 1.01301e-10 -6.54279e-22 1.13684e-20
852 1.38 290 0 2.43877e-07 2.05088e-10 5.66707e-21 2.19762e-22 1.26236e-10 -1.42371e-07 -2.48534e-21 -4.19443e-22 1.12075e-07 9.67219e-11 -6.43661e-22 1.17787e-20
852 1.39 290 0 2.39137e-07 1.97967e-10 7.3297e-21 2.03947e-22 1.22057e-10 -1.40143e-07 -2.37265e-21 -4.4934e-22 1.09008e-07 9.25583e-11 -6.57667e-22 1.22242e-20
852 1.4 290 0 2.3467e-07 1.91448e-10 4.46634e-21 1.31043e-22 1.18246e-10 -1.3805e-07 -1.81975e-21 -2.02675e-22 1.06129e-07 8.87513e-11 -3.50954e-22 7.62507e-21
852 1.41 290 0 2.30451e-07 1.85455e-10 6.68517e-21 1.61414e-22 1.14758e-10 -1.36078e-07 -2.09262e-21 -2.73706e-22 1.03418e-07 8.52526e-11 -4.24458e-22 9.664e-21
852 1.42 290 0 2.26455e-07 1.79925e-10 1.08176e-20 1.30465e-22 1.11556e-10 -1.34216e-07 -2.7327e-21 -1.56399e-22 1.0086e-07 8.20216e-11 -2.92621e-22 1.38663e-20
852 1.43 290 0 2.22664e-07 1.74801e-10 9.12184e-21 6.16766e-23 1.08608e-10 -1.32453e-07 -2.00061e-21 -1.2439e-22 9.84414e-08 7.90233e-11 -2.18707e-22 8.54426e-21
852 1.44 290 0 2.19059e-07 1.70038e-10 6.85707e-21 9.72534e-23 1.05887e-10 -1.30781e-07 -1.94507e-21 -1.27e-22 9.61497e-08 7.62262e-11 -2.0657e-22 1.11431e-20
852 1.45 290 0 2.15624e-07 1.65594e-10 8.38216e-21 -2.80852e-24 1.0337e-10 -1.29191e-07 -1.94732e-21 -4.48654e-24 9.39741e-08 7.36026e-11 -1.29032e-23 9.04389e-21
