852 0 220 0 -3.02445e-08 5.7272e-08 6.36014e-08 -2.10654e-08 0 0 0 0 0 0 1.9463e-08 -7.86999e-08
852 0.01 220 0 -3.0238e-08 5.72935e-08 6.35905e-08 -2.10628e-08 1.79837e-10 -1.06631e-09 1.81631e-10 -5.53804e-11 -4.92784e-10 1.32739e-09 1.9448e-08 -7.86994e-08
852 0.02 220 0 -3.02183e-08 5.73579e-08 6.35577e-08 -2.1055e-08 3.58022e-10 -2.1317e-09 3.62661e-10 -1.1057e-10 -9.83832e-10 2.6554e-09 1.94031e-08 -7.86979e-08
852 0.03 220 0 -3.01853e-08 5.74652e-08 6.35031e-08 -2.10419e-08 5.3291e-10 -3.19523e-09 5.42488e-10 -1.65376e-10 -1.4714e-09 3.98464e-09 1.93281e-08 -7.86952e-08
852 0.04 220 0 -3.01386e-08 5.76153e-08 6.34268e-08 -2.10236e-08 7.02855e-10 -4.25596e-09 7.2051e-10 -2.19595e-10 -1.95375e-09 5.31573e-09 1.92232e-08 -7.86913e-08
852 0.05 220 0 -3.0077e-08 5.78086e-08 6.3329e-08 -2.10007e-08 8.6624e-10 -5.31295e-09 8.96131e-10 -2.72944e-10 -2.42912e-09 6.6493e-09 1.90872e-08 -7.86856e-08
852 0.06 220 0 -3.00015e-08 5.80441e-08 6.32098e-08 -2.09715e-08 1.02144e-09 -6.36518e-09 1.06875e-09 -3.25324e-10 -2.89573e-09 7.98582e-09 1.89219e-08 -7.86784e-08
852 0.07 220 0 -2.99106e-08 5.83219e-08 6.30693e-08 -2.09369e-08 1.16688e-09 -7.41165e-09 1.23778e-09 -3.76435e-10 -3.3518e-09 9.32587e-09 1.87264e-08 -7.86692e-08
852 0.08 220 0 -2.98035e-08 5.86419e-08 6.29078e-08 -2.08966e-08 1.30099e-09 -8.45131e-09 1.40262e-09 -4.26005e-10 -3.79553e-09 1.06699e-08 1.85004e-08 -7.86574e-08
852 0.09 220 0 -2.9679e-08 5.90038e-08 6.27257e-08 -2.08505e-08 1.42226e-09 -9.48305e-09 1.56272e-09 -4.7374e-10 -4.22508e-09 1.20185e-08 1.82439e-08 -7.86427e-08
852 0.1 220 0 -2.95364e-08 5.94072e-08 6.25232e-08 -2.07987e-08 1.52916e-09 -1.05058e-08 1.71747e-09 -5.19319e-10 -4.63861e-09 1.33719e-08 1.79568e-08 -7.86245e-08
852 0.11 220 0 -2.93737e-08 5.98514e-08 6.22999e-08 -2.07415e-08 1.62017e-09 -1.15182e-08 1.86639e-09 -5.62295e-10 -5.03424e-09 1.47306e-08 1.76396e-08 -7.86021e-08
852 0.12 220 0 -2.91908e-08 6.03365e-08 6.20576e-08 -2.06776e-08 1.69403e-09 -1.25193e-08 2.00879e-09 -6.02451e-10 -5.41007e-09 1.60948e-08 1.7291e-08 -7.85751e-08
852 0.13 220 0 -2.89847e-08 6.08623e-08 6.17962e-08 -2.06081e-08 1.74932e-09 -1.35075e-08 2.14419e-09 -6.3908e-10 -5.76413e-09 1.74648e-08 1.69103e-08 -7.85423e-08
852 0.14 220 0 -2.87557e-08 6.14272e-08 6.15159e-08 -2.05314e-08 1.78474e-09 -1.44815e-08 2.27205e-09 -6.72063e-10 -6.09449e-09 1.88407e-08 1.64993e-08 -7.85034e-08
852 0.15 220 0 -2.8501e-08 6.20311e-08 6.12173e-08 -2.04482e-08 1.79908e-09 -1.54399e-08 2.39186e-09 -7.00691e-10 -6.39911e-09 2.02224e-08 1.6057e-08 -7.84574e-08
852 0.16 220 0 -2.82182e-08 6.26726e-08 6.09003e-08 -2.0359e-08 1.79112e-09 -1.63812e-08 2.50331e-09 -7.24261e-10 -6.676e-09 2.161e-08 1.55837e-08 -7.84031e-08
852 0.17 220 0 -2.79067e-08 6.33515e-08 6.05667e-08 -2.02622e-08 1.75996e-09 -1.73038e-08 2.60564e-09 -7.42397e-10 -6.92306e-09 2.30034e-08 1.50782e-08 -7.83396e-08
852 0.18 220 0 -2.7563e-08 6.4067e-08 6.02166e-08 -2.01592e-08 1.70453e-09 -1.8206e-08 2.69859e-09 -7.54026e-10 -7.1382e-09 2.44024e-08 1.45402e-08 -7.82655e-08
852 0.19 220 0 -2.71863e-08 6.4817e-08 5.98506e-08 -2.00485e-08 1.62403e-09 -1.90859e-08 2.78172e-09 -7.58868e-10 -7.3193e-09 2.58064e-08 1.3971e-08 -7.81801e-08
852 0.2 220 0 -2.67734e-08 6.56001e-08 5.94683e-08 -1.99313e-08 1.51756e-09 -1.99419e-08 2.8549e-09 -7.5572e-10 -7.46425e-09 2.72149e-08 1.33706e-08 -7.80817e-08
852 0.21 220 0 -2.63242e-08 6.64204e-08 5.90709e-08 -1.98047e-08 1.38407e-09 -2.07715e-08 2.91727e-09 -7.4404e-10 -7.57065e-09 2.86282e-08 1.27374e-08 -7.79693e-08
852 0.22 220 0 -2.58327e-08 6.72665e-08 5.86609e-08 -1.96724e-08 1.22429e-09 -2.15736e-08 2.96913e-09 -7.22628e-10 -7.63662e-09 3.00438e-08 1.20723e-08 -7.78408e-08
852 0.23 220 0 -2.52975e-08 6.81408e-08 5.82369e-08 -1.95335e-08 1.03716e-09 -2.23457e-08 3.01039e-09 -6.90317e-10 -7.65991e-09 3.14614e-08 1.13758e-08 -7.76948e-08
852 0.24 220 0 -2.47164e-08 6.90422e-08 5.78012e-08 -1.93876e-08 8.226e-10 -2.30857e-08 3.04048e-09 -6.4606e-10 -7.63816e-09 3.28804e-08 1.0646e-08 -7.75294e-08
852 0.25 220 0 -2.40876e-08 6.99675e-08 5.73538e-08 -1.92338e-08 5.80712e-10 -2.37912e-08 3.05956e-09 -5.89098e-10 -7.56928e-09 3.42987e-08 9.88531e-09 -7.73434e-08
852 0.26 220 0 -2.34065e-08 7.09143e-08 5.68946e-08 -1.90745e-08 3.11389e-10 -2.44603e-08 3.06804e-09 -5.17356e-10 -7.45107e-09 3.57154e-08 9.0928e-09 -7.7134e-08
852 0.27 220 0 -2.2673e-08 7.18801e-08 5.64259e-08 -1.8907e-08 1.53871e-11 -2.50902e-08 3.06548e-09 -4.30591e-10 -7.28137e-09 3.71282e-08 8.26949e-09 -7.69002e-08
852 0.28 220 0 -2.18822e-08 7.28612e-08 5.59472e-08 -1.87335e-08 -3.06889e-10 -2.56788e-08 3.05276e-09 -3.26622e-10 -7.05804e-09 3.85354e-08 7.41565e-09 -7.66392e-08
852 0.29 220 0 -2.10319e-08 7.38554e-08 5.54606e-08 -1.85538e-08 -6.54365e-10 -2.62236e-08 3.02987e-09 -2.04088e-10 -6.7789e-09 3.99351e-08 6.5301e-09 -7.63486e-08
852 0.3 220 0 -2.01205e-08 7.48581e-08 5.49661e-08 -1.83674e-08 -1.026e-09 -2.67221e-08 2.99744e-09 -6.19703e-11 -6.44211e-09 4.13244e-08 5.6156e-09 -7.60267e-08
852 0.31 220 0 -1.91436e-08 7.58654e-08 5.44634e-08 -1.81767e-08 -1.42084e-09 -2.71722e-08 2.95667e-09 1.02255e-10 -6.04564e-09 4.2701e-08 4.67185e-09 -7.56703e-08
852 0.32 220 0 -1.81004e-08 7.68729e-08 5.39543e-08 -1.79803e-08 -1.83682e-09 -2.75711e-08 2.90802e-09 2.8924e-10 -5.58782e-09 4.40616e-08 3.70076e-09 -7.52775e-08
852 0.33 220 0 -1.69873e-08 7.78768e-08 5.34402e-08 -1.77792e-08 -2.27191e-09 -2.79165e-08 2.85241e-09 5.01188e-10 -5.06661e-09 4.54035e-08 2.70106e-09 -7.48449e-08
852 0.34 220 0 -1.58022e-08 7.8871e-08 5.29198e-08 -1.75747e-08 -2.72425e-09 -2.82063e-08 2.79174e-09 7.39862e-10 -4.48082e-09 4.67229e-08 1.67588e-09 -7.437e-08
852 0.35 220 0 -1.45448e-08 7.98508e-08 5.23955e-08 -1.73655e-08 -3.19098e-09 -2.84379e-08 2.72656e-09 1.00602e-09 -3.82901e-09 4.8016e-08 6.26741e-10 -7.38507e-08
852 0.36 220 0 -1.32109e-08 8.08098e-08 5.18659e-08 -1.71549e-08 -3.6698e-09 -2.86097e-08 2.65966e-09 1.30266e-09 -3.10991e-09 4.92791e-08 -4.45631e-10 -7.32825e-08
852 0.37 220 0 -1.18014e-08 8.17425e-08 5.1333e-08 -1.6941e-08 -4.15694e-09 -2.87193e-08 2.59196e-09 1.63009e-09 -2.32281e-09 5.05076e-08 -1.53859e-09 -7.26639e-08
852 0.38 220 0 -1.03125e-08 8.2642e-08 5.07953e-08 -1.67271e-08 -4.64956e-09 -2.87653e-08 2.52678e-09 1.99126e-09 -1.46672e-09 5.16973e-08 -2.65087e-09 -7.19903e-08
852 0.39 220 0 -8.74547e-09 8.35061e-08 5.02533e-08 -1.65101e-08 -5.14444e-09 -2.87446e-08 2.46562e-09 2.38663e-09 -5.40799e-10 5.28443e-08 -3.77942e-09 -7.12598e-08
852 0.4 220 0 -7.09841e-09 8.43183e-08 4.9708e-08 -1.62961e-08 -5.63587e-09 -2.86587e-08 2.41218e-09 2.81835e-09 4.53729e-10 5.39415e-08 -4.92205e-09 -7.04679e-08
852 0.41 220 0 -5.3733e-09 8.50759e-08 4.91595e-08 -1.60822e-08 -6.11983e-09 -2.85049e-08 2.36845e-09 3.28662e-09 1.51692e-09 5.49841e-08 -6.07517e-09 -6.96127e-08
852 0.42 220 0 -3.56865e-09 8.57701e-08 4.86057e-08 -1.58716e-08 -6.59259e-09 -2.82834e-08 2.33914e-09 3.79389e-09 2.6484e-09 5.59674e-08 -7.2361e-09 -6.86894e-08
852 0.43 220 0 -1.68252e-09 8.6399e-08 4.8051e-08 -1.56487e-08 -7.04764e-09 -2.79845e-08 2.32583e-09 4.33768e-09 3.85065e-09 5.68804e-08 -8.39998e-09 -6.76832e-08
852 0.44 220 0 2.83603e-10 8.69525e-08 4.74948e-08 -1.54209e-08 -7.47981e-09 -2.76117e-08 2.33199e-09 4.91995e-09 5.12121e-09 5.77195e-08 -9.56303e-09 -6.6597e-08
852 0.45 220 0 2.32017e-09 8.74132e-08 4.69306e-08 -1.5207e-08 -7.88499e-09 -2.71766e-08 2.36437e-09 5.54365e-09 6.45244e-09 5.84833e-08 -1.07209e-08 -6.54412e-08
852 0.46 220 0 4.42671e-09 8.77755e-08 4.636e-08 -1.49996e-08 -8.25669e-09 -2.66757e-08 2.4263e-09 6.20768e-09 7.84398e-09 5.91633e-08 -1.18693e-08 -6.42065e-08
852 0.47 220 0 6.60038e-09 8.80306e-08 4.57808e-08 -1.47976e-08 -8.5899e-09 -2.61099e-08 2.52328e-09 6.9116e-09 9.2931e-09 5.97527e-08 -1.30019e-08 -6.28883e-08
852 0.48 220 0 8.83553e-09 8.81666e-08 4.51914e-08 -1.46035e-08 -8.87863e-09 -2.54836e-08 2.66121e-09 7.6546e-09 1.07954e-08 6.0245e-08 -1.41138e-08 -6.14837e-08
852 0.49 220 0 1.11265e-08 8.81728e-08 4.459e-08 -1.44161e-08 -9.11734e-09 -2.47995e-08 2.84585e-09 8.43494e-09 1.2347e-08 6.06323e-08 -1.51989e-08 -5.99885e-08
852 0.5 220 0 1.34665e-08 8.80435e-08 4.39751e-08 -1.42339e-08 -9.30038e-09 -2.40595e-08 3.08167e-09 9.25065e-09 1.39422e-08 6.09091e-08 -1.62494e-08 -5.84023e-08
852 0.51 220 0 1.58473e-08 8.77747e-08 4.3346e-08 -1.40528e-08 -9.42239e-09 -2.32651e-08 3.37223e-09 1.00985e-08 1.55765e-08 6.10702e-08 -1.72585e-08 -5.67233e-08
852 0.52 220 0 1.82607e-08 8.73474e-08 4.27005e-08 -1.38775e-08 -9.47689e-09 -2.24261e-08 3.72514e-09 1.09758e-08 1.72412e-08 6.11072e-08 -1.82185e-08 -5.49484e-08
852 0.53 220 0 2.06959e-08 8.67584e-08 4.20357e-08 -1.37053e-08 -9.45992e-09 -2.15467e-08 4.14481e-09 1.18785e-08 1.89292e-08 6.10164e-08 -1.91196e-08 -5.30784e-08
852 0.54 220 0 2.31446e-08 8.59969e-08 4.13505e-08 -1.35317e-08 -9.36594e-09 -2.06317e-08 4.63784e-09 1.28015e-08 2.06343e-08 6.07888e-08 -1.99552e-08 -5.11085e-08
852 0.55 220 0 2.55931e-08 8.50563e-08 4.06414e-08 -1.33573e-08 -9.19212e-09 -1.969e-08 5.20922e-09 1.37395e-08 2.2346e-08 6.0422e-08 -2.0713e-08 -4.90416e-08
852 0.56 220 0 2.80298e-08 8.39276e-08 3.99083e-08 -1.31761e-08 -8.93326e-09 -1.87268e-08 5.86373e-09 1.46856e-08 2.40566e-08 5.99072e-08 -2.13859e-08 -4.68741e-08
852 0.57 220 0 3.04395e-08 8.26049e-08 3.91481e-08 -1.29873e-08 -8.58739e-09 -1.77525e-08 6.60602e-09 1.56328e-08 2.57543e-08 5.92424e-08 -2.19606e-08 -4.46095e-08
852 0.58 220 0 3.28087e-08 8.10788e-08 3.83595e-08 -1.27845e-08 -8.15181e-09 -1.67745e-08 7.44199e-09 1.65724e-08 2.74293e-08 5.84196e-08 -2.24279e-08 -4.22464e-08
852 0.59 220 0 3.51197e-08 7.93462e-08 3.75417e-08 -1.2565e-08 -7.62514e-09 -1.58029e-08 8.37323e-09 1.74953e-08 2.90686e-08 5.74376e-08 -2.27739e-08 -3.97887e-08
852 0.6 220 0 3.73572e-08 7.74026e-08 3.66939e-08 -1.2319e-08 -7.00686e-09 -1.48435e-08 9.40407e-09 1.8391e-08 3.06621e-08 5.62898e-08 -2.29881e-08 -3.72375e-08
852 0.61 220 0 3.94996e-08 7.52373e-08 3.58151e-08 -1.20473e-08 -6.29802e-09 -1.39137e-08 1.05367e-08 1.92487e-08 3.21919e-08 5.49746e-08 -2.30549e-08 -3.45976e-08
852 0.62 220 0 4.15287e-08 7.28489e-08 3.49079e-08 -1.17381e-08 -5.49818e-09 -1.30183e-08 1.17716e-08 2.00557e-08 3.36465e-08 5.34855e-08 -2.29631e-08 -3.18716e-08
852 0.63 220 0 4.3423e-08 7.02342e-08 3.39724e-08 -1.13853e-08 -4.6117e-09 -1.21697e-08 1.31094e-08 2.07989e-08 3.50092e-08 5.18222e-08 -2.26967e-08 -2.90669e-08
852 0.64 220 0 4.51597e-08 6.73924e-08 3.30117e-08 -1.09815e-08 -3.64231e-09 -1.13787e-08 1.45478e-08 2.14643e-08 3.6263e-08 4.99838e-08 -2.22388e-08 -2.61904e-08
852 0.65 220 0 4.67148e-08 6.43201e-08 3.20308e-08 -1.05157e-08 -2.59361e-09 -1.06535e-08 1.60835e-08 2.20369e-08 3.73909e-08 4.79648e-08 -2.1576e-08 -2.32494e-08
852 0.66 220 0 4.8062e-08 6.10177e-08 3.10354e-08 -9.97974e-09 -1.47209e-09 -1.00052e-08 1.77112e-08 2.2501e-08 3.83728e-08 4.57659e-08 -2.06902e-08 -2.02543e-08
852 0.67 220 0 4.91734e-08 5.74857e-08 3.00328e-08 -9.36337e-09 -2.85801e-10 -9.44392e-09 1.94239e-08 2.28395e-08 3.91873e-08 4.33865e-08 -1.95637e-08 -1.72173e-08
852 0.68 220 0 5.00197e-08 5.37294e-08 2.90331e-08 -8.65395e-09 9.57853e-10 -8.97349e-09 2.12116e-08 2.30352e-08 3.98136e-08 4.08258e-08 -1.81784e-08 -1.41505e-08
852 0.69 220 0 5.05542e-08 4.97348e-08 2.80166e-08 -7.8661e-09 2.22775e-09 -8.60235e-09 2.30811e-08 2.30801e-08 4.0222e-08 3.80815e-08 -1.65169e-08 -1.10571e-08
852 0.7 220 0 5.07603e-08 4.55307e-08 2.70417e-08 -6.9701e-09 3.54599e-09 -8.3476e-09 2.49858e-08 2.29572e-08 4.03857e-08 3.51625e-08 -1.45521e-08 -7.97855e-09
852 0.71 220 0 5.05937e-08 4.11186e-08 2.61137e-08 -5.9587e-09 4.88888e-09 -8.21324e-09 2.69174e-08 2.26455e-08 4.02742e-08 3.20718e-08 -1.22647e-08 -4.92953e-09
852 0.72 220 0 5.00102e-08 3.65061e-08 2.52604e-08 -4.81566e-09 6.24804e-09 -8.20225e-09 2.88492e-08 2.21235e-08 3.98522e-08 2.88095e-08 -9.63499e-09 -1.93747e-09
852 0.73 220 0 4.89613e-08 3.1707e-08 2.45027e-08 -3.54314e-09 7.60557e-09 -8.32126e-09 3.07555e-08 2.13822e-08 3.90797e-08 2.53854e-08 -6.63984e-09 9.68425e-10
852 0.74 220 0 4.73943e-08 2.67395e-08 2.38784e-08 -2.12799e-09 8.95175e-09 -8.56903e-09 3.25994e-08 2.04023e-08 3.79119e-08 2.18066e-08 -3.25599e-09 3.75041e-09
852 0.75 220 0 4.5245e-08 2.16212e-08 2.34192e-08 -5.81476e-10 1.02651e-08 -8.95561e-09 3.43424e-08 1.91804e-08 3.62943e-08 1.80895e-08 5.38626e-10 6.36696e-09
852 0.76 220 0 4.2445e-08 1.63826e-08 2.31726e-08 1.09697e-09 1.15329e-08 -9.47761e-09 3.59354e-08 1.77072e-08 3.41671e-08 1.42512e-08 4.76577e-09 8.76655e-09
852 0.77 220 0 3.89168e-08 1.10649e-08 2.31873e-08 2.88902e-09 1.27396e-08 -1.01344e-08 3.73236e-08 1.59898e-08 3.14627e-08 1.03202e-08 9.44286e-09 1.08899e-08
852 0.78 220 0 3.45716e-08 5.71547e-09 2.35224e-08 4.77423e-09 1.38683e-08 -1.09229e-08 3.84429e-08 1.40352e-08 2.81004e-08 6.33128e-09 1.45884e-08 1.26663e-08
852 0.79 220 0 2.93122e-08 4.03902e-10 2.42409e-08 6.70996e-09 1.49051e-08 -1.18386e-08 3.92223e-08 1.18733e-08 2.39911e-08 2.33593e-09 2.0212e-08 1.40137e-08
852 0.8 220 0 2.30283e-08 -4.78165e-09 2.54124e-08 8.64243e-09 1.5836e-08 -1.28745e-08 3.95837e-08 9.54257e-09 1.90312e-08 -1.59805e-09 2.6317e-08 1.48356e-08
852 0.81 220 0 1.55918e-08 -9.73197e-09 2.71065e-08 1.04867e-08 1.66386e-08 -1.40295e-08 3.94421e-08 7.10805e-09 1.31003e-08 -5.3773e-09 3.28931e-08 1.502e-08
852 0.82 220 0 6.87459e-09 -1.42891e-08 2.93951e-08 1.21346e-08 1.73147e-08 -1.52866e-08 3.87123e-08 4.66491e-09 6.07195e-09 -8.87967e-09 3.99096e-08 1.4438e-08
852 0.83 220 0 -3.29652e-09 -1.82809e-08 3.23323e-08 1.34267e-08 1.77915e-08 -1.6669e-08 3.73086e-08 2.33687e-09 -2.21706e-09 -1.19306e-08 4.73217e-08 1.2947e-08
852 0.84 220 0 -1.50548e-08 -2.1429e-08 3.59632e-08 1.41652e-08 1.80825e-08 -1.81468e-08 3.51613e-08 3.16424e-10 -1.19027e-08 -1.43058e-08 5.50347e-08 1.03857e-08
852 0.85 220 0 -2.85426e-08 -2.33991e-08 4.02909e-08 1.40989e-08 1.81781e-08 -1.97066e-08 3.2234e-08 -1.15857e-09 -2.31344e-08 -1.57125e-08 6.29161e-08 6.58379e-09
852 0.86 220 0 -4.38922e-08 -2.37751e-08 4.52513e-08 1.29119e-08 1.80519e-08 -2.13437e-08 2.8545e-08 -1.7861e-09 -3.60552e-08 -1.577e-08 7.07765e-08 1.3695e-09
852 0.87 220 0 -6.11948e-08 -2.20245e-08 5.06811e-08 1.02369e-08 1.76891e-08 -2.30486e-08 2.4208e-08 -1.20244e-09 -5.07773e-08 -1.39922e-08 7.83565e-08 -5.41556e-09
852 0.88 220 0 -8.04832e-08 -1.74901e-08 5.62675e-08 5.66361e-09 1.70677e-08 -2.48177e-08 1.94775e-08 1.00833e-09 -6.73629e-08 -9.7664e-09 8.53173e-08 -1.38937e-08
852 0.89 220 0 -1.017e-07 -9.36715e-09 6.14892e-08 -1.22087e-09 1.61595e-08 -2.66528e-08 1.48126e-08 5.27821e-09 -8.57935e-08 -2.33124e-09 9.12348e-08 -2.41193e-08
852 0.9 220 0 -1.24668e-07 3.32384e-09 6.55509e-08 -1.07575e-08 1.49301e-08 -2.85631e-08 1.09481e-08 1.19849e-08 -1.05937e-07 9.24954e-09 9.56085e-08 -3.60391e-08
852 0.91 220 0 -1.49068e-07 2.17681e-08 6.73156e-08 -2.30964e-08 1.33073e-08 -3.05707e-08 8.96501e-09 2.13301e-08 -1.27518e-07 2.61295e-08 9.78846e-08 -4.94484e-08
852 0.92 220 0 -1.74414e-07 4.74717e-08 6.52622e-08 -3.79848e-08 1.11963e-08 -3.27102e-08 1.03523e-08 3.3125e-08 -1.50092e-07 4.97695e-08 9.75038e-08 -6.39535e-08
852 0.93 220 0 -2.0005e-07 8.24919e-08 5.74761e-08 -5.44601e-08 8.42487e-09 -3.50351e-08 1.7019e-08 4.64634e-08 -1.7302e-07 8.21582e-08 9.39672e-08 -7.89518e-08
852 0.94 220 0 -2.25066e-07 1.30047e-07 4.17293e-08 -7.03237e-08 4.68669e-09 -3.76166e-08 3.12202e-08 5.91601e-08 -1.95379e-07 1.26362e-07 8.69055e-08 -9.36463e-08
852 0.95 220 0 -2.47841e-07 1.96005e-07 1.57753e-08 -8.11495e-08 -6.32123e-10 -4.05134e-08 5.52326e-08 6.6688e-08 -2.15516e-07 1.87895e-07 7.61157e-08 -1.0709e-07
852 0.96 220 0 -2.63762e-07 2.92833e-07 -2.14267e-08 -7.79222e-08 -8.82364e-09 -4.36384e-08 9.00224e-08 5.96653e-08 -2.28896e-07 2.78327e-07 6.14939e-08 -1.18215e-07
852 0.97 220 0 -2.53279e-07 4.49965e-07 -6.3303e-08 -4.0958e-08 -2.30414e-08 -4.58723e-08 1.28316e-07 1.74577e-08 -2.1693e-07 4.2479e-07 4.27212e-08 -1.25592e-07
852 0.98 220 0 -1.07098e-07 7.23956e-07 -5.36703e-08 6.59896e-08 -5.06762e-08 -3.85668e-08 1.09795e-07 -9.76182e-08 -7.74766e-08 6.78734e-07 1.88982e-08 -1.25321e-07
852 0.99 220 0 5.76395e-07 7.69018e-07 2.21084e-07 3.78814e-08 -6.89738e-08 2.10929e-08 -1.91342e-07 -6.54593e-08 5.59636e-07 7.15699e-07 8.6602e-10 -1.05222e-07
852 1 220 0 5.3241e-07 1.81279e-09 -6.27104e-06 -2.37909e-07 -1.01186e-10 3.3713e-08 6.31011e-06 2.37863e-07 5.20942e-07 1.67973e-09 -3.73433e-11 -1.07981e-07
852 1.01 220 0 2.94338e-07 6.5453e-10 -5.84734e-08 5.42687e-10 3.22042e-12 1.14399e-08 1.02508e-07 -5.74166e-10 2.9567e-07 5.98762e-10 -5.78379e-11 -8.94441e-08
852 1.02 220 0 2.15793e-07 3.95765e-10 -3.43943e-08 3.65883e-10 1.56029e-11 7.00865e-09 8.10719e-08 -3.87009e-10 2.23008e-07 3.57645e-10 -5.10879e-11 -8.45098e-08
852 1.03 220 0 1.71913e-07 2.82417e-10 -2.57947e-08 2.82761e-10 1.95296e-11 5.47742e-09 7.38179e-08 -2.99254e-10 1.82846e-07 2.52026e-10 -4.79083e-11 -8.1078e-08
852 1.04 220 0 1.42974e-07 2.20045e-10 -2.175e-08 2.34126e-10 2.17078e-11 5.15865e-09 7.05371e-08 -2.48061e-10 1.56754e-07 1.93467e-10 -4.61721e-11 -7.85506e-08
852 1.05 220 0 1.22016e-07 1.81515e-10 -1.97473e-08 2.02512e-10 2.31968e-11 5.49864e-09 6.89834e-08 -2.14877e-10 1.38224e-07 1.56991e-10 -4.52235e-11 -7.66549e-08
852 1.06 220 0 1.05857e-07 1.55815e-10 -1.88893e-08 1.80788e-10 2.54659e-11 6.26061e-09 6.83855e-08 -1.91938e-10 1.24284e-07 1.31618e-10 -4.50634e-11 -7.52378e-08
852 1.07 220 0 9.28044e-08 1.38199e-10 -1.87762e-08 1.64934e-10 2.66351e-11 7.33527e-09 6.84108e-08 -1.75413e-10 1.13361e-07 1.14408e-10 -4.48789e-11 -7.4205e-08
852 1.08 220 0 8.18676e-08 1.25579e-10 -1.9204e-08 1.5324e-10 2.79097e-11 8.66272e-09 6.88959e-08 -1.63283e-10 1.04536e-07 1.01703e-10 -4.50294e-11 -7.34956e-08
852 1.09 220 0 7.24204e-08 1.16635e-10 -2.00613e-08 1.44967e-10 3.03e-11 1.0214e-08 6.97558e-08 -1.54564e-10 9.72315e-08 9.1503e-11 -4.57718e-11 -7.30701e-08
852 1.1 220 0 6.40407e-08 1.10064e-10 -2.12883e-08 1.38547e-10 3.18471e-11 1.19823e-08 7.09473e-08 -1.47993e-10 9.10709e-08 8.4149e-11 -4.64264e-11 -7.29038e-08
852 1.11 220 0 5.64314e-08 1.0546e-10 -2.28532e-08 1.33967e-10 3.36864e-11 1.3968e-08 7.24515e-08 -1.43385e-10 8.57916e-08 7.83558e-11 -4.73821e-11 -7.29827e-08
852 1.12 220 0 4.93723e-08 1.02813e-10 -2.47438e-08 1.31593e-10 3.68674e-11 1.61803e-08 7.42657e-08 -1.40892e-10 8.12067e-08 7.33008e-11 -4.90465e-11 -7.33008e-08
852 1.13 220 0 4.2689e-08 1.01136e-10 -2.69659e-08 1.30003e-10 3.93537e-11 1.86423e-08 7.64026e-08 -1.39431e-10 7.71815e-08 6.9701e-11 -5.06583e-11 -7.38611e-08
852 1.14 220 0 3.62401e-08 1.0071e-10 -2.95356e-08 1.29775e-10 4.23683e-11 2.13798e-08 7.88848e-08 -1.39419e-10 7.36131e-08 6.68157e-11 -5.27191e-11 -7.46728e-08
852 1.15 220 0 2.99026e-08 1.02061e-10 -3.24817e-08 1.31561e-10 4.70156e-11 2.44281e-08 8.1747e-08 -1.41352e-10 7.04232e-08 6.41999e-11 -5.56516e-11 -7.57526e-08
852 1.16 220 0 2.35597e-08 1.04061e-10 -3.58489e-08 1.34007e-10 5.13012e-11 2.78376e-08 8.50385e-08 -1.44182e-10 6.75516e-08 6.24862e-11 -5.87446e-11 -7.71266e-08
852 1.17 220 0 1.70994e-08 1.08213e-10 -3.96941e-08 1.38908e-10 5.77449e-11 3.16663e-08 8.88224e-08 -1.4944e-10 6.49498e-08 6.09034e-11 -6.3092e-11 -7.88293e-08
852 1.18 220 0 1.04003e-08 1.13076e-10 -4.40969e-08 1.44678e-10 6.40403e-11 3.59945e-08 9.31837e-08 -1.55803e-10 6.25802e-08 6.01389e-11 -6.77896e-11 -8.0909e-08
852 1.19 220 0 3.32839e-09 1.19732e-10 -4.91605e-08 1.52479e-10 7.17818e-11 4.09226e-08 9.82327e-08 -1.64347e-10 6.04117e-08 5.97726e-11 -7.35964e-11 -8.34297e-08
852 1.2 220 0 -4.27322e-09 1.29763e-10 -5.50201e-08 1.64115e-10 8.29946e-11 4.65804e-08 1.04113e-07 -1.76761e-10 5.84188e-08 5.95151e-11 -8.1538e-11 -8.64757e-08
852 1.21 220 0 -1.2604e-08 1.41677e-10 -6.18625e-08 1.77967e-10 9.53813e-11 5.31473e-08 1.11022e-07 -1.91745e-10 5.65819e-08 5.99842e-11 -9.0793e-11 -9.01635e-08
852 1.22 220 0 -2.1916e-08 1.58904e-10 -6.99363e-08 1.9779e-10 1.13126e-10 6.08588e-08 1.19222e-07 -2.12869e-10 5.48841e-08 6.06671e-11 -1.03528e-10 -9.465e-08
852 1.23 220 0 -3.25557e-08 1.8003e-10 -7.95955e-08 2.22139e-10 1.34038e-10 7.00509e-08 1.29086e-07 -2.39022e-10 5.33128e-08 6.21978e-11 -1.19028e-10 -1.00158e-07
852 1.24 220 0 -4.50019e-08 2.11068e-10 -9.13402e-08 2.57563e-10 1.64896e-10 8.11953e-08 1.4114e-07 -2.76718e-10 5.18574e-08 6.40916e-11 -1.41202e-10 -1.07004e-07
852 1.25 220 0 -5.9965e-08 2.51582e-10 -1.05923e-07 3.03805e-10 2.04391e-10 9.5003e-08 1.56175e-07 -3.26117e-10 5.05122e-08 6.71443e-11 -1.70056e-10 -1.15663e-07
852 1.26 220 0 -7.853e-08 3.1037e-10 -1.24501e-07 3.70574e-10 2.61664e-10 1.12566e-07 1.75411e-07 -3.97287e-10 4.92738e-08 7.13116e-11 -2.11565e-10 -1.26869e-07
852 1.27 220 0 -1.02466e-07 4.03176e-10 -1.48976e-07 4.75059e-10 3.52677e-10 1.35674e-07 2.00846e-07 -5.08152e-10 4.81451e-08 7.68275e-11 -2.76282e-10 -1.41825e-07
852 1.28 220 0 -1.34884e-07 5.48262e-10 -1.82695e-07 6.37841e-10 4.94746e-10 1.67483e-07 2.35999e-07 -6.8096e-10 4.71386e-08 8.50304e-11 -3.77365e-10 -1.62654e-07
852 1.29 220 0 -1.81776e-07 8.12958e-10 -2.32118e-07 9.32509e-10 7.55831e-10 2.14078e-07 2.87665e-07 -9.92839e-10 4.62848e-08 9.69055e-11 -5.60452e-10 -1.9345e-07
852 1.3 220 0 -2.56458e-07 1.34109e-09 -3.11613e-07 1.51729e-09 1.27881e-09 2.88996e-07 3.70951e-07 -1.61133e-09 4.56615e-08 1.16287e-10 -9.25221e-10 -2.43321e-07
852 1.31 220 0 -3.95545e-07 2.72368e-09 -4.60698e-07 3.03683e-09 2.65811e-09 4.29461e-07 5.2741e-07 -3.2151e-09 4.54908e-08 1.50726e-10 -1.87619e-09 -3.37318e-07
852 1.32 220 0 -7.50021e-07 8.51363e-09 -8.42349e-07 9.35482e-09 8.47568e-09 7.88999e-07 9.28408e-07 -9.87264e-09 4.6706e-08 2.2747e-10 -5.84802e-09 -5.78756e-07
852 1.33 220 0 -3.61708e-06 1.73356e-07 -3.9362e-06 1.8775e-07 1.75479e-07 3.70353e-06 4.18118e-06 -1.97507e-07 6.35345e-08 2.10274e-10 -1.18599e-07 -2.53951e-06
852 1.34 220 0 1.48853e-06 2.61847e-08 1.57599e-06 2.79567e-08 2.6878e-08 -1.489e-06 -1.61508e-06 -2.93157e-08 3.09325e-08 -5.67578e-10 -1.7825e-08 9.55326e-07
852 1.35 220 0 6.53522e-07 4.52346e-09 6.75422e-07 4.76065e-09 4.69559e-09 -6.40683e-07 -6.68425e-07 -4.97566e-09 3.52728e-08 -1.87869e-10 -3.05935e-09 3.84884e-07
852 1.36 220 0 4.3189e-07 1.80313e-09 4.36966e-07 1.87167e-09 1.88737e-09 -4.16055e-07 -4.17991e-07 -1.95027e-09 3.58251e-08 -1.04479e-10 -1.21094e-09 2.34185e-07
852 1.37 220 0 3.28972e-07 9.57207e-10 3.26623e-07 9.79892e-10 1.00784e-09 -3.12109e-07 -3.02266e-07 -1.01801e-09 3.5671e-08 -6.83017e-11 -6.37323e-10 1.64695e-07
852 1.38 220 0 2.6934e-07 5.95631e-10 2.62969e-07 6.01977e-10 6.29008e-10 -2.52145e-07 -2.35633e-07 -6.23925e-10 3.52783e-08 -4.82353e-11 -3.93302e-10 1.24795e-07
852 1.39 220 0 2.303e-07 4.07469e-10 2.21509e-07 4.06811e-10 4.30456e-10 -2.13091e-07 -1.92337e-07 -4.2088e-10 3.4786e-08 -3.54615e-11 -2.66671e-10 9.89592e-08
852 1.4 220 0 2.0267e-07 2.95468e-10 1.92333e-07 2.91309e-10 3.11446e-10 -1.85611e-07 -1.61957e-07 -3.01016e-10 3.42494e-08 -2.6487e-11 -1.91342e-10 8.09035e-08
852 1.41 220 0 1.82026e-07 2.25649e-10 1.70668e-07 2.20056e-10 2.36643e-10 -1.65207e-07 -1.39474e-07 -2.27383e-10 3.36945e-08 -1.99104e-11 -1.44747e-10 6.76026e-08
852 1.42 220 0 1.65971e-07 1.78684e-10 1.53929e-07 1.72483e-10 1.85883e-10 -1.49446e-07 -1.22169e-07 -1.78452e-10 3.31345e-08 -1.478e-11 -1.13529e-10 5.74182e-08
852 1.43 220 0 1.53095e-07 1.45481e-10 1.40595e-07 1.391e-10 1.49647e-10 -1.36893e-07 -1.08443e-07 -1.44323e-10 3.25768e-08 -1.06042e-11 -9.15195e-11 4.93857e-08
852 1.44 220 0 1.42513e-07 1.2063e-10 1.29712e-07 1.14175e-10 1.22131e-10 -1.26651e-07 -9.72935e-08 -1.19098e-10 3.20256e-08 -6.91417e-12 -7.50151e-11 4.29014e-08
852 1.45 220 0 1.33643e-07 1.02353e-10 1.20654e-07 9.60831e-11 1.01535e-10 -1.18129e-07 -8.80608e-08 -1.01055e-10 3.14833e-08 -3.6938e-12 -6.30337e-11 3.75677e-08
852 1.46 220 0 1.26084e-07 8.82394e-11 1.12988e-07 8.22086e-11 8.5216e-11 -1.10922e-07 -8.02919e-08 -8.75239e-11 3.0951e-08 -6.47427e-13 -5.38235e-11 3.31118e-08
852 1.47 220 0 1.19552e-07 7.70908e-11 1.06412e-07 7.13248e-11 7.18281e-11 -1.04741e-07 -7.36659e-08 -7.72869e-11 3.04294e-08 2.40619e-12 -4.65716e-11 2.93405e-08
852 1.48 220 0 1.13842e-07 6.81308e-11 1.00702e-07 6.26338e-11 6.03871e-11 -9.93786e-08 -6.79495e-08 -6.96337e-11 2.99186e-08 5.72084e-12 -4.07712e-11 2.61133e-08
852 1.49 220 0 1.08798e-07 6.0649e-11 9.56937e-08 5.5352e-11 4.97532e-11 -9.46788e-08 -6.29682e-08 -6.40323e-11 2.9418e-08 9.82304e-12 -3.58867e-11 2.33255e-08
852 1.5 220 0 1.04303e-07 5.46251e-11 9.12607e-08 4.95884e-11 3.96103e-11 -9.05241e-08 -5.85889e-08 -6.08353e-11 2.89263e-08 1.50663e-11 -3.20332e-11 2.08975e-08
852 1.51 220 0 1.00267e-07 4.95744e-11 8.73058e-08 4.47879e-11 2.80909e-11 -8.68248e-08 -5.47075e-08 -6.04834e-11 2.84406e-08 2.3129e-11 -2.88271e-11 1.87675e-08
852 1.52 220 0 9.66163e-08 4.52989e-11 8.37523e-08 4.07407e-11 1.11767e-11 -8.35159e-08 -5.1238e-08 -6.56455e-11 2.79523e-08 3.86364e-11 -2.61212e-11 1.68873e-08
852 1.53 220 0 9.32948e-08 4.16478e-11 8.05393e-08 3.7303e-11 -3.14085e-11 -8.0576e-08 -4.80885e-08 -9.14558e-11 2.74169e-08 8.59344e-11 -2.38282e-11 1.52182e-08
852 1.54 220 0 9.0256e-08 3.91022e-11 7.76175e-08 3.47434e-11 5.45757e-10 -7.47634e-08 -4.76353e-08 3.5178e-10 3.0701e-08 -6.14583e-10 -2.18321e-11 1.37295e-08
852 1.55 220 0 8.74616e-08 3.58371e-11 7.49465e-08 3.1842e-11 1.00004e-10 -7.50729e-08 -4.29727e-08 1.87781e-11 2.68735e-08 -7.96754e-11 -2.01303e-11 1.23947e-08
852 1.56 220 0 8.48809e-08 3.3455e-11 7.24936e-08 2.9623e-11 6.68078e-11 -7.2842e-08 -4.06244e-08 -2.20446e-12 2.63792e-08 -4.22392e-11 -1.86553e-11 1.11941e-08
852 1.57 220 0 8.24875e-08 3.13846e-11 7.02311e-08 2.7727e-11 5.37403e-11 -7.07493e-08 -3.85062e-08 -8.48543e-12 2.59445e-08 -2.87884e-11 -1.73876e-11 1.01099e-08
852 1.58 220 0 8.02596e-08 2.95305e-11 6.8136e-08 2.60038e-11 4.62763e-11 -6.88038e-08 -3.65707e-08 -1.08648e-11 2.55323e-08 -2.18577e-11 -1.624e-11 9.12765e-09
852 1.59 220 0 7.81788e-08 2.78842e-11 6.61889e-08 2.44739e-11 4.11633e-11 -6.69934e-08 -3.47925e-08 -1.18279e-11 2.51344e-08 -1.75268e-11 -1.52195e-11 8.23514e-09
852 1.6 220 0 7.62291e-08 2.64153e-11 6.43733e-08 2.31083e-11 3.73276e-11 -6.53047e-08 -3.31527e-08 -1.21347e-11 2.4748e-08 -1.45335e-11 -1.43108e-11 7.42195e-09
852 1.61 220 0 7.43971e-08 2.51081e-11 6.26749e-08 2.19059e-11 3.42765e-11 -6.37253e-08 -3.16356e-08 -1.21415e-11 2.43716e-08 -1.23052e-11 -1.3502e-11 6.67916e-09
852 1.62 220 0 7.2671e-08 2.39184e-11 6.10817e-08 2.07928e-11 3.1768e-11 -6.22442e-08 -3.02282e-08 -1.19257e-11 2.40043e-08 -1.05916e-11 -1.27604e-11 5.9992e-09
852 1.63 220 0 7.10407e-08 2.28399e-11 5.95831e-08 1.97805e-11 2.96415e-11 -6.08516e-08 -2.8919e-08 -1.16132e-11 2.36457e-08 -9.21066e-12 -1.20819e-11 5.37542e-09
852 1.64 220 0 6.94974e-08 2.18737e-11 5.81699e-08 1.888e-11 2.78061e-11 -5.9539e-08 -2.76985e-08 -1.128e-11 2.32951e-08 -8.05496e-12 -1.14788e-11 4.80211e-09
852 1.65 220 0 6.80333e-08 2.09855e-11 5.68342e-08 1.80321e-11 2.6187e-11 -5.8299e-08 -2.6558e-08 -1.08994e-11 2.29523e-08 -7.06495e-12 -1.09065e-11 4.27427e-09
852 1.66 220 0 6.66415e-08 2.01768e-11 5.5569e-08 1.72667e-11 2.47571e-11 -5.71251e-08 -2.54902e-08 -1.05208e-11 2.2617e-08 -6.21713e-12 -1.03876e-11 3.7875e-09
852 1.67 220 0 6.53161e-08 1.94412e-11 5.43681e-08 1.65522e-11 2.34656e-11 -5.60114e-08 -2.44885e-08 -1.01404e-11 2.22888e-08 -5.44854e-12 -9.89359e-12 3.33797e-09
852 1.68 220 0 6.40516e-08 1.87634e-11 5.32259e-08 1.58847e-11 2.22927e-11 -5.49528e-08 -2.35471e-08 -9.76163e-12 2.19675e-08 -4.75678e-12 -9.42521e-12 2.92225e-09
852 1.69 220 0 6.28433e-08 1.81398e-11 5.21377e-08 1.52588e-11 2.12189e-11 -5.39447e-08 -2.2661e-08 -9.38972e-12 2.16528e-08 -4.12111e-12 -8.97985e-12 2.53734e-09
852 1.7 220 0 6.16869e-08 1.75642e-11 5.10992e-08 1.4669e-11 2.02279e-11 -5.2983e-08 -2.18255e-08 -9.0261e-12 2.13445e-08 -3.52925e-12 -8.55132e-12 2.18055e-09
852 1.71 220 0 6.05786e-08 1.70336e-11 5.01064e-08 1.41104e-11 1.93039e-11 -5.20641e-08 -2.10366e-08 -8.67431e-12 2.10425e-08 -2.9645e-12 -8.13545e-12 1.84948e-09
852 1.72 220 0 5.9515e-08 1.65432e-11 4.91559e-08 1.3579e-11 1.84372e-11 -5.11848e-08 -2.02906e-08 -8.3339e-12 2.07464e-08 -2.42186e-12 -7.72586e-12 1.54199e-09
852 1.73 220 0 5.84928e-08 1.60913e-11 4.82446e-08 1.30713e-11 1.7617e-11 -5.03421e-08 -1.95842e-08 -8.00745e-12 2.04562e-08 -1.8909e-12 -7.31702e-12 1.25614e-09
852 1.74 220 0 5.75094e-08 1.56753e-11 4.73697e-08 1.25875e-11 1.68389e-11 -4.95333e-08 -1.89145e-08 -7.698e-12 2.01716e-08 -1.37088e-12 -6.90789e-12 9.90205e-10
852 1.75 220 0 5.65621e-08 1.52919e-11 4.65287e-08 1.2122e-11 1.60983e-11 -4.87561e-08 -1.82788e-08 -7.40372e-12 1.98925e-08 -8.57021e-13 -6.49457e-12 7.42608e-10
852 1.76 220 0 5.56487e-08 1.49406e-11 4.57191e-08 1.16811e-11 1.53957e-11 -4.80082e-08 -1.76747e-08 -7.13464e-12 1.96187e-08 -3.54821e-13 -6.08313e-12 5.11932e-10
852 1.77 220 0 5.4767e-08 1.4626e-11 4.49391e-08 1.12621e-11 1.47351e-11 -4.72877e-08 -1.71e-08 -6.89051e-12 1.93502e-08 1.37722e-13 -5.664e-12 2.96878e-10
852 1.78 220 0 5.39151e-08 1.43606e-11 4.41866e-08 1.08738e-11 1.41522e-11 -4.65926e-08 -1.65527e-08 -6.67231e-12 1.90869e-08 5.94146e-13 -5.2339e-12 9.62651e-11
852 1.79 220 0 5.30914e-08 1.36239e-11 4.34605e-08 1.08884e-11 1.33165e-11 -4.59211e-08 -1.60327e-08 -7.4817e-12 1.88292e-08 7.82192e-13 -5.54447e-12 -9.01584e-11
852 1.8 220 0 5.22939e-08 1.3091e-11 4.27585e-08 1.07311e-11 1.26601e-11 -4.52723e-08 -1.55358e-08 -7.73361e-12 1.85757e-08 9.88182e-13 -5.6209e-12 -2.64333e-10
852 1.81 220 0 5.15212e-08 1.26233e-11 4.20791e-08 1.0498e-11 1.20922e-11 -4.46446e-08 -1.50611e-08 -7.75843e-12 1.83266e-08 1.16248e-12 -5.5533e-12 -4.26993e-10
852 1.82 220 0 5.0772e-08 1.21971e-11 4.14212e-08 1.02215e-11 1.15883e-11 -4.40368e-08 -1.46072e-08 -7.64297e-12 1.80819e-08 1.30583e-12 -5.39261e-12 -5.78927e-10
852 1.83 220 0 5.0045e-08 1.17866e-11 4.07835e-08 9.93646e-12 1.11224e-11 -4.34478e-08 -1.41729e-08 -7.47847e-12 1.78414e-08 1.41712e-12 -5.20541e-12 -7.20804e-10
852 1.84 220 0 4.9339e-08 1.13931e-11 4.01648e-08 9.64696e-12 1.06907e-11 -4.28763e-08 -1.37571e-08 -7.27548e-12 1.76051e-08 1.50247e-12 -4.99664e-12 -8.53303e-10
852 1.85 220 0 4.86529e-08 1.10213e-11 3.95643e-08 9.35991e-12 1.02953e-11 -4.23215e-08 -1.33587e-08 -7.04604e-12 1.73729e-08 1.5649e-12 -4.77253e-12 -9.77047e-10
852 1.86 220 0 4.79858e-08 1.06745e-11 3.89808e-08 9.07874e-12 9.93516e-12 -4.17825e-08 -1.29767e-08 -6.79804e-12 1.71447e-08 1.60786e-12 -4.53676e-12 -1.09261e-09
852 1.87 220 0 4.73367e-08 1.03593e-11 3.84136e-08 8.80807e-12 9.61421e-12 -4.12583e-08 -1.26102e-08 -6.54277e-12 1.69204e-08 1.63157e-12 -4.29524e-12 -1.20051e-09
852 1.88 220 0 4.67047e-08 1.00876e-11 3.78618e-08 8.54747e-12 9.33919e-12 -4.07482e-08 -1.22583e-08 -6.2833e-12 1.66998e-08 1.63918e-12 -4.04841e-12 -1.30126e-09
852 1.89 220 0 4.60891e-08 9.86217e-12 3.73246e-08 8.29353e-12 9.11233e-12 -4.02515e-08 -1.19202e-08 -6.02716e-12 1.6483e-08 1.63186e-12 -3.80601e-12 -1.39527e-09
852 1.9 220 0 4.5489e-08 9.62863e-12 3.68014e-08 8.05533e-12 8.89017e-12 -3.97675e-08 -1.15952e-08 -5.77661e-12 1.62697e-08 1.62065e-12 -3.5966e-12 -1.48294e-09
852 1.91 220 0 4.49039e-08 9.39509e-12 3.62915e-08 7.82992e-12 8.67103e-12 -3.92957e-08 -1.12825e-08 -5.53533e-12 1.606e-08 1.60924e-12 -3.39936e-12 -1.56469e-09
852 1.92 220 0 4.43329e-08 9.17228e-12 3.57942e-08 7.61283e-12 8.46253e-12 -3.88354e-08 -1.09816e-08 -5.30231e-12 1.58537e-08 1.59654e-12 -3.20693e-12 -1.64088e-09
852 1.93 220 0 4.37755e-08 8.95945e-12 3.53089e-08 7.40328e-12 8.26408e-12 -3.8386e-08 -1.06919e-08 -5.07632e-12 1.56508e-08 1.58233e-12 -3.01846e-12 -1.71185e-09
852 1.94 220 0 4.3231e-08 8.75595e-12 3.48352e-08 7.20046e-12 8.07517e-12 -3.7947e-08 -1.04127e-08 -4.85618e-12 1.54511e-08 1.5664e-12 -2.83306e-12 -1.77791e-09
852 1.95 220 0 4.2699e-08 8.56116e-12 3.43725e-08 7.00358e-12 7.89531e-12 -3.75181e-08 -1.01436e-08 -4.64065e-12 1.52546e-08 1.54853e-12 -2.64963e-12 -1.83935e-09
852 1.96 220 0 4.21789e-08 8.37455e-12 3.39204e-08 6.81172e-12 7.7241e-12 -3.70986e-08 -9.88398e-09 -4.42828e-12 1.50613e-08 1.52844e-12 -2.46675e-12 -1.89644e-09
852 1.97 220 0 4.16703e-08 8.1956e-12 3.34783e-08 6.62371e-12 7.56123e-12 -3.66883e-08 -9.63349e-09 -4.2171e-12 1.4871e-08 1.5057e-12 -2.2823e-12 -1.94944e-09
852 1.98 220 0 4.11726e-08 8.02385e-12 3.3046e-08 6.43776e-12 7.40655e-12 -3.62867e-08 -9.39165e-09 -4.00387e-12 1.46837e-08 1.47945e-12 -2.09256e-12 -1.99859e-09
852 1.99 220 0 4.06854e-08 7.85891e-12 3.2623e-08 6.25002e-12 7.2605e-12 -3.58934e-08 -9.15807e-09 -3.78133e-12 1.44994e-08 1.4475e-12 -1.88885e-12 -2.0441e-09
852 2 220 0 4.02085e-08 7.70319e-12 3.22089e-08 6.02493e-12 7.13383e-12 -3.55081e-08 -8.93236e-09 -3.48055e-12 1.43179e-08 1.38647e-12 -1.58629e-12 -2.08619e-09
