852 0 570 0 -7.48853e-11 -2.68619e-09 8.68816e-21 2.87606e-21 0 0 0 0 0 0 1.14374e-20 5.5794e-21
852 0.01 570 0 -7.28118e-11 -2.69088e-09 6.27753e-21 -1.03951e-21 -1.89643e-10 4.24106e-10 -9.11999e-23 -1.25917e-23 2.31414e-10 -4.10861e-10 1.22366e-20 -2.4317e-21
852 0.02 570 0 -6.66223e-11 -2.70496e-09 5.71187e-21 6.15916e-21 -3.77888e-10 8.48217e-10 -1.08768e-22 -1.97327e-22 4.61543e-10 -8.2203e-10 4.62574e-21 6.95599e-21
852 0.03 570 0 -5.59721e-11 -2.72826e-09 5.1093e-21 -9.34323e-22 -5.63353e-10 1.27234e-09 -1.79372e-22 1.64913e-23 6.89122e-10 -1.23381e-09 8.5516e-21 -1.09725e-21
852 0.04 570 0 -4.18915e-11 -2.76117e-09 5.12169e-21 2.62502e-22 -7.44625e-10 1.69644e-09 -2.18835e-22 -8.30444e-23 9.12821e-10 -1.64649e-09 6.45884e-21 -1.16276e-21
852 0.05 570 0 -2.41621e-11 -2.80358e-09 3.99883e-21 2.32115e-22 -9.20324e-10 2.12048e-09 -2.02825e-22 -1.65339e-22 1.13136e-09 -2.06034e-09 8.21087e-21 9.72224e-23
852 0.06 570 0 -3.06535e-12 -2.85553e-09 6.60025e-21 3.40296e-21 -1.08907e-09 2.5444e-09 -4.39602e-22 -3.57614e-22 1.34345e-09 -2.4756e-09 1.02728e-20 4.04259e-21
852 0.07 570 0 2.10538e-11 -2.91708e-09 5.61669e-21 -9.25754e-22 -1.24948e-09 2.96807e-09 -4.15797e-22 1.68024e-24 1.54779e-09 -2.89246e-09 8.57977e-21 -1.08693e-21
852 0.08 570 0 4.77867e-11 -2.98832e-09 5.64258e-21 8.77843e-22 -1.4002e-09 3.39135e-09 -5.48443e-22 -2.21459e-22 1.74306e-09 -3.3111e-09 8.799e-21 -1.91202e-22
852 0.09 570 0 7.66606e-11 -3.0693e-09 4.93681e-21 8.57247e-23 -1.53989e-09 3.81403e-09 -5.35754e-22 -3.82638e-23 1.92795e-09 -3.73161e-09 8.11318e-21 -2.73736e-21
852 0.1 570 0 1.07138e-10 -3.1601e-09 6.29224e-21 1.10166e-21 -1.66719e-09 4.23584e-09 -5.79565e-22 -2.45932e-22 2.10115e-09 -4.15406e-09 7.5386e-21 9.59853e-22
852 0.11 570 0 1.38617e-10 -3.26077e-09 6.30442e-21 2.55173e-22 -1.78081e-09 4.65643e-09 -7.64436e-22 -2.99542e-22 2.26134e-09 -4.57843e-09 8.71153e-21 7.29482e-22
852 0.12 570 0 1.70431e-10 -3.37137e-09 1.03041e-20 3.20243e-21 -1.87946e-09 5.07541e-09 -1.37419e-21 -8.68168e-22 2.40719e-09 -5.00465e-09 1.26708e-20 7.3038e-21
852 0.13 570 0 2.01846e-10 -3.49193e-09 5.73296e-21 -8.35829e-22 -1.96187e-09 5.49227e-09 -1.03268e-21 -1.04103e-22 2.53737e-09 -5.43254e-09 1.01254e-20 -2.02879e-21
852 0.14 570 0 2.32534e-10 -3.62231e-09 6.98294e-21 4.07773e-21 -2.02688e-09 5.90647e-09 -1.2461e-21 -1.00532e-21 2.65069e-09 -5.86186e-09 1.07604e-20 4.26373e-21
852 0.15 570 0 2.60708e-10 -3.76278e-09 7.12342e-21 -5.17521e-23 -2.07321e-09 6.31728e-09 -1.32286e-21 -2.44825e-22 2.7456e-09 -6.29226e-09 1.24566e-20 6.47045e-22
852 0.16 570 0 2.85904e-10 -3.91312e-09 7.61026e-21 -1.46655e-22 -2.09977e-09 6.72395e-09 -1.51029e-21 -3.62434e-22 2.8209e-09 -6.72329e-09 1.04495e-20 6.12827e-22
852 0.17 570 0 3.07136e-10 -4.07323e-09 4.96622e-21 1.1685e-21 -2.10549e-09 7.12561e-09 -1.08921e-21 -5.86966e-22 2.87532e-09 -7.15439e-09 9.70673e-21 -2.20905e-22
852 0.18 570 0 3.23362e-10 -4.24295e-09 4.35208e-21 1.6356e-21 -2.08936e-09 7.52127e-09 -9.2368e-22 -3.83998e-22 2.90757e-09 -7.5849e-09 8.58389e-21 -1.8508e-21
852 0.19 570 0 3.3397e-10 -4.42191e-09 7.46673e-21 2.19512e-22 -2.05051e-09 7.90992e-09 -1.70114e-21 -3.8015e-22 2.91658e-09 -8.01403e-09 1.10178e-20 9.54811e-22
852 0.2 570 0 3.36838e-10 -4.61008e-09 7.27576e-21 -6.35503e-22 -1.98798e-09 8.29021e-09 -2.02222e-21 -3.7459e-22 2.90084e-09 -8.44081e-09 1.15365e-20 -8.36503e-22
852 0.21 570 0 3.31389e-10 -4.80807e-09 9.15795e-21 1.96567e-21 -1.90112e-09 8.66068e-09 -2.33044e-21 -1.0215e-21 2.85941e-09 -8.86424e-09 1.22187e-20 3.40689e-21
852 0.22 570 0 3.16072e-10 -5.01313e-09 4.29737e-21 -2.91093e-21 -1.7892e-09 9.0203e-09 -1.33691e-21 5.37333e-22 2.79107e-09 -9.28303e-09 7.34195e-21 -6.45922e-21
852 0.23 570 0 2.90283e-10 -5.22572e-09 9.56759e-21 3.30843e-21 -1.65183e-09 9.36739e-09 -2.45081e-21 -1.39262e-21 2.69504e-09 -9.69592e-09 1.15344e-20 5.13296e-21
852 0.24 570 0 2.517e-10 -5.44535e-09 6.18023e-21 -9.50893e-22 -1.4885e-09 9.70014e-09 -1.77108e-21 -1.24903e-23 2.57003e-09 -1.01013e-08 9.62006e-21 -2.30414e-21
852 0.25 570 0 1.99502e-10 -5.67106e-09 9.55568e-21 5.59912e-22 -1.29906e-09 1.00168e-08 -2.88793e-21 -7.73085e-22 2.41535e-09 -1.04975e-08 1.30642e-20 2.96822e-22
852 0.26 570 0 1.32886e-10 -5.90185e-09 6.57318e-21 1.5824e-22 -1.08351e-09 1.03157e-08 -2.12697e-21 -5.1574e-22 2.23049e-09 -1.08829e-08 8.41186e-21 -1.16125e-21
852 0.27 570 0 4.94805e-11 -6.13674e-09 9.02788e-21 -9.8893e-22 -8.41872e-10 1.05946e-08 -2.659e-21 2.68296e-23 2.01444e-09 -1.12553e-08 9.9923e-21 -1.33878e-21
852 0.28 570 0 -5.15027e-11 -6.3744e-09 6.50501e-21 1.53055e-21 -5.74545e-10 1.08516e-08 -2.27068e-21 -1.27944e-21 1.76697e-09 -1.16127e-08 9.20489e-21 1.81151e-21
852 0.29 570 0 -1.70781e-10 -6.61335e-09 4.79514e-21 -1.7555e-21 -2.82143e-10 1.10846e-08 -2.26435e-21 1.40107e-22 1.48801e-09 -1.19528e-08 8.82034e-21 -3.83892e-21
852 0.3 570 0 -3.10653e-10 -6.85208e-09 3.24773e-21 -1.11413e-21 3.4656e-11 1.12913e-08 -1.62305e-21 1.27831e-22 1.17705e-09 -1.22731e-08 6.99641e-21 -5.46418e-21
852 0.31 570 0 -4.71717e-10 -7.08874e-09 9.18406e-21 -1.11773e-21 3.74744e-10 1.14695e-08 -3.52919e-21 -3.27292e-23 8.34434e-10 -1.2571e-08 1.28623e-20 -2.0055e-21
852 0.32 570 0 -6.5447e-10 -7.32245e-09 6.38862e-21 -2.97879e-21 7.36617e-10 1.16169e-08 -2.71624e-21 1.00767e-21 4.60872e-10 -1.28441e-08 9.52972e-21 -6.16569e-21
852 0.33 570 0 -8.60915e-10 -7.54888e-09 7.22318e-21 -3.44801e-21 1.11904e-09 1.17315e-08 -2.96681e-21 7.41353e-22 5.63428e-11 -1.30892e-08 1.03333e-20 -3.51241e-21
852 0.34 570 0 -1.09068e-09 -7.76679e-09 6.64343e-21 -3.67615e-21 1.51991e-09 1.18111e-08 -3.12042e-21 1.03498e-21 -3.77667e-10 -1.33036e-08 9.50541e-21 -4.36034e-21
852 0.35 570 0 -1.3455e-09 -7.97355e-09 6.59405e-21 -2.38658e-21 1.93709e-09 1.18533e-08 -2.94867e-21 7.14107e-22 -8.40399e-10 -1.34842e-08 9.19116e-21 -4.84247e-21
852 0.36 570 0 -1.62458e-09 -8.16655e-09 3.05289e-21 -2.50652e-21 2.368e-09 1.18564e-08 -2.04996e-21 8.77703e-22 -1.3298e-09 -1.36282e-08 5.38834e-21 -6.31007e-21
852 0.37 570 0 -1.92921e-09 -8.3427e-09 9.48908e-21 -4.58087e-21 2.80985e-09 1.18183e-08 -4.15232e-21 1.543e-21 -1.84442e-09 -1.37321e-08 1.15979e-20 -3.85416e-21
852 0.38 570 0 -2.25806e-09 -8.49914e-09 2.05726e-21 -1.74982e-21 3.25942e-09 1.17374e-08 -1.76565e-21 9.25476e-22 -2.38146e-09 -1.37933e-08 3.61493e-21 -7.94474e-21
852 0.39 570 0 -2.61184e-09 -8.63239e-09 3.48289e-21 -3.09472e-21 3.71325e-09 1.16121e-08 -2.51117e-21 1.24461e-21 -2.93868e-09 -1.38084e-08 6.25573e-21 -7.2514e-21
852 0.4 570 0 -2.98872e-09 -8.74039e-09 3.71961e-21 -4.91822e-21 4.16729e-09 1.14411e-08 -2.16721e-21 2.50635e-21 -3.51233e-09 -1.3775e-08 3.98395e-21 -8.79368e-21
852 0.41 570 0 -3.38778e-09 -8.81754e-09 5.59101e-21 -3.67791e-21 4.61789e-09 1.1224e-08 -3.53856e-21 1.87865e-21 -4.09932e-09 -1.36899e-08 8.21596e-21 -7.05935e-21
852 0.42 570 0 -3.80809e-09 -8.8611e-09 8.53138e-21 -3.97259e-21 5.06041e-09 1.09598e-08 -4.39446e-21 1.66034e-21 -4.69572e-09 -1.35504e-08 1.01496e-20 -5.99029e-21
852 0.43 570 0 -4.24643e-09 -8.86799e-09 1.11838e-20 -4.3974e-21 5.49025e-09 1.06488e-08 -6.72176e-21 1.94725e-21 -5.2966e-09 -1.33545e-08 1.4895e-20 -6.29357e-21
852 0.44 570 0 -4.70078e-09 -8.83446e-09 4.15319e-21 -4.57566e-21 5.90254e-09 1.02913e-08 -2.52252e-21 2.49712e-21 -5.89724e-09 -1.31002e-08 3.54718e-21 -7.47935e-21
852 0.45 570 0 -5.16805e-09 -8.7571e-09 4.88448e-21 -3.25989e-21 6.29222e-09 9.88804e-09 -3.00271e-21 2.1052e-21 -6.49227e-09 -1.27856e-08 4.97668e-21 -8.47404e-21
852 0.46 570 0 -5.64542e-09 -8.63322e-09 5.32016e-21 -4.5636e-21 6.65372e-09 9.44028e-09 -3.78805e-21 2.70935e-21 -7.07592e-09 -1.24096e-08 5.82417e-21 -9.607e-21
852 0.47 570 0 -6.12708e-09 -8.45852e-09 9.2587e-21 -7.43961e-21 6.98263e-09 8.95099e-09 -5.84264e-21 3.85259e-21 -7.64186e-09 -1.19716e-08 1.19392e-20 -8.90284e-21
852 0.48 570 0 -6.60905e-09 -8.23085e-09 7.94899e-21 -5.87673e-21 7.27336e-09 8.4226e-09 -5.11086e-21 3.50668e-21 -8.18356e-09 -1.14716e-08 8.15649e-21 -8.78269e-21
852 0.49 570 0 -7.08599e-09 -7.94782e-09 3.63003e-21 -4.62635e-21 7.52084e-09 7.85864e-09 -2.91679e-21 3.38168e-21 -8.69411e-09 -1.09102e-08 2.32112e-21 -1.03553e-20
852 0.5 570 0 -7.55196e-09 -7.60749e-09 6.43928e-21 -7.95109e-21 7.72017e-09 7.26344e-09 -4.67063e-21 5.10353e-21 -9.16633e-09 -1.02887e-08 7.70827e-21 -9.92784e-21
852 0.51 570 0 -8.00052e-09 -7.20851e-09 2.34095e-22 -3.40336e-21 7.8668e-09 6.64206e-09 -2.95999e-22 2.90802e-21 -9.59289e-09 -9.60942e-09 -1.7455e-21 -8.29802e-21
852 0.52 570 0 -8.42507e-09 -6.75107e-09 8.22335e-21 -8.89751e-21 7.9562e-09 6.00021e-09 -5.73349e-21 6.33908e-21 -9.96621e-09 -8.8758e-09 7.66961e-21 -1.29148e-20
852 0.53 570 0 -8.81743e-09 -6.2335e-09 6.44084e-21 -6.88924e-21 7.98553e-09 5.34477e-09 -3.87301e-21 4.65965e-21 -1.02791e-08 -8.09138e-09 4.19147e-21 -1.02864e-20
852 0.54 570 0 -9.17012e-09 -5.65765e-09 5.5027e-21 -6.94033e-21 7.95157e-09 4.68292e-09 -3.79827e-21 5.55869e-21 -1.0524e-08 -7.26159e-09 2.9833e-21 -1.22375e-20
852 0.55 570 0 -9.47501e-09 -5.02549e-09 6.08288e-22 -5.19981e-21 7.85226e-09 4.02268e-09 -2.63654e-22 5.47372e-21 -1.06941e-08 -6.39269e-09 -4.2383e-21 -1.1125e-20
852 0.56 570 0 -9.72397e-09 -4.34152e-09 3.26742e-21 -8.03938e-21 7.68639e-09 3.37269e-09 -2.08337e-21 6.66804e-21 -1.07825e-08 -5.49286e-09 -3.29486e-22 -1.18542e-20
852 0.57 570 0 -9.90824e-09 -3.6071e-09 1.53445e-21 -4.57332e-21 7.45436e-09 2.74203e-09 -3.82601e-22 4.36854e-21 -1.07834e-08 -4.56895e-09 -3.51631e-21 -9.15047e-21
852 0.58 570 0 -1.00196e-08 -2.82915e-09 4.09142e-21 -8.29356e-21 7.15738e-09 2.14024e-09 -2.77928e-21 7.09845e-21 -1.06915e-08 -3.63136e-09 7.30524e-22 -1.18211e-20
852 0.59 570 0 -1.00499e-08 -2.01519e-09 2.45353e-21 -1.0883e-20 6.79844e-09 1.5771e-09 -1.77806e-21 8.96751e-21 -1.05024e-08 -2.69122e-09 -1.47496e-22 -1.42228e-20
852 0.6 570 0 -9.99236e-09 -1.17296e-09 3.75303e-21 -1.03487e-20 6.38102e-09 1.06229e-09 -2.53182e-21 9.42176e-21 -1.0213e-08 -1.75981e-09 -5.0579e-22 -1.47168e-20
852 0.61 570 0 -9.83878e-09 -3.11785e-10 1.138e-21 -9.23112e-21 5.91234e-09 6.0549e-10 -3.58715e-22 8.23873e-21 -9.82169e-09 -8.49749e-10 -2.78996e-21 -1.20207e-20
852 0.62 570 0 -9.58741e-09 5.55013e-10 1.052e-21 -9.82379e-21 5.39922e-09 2.21677e-10 3.96233e-22 8.78316e-21 -9.32886e-09 1.8726e-11 -4.50244e-21 -1.15774e-20
852 0.63 570 0 -9.23275e-09 1.41537e-09 -7.35485e-22 -1.11333e-20 4.85211e-09 -8.16747e-11 4.71182e-22 1.06926e-20 -8.7372e-09 8.32638e-10 -3.84179e-21 -1.46737e-20
852 0.64 570 0 -8.76764e-09 2.25724e-09 6.52956e-23 -8.45122e-21 4.28228e-09 -3.04701e-10 1.29234e-21 8.77934e-21 -8.04974e-09 1.58573e-09 -6.38695e-21 -1.10131e-20
852 0.65 570 0 -8.18929e-09 3.06757e-09 -2.58507e-21 -8.69252e-21 3.70358e-09 -4.41564e-10 4.04758e-21 9.2576e-21 -7.27192e-09 2.26445e-09 -9.39377e-21 -9.86108e-21
852 0.66 570 0 -7.50039e-09 3.82856e-09 -2.98387e-21 -1.26475e-20 3.13039e-09 -4.85385e-10 4.32855e-21 1.07841e-20 -6.41261e-09 2.85067e-09 -6.94245e-21 -1.10322e-20
852 0.67 570 0 -6.70494e-09 4.52243e-09 -3.34527e-21 -8.548e-21 2.57898e-09 -4.34305e-10 5.17857e-21 9.22036e-21 -5.48343e-09 3.32979e-09 -9.90102e-21 -9.37975e-21
852 0.68 570 0 -5.80595e-09 5.13452e-09 -2.15998e-21 -1.02883e-20 2.06776e-09 -2.89202e-10 4.71635e-21 1.02604e-20 -4.49682e-09 3.69054e-09 -1.1161e-20 -1.0489e-20
852 0.69 570 0 -4.81339e-09 5.64618e-09 -2.72921e-21 -6.24068e-21 1.61556e-09 -5.40467e-11 4.92869e-21 7.61507e-21 -3.47022e-09 3.92055e-09 -9.78425e-21 -6.37348e-21
852 0.7 570 0 -3.73853e-09 6.0413e-09 -4.90535e-21 -6.52325e-21 1.24176e-09 2.62953e-10 8.19735e-21 6.44795e-21 -2.42238e-09 4.01158e-09 -1.27254e-20 -4.24797e-21
852 0.71 570 0 -2.59562e-09 6.30378e-09 -7.15664e-21 -1.04441e-20 9.66811e-10 6.52152e-10 8.74305e-21 8.44674e-21 -1.37534e-09 3.95492e-09 -1.12961e-20 -6.80874e-21
852 0.72 570 0 -1.40383e-09 6.41956e-09 -1.26914e-20 -1.02049e-20 8.09976e-10 1.09677e-09 1.24956e-20 9.95278e-21 -3.53998e-10 3.74804e-09 -1.52351e-20 -1.05082e-20
852 0.73 570 0 -1.85502e-10 6.37641e-09 -4.31216e-21 -2.31103e-21 7.89406e-10 1.57641e-09 9.14979e-21 2.95335e-21 6.14669e-10 3.39104e-09 -1.38596e-20 3.15836e-22
852 0.74 570 0 1.03605e-09 6.16796e-09 -1.04606e-20 -6.75156e-21 9.2239e-10 2.06446e-09 1.27169e-20 5.20807e-21 1.50307e-09 2.89159e-09 -1.39461e-20 -2.27701e-21
852 0.75 570 0 2.22922e-09 5.78683e-09 -7.858e-21 -7.29291e-22 1.2215e-09 2.5314e-09 1.13874e-20 3.655e-22 2.27897e-09 2.25736e-09 -1.25104e-20 3.18432e-21
852 0.76 570 0 3.36446e-09 5.23635e-09 -7.0186e-21 -2.70249e-21 1.69681e-09 2.93962e-09 1.0074e-20 2.78892e-22 2.91279e-09 1.50866e-09 -1.1545e-20 3.31664e-21
852 0.77 570 0 4.40572e-09 4.52501e-09 -7.73678e-21 -1.78845e-21 2.35174e-09 3.24758e-09 1.1823e-20 7.99609e-22 3.37275e-09 6.71502e-10 -1.32133e-20 2.7908e-21
852 0.78 570 0 5.31657e-09 3.6684e-09 -1.02775e-20 -3.92884e-21 3.18297e-09 3.40757e-09 1.67771e-20 1.95603e-21 3.62913e-09 -2.19453e-10 -1.7215e-20 3.30398e-21
852 0.79 570 0 6.06293e-09 2.69761e-09 -4.66686e-21 -1.86269e-21 4.17925e-09 3.36834e-09 1.01226e-20 -1.51401e-21 3.65717e-09 -1.11581e-09 -1.12054e-20 6.83351e-21
852 0.8 570 0 6.6081e-09 1.67153e-09 -1.06613e-20 -4.01147e-22 5.31954e-09 3.08403e-09 1.69117e-20 -1.72833e-21 3.4344e-09 -1.95058e-09 -1.64831e-20 6.63364e-21
852 0.81 570 0 6.9317e-09 5.65777e-10 -1.46145e-20 2.59175e-21 6.56047e-09 2.45055e-09 1.72752e-20 -7.02489e-21 2.95515e-09 -2.68689e-09 -1.45773e-20 7.79288e-21
852 0.82 570 0 6.99438e-09 -5.08456e-10 -1.44967e-20 6.23672e-21 7.84507e-09 1.42888e-09 1.62454e-20 -1.22161e-20 2.21206e-09 -3.21913e-09 -1.23153e-20 1.17231e-20
852 0.83 570 0 6.78623e-09 -1.46418e-09 -1.06204e-20 3.74057e-21 9.09654e-09 -4.47299e-11 1.32647e-20 -9.5031e-21 1.22525e-09 -3.44368e-09 -1.07972e-20 1.08405e-20
852 0.84 570 0 6.31103e-09 -2.18998e-09 -7.14125e-21 6.78686e-21 1.02113e-08 -2.02822e-09 1.12403e-20 -1.46601e-20 3.71168e-11 -3.23689e-09 -9.87058e-21 1.62284e-20
852 0.85 570 0 5.61017e-09 -2.55194e-09 -1.02853e-20 9.09317e-21 1.10549e-08 -4.57136e-09 1.2471e-20 -1.68289e-20 -1.26732e-09 -2.45654e-09 -7.74952e-21 1.46422e-20
852 0.86 570 0 4.7678e-09 -2.38532e-09 -7.38191e-21 1.2942e-20 1.14559e-08 -7.70366e-09 6.58966e-21 -2.05661e-20 -2.55068e-09 -9.38203e-10 -4.96983e-21 1.67393e-20
852 0.87 570 0 3.94918e-09 -1.50371e-09 -5.40687e-21 1.4322e-20 1.12021e-08 -1.14256e-08 5.26195e-21 -2.37418e-20 -3.58856e-09 1.49555e-09 -3.99242e-21 1.95938e-20
852 0.88 570 0 3.42315e-09 2.96463e-10 8.33683e-23 1.41578e-20 1.00279e-08 -1.56852e-08 -3.54748e-21 -2.3197e-20 -4.04336e-09 5.02372e-09 2.32712e-21 1.70261e-20
852 0.89 570 0 3.62825e-09 3.20177e-09 8.83078e-22 1.88128e-20 7.6157e-09 -2.03526e-08 -6.97277e-21 -2.73596e-20 -3.40226e-09 9.79022e-09 3.5386e-21 1.76622e-20
852 0.9 570 0 5.23912e-09 7.31923e-09 1.0088e-21 1.31226e-20 3.59601e-09 -2.51733e-08 -7.16062e-21 -1.86925e-20 -9.12046e-10 1.58327e-08 4.89848e-21 1.17623e-20
852 0.91 570 0 9.25555e-09 1.25546e-08 8.16192e-21 1.64434e-20 -2.42756e-09 -2.97002e-08 -1.57411e-20 -2.32235e-20 4.50383e-09 2.29494e-08 8.02771e-21 1.48168e-20
852 0.92 570 0 1.70884e-08 1.83371e-08 1.40865e-20 1.69136e-20 -1.0817e-08 -3.32062e-08 -2.63872e-20 -2.06634e-20 1.43162e-08 3.0415e-08 1.2951e-20 1.49001e-20
852 0.93 570 0 3.0544e-08 2.31535e-08 1.64333e-20 1.03996e-20 -2.17455e-08 -3.45787e-08 -2.97083e-20 -1.13804e-20 3.03485e-08 3.65021e-08 1.54065e-20 1.30019e-20
852 0.94 570 0 5.14634e-08 2.37239e-08 2.02662e-20 5.63943e-21 -3.48287e-08 -3.22774e-08 -3.3054e-20 -2.39106e-21 5.43687e-08 3.7645e-08 1.67735e-20 7.20741e-21
852 0.95 570 0 8.07401e-08 1.42825e-08 2.77668e-20 -4.74493e-21 -4.89957e-08 -2.43882e-08 -4.0392e-20 1.571e-20 8.70413e-08 2.78114e-08 1.92467e-20 -5.32233e-22
852 0.96 570 0 1.15478e-07 -1.47534e-08 2.48598e-20 -9.67158e-21 -6.12981e-08 -9.22919e-09 -3.41094e-20 2.05658e-20 1.25026e-07 -2.80664e-09 1.75312e-20 -2.34682e-21
852 0.97 570 0 1.44156e-07 -7.52226e-08 1.77474e-20 -1.4211e-20 -6.69587e-08 1.31262e-08 -2.33056e-20 2.45879e-20 1.5616e-07 -6.59685e-08 1.33914e-20 -5.66033e-21
852 0.98 570 0 1.40002e-07 -1.75967e-07 9.38242e-21 -2.27547e-20 -6.05278e-08 3.87898e-08 -8.39387e-21 3.31681e-20 1.53113e-07 -1.69939e-07 1.07035e-20 -8.72714e-21
852 0.99 570 0 4.80864e-08 -3.14223e-07 9.48424e-22 -1.34771e-20 -3.91296e-08 5.90795e-08 1.78937e-21 2.27677e-20 6.09983e-08 -3.11015e-07 1.52558e-20 -1.08699e-20
852 1 570 0 -6.4435e-06 -2.38827e-07 -5.86969e-20 -1.2932e-20 -8.35187e-11 6.57684e-08 3.8402e-20 1.56339e-20 -6.42928e-06 -2.38816e-07 -8.7804e-22 9.02649e-20
852 1.01 570 0 -1.53998e-07 2.06297e-10 -2.79245e-22 -4.75171e-21 1.00333e-11 3.86062e-08 3.72441e-23 7.15316e-21 -1.43723e-07 2.03431e-10 3.13359e-21 -4.26892e-21
852 1.02 570 0 -1.07076e-07 1.8196e-10 -5.53856e-21 -3.61579e-21 2.23309e-11 3.31304e-08 9.03741e-21 5.51949e-21 -9.73268e-08 1.7624e-10 2.7435e-21 -5.40915e-21
852 1.03 570 0 -8.84242e-08 1.78076e-10 -1.4233e-21 -2.9389e-21 3.27638e-11 3.0812e-08 2.48478e-21 4.56629e-21 -7.87058e-08 1.69149e-10 2.54398e-21 -3.10597e-21
852 1.04 570 0 -8.00843e-08 1.88975e-10 -6.93263e-21 -2.39028e-21 4.50061e-11 3.02633e-08 1.11896e-20 3.829e-21 -7.00176e-08 1.75806e-10 2.4609e-21 -6.76887e-21
852 1.05 570 0 -7.76527e-08 2.18224e-10 -1.71772e-21 -1.99078e-21 6.30324e-11 3.11842e-08 3.38006e-21 3.1768e-21 -6.6823e-08 1.98461e-10 2.1351e-21 -3.94849e-21
852 1.06 570 0 -8.02171e-08 2.74879e-10 4.46184e-21 -1.96833e-21 9.16575e-11 3.38106e-08 -5.84071e-21 3.26053e-21 -6.80429e-08 2.4439e-10 2.45141e-21 6.49849e-22
852 1.07 570 0 -8.90669e-08 3.90922e-10 -3.50348e-21 -9.52184e-22 1.46311e-10 3.90746e-08 5.84042e-21 1.93061e-21 -7.45521e-08 3.39609e-10 1.96539e-21 -5.56954e-21
852 1.08 570 0 -1.09506e-07 6.71123e-10 -1.83939e-21 -3.26757e-21 2.76092e-10 4.97101e-08 2.91223e-21 5.02208e-21 -9.05285e-08 5.69625e-10 3.6192e-21 -3.25748e-21
852 1.09 570 0 -1.62718e-07 1.67336e-09 -2.14599e-21 1.40803e-21 7.44503e-10 7.60976e-08 3.62067e-21 -5.85878e-22 -1.32951e-07 1.38792e-09 1.78467e-21 -4.21751e-21
852 1.1 570 0 -4.48383e-07 1.41763e-08 -1.96014e-20 -1.97301e-20 6.71525e-09 2.15308e-07 2.79974e-20 2.81356e-20 -3.62295e-07 1.15067e-08 1.91802e-20 -2.41978e-20
852 1.11 570 0 3.75498e-07 1.10741e-08 1.66671e-19 4.05515e-20 5.50906e-09 -1.8464e-07 -2.09855e-19 -5.34193e-20 3.00185e-07 8.81553e-09 -3.19123e-20 1.14503e-19
852 1.12 570 0 1.16695e-07 1.18545e-09 4.30363e-21 2.70252e-21 6.10263e-10 -5.86349e-08 -6.13866e-21 -4.1213e-21 9.23353e-08 9.29118e-10 -3.5849e-21 6.07584e-21
852 1.13 570 0 6.43217e-08 3.96402e-10 9.50169e-22 1.27498e-21 2.07322e-10 -3.29668e-08 -1.62669e-21 -1.94348e-21 5.03918e-08 3.07974e-10 -1.78207e-21 2.55728e-21
852 1.14 570 0 4.22863e-08 1.88991e-10 -5.82844e-22 5.17189e-22 9.72581e-11 -2.20744e-08 2.92023e-22 -8.78441e-22 3.28107e-08 1.4761e-10 -9.72669e-22 9.96548e-22
852 1.15 570 0 3.03642e-08 1.07288e-10 3.28809e-22 3.03364e-22 4.96968e-11 -1.61244e-08 -5.76446e-22 -5.20961e-22 2.33398e-08 8.74416e-11 -6.06355e-22 8.44881e-22
852 1.16 570 0 2.30064e-08 6.77075e-11 1.08227e-21 6.6891e-22 9.71827e-12 -1.24167e-08 -1.39429e-21 -8.96403e-22 1.75211e-08 7.03216e-11 -7.43699e-22 1.18196e-21
852 1.17 570 0 1.80786e-08 4.60659e-11 6.15343e-22 3.35453e-22 5.82346e-11 -9.89184e-09 -7.40146e-22 -4.83964e-22 1.36547e-08 1.1124e-11 -4.88064e-22 5.56072e-22
852 1.18 570 0 1.45875e-08 3.28852e-11 2.07783e-22 3.28407e-22 2.87936e-11 -8.09988e-09 -3.17765e-22 -4.39307e-22 1.09188e-08 1.68821e-11 -4.12691e-22 4.28057e-22
852 1.19 570 0 1.20111e-08 2.44948e-11 2.17102e-22 1.41559e-22 1.97846e-11 -6.75951e-09 -3.04177e-22 -2.09746e-22 8.91322e-09 1.36701e-11 -2.42504e-22 3.53886e-22
852 1.2 570 0 1.0049e-08 1.88129e-11 1.79984e-22 1.14446e-22 1.47273e-11 -5.72759e-09 -2.71985e-22 -1.65431e-22 7.39458e-09 1.07679e-11 -1.88807e-22 3.49582e-22
852 1.21 570 0 8.51724e-09 1.4811e-11 -8.46166e-24 7.78668e-23 1.142e-11 -4.91347e-09 -8.14356e-23 -1.19913e-22 6.21575e-09 8.55293e-12 -1.56837e-22 2.72757e-22
852 1.22 570 0 7.29708e-09 1.19007e-11 1.37553e-23 5.83691e-23 9.09739e-12 -4.25826e-09 -3.51368e-23 -9.53102e-23 5.2821e-09 6.89131e-12 -1.34651e-22 6.87412e-23
852 1.23 570 0 6.30878e-09 9.7451e-12 2.42209e-23 5.64745e-23 7.38935e-12 -3.72215e-09 -7.63497e-23 -8.14626e-23 4.53024e-09 5.65986e-12 -1.07429e-22 1.85938e-22
852 1.24 570 0 5.49689e-09 8.09286e-12 3.53092e-23 4.67351e-23 6.09622e-12 -3.27736e-09 -5.19471e-23 -6.69548e-23 3.91615e-09 4.70948e-12 -9.08618e-23 6.55197e-23
852 1.25 570 0 4.82183e-09 6.81139e-12 4.40464e-23 3.92258e-23 5.09005e-12 -2.90393e-09 -5.66113e-23 -5.30898e-23 3.40855e-09 3.98008e-12 -7.2833e-23 6.95894e-23
852 1.26 570 0 4.25463e-09 5.79019e-12 1.50578e-23 3.03531e-23 4.29405e-12 -2.58718e-09 -2.91607e-23 -4.48858e-23 2.98454e-09 3.39781e-12 -6.74509e-23 6.67195e-23
852 1.27 570 0 3.7737e-09 4.96941e-12 9.66782e-24 2.68112e-23 3.65114e-12 -2.31611e-09 -2.654e-23 -3.60333e-23 2.62714e-09 2.93571e-12 -5.26087e-23 3.85726e-23
852 1.28 570 0 3.36261e-09 4.30176e-12 2.00357e-23 2.24017e-23 3.12138e-12 -2.08228e-09 -4.4188e-23 -3.0179e-23 2.32346e-09 2.56864e-12 -4.52828e-23 9.23132e-23
852 1.29 570 0 3.00869e-09 3.7441e-12 2.22604e-23 1.90024e-23 2.68395e-12 -1.87918e-09 -4.04147e-23 -2.40984e-23 2.06355e-09 2.25975e-12 -3.66018e-23 9.35442e-23
852 1.3 570 0 2.70205e-09 3.27891e-12 3.45945e-24 1.6699e-23 2.30958e-12 -1.70167e-09 -1.33383e-23 -2.22831e-23 1.83971e-09 2.0129e-12 -3.3977e-23 1.72863e-23
852 1.31 570 0 2.43482e-09 2.88159e-12 1.79829e-23 1.45314e-23 1.9858e-12 -1.54564e-09 -2.72842e-23 -1.96382e-23 1.64581e-09 1.80782e-12 -3.00764e-23 6.26543e-23
852 1.32 570 0 2.20074e-09 2.53785e-12 1.55171e-24 1.21094e-23 1.67073e-12 -1.40778e-09 -6.94186e-24 -1.48929e-23 1.47702e-09 1.66615e-12 -2.35503e-23 2.07227e-24
852 1.33 570 0 1.99467e-09 2.23072e-12 7.31847e-24 9.99409e-24 1.47848e-12 -1.28551e-09 -1.76232e-23 -1.20116e-23 1.32924e-09 1.45397e-12 -1.96876e-23 3.02312e-23
852 1.34 570 0 1.81251e-09 1.9704e-12 7.62547e-24 8.71032e-24 1.31396e-12 -1.17658e-09 -1.33104e-23 -1.05012e-23 1.19937e-09 1.2757e-12 -1.7253e-23 2.66284e-23
852 1.35 570 0 1.65085e-09 1.74814e-12 -2.86999e-24 7.41409e-24 1.17235e-12 -1.07915e-09 -8.23388e-24 -8.52965e-24 1.08481e-09 1.12465e-12 -1.42425e-23 2.32144e-23
852 1.36 570 0 1.50686e-09 1.55711e-12 -2.1178e-24 6.20354e-24 1.04979e-12 -9.91715e-10 -3.93255e-24 -7.12499e-24 9.83372e-10 9.95683e-13 -1.22569e-23 1.17222e-23
852 1.37 570 0 1.37818e-09 1.39195e-12 -1.21472e-25 5.11873e-24 9.4321e-13 -9.12996e-10 -7.18442e-24 -5.43451e-24 8.93258e-10 8.84835e-13 -9.76868e-24 1.59096e-23
852 1.38 570 0 1.26282e-09 1.2484e-12 9.25239e-25 4.45999e-24 8.50089e-13 -8.41918e-10 -9.59302e-24 -5.00329e-24 8.12954e-10 7.88986e-13 -8.78338e-24 2.31832e-23
852 1.39 570 0 1.15911e-09 1.12301e-12 3.85561e-24 4.30552e-24 7.68381e-13 -7.77564e-10 -8.21621e-24 -5.1948e-24 7.41188e-10 7.05659e-13 -8.34786e-24 2.00743e-23
852 1.4 570 0 1.06563e-09 1.013e-12 -5.197e-24 2.57789e-24 6.96401e-13 -7.19153e-10 -8.44968e-25 -2.19742e-24 6.7688e-10 6.32866e-13 -4.97724e-24 3.36388e-24
852 1.41 570 0 9.81153e-10 9.16098e-13 7.23909e-25 2.54775e-24 6.32754e-13 -6.66012e-10 -3.95179e-24 -2.65099e-24 6.19111e-10 5.68991e-13 -4.81275e-24 9.85436e-24
852 1.42 570 0 9.04639e-10 8.30409e-13 1.0914e-23 1.54285e-24 5.76278e-13 -6.17562e-10 -1.1199e-23 -1.17496e-24 5.67097e-10 5.12712e-13 -3.07271e-24 2.14592e-23
852 1.43 570 0 8.35187e-10 7.54369e-13 4.48857e-24 1.13708e-24 5.26001e-13 -5.73299e-10 -3.76792e-24 -8.65011e-25 5.20162e-10 4.62932e-13 -2.26687e-24 8.1055e-24
852 1.44 570 0 7.72018e-10 6.8666e-13 6.70544e-25 1.00456e-24 4.81108e-13 -5.32784e-10 -4.10475e-24 -9.75194e-25 4.77724e-10 4.18728e-13 -1.84666e-24 1.11631e-23
852 1.45 570 0 7.14453e-10 6.2618e-13 3.8772e-24 5.1722e-26 4.40918e-13 -4.95636e-10 -4.79027e-24 -2.48612e-26 4.39279e-10 3.79328e-13 -1.29312e-25 1.09874e-23
