852 0 350 0 0 0 0 0 1.30502e-08 -7.03387e-08 -1.59948e-21 -2.40137e-21 -2.8962e-08 6.64114e-08 0 0
852 0.01 350 0 -5.84094e-10 6.35351e-10 4.15276e-23 1.04688e-22 1.30259e-08 -7.03258e-08 2.3354e-21 -9.65313e-21 -2.89408e-08 6.64076e-08 1.2958e-22 -7.69055e-24
852 0.02 350 0 -1.16659e-09 1.27067e-09 1.74511e-22 3.29115e-22 1.29529e-08 -7.02871e-08 -3.39178e-21 -3.97534e-21 -2.88772e-08 6.63961e-08 2.14373e-23 1.17827e-22
852 0.03 350 0 -1.74592e-09 1.90593e-09 2.46598e-22 2.71128e-22 1.28309e-08 -7.02222e-08 6.17879e-21 -1.13653e-21 -2.87707e-08 6.63766e-08 3.45473e-22 1.46576e-22
852 0.04 350 0 -2.32046e-09 2.54102e-09 2.1956e-22 4.83174e-22 1.26597e-08 -7.01323e-08 2.19738e-21 -1.01104e-20 -2.86226e-08 6.63489e-08 1.61757e-22 -5.30235e-23
852 0.05 350 0 -2.88863e-09 3.17594e-09 -8.70842e-23 3.87741e-22 1.24419e-08 -7.00149e-08 3.81501e-21 -7.27149e-21 -2.84321e-08 6.6313e-08 4.4615e-22 -2.0421e-22
852 0.06 350 0 -3.44885e-09 3.81056e-09 2.71222e-22 1.12646e-21 1.21765e-08 -6.98704e-08 -2.89007e-22 -5.59104e-21 -2.81995e-08 6.62683e-08 5.35721e-22 6.16875e-22
852 0.07 350 0 -3.99955e-09 4.44474e-09 2.64296e-22 8.65815e-22 1.1864e-08 -6.96984e-08 -1.30176e-23 -5.31721e-21 -2.7925e-08 6.62141e-08 6.23935e-22 -7.90558e-23
852 0.08 350 0 -4.53916e-09 5.07832e-09 1.52908e-22 1.10831e-21 1.15049e-08 -6.94983e-08 9.95077e-22 -8.37824e-21 -2.76087e-08 6.61499e-08 6.9361e-22 6.9295e-23
852 0.09 350 0 -5.06613e-09 5.71108e-09 1.76077e-22 1.24179e-21 1.11001e-08 -6.92693e-08 3.50816e-22 -9.28825e-21 -2.7251e-08 6.6075e-08 6.18881e-22 -3.3247e-22
852 0.1 350 0 -5.57892e-09 6.34275e-09 4.82055e-22 1.51468e-21 1.06502e-08 -6.90106e-08 -1.34354e-21 -6.34912e-21 -2.6852e-08 6.59884e-08 6.83042e-22 3.36342e-22
852 0.11 350 0 -6.07599e-09 6.973e-09 3.81303e-22 9.40346e-22 1.01562e-08 -6.87213e-08 2.06843e-21 -6.48694e-21 -2.6412e-08 6.58893e-08 8.93566e-22 -2.2144e-22
852 0.12 350 0 -6.55585e-09 7.60144e-09 1.58094e-21 1.99672e-21 9.61913e-09 -6.84005e-08 7.83527e-23 -2.82316e-21 -2.59316e-08 6.57767e-08 1.56209e-21 1.69828e-21
852 0.13 350 0 -7.01702e-09 8.22761e-09 2.97891e-22 1.08828e-21 9.04005e-09 -6.80472e-08 2.71042e-21 -6.33443e-21 -2.5411e-08 6.56495e-08 1.37579e-21 -6.40958e-22
852 0.14 350 0 -7.45811e-09 8.85103e-09 4.90486e-22 2.05704e-21 8.41974e-09 -6.76599e-08 1.54618e-21 -5.49722e-21 -2.48503e-08 6.55063e-08 1.60473e-21 8.01978e-22
852 0.15 350 0 -7.87756e-09 9.47095e-09 1.11258e-21 1.43266e-21 7.76054e-09 -6.72381e-08 2.72261e-21 -2.55281e-21 -2.4251e-08 6.53461e-08 2.10523e-21 2.79364e-22
852 0.16 350 0 -8.27405e-09 1.00866e-08 9.60757e-22 1.23092e-21 7.06216e-09 -6.67812e-08 1.73413e-21 -6.01643e-21 -2.36135e-08 6.51671e-08 1.39837e-21 -1.71236e-23
852 0.17 350 0 -8.64626e-09 1.06974e-08 9.56113e-23 2.00038e-21 6.32883e-09 -6.62861e-08 3.33128e-21 -6.30696e-21 -2.2938e-08 6.49685e-08 1.36101e-21 -5.01771e-22
852 0.18 350 0 -8.99289e-09 1.13024e-08 1.2387e-22 3.14768e-21 5.56105e-09 -6.57525e-08 2.22076e-21 -7.52773e-21 -2.22255e-08 6.47484e-08 1.32944e-21 1.59751e-22
852 0.19 350 0 -9.3128e-09 1.19006e-08 1.49318e-21 2.25017e-21 4.76024e-09 -6.51788e-08 1.60403e-21 -3.64593e-21 -2.14766e-08 6.45051e-08 2.13755e-21 5.52927e-22
852 0.2 350 0 -9.60466e-09 1.24907e-08 9.81712e-22 1.43605e-21 3.92946e-09 -6.45641e-08 3.31584e-21 -5.23874e-21 -2.0693e-08 6.42372e-08 2.10748e-21 -7.4079e-22
852 0.21 350 0 -9.8675e-09 1.30712e-08 2.23219e-21 3.19171e-21 3.06984e-09 -6.39079e-08 -3.53327e-22 -4.68181e-21 -1.98765e-08 6.39421e-08 2.95337e-21 2.12735e-21
852 0.22 350 0 -1.01002e-08 1.36416e-08 2.46511e-22 1.23832e-21 2.18497e-09 -6.3207e-08 3.60203e-21 -7.56235e-21 -1.90264e-08 6.36195e-08 1.3037e-21 -2.79103e-21
852 0.23 350 0 -1.03021e-08 1.42002e-08 2.41923e-21 4.27632e-21 1.27632e-09 -6.24607e-08 -7.91565e-22 -3.82618e-21 -1.81444e-08 6.32666e-08 2.61299e-21 2.43757e-21
852 0.24 350 0 -1.04721e-08 1.47451e-08 2.13873e-21 2.9022e-21 3.4761e-10 -6.16684e-08 1.37186e-21 -5.35826e-21 -1.72331e-08 6.28818e-08 2.51291e-21 3.78953e-22
852 0.25 350 0 -1.06097e-08 1.52748e-08 2.51865e-21 2.95615e-21 -5.98743e-10 -6.08287e-08 2.93298e-21 -4.86076e-21 -1.62937e-08 6.24631e-08 3.31581e-21 8.10983e-22
852 0.26 350 0 -1.07143e-08 1.57876e-08 9.04155e-22 2.9334e-21 -1.56144e-09 -5.99408e-08 1.55943e-21 -7.59059e-21 -1.53277e-08 6.2008e-08 1.71087e-21 -6.052e-22
852 0.27 350 0 -1.07855e-08 1.62814e-08 3.76455e-21 3.85096e-21 -2.5337e-09 -5.90029e-08 -1.06526e-21 -5.78399e-21 -1.43376e-08 6.15157e-08 3.15266e-21 9.35001e-22
852 0.28 350 0 -1.08231e-08 1.67543e-08 1.52788e-21 3.83252e-21 -3.51385e-09 -5.80145e-08 -3.65236e-22 -6.71475e-21 -1.33254e-08 6.09835e-08 2.2517e-21 1.18532e-21
852 0.29 350 0 -1.0827e-08 1.72042e-08 6.33134e-22 1.76281e-21 -4.50001e-09 -5.69752e-08 2.81371e-21 -6.36282e-21 -1.22932e-08 6.04092e-08 2.4373e-21 -1.84604e-21
852 0.3 350 0 -1.07973e-08 1.76289e-08 -4.8792e-22 2.78796e-21 -5.48495e-09 -5.58837e-08 3.69269e-21 -7.60052e-21 -1.1244e-08 5.97918e-08 1.44328e-21 -2.63148e-21
852 0.31 350 0 -1.07344e-08 1.80259e-08 4.09138e-21 4.08205e-21 -6.46643e-09 -5.474e-08 8.45807e-22 -4.38003e-21 -1.01804e-08 5.9129e-08 4.90257e-21 1.47523e-21
852 0.32 350 0 -1.06391e-08 1.83929e-08 2.54933e-21 3.43147e-21 -7.44029e-09 -5.35435e-08 1.83042e-21 -5.59026e-21 -9.10559e-09 5.84185e-08 3.37676e-21 -8.87374e-22
852 0.33 350 0 -1.05116e-08 1.87276e-08 4.01554e-21 2.47979e-21 -8.40361e-09 -5.22956e-08 -1.38971e-22 -3.81876e-21 -8.02259e-09 5.76594e-08 4.36787e-21 3.04441e-23
852 0.34 350 0 -1.03534e-08 1.90279e-08 3.53247e-21 2.8433e-21 -9.34999e-09 -5.09943e-08 -1.97812e-22 -4.01603e-21 -6.93407e-09 5.68499e-08 3.84558e-21 1.41855e-22
852 0.35 350 0 -1.01657e-08 1.92905e-08 3.51127e-21 3.47817e-21 -1.02763e-08 -4.96425e-08 8.26862e-22 -5.65623e-21 -5.84519e-09 5.59886e-08 3.74126e-21 -7.12506e-22
852 0.36 350 0 -9.95027e-09 1.95137e-08 4.73454e-22 3.38501e-21 -1.11765e-08 -4.82388e-08 1.17219e-21 -6.60056e-21 -4.75838e-09 5.50743e-08 1.37147e-21 -2.50657e-21
852 0.37 350 0 -9.70889e-09 1.96942e-08 7.57648e-21 2.83235e-21 -1.2046e-08 -4.67861e-08 -1.49012e-21 -2.18375e-21 -3.67901e-09 5.41063e-08 6.35151e-21 1.87056e-21
852 0.38 350 0 -9.44382e-09 1.98303e-08 -1.69288e-21 3.91529e-21 -1.28823e-08 -4.52854e-08 3.46549e-21 -9.33616e-21 -2.61066e-09 5.30828e-08 -6.45256e-22 -5.10021e-21
852 0.39 350 0 -9.15776e-09 1.9919e-08 8.4765e-22 3.01407e-21 -1.36771e-08 -4.37388e-08 1.00037e-21 -6.7009e-21 -1.5585e-09 5.20045e-08 3.0895e-21 -2.92334e-21
852 0.4 350 0 -8.85383e-09 1.9958e-08 1.96811e-21 2.42601e-21 -1.44284e-08 -4.21488e-08 5.64618e-22 -7.26998e-21 -5.27399e-10 5.08699e-08 7.64105e-22 -4.7619e-21
852 0.41 350 0 -8.53481e-09 1.99462e-08 3.25392e-21 3.96935e-21 -1.51297e-08 -4.05171e-08 4.79257e-22 -4.68796e-21 4.78893e-10 4.96803e-08 3.91479e-21 -1.7312e-21
852 0.42 350 0 -8.20453e-09 1.98806e-08 8.02804e-21 4.0866e-21 -1.57773e-08 -3.8849e-08 -6.81362e-22 -4.28849e-21 1.45358e-09 4.84357e-08 6.98025e-21 1.02602e-21
852 0.43 350 0 -7.86707e-09 1.97604e-08 8.69641e-21 4.77393e-21 -1.63655e-08 -3.71458e-08 -1.50139e-21 -3.83086e-21 2.39274e-09 4.7137e-08 9.09116e-21 1.76347e-21
852 0.44 350 0 -7.52659e-09 1.95837e-08 3.43358e-21 2.5155e-21 -1.68914e-08 -3.54137e-08 -6.41941e-22 -7.72752e-21 3.28998e-09 4.57853e-08 2.12601e-21 -2.64654e-21
852 0.45 350 0 -7.18801e-09 1.93495e-08 2.09645e-21 4.19159e-21 -1.73487e-08 -3.36561e-08 2.18922e-21 -7.23123e-21 4.14008e-09 4.4383e-08 2.18125e-21 -4.61356e-21
852 0.46 350 0 -6.85669e-09 1.90564e-08 5.36054e-21 4.8875e-21 -1.7735e-08 -3.18808e-08 -2.1409e-21 -9.30426e-21 4.93591e-09 4.29323e-08 4.84699e-21 -2.78932e-21
852 0.47 350 0 -6.53692e-09 1.87057e-08 1.15475e-20 3.37831e-21 -1.80466e-08 -3.00904e-08 -3.68975e-21 -1.69987e-21 5.67418e-09 4.14358e-08 1.11538e-20 2.99528e-22
852 0.48 350 0 -6.23501e-09 1.8297e-08 9.29818e-21 3.92363e-21 -1.82788e-08 -2.82919e-08 -3.65362e-21 -6.57358e-21 6.34827e-09 3.98976e-08 7.67118e-21 -7.41706e-22
852 0.49 350 0 -5.95647e-09 1.78311e-08 3.24886e-21 4.59654e-21 -1.84309e-08 -2.64932e-08 2.6376e-22 -1.00041e-20 6.95227e-09 3.83214e-08 2.40386e-21 -4.93415e-21
852 0.5 350 0 -5.70751e-09 1.73094e-08 9.98741e-21 -4.9437e-23 -1.84996e-08 -2.47011e-08 -3.74912e-21 -2.57393e-21 7.48091e-09 3.67125e-08 8.88151e-21 -1.22297e-21
852 0.51 350 0 -5.49453e-09 1.6734e-08 1.4208e-21 5.25016e-21 -1.84822e-08 -2.29226e-08 7.04804e-22 -7.69132e-21 7.92907e-09 3.50765e-08 -2.09184e-21 -5.57738e-21
852 0.52 350 0 -5.32396e-09 1.61074e-08 1.31169e-20 2.34792e-21 -1.838e-08 -2.11676e-08 -6.2336e-21 -6.45595e-21 8.29111e-09 3.34194e-08 1.26485e-20 -2.59098e-21
852 0.53 350 0 -5.20115e-09 1.54343e-08 1.24039e-20 4.92888e-21 -1.81918e-08 -1.94428e-08 -4.34518e-21 -6.89691e-21 8.5636e-09 3.17485e-08 7.84525e-21 -2.89988e-21
852 0.54 350 0 -5.13286e-09 1.47187e-08 1.19286e-20 5.08864e-21 -1.79182e-08 -1.77577e-08 -5.96469e-21 -8.06053e-21 8.74195e-09 3.00715e-08 8.85707e-21 -5.26652e-21
852 0.55 350 0 -5.12547e-09 1.39657e-08 1.38934e-21 3.87546e-21 -1.75598e-08 -1.61208e-08 2.62603e-21 -1.00596e-20 8.8227e-09 2.83973e-08 -3.25972e-21 -7.3475e-21
852 0.56 350 0 -5.18429e-09 1.31819e-08 1.12644e-20 2.52002e-21 -1.71215e-08 -1.45416e-08 -5.14314e-21 -7.38122e-21 8.80292e-09 2.67342e-08 5.64926e-21 -5.10629e-21
852 0.57 350 0 -5.31456e-09 1.23747e-08 8.79509e-21 5.19825e-21 -1.66056e-08 -1.30301e-08 -3.48755e-21 -9.61187e-21 8.6807e-09 2.50936e-08 1.84868e-21 -5.63269e-21
852 0.58 350 0 -5.52134e-09 1.15522e-08 1.40615e-20 2.399e-21 -1.60171e-08 -1.1595e-08 -7.57371e-21 -5.84611e-21 8.45491e-09 2.34857e-08 8.03318e-21 -5.11459e-21
852 0.59 350 0 -5.80828e-09 1.07239e-08 1.55508e-20 -2.32074e-21 -1.53615e-08 -1.02442e-08 -7.64771e-21 -3.55369e-21 8.12574e-09 2.19211e-08 1.0616e-20 -6.71724e-21
852 0.6 350 0 -6.18036e-09 9.8992e-09 1.33688e-20 1.73893e-21 -1.4647e-08 -8.98905e-09 -6.87721e-21 -6.82506e-21 7.69345e-09 2.04135e-08 7.74965e-21 -7.95703e-21
852 0.61 350 0 -6.637e-09 9.09076e-09 1.45404e-20 -1.01232e-21 -1.38815e-08 -7.8355e-09 -9.37606e-21 -3.66236e-21 7.16172e-09 1.89736e-08 7.43769e-21 -8.20204e-21
852 0.62 350 0 -7.18169e-09 8.30947e-09 1.49603e-20 -1.99393e-21 -1.30733e-08 -6.79185e-09 -9.40888e-21 -5.26697e-21 6.53349e-09 1.76153e-08 6.71161e-21 -7.56783e-21
852 0.63 350 0 -7.8137e-09 7.5686e-09 1.72868e-20 -5.32548e-21 -1.22344e-08 -5.86567e-09 -1.22824e-20 -7.76632e-22 5.81433e-09 1.63521e-08 1.1793e-20 -1.10213e-20
852 0.64 350 0 -8.53208e-09 6.88168e-09 1.438e-20 1.58672e-21 -1.13773e-08 -5.06329e-09 -1.05069e-20 -5.71957e-21 5.01119e-09 1.51972e-08 3.83197e-21 -9.78265e-21
852 0.65 350 0 -9.3311e-09 6.26412e-09 7.66969e-21 2.46036e-21 -1.05155e-08 -4.38993e-09 -7.44489e-21 -7.83331e-21 4.13391e-09 1.41646e-08 -2.48454e-21 -8.40651e-21
852 0.66 350 0 -1.02077e-08 5.72984e-09 1.65959e-20 -9.59766e-21 -9.66204e-09 -3.84861e-09 -1.15178e-20 3.98481e-21 3.19256e-09 1.32675e-08 7.69193e-21 -1.08971e-20
852 0.67 350 0 -1.11529e-08 5.29481e-09 1.32683e-20 -2.82586e-21 -8.83428e-09 -3.44185e-09 -1.13392e-20 -1.8618e-22 2.20086e-09 1.25185e-08 2.23153e-21 -1.242e-20
852 0.68 350 0 -1.2158e-08 4.97438e-09 1.95413e-20 -5.56514e-21 -8.0474e-09 -3.17106e-09 -1.59115e-20 -4.75485e-21 1.17391e-09 1.19319e-08 4.01887e-21 -1.41814e-20
852 0.69 350 0 -1.32084e-08 4.78462e-09 1.35671e-20 2.03657e-21 -7.31979e-09 -3.03458e-09 -1.20451e-20 -5.60964e-21 1.30178e-10 1.15185e-08 -2.34075e-21 -7.23846e-21
852 0.7 350 0 -1.42908e-08 4.74041e-09 1.18268e-20 -5.4179e-21 -6.67042e-09 -3.02933e-09 -1.10521e-20 -3.22639e-21 -9.10284e-10 1.12896e-08 -1.33424e-21 -1.04459e-20
852 0.71 350 0 -1.53853e-08 4.85693e-09 1.41632e-20 -1.65021e-20 -6.11697e-09 -3.15022e-09 -1.11507e-20 4.88478e-21 -1.92393e-09 1.12556e-08 3.56338e-21 -1.41661e-20
852 0.72 350 0 -1.64707e-08 5.14777e-09 1.24612e-20 -2.69278e-20 -5.67857e-09 -3.38875e-09 -8.55299e-21 1.39125e-20 -2.88524e-09 1.14238e-08 5.35345e-21 -2.42169e-20
852 0.73 350 0 -1.75224e-08 5.62566e-09 1.51252e-20 -9.43025e-22 -5.3766e-09 -3.73438e-09 -1.54673e-20 -6.15677e-21 -3.76466e-09 1.18008e-08 -6.66352e-21 -7.59489e-21
852 0.74 350 0 -1.85084e-08 6.30201e-09 1.09436e-20 -2.28748e-20 -5.22952e-09 -4.17471e-09 -1.29725e-20 1.25854e-20 -4.52894e-09 1.23906e-08 -5.92318e-22 -1.78611e-20
852 0.75 350 0 -1.93996e-08 7.1848e-09 7.81991e-21 -4.88075e-21 -5.25714e-09 -4.69118e-09 -1.18268e-20 -1.67495e-21 -5.14389e-09 1.31938e-08 -6.53196e-21 -4.87744e-21
852 0.76 350 0 -2.01538e-08 8.28066e-09 1.41102e-20 -1.32587e-20 -5.47828e-09 -5.26569e-09 -1.46263e-20 4.70284e-22 -5.56791e-09 1.42083e-08 -5.91384e-21 -7.04369e-21
852 0.77 350 0 -2.07313e-08 9.59191e-09 1.0953e-20 -6.91686e-21 -5.91044e-09 -5.87306e-09 -1.41722e-20 -1.26533e-21 -5.75942e-09 1.5427e-08 -6.47702e-21 -6.46917e-21
852 0.78 350 0 -2.10827e-08 1.11167e-08 1.62211e-20 -1.35034e-20 -6.57243e-09 -6.48456e-09 -1.92582e-20 9.11093e-21 -5.66853e-09 1.68378e-08 -8.37595e-21 -1.20044e-20
852 0.79 350 0 -2.11576e-08 1.28499e-08 1.72145e-20 -7.61777e-21 -7.47734e-09 -7.06732e-09 -2.2573e-20 8.1012e-22 -5.24577e-09 1.84247e-08 -9.27698e-21 -3.68307e-21
852 0.8 350 0 -2.09122e-08 1.47912e-08 1.34827e-20 -1.16066e-20 -8.64281e-09 -7.57342e-09 -1.69657e-20 1.0574e-20 -4.44258e-09 2.01692e-08 -1.31923e-20 -9.11659e-21
852 0.81 350 0 -2.02193e-08 1.68731e-08 -6.89762e-21 -3.93741e-20 -1.00568e-08 -7.98427e-09 4.69939e-22 2.98324e-20 -3.16077e-09 2.2011e-08 -1.36345e-20 -2.10919e-20
852 0.82 350 0 -1.90383e-08 1.90772e-08 -5.7051e-21 -3.41269e-20 -1.17341e-08 -8.24183e-09 -1.49364e-22 2.72268e-20 -1.35244e-09 2.39113e-08 -1.54289e-20 -1.37848e-20
852 0.83 350 0 -1.72896e-08 2.13517e-08 7.01068e-22 -2.88236e-20 -1.36702e-08 -8.2946e-09 -9.27326e-21 2.16675e-20 1.05429e-09 2.5808e-08 -1.30797e-20 -8.96399e-21
852 0.84 350 0 -1.48834e-08 2.36231e-08 1.04297e-20 -1.50958e-20 -1.58545e-08 -8.08156e-09 -1.62262e-20 1.22822e-20 4.13896e-09 2.76151e-08 -1.50651e-20 -9.32711e-22
852 0.85 350 0 -1.17216e-08 2.57937e-08 2.58357e-21 -1.83372e-20 -1.82662e-08 -7.53924e-09 -4.08114e-21 1.8525e-20 7.98667e-09 2.92243e-08 -1.17027e-20 -3.47807e-21
852 0.86 350 0 -7.70349e-09 2.773e-08 -2.0595e-20 -3.24361e-20 -2.08698e-08 -6.59299e-09 7.06903e-21 2.91272e-20 1.2683e-08 3.04892e-08 -1.89377e-20 -4.26043e-21
852 0.87 350 0 -2.7276e-09 2.92557e-08 -1.44547e-20 -2.6881e-20 -2.36115e-08 -5.16578e-09 7.18368e-21 2.8029e-20 1.83106e-08 3.12233e-08 -1.90826e-20 -8.41417e-22
852 0.88 350 0 3.28162e-09 3.01353e-08 -1.4389e-20 -2.21758e-20 -2.64068e-08 -3.17228e-09 1.01687e-20 2.62344e-20 2.49255e-08 3.11774e-08 -1.54304e-20 1.51877e-21
852 0.89 350 0 1.04282e-08 3.00758e-08 -4.33192e-20 -2.39931e-20 -2.91449e-08 -5.23711e-10 3.47516e-20 3.07817e-20 3.25916e-08 3.00458e-08 -2.08629e-20 -1.96503e-21
852 0.9 350 0 1.88018e-08 2.86464e-08 -8.30296e-21 -2.42258e-20 -3.16739e-08 2.86229e-09 -8.28719e-22 2.86279e-20 4.13478e-08 2.73945e-08 -3.26361e-21 1.07023e-21
852 0.91 350 0 2.83092e-08 2.52781e-08 -2.65582e-20 -1.7435e-20 -3.3759e-08 7.04174e-09 2.35576e-20 2.48643e-20 5.1057e-08 2.26526e-08 -1.0925e-20 8.22411e-22
852 0.92 350 0 3.87044e-08 1.92505e-08 -4.37853e-20 -1.26842e-20 -3.50908e-08 1.20173e-08 4.15405e-20 2.18725e-20 6.14058e-08 1.51103e-08 -1.6004e-20 4.74597e-21
852 0.93 350 0 4.93968e-08 9.69836e-09 -4.93165e-20 -1.09855e-20 -3.52636e-08 1.76791e-08 5.16034e-20 1.75122e-20 7.172e-08 3.93261e-09 -1.49932e-20 9.27146e-21
852 0.94 350 0 5.9213e-08 -4.26643e-09 -4.56197e-20 -4.353e-21 -3.37842e-08 2.37068e-08 4.75014e-20 1.52703e-20 8.07267e-08 -1.17049e-08 -9.54465e-21 7.20248e-21
852 0.95 350 0 6.61461e-08 -2.31894e-08 -6.39747e-20 2.054e-20 -3.01753e-08 2.9431e-08 7.15896e-20 -8.17644e-21 8.63194e-08 -3.22292e-08 -1.0374e-20 9.99342e-21
852 0.96 350 0 6.72874e-08 -4.65054e-08 -5.4074e-20 1.90914e-20 -2.42145e-08 3.37213e-08 6.57559e-20 -1.71299e-20 8.55228e-08 -5.68931e-08 -9.83087e-21 7.71609e-21
852 0.97 350 0 5.95093e-08 -7.14239e-08 -3.98112e-20 1.32777e-20 -1.63536e-08 3.5075e-08 5.01427e-20 -1.20482e-20 7.52261e-08 -8.2687e-08 -1.84011e-21 5.46276e-21
852 0.98 350 0 4.1466e-08 -9.22684e-08 -4.92782e-20 2.79233e-20 -8.04373e-09 3.21405e-08 5.96453e-20 -2.93964e-20 5.41916e-08 -1.0379e-07 -3.88881e-21 3.84866e-21
852 0.99 350 0 1.63566e-08 -1.01582e-07 -4.70958e-20 5.20999e-20 -1.23038e-09 2.43514e-08 5.51552e-20 -6.31457e-20 2.5596e-08 -1.12878e-07 -5.07611e-21 5.35947e-21
852 1 350 0 9.41463e-12 -8.21487e-08 -2.68238e-20 -1.17798e-19 1.70682e-08 1.03338e-10 3.39128e-20 1.01445e-19 4.85103e-11 -9.85777e-08 -2.17381e-20 -1.21722e-21
852 1.01 350 0 -5.0605e-11 -9.06133e-08 -3.07341e-20 2.69353e-20 -1.6985e-08 2.78588e-11 3.8036e-20 -3.61376e-20 -3.41858e-11 -9.22457e-08 -6.39045e-21 -6.84741e-21
852 1.02 350 0 -9.75888e-11 -9.65234e-08 -3.04325e-20 5.45221e-20 -2.64552e-08 4.08499e-11 3.79731e-20 -6.57163e-20 -7.50988e-11 -9.29268e-08 -1.23822e-20 -8.95364e-21
852 1.03 350 0 -1.5073e-10 -1.06781e-07 -3.19992e-20 3.33723e-20 -3.54718e-08 6.0749e-11 4.02645e-20 -4.20242e-20 -1.18993e-10 -9.80742e-08 -9.88297e-21 -1.10977e-20
852 1.04 350 0 -2.23495e-10 -1.21935e-07 -3.56983e-20 6.43299e-20 -4.57349e-08 9.15322e-11 4.5314e-20 -7.24372e-20 -1.77087e-10 -1.07452e-07 -1.6257e-20 -1.41739e-20
852 1.05 350 0 -3.3938e-10 -1.43854e-07 -3.92828e-20 5.5044e-20 -5.87268e-08 1.43132e-10 5.14527e-20 -6.73244e-20 -2.67799e-10 -1.22176e-07 -2.01386e-20 -1.8485e-20
852 1.06 350 0 -5.35683e-10 -1.76541e-07 -4.93932e-20 6.22252e-20 -7.67396e-08 2.33872e-10 6.42824e-20 -8.82238e-20 -4.18993e-10 -1.4505e-07 -3.54891e-20 -2.41768e-20
852 1.07 350 0 -9.27113e-10 -2.28856e-07 -6.44197e-20 1.06067e-19 -1.04421e-07 4.18521e-10 8.59466e-20 -1.36594e-19 -7.17291e-10 -1.82489e-07 -5.09886e-20 -3.59699e-20
852 1.08 350 0 -1.89401e-09 -3.24162e-07 -8.18582e-20 1.01956e-19 -1.53733e-07 8.82566e-10 1.08434e-19 -1.38589e-19 -1.44732e-09 -2.51559e-07 -6.13932e-20 -4.69215e-20
852 1.09 350 0 -5.5209e-09 -5.49061e-07 -1.67288e-19 1.11752e-19 -2.68746e-07 2.65516e-09 2.26654e-19 -1.49504e-19 -4.15938e-09 -4.15668e-07 -6.42075e-20 -1.05706e-19
852 1.1 350 0 -5.37553e-08 -1.70968e-06 -4.36691e-19 4.29664e-19 -8.59183e-07 2.67724e-08 5.87388e-19 -5.6961e-19 -3.97994e-08 -1.26531e-06 -2.34879e-19 -2.8108e-19
852 1.11 350 0 -4.75447e-08 1.6061e-06 3.71835e-19 1.39059e-19 8.25385e-07 2.48062e-08 -5.04146e-19 -1.80469e-19 -3.43332e-08 1.16416e-06 -1.45525e-19 2.45688e-19
852 1.12 350 0 -5.67229e-09 5.56433e-07 1.89041e-19 -2.35281e-19 2.91524e-07 3.1929e-09 -2.59518e-19 3.2884e-19 -3.91845e-09 3.95656e-07 1.61828e-19 1.35357e-19
852 1.13 350 0 -2.0743e-09 3.40078e-07 1.28772e-19 -1.97972e-19 1.81186e-07 1.36074e-09 -1.78071e-19 2.83023e-19 -1.28799e-09 2.37569e-07 1.44936e-19 9.63237e-20
852 1.14 350 0 -1.04811e-09 2.46737e-07 1.27716e-19 -2.42105e-19 1.3337e-07 9.73924e-10 -1.77059e-19 3.47923e-19 -4.36319e-10 1.69588e-07 1.8898e-19 9.89968e-20
852 1.15 350 0 -5.80304e-10 1.94721e-07 1.25191e-19 -1.64867e-19 1.0644e-07 1.30249e-09 -1.77187e-19 2.32763e-19 3.3433e-10 1.31966e-07 1.30641e-19 1.00884e-19
852 1.16 350 0 -1.46543e-10 1.61564e-07 1.02768e-19 -2.22723e-19 8.72993e-08 7.62232e-09 -1.79617e-19 3.86328e-19 5.6562e-09 1.09531e-07 1.96283e-19 9.23528e-20
852 1.17 350 0 -7.37835e-10 1.38451e-07 -2.11809e-19 1.31983e-19 7.29066e-08 9.43282e-09 3.29842e-19 -2.14811e-19 6.52243e-09 9.48055e-08 -1.01915e-19 -1.89217e-19
852 1.18 350 0 -3.95329e-10 1.21599e-07 -9.75686e-20 1.26173e-19 6.86321e-08 1.12276e-09 1.31931e-19 -1.79309e-19 4.48323e-10 7.92141e-08 -1.10051e-19 -8.33734e-20
852 1.19 350 0 -2.91114e-10 1.0865e-07 -4.21296e-20 5.43338e-20 6.21448e-08 4.7493e-10 5.8104e-20 -8.1261e-20 5.6186e-11 6.97429e-08 -4.84084e-20 -3.69059e-20
852 1.2 350 0 -2.31422e-10 9.83976e-08 -2.62217e-20 5.11944e-20 5.68484e-08 2.86037e-10 3.52072e-20 -6.96258e-20 -2.65332e-11 6.23855e-08 -4.53633e-20 -2.28023e-20
852 1.21 350 0 -1.91268e-10 9.00722e-08 -1.61805e-20 3.69081e-20 5.25049e-08 2.01358e-10 2.30152e-20 -5.73307e-20 -4.90397e-11 5.64581e-08 -3.78422e-20 -1.49221e-20
852 1.22 350 0 -1.6217e-10 8.31708e-08 -1.10073e-20 4.25003e-21 4.8884e-08 1.54173e-10 1.64916e-20 -9.59169e-21 -5.42465e-11 5.15722e-08 -5.01512e-21 -1.0697e-20
852 1.23 350 0 -1.40046e-10 7.73511e-08 -8.67882e-21 2.0293e-20 4.58171e-08 1.2384e-10 1.21025e-20 -2.95292e-20 -5.39017e-11 4.74725e-08 -2.01874e-20 -8.19577e-21
852 1.24 350 0 -1.22716e-10 7.23722e-08 -6.53326e-21 6.54418e-21 4.31842e-08 1.03004e-10 9.16401e-21 -9.89015e-21 -5.1347e-11 4.3981e-08 -5.76318e-21 -6.24441e-21
852 1.25 350 0 -1.08738e-10 6.80597e-08 -5.17253e-21 6.46995e-21 4.08963e-08 8.75688e-11 6.94993e-21 -8.34059e-21 -4.82471e-11 4.09703e-08 -5.10923e-21 -4.9126e-21
852 1.26 350 0 -9.72758e-11 6.42844e-08 -4.21776e-21 5.59215e-21 3.88875e-08 7.58448e-11 6.20427e-21 -8.23576e-21 -4.4983e-11 3.83457e-08 -4.81716e-21 -4.31724e-21
852 1.27 350 0 -8.76545e-11 6.09483e-08 -3.33541e-21 2.81037e-21 3.71074e-08 6.64678e-11 4.55341e-21 -5.48177e-21 -4.19077e-11 3.60364e-08 -3.1434e-21 -3.24357e-21
852 1.28 350 0 -7.93819e-11 5.7976e-08 -2.7797e-21 6.96046e-21 3.55168e-08 5.86392e-11 3.84552e-21 -1.0558e-20 -3.91176e-11 3.39875e-08 -7.32987e-21 -2.7742e-21
852 1.29 350 0 -7.22709e-11 5.53084e-08 -2.25193e-21 7.62287e-21 3.40856e-08 5.22175e-11 2.96444e-21 -1.04327e-20 -3.64829e-11 3.21562e-08 -7.32524e-21 -2.18392e-21
852 1.3 350 0 -6.58539e-11 5.28985e-08 -1.92498e-21 1.59658e-21 3.27889e-08 4.64387e-11 2.70362e-21 -2.74149e-21 -3.41368e-11 3.05087e-08 -1.41574e-21 -1.97206e-21
852 1.31 350 0 -5.99801e-11 5.07083e-08 -1.66707e-21 5.88339e-21 3.16072e-08 4.12167e-11 2.39883e-21 -7.21554e-21 -3.19638e-11 2.90178e-08 -5.0033e-21 -1.75041e-21
852 1.32 350 0 -5.36461e-11 4.87062e-08 -1.35561e-21 1.02649e-21 3.05228e-08 3.52041e-11 1.78923e-21 -1.26747e-21 -3.00338e-11 2.76617e-08 -5.98885e-22 -1.33475e-21
852 1.33 350 0 -5.01034e-11 4.68702e-08 -1.14124e-21 2.93045e-21 2.95277e-08 3.30219e-11 1.49416e-21 -3.98531e-21 -2.78164e-11 2.6421e-08 -2.83254e-21 -1.13701e-21
852 1.34 350 0 -4.69682e-11 4.51776e-08 -1.00422e-21 2.82526e-21 2.8608e-08 3.10742e-11 1.34075e-21 -3.69977e-21 -2.58745e-11 2.52818e-08 -2.32917e-21 -1.01416e-21
852 1.35 350 0 -4.41777e-11 4.36108e-08 -8.1493e-22 2.20157e-21 2.77543e-08 2.93303e-11 1.03271e-21 -3.63706e-21 -2.41603e-11 2.42315e-08 -2.71889e-21 -7.92501e-22
852 1.36 350 0 -4.16811e-11 4.21552e-08 -7.19862e-22 1.95808e-21 2.6959e-08 2.77639e-11 9.27278e-22 -2.53351e-21 -2.26365e-11 2.32596e-08 -1.83953e-21 -7.18875e-22
852 1.37 350 0 -3.94366e-11 4.07983e-08 -5.91471e-22 1.8497e-21 2.62156e-08 2.63519e-11 7.11707e-22 -2.78725e-21 -2.12735e-11 2.23571e-08 -2.01093e-21 -5.57174e-22
852 1.38 350 0 -3.74099e-11 3.95294e-08 -5.29472e-22 2.46814e-21 2.55184e-08 2.50749e-11 6.78192e-22 -3.49723e-21 -2.00476e-11 2.15165e-08 -2.6848e-21 -5.28993e-22
852 1.39 350 0 -3.55722e-11 3.83394e-08 -5.04364e-22 2.51216e-21 2.48627e-08 2.39158e-11 6.95701e-22 -3.06141e-21 -1.89397e-11 2.07313e-08 -2.19616e-21 -5.40702e-22
852 1.4 350 0 -3.38994e-11 3.72203e-08 -3.20912e-22 9.63109e-22 2.42442e-08 2.28604e-11 3.34735e-22 -1.58398e-21 -1.79337e-11 1.99958e-08 -1.18646e-21 -2.69815e-22
852 1.41 350 0 -3.23712e-11 3.61654e-08 -2.97245e-22 1.63754e-21 2.36593e-08 2.18962e-11 3.55108e-22 -2.05832e-21 -1.70167e-11 1.93052e-08 -1.33866e-21 -2.80465e-22
852 1.42 350 0 -3.09704e-11 3.51685e-08 -2.07691e-22 3.24237e-21 2.3105e-08 2.10127e-11 2.08762e-22 -3.02276e-21 -1.61775e-11 1.86553e-08 -2.15275e-21 -1.69961e-22
852 1.43 350 0 -2.96823e-11 3.42245e-08 -1.39451e-22 2.07796e-21 2.25784e-08 2.0201e-11 1.33558e-22 -1.73199e-21 -1.54068e-11 1.80423e-08 -1.03899e-21 -1.05912e-22
852 1.44 350 0 -2.84946e-11 3.33288e-08 -1.27788e-22 1.85984e-21 2.20771e-08 1.94533e-11 1.47601e-22 -2.26327e-21 -1.46964e-11 1.74629e-08 -1.61597e-21 -1.18959e-22
852 1.45 350 0 -2.73968e-11 3.24772e-08 -7.24739e-24 2.03409e-21 2.15989e-08 1.87636e-11 6.86065e-24 -1.88276e-21 -1.40395e-11 1.69144e-08 -1.27964e-21 -5.73217e-24
