852 0 280 0 0 0 0 0 -7.04322e-08 -6.14194e-08 3.64461e-21 -4.53963e-21 5.50108e-08 8.41355e-08 0 0
852 0.01 280 0 -2.14799e-10 1.48095e-09 -3.83582e-23 2.66043e-22 -7.0432e-08 -6.13859e-08 -1.15629e-20 -3.46644e-20 5.50179e-08 8.41141e-08 1.86107e-24 -2.04745e-22
852 0.02 280 0 -4.28694e-10 2.96047e-09 2.15221e-22 5.22474e-22 -7.04315e-08 -6.12855e-08 1.76677e-21 -1.55584e-20 5.50389e-08 8.40497e-08 8.45843e-23 -7.67202e-23
852 0.03 280 0 -6.40792e-10 4.43712e-09 7.50675e-24 8.89097e-22 -7.04305e-08 -6.11176e-08 -8.21395e-21 -1.93054e-20 5.50741e-08 8.39419e-08 3.47608e-23 -4.64619e-22
852 0.04 280 0 -8.502e-10 5.90943e-09 4.27078e-22 1.48222e-21 -7.04285e-08 -6.08835e-08 -8.14198e-21 -2.85873e-20 5.51227e-08 8.37915e-08 -3.78954e-22 -4.82338e-22
852 0.05 280 0 -1.05605e-09 7.37595e-09 -2.96577e-22 1.40364e-21 -7.04251e-08 -6.05826e-08 -3.26522e-21 -3.02599e-20 5.51847e-08 8.3598e-08 1.84226e-22 -1.02156e-21
852 0.06 280 0 -1.25751e-09 8.83521e-09 9.25451e-22 1.65771e-21 -7.04199e-08 -6.02151e-08 -1.86076e-21 -2.41442e-20 5.52598e-08 8.33611e-08 9.52622e-22 -6.50414e-22
852 0.07 280 0 -1.45374e-09 1.02857e-08 6.78347e-22 2.06203e-21 -7.0412e-08 -5.9781e-08 -1.90066e-21 -2.25866e-20 5.53473e-08 8.30807e-08 1.74592e-22 -1.04745e-21
852 0.08 280 0 -1.64399e-09 1.1726e-08 4.80577e-22 2.38432e-21 -7.04007e-08 -5.92805e-08 -5.51671e-21 -2.78707e-20 5.54468e-08 8.27566e-08 5.30337e-22 -1.22697e-21
852 0.09 280 0 -1.8275e-09 1.31545e-08 1.16914e-21 2.97241e-21 -7.0385e-08 -5.87138e-08 -8.67874e-21 -2.70471e-20 5.55576e-08 8.23884e-08 -9.54727e-23 -1.42087e-21
852 0.1 280 0 -2.00361e-09 1.45698e-08 1.2167e-21 2.75238e-21 -7.03639e-08 -5.80812e-08 -4.53469e-21 -2.16654e-20 5.5679e-08 8.1976e-08 6.16756e-22 -1.13317e-21
852 0.11 280 0 -2.17166e-09 1.59701e-08 2.11288e-22 2.86496e-21 -7.0336e-08 -5.7383e-08 -5.96216e-22 -2.68047e-20 5.58101e-08 8.15191e-08 4.43531e-23 -1.741e-21
852 0.12 280 0 -2.3311e-09 1.73541e-08 2.05096e-21 2.23849e-21 -7.03001e-08 -5.66193e-08 3.64798e-21 -1.90312e-20 5.595e-08 8.10172e-08 2.78244e-21 -9.08905e-22
852 0.13 280 0 -2.48142e-09 1.872e-08 7.75209e-23 3.76927e-21 -7.02548e-08 -5.57907e-08 1.69217e-22 -2.64097e-20 5.60977e-08 8.04702e-08 -1.70873e-22 -2.49248e-21
852 0.14 280 0 -2.62213e-09 2.00663e-08 1.02532e-21 4.3852e-21 -7.02003e-08 -5.48967e-08 -2.18738e-21 -2.47807e-20 5.62522e-08 7.98767e-08 1.49891e-21 -1.78096e-21
852 0.15 280 0 -2.75304e-09 2.13913e-08 8.19353e-22 3.12698e-21 -7.01312e-08 -5.39395e-08 6.77516e-21 -2.22678e-20 5.64118e-08 7.92382e-08 1.85159e-21 -2.86206e-21
852 0.16 280 0 -2.87382e-09 2.26932e-08 2.96482e-22 3.47285e-21 -7.00476e-08 -5.29189e-08 1.10836e-22 -2.56545e-20 5.65755e-08 7.85536e-08 4.3583e-22 -2.18276e-21
852 0.17 280 0 -2.98433e-09 2.39705e-08 1.20907e-21 5.77064e-21 -6.99475e-08 -5.18356e-08 -2.62924e-21 -2.73399e-20 5.67417e-08 7.78224e-08 -1.26472e-22 -2.65265e-21
852 0.18 280 0 -3.08453e-09 2.52213e-08 2.52148e-21 6.54155e-21 -6.9829e-08 -5.06903e-08 -6.05061e-21 -2.63829e-20 5.6909e-08 7.70444e-08 7.21002e-22 -2.43332e-21
852 0.19 280 0 -3.17449e-09 2.64442e-08 1.8246e-21 4.15895e-21 -6.96901e-08 -4.94832e-08 2.20709e-21 -2.15131e-20 5.70758e-08 7.62187e-08 2.00904e-21 -2.93352e-21
852 0.2 280 0 -3.2543e-09 2.76369e-08 5.37689e-22 4.99678e-21 -6.953e-08 -4.82163e-08 3.02433e-21 -2.64358e-20 5.724e-08 7.53457e-08 6.85526e-23 -3.59143e-21
852 0.21 280 0 -3.32496e-09 2.8798e-08 3.03261e-21 4.32135e-21 -6.93425e-08 -4.68918e-08 6.81119e-22 -2.08152e-20 5.73985e-08 7.44261e-08 4.25808e-21 -2.63564e-21
852 0.22 280 0 -3.38598e-09 2.99257e-08 3.21537e-22 6.21584e-21 -6.91281e-08 -4.55085e-08 -1.62553e-21 -2.81461e-20 5.7552e-08 7.34581e-08 -2.6572e-21 -4.78597e-21
852 0.23 280 0 -3.43836e-09 3.10186e-08 4.60308e-21 5.83376e-21 -6.88838e-08 -4.4068e-08 -2.19048e-22 -1.93874e-20 5.76972e-08 7.24417e-08 4.0692e-21 -1.90445e-21
852 0.24 280 0 -3.48277e-09 3.20743e-08 3.20767e-21 4.7626e-21 -6.86086e-08 -4.25732e-08 6.40096e-22 -2.33312e-20 5.78315e-08 7.13773e-08 2.29892e-21 -3.93032e-21
852 0.25 280 0 -3.52045e-09 3.30914e-08 2.99772e-21 5.35101e-21 -6.82966e-08 -4.10256e-08 2.4926e-21 -2.52738e-20 5.79526e-08 7.02655e-08 2.79985e-21 -4.04395e-21
852 0.26 280 0 -3.55229e-09 3.40684e-08 1.56242e-21 8.01285e-21 -6.79469e-08 -3.94259e-08 -3.73228e-21 -2.75179e-20 5.80582e-08 6.91053e-08 -8.27896e-22 -3.47588e-21
852 0.27 280 0 -3.5797e-09 3.50033e-08 5.79505e-21 4.50051e-21 -6.75567e-08 -3.77778e-08 -1.974e-21 -2.02365e-20 5.81455e-08 6.78981e-08 3.63633e-21 -4.09515e-21
852 0.28 280 0 -3.60393e-09 3.58946e-08 2.99571e-21 7.89796e-21 -6.71251e-08 -3.60827e-08 -5.80312e-21 -2.37485e-20 5.82118e-08 6.66433e-08 1.53668e-21 -2.49979e-21
852 0.29 280 0 -3.62692e-09 3.67411e-08 6.60775e-24 7.50094e-21 -6.6646e-08 -3.43427e-08 -4.54898e-22 -2.62401e-20 5.82545e-08 6.53416e-08 -1.06343e-21 -5.45223e-21
852 0.3 280 0 -3.65055e-09 3.75408e-08 2.9308e-22 1.02087e-20 -6.61183e-08 -3.25618e-08 -2.89243e-21 -2.90896e-20 5.82702e-08 6.39944e-08 -2.76745e-21 -5.34472e-21
852 0.31 280 0 -3.67657e-09 3.82927e-08 4.98805e-21 5.29142e-21 -6.55412e-08 -3.0742e-08 1.516e-21 -2.07538e-20 5.82562e-08 6.26016e-08 5.26661e-21 -5.72712e-21
852 0.32 280 0 -3.70828e-09 3.89956e-08 3.43104e-21 7.41513e-21 -6.49083e-08 -2.88872e-08 8.48028e-22 -2.4125e-20 5.82081e-08 6.11651e-08 1.04438e-21 -6.04454e-21
852 0.33 280 0 -3.74686e-09 3.96483e-08 3.76323e-21 4.14878e-21 -6.42194e-08 -2.70001e-08 1.55824e-21 -1.93842e-20 5.8125e-08 5.96854e-08 3.48365e-21 -6.35681e-21
852 0.34 280 0 -3.79508e-09 4.02502e-08 2.99122e-21 5.41447e-21 -6.34734e-08 -2.50837e-08 1.47008e-21 -1.92751e-20 5.80026e-08 5.81632e-08 3.09953e-21 -5.83244e-21
852 0.35 280 0 -3.85672e-09 4.08002e-08 4.5325e-21 6.47278e-21 -6.26648e-08 -2.3144e-08 -1.56531e-21 -2.30594e-20 5.78371e-08 5.66021e-08 1.97291e-21 -6.42363e-21
852 0.36 280 0 -3.93395e-09 4.12981e-08 1.64126e-21 1.06278e-20 -6.17946e-08 -2.11832e-08 -2.22495e-21 -2.44008e-20 5.76256e-08 5.50021e-08 -2.72433e-21 -5.80362e-21
852 0.37 280 0 -4.03107e-09 4.17433e-08 5.65639e-21 2.92525e-22 -6.08577e-08 -1.92078e-08 6.35613e-21 -1.53396e-20 5.73642e-08 5.33673e-08 7.85153e-21 -7.75032e-21
852 0.38 280 0 -4.15048e-09 4.21363e-08 1.73319e-21 1.59346e-20 -5.98554e-08 -1.72206e-08 -6.46234e-21 -3.10301e-20 5.70498e-08 5.16983e-08 -8.13572e-21 -4.82351e-21
852 0.39 280 0 -4.29699e-09 4.24768e-08 1.30166e-21 1.03696e-20 -5.87834e-08 -1.52286e-08 -1.53235e-21 -2.39983e-20 5.66787e-08 4.99999e-08 -1.36122e-21 -8.14469e-21
852 0.4 280 0 -4.47406e-09 4.2766e-08 2.75588e-21 9.28637e-21 -5.76432e-08 -1.32362e-08 -5.1021e-21 -2.46876e-20 5.62467e-08 4.82741e-08 -5.82322e-21 -6.67064e-21
852 0.41 280 0 -4.68489e-09 4.30047e-08 3.68729e-21 9.74751e-21 -5.64311e-08 -1.12479e-08 1.49668e-22 -2.07984e-20 5.57525e-08 4.65242e-08 2.96814e-22 -7.5398e-21
852 0.42 280 0 -4.93399e-09 4.31942e-08 8.3002e-21 3.11611e-21 -5.51498e-08 -9.27136e-09 2.81593e-21 -1.87293e-20 5.51917e-08 4.47549e-08 7.16245e-21 -9.00155e-21
852 0.43 280 0 -5.22561e-09 4.33365e-08 9.39224e-21 5.02228e-21 -5.37957e-08 -7.31077e-09 -1.46412e-21 -1.83372e-20 5.45612e-08 4.29697e-08 8.15362e-21 -9.05302e-21
852 0.44 280 0 -5.56341e-09 4.34339e-08 2.72708e-21 7.55094e-21 -5.23724e-08 -5.37318e-09 -5.72403e-21 -2.45481e-20 5.38584e-08 4.11734e-08 -2.2907e-21 -6.73153e-21
852 0.45 280 0 -5.95202e-09 4.34891e-08 4.4706e-21 1.25091e-20 -5.08792e-08 -3.46502e-09 -2.61867e-21 -2.75465e-20 5.30804e-08 3.93715e-08 -4.89916e-21 -8.31337e-21
852 0.46 280 0 -6.39756e-09 4.35051e-08 8.58403e-21 9.25609e-21 -4.93165e-08 -1.59468e-09 -1.08979e-20 -2.34239e-20 5.22235e-08 3.7571e-08 -4.45122e-22 -9.7198e-21
852 0.47 280 0 -6.90024e-09 4.34864e-08 1.00921e-20 1.02243e-21 -4.76882e-08 2.35156e-10 1.96483e-21 -1.27522e-20 5.12881e-08 3.57745e-08 9.04025e-21 -1.32631e-20
852 0.48 280 0 -7.46591e-09 4.34369e-08 9.69374e-21 4.28823e-21 -4.59956e-08 2.01588e-09 -6.32095e-21 -1.97881e-20 5.02712e-08 3.39901e-08 4.56688e-21 -1.09639e-20
852 0.49 280 0 -8.0989e-09 4.33615e-08 6.37467e-21 1.27615e-20 -4.42404e-08 3.74095e-09 -8.13482e-21 -2.82223e-20 4.91712e-08 3.22246e-08 -5.34009e-21 -8.82643e-21
852 0.5 280 0 -8.80146e-09 4.32662e-08 3.65094e-21 -1.50031e-21 -4.24294e-08 5.40369e-09 1.23779e-21 -1.36073e-20 4.79879e-08 3.04849e-08 6.39342e-21 -1.26066e-20
852 0.51 280 0 -9.57728e-09 4.3157e-08 6.70061e-21 1.47134e-20 -4.05655e-08 6.9977e-09 -7.02858e-21 -2.56202e-20 4.67206e-08 2.87786e-08 -1.00557e-20 -5.73722e-21
852 0.52 280 0 -1.04301e-08 4.3041e-08 1.04973e-20 -3.5402e-22 -3.86543e-08 8.51598e-09 -7.86868e-21 -1.70639e-20 4.5369e-08 2.71143e-08 7.29379e-21 -1.7423e-20
852 0.53 280 0 -1.136e-08 4.29251e-08 1.45701e-20 2.92952e-21 -3.67009e-08 9.95403e-09 -8.41033e-21 -1.81334e-20 4.39357e-08 2.54989e-08 2.19231e-21 -1.34184e-20
852 0.54 280 0 -1.23695e-08 4.28177e-08 1.50136e-20 4.65602e-21 -3.47123e-08 1.13054e-08 -1.22164e-20 -1.79866e-20 4.24216e-08 2.39416e-08 1.06392e-21 -1.67623e-20
852 0.55 280 0 -1.34595e-08 4.27273e-08 4.12269e-21 1.49748e-20 -3.26957e-08 1.2565e-08 -3.82708e-21 -3.09611e-20 4.08294e-08 2.24511e-08 -1.33228e-20 -5.991e-21
852 0.56 280 0 -1.46305e-08 4.26633e-08 1.20929e-20 2.34013e-21 -3.0659e-08 1.37283e-08 -9.02578e-21 -1.75074e-20 3.91617e-08 2.10361e-08 -1.37205e-21 -1.32401e-20
852 0.57 280 0 -1.58806e-08 4.26351e-08 1.39709e-20 7.53942e-21 -2.86117e-08 1.47905e-08 -1.26897e-20 -2.19006e-20 3.74247e-08 1.97063e-08 -6.45323e-21 -1.04821e-20
852 0.58 280 0 -1.72085e-08 4.2653e-08 1.42099e-20 1.43394e-21 -2.65628e-08 1.57486e-08 -1.05949e-20 -1.46841e-20 3.56231e-08 1.84704e-08 -1.02016e-22 -1.4759e-20
852 0.59 280 0 -1.86103e-08 4.27273e-08 1.0013e-20 -6.74418e-21 -2.45214e-08 1.66007e-08 -7.36061e-21 -1.09438e-20 3.37633e-08 1.73367e-08 2.31932e-21 -1.98507e-20
852 0.6 280 0 -2.00841e-08 4.28697e-08 1.57851e-20 4.00386e-21 -2.25011e-08 1.73433e-08 -1.24922e-20 -1.89392e-20 3.18529e-08 1.63167e-08 -3.66833e-21 -1.56886e-20
852 0.61 280 0 -2.16196e-08 4.30903e-08 1.20629e-20 -2.79427e-21 -2.05109e-08 1.79773e-08 -1.13525e-20 -1.09158e-20 2.99025e-08 1.54161e-08 -2.78045e-21 -1.7757e-20
852 0.62 280 0 -2.32137e-08 4.34001e-08 1.12028e-20 -4.07547e-21 -1.85617e-08 1.85026e-08 -1.20301e-20 -1.25698e-20 2.79207e-08 1.4645e-08 -3.22406e-21 -1.65719e-20
852 0.63 280 0 -2.48551e-08 4.38111e-08 9.90584e-21 -8.60384e-21 -1.66684e-08 1.89201e-08 -9.12506e-21 -4.73512e-21 2.59208e-08 1.40112e-08 -4.08997e-22 -2.51217e-20
852 0.64 280 0 -2.65368e-08 4.4334e-08 1.70763e-20 2.99618e-21 -1.48415e-08 1.92333e-08 -1.61192e-20 -1.31468e-20 2.39139e-08 1.35227e-08 -9.86657e-21 -1.48877e-20
852 0.65 280 0 -2.82418e-08 4.4979e-08 1.25238e-20 1.09558e-20 -1.30949e-08 1.94455e-08 -1.77361e-20 -1.98392e-20 2.19176e-08 1.31852e-08 -1.46445e-20 -6.47341e-21
852 0.66 280 0 -2.9958e-08 4.57564e-08 4.97028e-21 -1.09596e-20 -1.14409e-08 1.95628e-08 -3.70072e-21 -1.91054e-21 1.99469e-08 1.30049e-08 -5.12971e-21 -1.96209e-20
852 0.67 280 0 -3.16711e-08 4.66754e-08 1.3596e-20 -3.23686e-22 -9.88996e-09 1.9593e-08 -1.25478e-20 -5.16229e-21 1.80174e-08 1.29861e-08 -1.24708e-20 -1.74355e-20
852 0.68 280 0 -3.33584e-08 4.77447e-08 1.99722e-20 -9.10641e-21 -8.45901e-09 1.95433e-08 -2.5496e-20 -8.47483e-21 1.61532e-08 1.31329e-08 -1.19313e-20 -1.94793e-20
852 0.69 280 0 -3.4999e-08 4.89708e-08 2.02252e-20 5.40071e-21 -7.15791e-09 1.94241e-08 -2.23911e-20 -1.21394e-20 1.4374e-08 1.34462e-08 -1.39823e-20 -5.17228e-21
852 0.7 280 0 -3.65743e-08 5.03602e-08 6.96074e-21 -3.49401e-21 -5.99791e-09 1.9249e-08 -1.33724e-20 -1.00875e-20 1.27008e-08 1.3927e-08 -1.41391e-20 -1.29376e-20
852 0.71 280 0 -3.80549e-08 5.19157e-08 -3.19651e-21 -1.75497e-20 -4.99029e-09 1.90302e-08 -3.84114e-21 -1.25709e-21 1.11608e-08 1.4573e-08 -1.12909e-20 -2.08958e-20
852 0.72 280 0 -3.94114e-08 5.36391e-08 -1.37306e-20 -2.47122e-20 -4.14572e-09 1.87829e-08 9.15069e-21 4.33729e-21 9.78098e-09 1.53799e-08 -1.76335e-20 -3.37687e-20
852 0.73 280 0 -4.06153e-08 5.55305e-08 2.13187e-20 -4.39142e-22 -3.47394e-09 1.85261e-08 -2.80294e-20 -9.40954e-21 8.58952e-09 1.63413e-08 -1.89847e-20 -2.86075e-21
852 0.74 280 0 -4.16308e-08 5.75845e-08 -9.8702e-21 -2.03195e-20 -2.98108e-09 1.82773e-08 -3.62547e-21 9.37542e-21 7.61776e-09 1.74472e-08 -1.8357e-20 -2.11512e-20
852 0.75 280 0 -4.24223e-08 5.97952e-08 3.95713e-21 1.16264e-21 -2.67536e-09 1.80599e-08 -1.36996e-20 -9.79403e-21 6.89904e-09 1.86844e-08 -1.58576e-20 -1.19561e-21
852 0.76 280 0 -4.29459e-08 6.21493e-08 7.64695e-21 -1.4545e-20 -2.56119e-09 1.78948e-08 -1.646e-20 -3.77193e-21 6.47107e-09 2.00351e-08 -1.75326e-20 -3.94632e-21
852 0.77 280 0 -4.31607e-08 6.46324e-08 9.44534e-21 -3.43617e-21 -2.64007e-09 1.78087e-08 -1.87085e-20 -6.3537e-21 6.36967e-09 2.14784e-08 -1.70784e-20 -3.25263e-21
852 0.78 280 0 -4.30179e-08 6.72224e-08 2.12484e-20 -1.53272e-20 -2.91366e-09 1.78312e-08 -2.66879e-20 1.05104e-20 6.63802e-09 2.29854e-08 -2.20134e-20 -4.82262e-21
852 0.79 280 0 -4.24656e-08 6.98941e-08 2.20235e-20 -1.00133e-20 -3.3783e-09 1.79921e-08 -3.74537e-20 4.30283e-21 7.32029e-09 2.45251e-08 -1.89076e-20 4.8153e-21
852 0.8 280 0 -4.14557e-08 7.26409e-08 1.90102e-20 -1.14973e-20 -4.02618e-09 1.83382e-08 -2.51906e-20 1.25292e-20 8.45873e-09 2.60729e-08 -2.60878e-20 1.59393e-21
852 0.81 280 0 -3.98947e-08 7.53122e-08 -4.04009e-20 -2.50424e-20 -4.84014e-09 1.88701e-08 2.49626e-20 1.86444e-20 1.01248e-08 2.751e-08 -3.43423e-20 -1.738e-20
852 0.82 280 0 -3.77446e-08 7.78978e-08 -2.7729e-20 -2.31052e-20 -5.80697e-09 1.96402e-08 1.695e-20 1.83239e-20 1.2353e-08 2.88031e-08 -3.08806e-20 -5.12632e-21
852 0.83 280 0 -3.49392e-08 8.0315e-08 -1.48127e-20 -2.09915e-20 -6.90419e-09 2.0684e-08 -3.65035e-21 1.79848e-20 1.51976e-08 2.98682e-08 -2.54945e-20 5.03598e-22
852 0.84 280 0 -3.1422e-08 8.2462e-08 1.54931e-20 -1.63237e-20 -8.09745e-09 2.20422e-08 -2.47814e-20 1.33233e-20 1.87043e-08 3.05992e-08 -2.21632e-20 1.21609e-20
852 0.85 280 0 -2.71198e-08 8.42197e-08 -1.99177e-21 -1.36181e-20 -9.34469e-09 2.3756e-08 1.05468e-21 1.38951e-20 2.29278e-08 3.08743e-08 -1.91757e-20 4.15314e-21
852 0.86 280 0 -2.19001e-08 8.54294e-08 -4.53502e-20 -1.29639e-20 -1.0594e-08 2.58772e-08 2.17973e-20 1.9479e-20 2.79603e-08 3.05349e-08 -2.82298e-20 7.40482e-21
852 0.87 280 0 -1.57251e-08 8.5866e-08 -2.37078e-20 -1.53487e-20 -1.17729e-08 2.84377e-08 1.48572e-20 2.09992e-20 3.38294e-08 2.93599e-08 -2.53945e-20 1.34107e-20
852 0.88 280 0 -8.54235e-09 8.52567e-08 -2.76934e-20 -7.49475e-21 -1.27823e-08 3.14756e-08 2.3715e-20 1.59776e-20 4.0558e-08 2.70784e-08 -2.08226e-20 1.16251e-20
852 0.89 280 0 -3.30274e-10 8.32469e-08 -6.81217e-20 1.14575e-20 -1.34957e-08 3.50157e-08 5.83467e-20 6.85499e-21 4.81322e-08 2.33432e-08 -2.89812e-20 8.4622e-21
852 0.9 280 0 8.86549e-09 7.93806e-08 -2.39841e-20 -1.34229e-20 -1.37467e-08 3.906e-08 1.02469e-20 2.76403e-20 5.64626e-08 1.77105e-08 -5.12979e-21 3.09619e-21
852 0.91 280 0 1.8869e-08 7.30833e-08 -4.15035e-20 4.46292e-21 -1.33115e-08 4.35678e-08 4.09455e-20 8.80112e-21 6.53166e-08 9.62444e-09 -1.53527e-20 5.11645e-21
852 0.92 280 0 2.92843e-08 6.36545e-08 -5.79013e-20 1.65437e-20 -1.19127e-08 4.84157e-08 5.72412e-20 -1.40776e-22 7.42291e-08 -1.58014e-09 -1.88004e-20 1.34748e-20
852 0.93 280 0 3.93383e-08 5.03191e-08 -5.85104e-20 1.6046e-20 -9.22014e-09 5.33386e-08 6.64429e-20 -8.35658e-21 8.23431e-08 -1.66197e-08 -1.44553e-20 2.01636e-20
852 0.94 280 0 4.76671e-08 3.24056e-08 -5.67022e-20 2.54145e-20 -4.88817e-09 5.78387e-08 6.4143e-20 -8.36639e-21 8.81968e-08 -3.60699e-08 -9.55967e-21 1.29064e-20
852 0.95 280 0 5.21471e-08 9.77387e-09 -7.85396e-20 7.09551e-20 1.30194e-09 6.10834e-08 9.39486e-20 -4.9664e-20 8.95742e-08 -5.99213e-08 -1.15235e-20 1.43246e-20
852 0.96 280 0 5.00076e-08 -1.63784e-08 -5.9896e-20 5.34877e-20 9.18911e-09 6.18675e-08 7.88272e-20 -5.44036e-20 8.36449e-08 -8.67719e-08 -1.09142e-20 1.1594e-20
852 0.97 280 0 3.8804e-08 -4.25138e-08 -4.7888e-20 3.90244e-20 1.78805e-08 5.88114e-08 6.46997e-20 -3.85971e-20 6.79705e-08 -1.12871e-07 -2.46259e-21 5.26284e-21
852 0.98 280 0 1.86911e-08 -6.24802e-08 -5.5451e-20 5.85257e-20 2.56586e-08 5.09056e-08 7.10272e-20 -5.92261e-20 4.27237e-08 -1.31976e-07 -6.29342e-21 2.65384e-21
852 0.99 280 0 -4.68075e-09 -6.90537e-08 -3.66207e-20 7.45139e-20 3.08682e-08 3.77471e-08 4.68216e-20 -8.92375e-20 1.31744e-08 -1.37139e-07 -4.30622e-21 6.06221e-21
852 1 280 0 -1.08282e-10 -3.20852e-08 -3.56373e-20 3.36324e-20 5.5243e-08 1.71484e-10 4.80815e-20 -8.99009e-20 2.87078e-12 -1.09339e-07 -4.5717e-20 -4.42971e-21
852 1.01 280 0 -1.27833e-10 -7.83176e-08 -4.11931e-20 3.41106e-20 -1.81023e-09 6.27223e-11 5.62833e-20 -4.85818e-20 -6.38671e-11 -1.25399e-07 -1.25386e-20 -1.28443e-20
852 1.02 280 0 -2.075e-10 -9.94753e-08 -4.32619e-20 9.55808e-20 -2.0793e-08 8.69205e-11 5.96391e-20 -1.13622e-19 -1.30984e-10 -1.34713e-07 -2.20061e-20 -1.69091e-20
852 1.03 280 0 -3.05163e-10 -1.26679e-07 -4.75464e-20 5.91346e-20 -3.97436e-08 1.24856e-10 6.59735e-20 -7.30204e-20 -2.0842e-10 -1.4986e-07 -1.99221e-20 -2.10714e-20
852 1.04 280 0 -4.45168e-10 -1.62852e-07 -5.5765e-20 1.21894e-19 -6.17993e-08 1.85277e-10 7.79146e-20 -1.28995e-19 -3.15126e-10 -1.72038e-07 -2.71166e-20 -2.7591e-20
852 1.05 280 0 -6.74337e-10 -2.12729e-07 -6.27321e-20 9.974e-20 -9.00423e-08 2.89141e-10 9.15643e-20 -1.19553e-19 -4.85523e-10 -2.04163e-07 -3.60338e-20 -3.70799e-20
852 1.06 280 0 -1.07173e-09 -2.85333e-07 -8.2007e-20 1.0692e-19 -1.29457e-07 4.75866e-10 1.1734e-19 -1.67582e-19 -7.75242e-10 -2.52247e-07 -7.58349e-20 -4.84154e-20
852 1.07 280 0 -1.87782e-09 -4.00079e-07 -1.09794e-19 1.93258e-19 -1.90278e-07 8.62933e-10 1.62143e-19 -2.54638e-19 -1.35485e-09 -3.2949e-07 -9.48508e-20 -7.37195e-20
852 1.08 280 0 -3.89914e-09 -6.07763e-07 -1.43467e-19 1.8383e-19 -2.98924e-07 1.85157e-09 2.08664e-19 -2.6789e-19 -2.79102e-09 -4.70639e-07 -1.3132e-19 -9.68985e-20
852 1.09 280 0 -1.15873e-08 -1.09632e-06 -3.02568e-19 2.09016e-19 -5.52791e-07 5.68327e-09 4.50493e-19 -2.87964e-19 -8.1882e-09 -8.0444e-07 -1.36549e-19 -2.22567e-19
852 1.1 280 0 -1.15305e-07 -3.61445e-06 -8.06012e-19 7.75992e-19 -1.85749e-06 5.85539e-08 1.18591e-18 -1.08007e-18 -7.99778e-08 -2.52924e-06 -4.39569e-19 -5.97913e-19
852 1.11 280 0 -1.04433e-07 3.57759e-06 6.84538e-19 4.11872e-19 1.8662e-06 5.54458e-08 -1.01845e-18 -5.2892e-19 -7.04023e-08 2.40036e-06 -3.65986e-19 5.18607e-19
852 1.12 280 0 -1.278e-08 1.30046e-06 3.63544e-19 -4.29039e-19 6.86599e-07 7.27962e-09 -5.44069e-19 6.55891e-19 -8.19209e-09 8.40469e-07 3.34184e-19 2.93256e-19
852 1.13 280 0 -4.80187e-09 8.30961e-07 2.51904e-19 -3.69995e-19 4.43082e-07 3.14539e-09 -3.79403e-19 5.82863e-19 -2.73739e-09 5.19351e-07 3.05733e-19 2.10941e-19
852 1.14 280 0 -2.49864e-09 6.28377e-07 2.53638e-19 -4.73622e-19 3.37764e-07 2.25246e-09 -3.8242e-19 7.42947e-19 -9.26451e-10 3.81156e-07 4.1309e-19 2.18098e-19
852 1.15 280 0 -1.43363e-09 5.15491e-07 2.43126e-19 -3.16966e-19 2.7861e-07 2.96207e-09 -3.80116e-19 4.76928e-19 8.0625e-10 3.04655e-07 2.7761e-19 2.18013e-19
852 1.16 280 0 -4.22095e-10 4.43567e-07 1.61175e-19 -3.53098e-19 2.36614e-07 1.71201e-08 -3.73349e-19 7.84322e-19 1.3316e-08 2.59481e-07 3.76007e-19 1.77696e-19
852 1.17 280 0 -1.83443e-09 3.93443e-07 -4.65569e-19 2.43641e-19 2.04896e-07 2.15904e-08 7.9817e-19 -4.27169e-19 1.56488e-08 2.30238e-07 -1.68852e-19 -4.59309e-19
852 1.18 280 0 -1.0244e-09 3.5697e-07 -2.08513e-19 2.85143e-19 1.9614e-07 2.66885e-09 2.99862e-19 -4.16566e-19 1.10844e-09 1.97239e-07 -2.5637e-19 -1.92524e-19
852 1.19 280 0 -7.78067e-10 3.28981e-07 -9.14215e-20 1.24545e-19 1.8222e-07 1.17477e-09 1.34654e-19 -1.91601e-19 1.4987e-10 1.77855e-07 -1.10199e-19 -8.65509e-20
852 1.2 280 0 -6.36351e-10 3.06865e-07 -5.3623e-20 1.2877e-19 1.70918e-07 7.33877e-10 7.75472e-20 -1.76134e-19 -5.9613e-11 1.62837e-07 -1.13869e-19 -5.02189e-20
852 1.21 280 0 -5.40466e-10 2.88948e-07 -3.37599e-20 9.54078e-20 1.61722e-07 5.34e-10 5.28691e-20 -1.53238e-19 -1.20722e-10 1.50749e-07 -1.00513e-19 -3.43061e-20
852 1.22 280 0 -4.70554e-10 2.74137e-07 -2.2319e-20 1.19494e-20 1.54123e-07 4.21481e-10 3.81991e-20 -2.73424e-20 -1.38056e-10 1.40791e-07 -9.63888e-21 -2.4445e-20
852 1.23 280 0 -4.17054e-10 2.61685e-07 -1.79898e-20 6.07582e-20 1.4775e-07 3.4842e-10 2.78901e-20 -8.44962e-20 -1.40735e-10 1.32441e-07 -5.61145e-20 -1.8893e-20
852 1.24 280 0 -3.74879e-10 2.51069e-07 -1.40535e-20 2.20932e-20 1.42338e-07 2.97791e-10 2.16407e-20 -2.81032e-20 -1.37172e-10 1.25334e-07 -1.23903e-20 -1.481e-20
852 1.25 280 0 -3.40628e-10 2.41908e-07 -1.0623e-20 2.38182e-20 1.37688e-07 2.59934e-10 1.58039e-20 -2.43549e-20 -1.31707e-10 1.19209e-07 -1.03577e-20 -1.12232e-20
852 1.26 280 0 -3.12356e-10 2.3392e-07 -8.46245e-21 2.20792e-20 1.33657e-07 2.30946e-10 1.45542e-20 -2.6553e-20 -1.25383e-10 1.13874e-07 -1.13704e-20 -1.01685e-20
852 1.27 280 0 -2.88442e-10 2.2689e-07 -6.91397e-21 1.12295e-20 1.3013e-07 2.07539e-10 1.04955e-20 -1.73959e-20 -1.19207e-10 1.09184e-07 -6.58353e-21 -7.6227e-21
852 1.28 280 0 -2.6768e-10 2.20654e-07 -5.48816e-21 2.77545e-20 1.27022e-07 1.87762e-10 8.88552e-21 -3.71044e-20 -1.13504e-10 1.05025e-07 -2.24129e-20 -6.49041e-21
852 1.29 280 0 -2.4969e-10 2.15082e-07 -4.46818e-21 3.27668e-20 1.24265e-07 1.71395e-10 6.63842e-21 -3.86093e-20 -1.07956e-10 1.01309e-07 -2.37091e-20 -5.04885e-21
852 1.3 280 0 -2.33209e-10 2.10071e-07 -3.82237e-21 9.48396e-21 1.21805e-07 1.56401e-10 6.3694e-21 -9.88717e-21 -1.02989e-10 9.79691e-08 -2.16641e-21 -4.76334e-21
852 1.31 280 0 -2.17869e-10 2.05538e-07 -3.30773e-21 2.95073e-20 1.19597e-07 1.42596e-10 5.77089e-21 -2.92449e-20 -9.83129e-11 9.49475e-08 -1.71872e-20 -4.2899e-21
852 1.32 280 0 -2.00649e-10 2.01412e-07 -2.67709e-21 6.87032e-21 1.17601e-07 1.26018e-10 4.13719e-21 -4.58049e-21 -9.42069e-11 9.22001e-08 5.1704e-22 -3.24598e-21
852 1.33 280 0 -1.91603e-10 1.97649e-07 -2.11097e-21 1.65421e-20 1.15803e-07 1.2055e-10 3.39247e-21 -1.68476e-20 -8.89153e-11 8.96862e-08 -9.53995e-21 -2.69437e-21
852 1.34 280 0 -1.83574e-10 1.94195e-07 -1.93843e-21 1.72192e-20 1.14169e-07 1.15664e-10 3.10254e-21 -1.63811e-20 -8.42706e-11 8.73776e-08 -7.55371e-21 -2.50691e-21
852 1.35 280 0 -1.7641e-10 1.91013e-07 -1.54369e-21 1.4443e-20 1.12679e-07 1.11287e-10 2.39157e-21 -1.74412e-20 -8.01603e-11 8.52485e-08 -1.09156e-20 -1.94597e-21
852 1.36 280 0 -1.69985e-10 1.88071e-07 -1.3465e-21 1.33144e-20 1.11315e-07 1.07357e-10 2.18e-21 -1.2767e-20 -7.64968e-11 8.32774e-08 -6.9486e-21 -1.8063e-21
852 1.37 280 0 -1.64198e-10 1.8534e-07 -1.04955e-21 1.29954e-20 1.10064e-07 1.03818e-10 1.53384e-21 -1.47004e-20 -7.32109e-11 8.14459e-08 -8.24725e-21 -1.31072e-21
852 1.38 280 0 -1.58963e-10 1.82798e-07 -1.00934e-21 1.47672e-20 1.08911e-07 1.00622e-10 1.63085e-21 -1.70849e-20 -7.02473e-11 7.97383e-08 -1.05659e-20 -1.38303e-21
852 1.39 280 0 -1.54211e-10 1.80424e-07 -9.94731e-22 1.66722e-20 1.07847e-07 9.77288e-11 1.75406e-21 -1.64409e-20 -6.75609e-11 7.81414e-08 -9.23206e-21 -1.46307e-21
852 1.4 280 0 -1.4988e-10 1.78201e-07 -4.86262e-22 8.91327e-21 1.06862e-07 9.51024e-11 6.10253e-22 -9.35053e-21 -6.51149e-11 7.66434e-08 -5.25784e-21 -5.79523e-22
852 1.41 280 0 -1.4592e-10 1.76113e-07 -5.41706e-22 1.27986e-20 1.05947e-07 9.27124e-11 8.00279e-22 -1.21099e-20 -6.28783e-11 7.52346e-08 -5.72021e-21 -7.0896e-22
852 1.42 280 0 -1.4229e-10 1.74148e-07 -3.54679e-22 2.2809e-20 1.05097e-07 9.05326e-11 4.04211e-22 -1.73819e-20 -6.08252e-11 7.3906e-08 -9.76999e-21 -4.16743e-22
852 1.43 280 0 -1.38951e-10 1.72293e-07 -1.80057e-22 1.64587e-20 1.04304e-07 8.85404e-11 2.27667e-22 -1.0575e-20 -5.89336e-11 7.26501e-08 -4.02739e-21 -2.27228e-22
852 1.44 280 0 -1.35873e-10 1.70539e-07 -2.47637e-22 1.50727e-20 1.03563e-07 8.67172e-11 3.6215e-22 -1.38635e-20 -5.71843e-11 7.14601e-08 -7.90371e-21 -3.32463e-22
852 1.45 280 0 -1.3303e-10 1.68876e-07 -4.45347e-24 1.64005e-20 1.02869e-07 8.50486e-11 1.63255e-23 -1.1108e-20 -5.5561e-11 7.03303e-08 -5.5243e-21 -1.56533e-23
