894 0 580 0 0 0 0 0 6.58666e-09 3.00025e-08 -6.10587e-22 -2.95535e-22 -2.2367e-09 -2.99327e-08 0 0
894 0.01 580 0 -1.51993e-11 -3.3488e-10 -4.65061e-23 3.2579e-23 6.59842e-09 2.99903e-08 -8.15872e-22 7.52063e-22 -2.24945e-09 -2.99242e-08 -4.8358e-23 3.50199e-23
894 0.02 580 0 -3.13261e-11 -6.69196e-10 -2.23877e-22 -5.47906e-23 6.63365e-09 2.99536e-08 -7.3255e-22 -1.11907e-21 -2.28764e-09 -2.98988e-08 -2.61935e-22 -1.0649e-22
894 0.03 580 0 -4.93037e-11 -1.00238e-09 -3.31372e-22 -1.41874e-22 6.69219e-09 2.98925e-08 -5.84424e-22 -1.45967e-21 -2.35117e-09 -2.98563e-08 -3.68389e-22 -1.75987e-22
894 0.04 580 0 -7.00464e-11 -1.33385e-09 -1.02454e-22 9.16358e-23 6.77376e-09 2.98066e-08 -3.56265e-22 4.91289e-22 -2.43984e-09 -2.97965e-08 -1.1649e-22 1.35425e-22
894 0.05 580 0 -9.44553e-11 -1.66301e-09 -4.63031e-22 -7.27021e-23 6.87799e-09 2.9696e-08 -8.97258e-22 -5.4137e-22 -2.55338e-09 -2.97192e-08 -4.88369e-22 -8.97094e-23
894 0.06 580 0 -1.23414e-10 -1.98926e-09 -7.27079e-22 -2.98558e-22 7.00437e-09 2.95604e-08 -2.88181e-22 -2.02067e-21 -2.69144e-09 -2.96242e-08 -8.01445e-22 -4.47591e-22
894 0.07 580 0 -1.57783e-10 -2.31197e-09 -4.00142e-22 8.29504e-23 7.15231e-09 2.93995e-08 -5.23761e-22 3.83036e-22 -2.85359e-09 -2.9511e-08 -4.06182e-22 1.55656e-22
894 0.08 580 0 -1.98403e-10 -2.63052e-09 -9.27866e-22 -2.71728e-22 7.32129e-09 2.92127e-08 -7.73271e-22 -1.01717e-21 -3.03954e-09 -2.9379e-08 -1.09194e-21 -3.70791e-22
894 0.09 580 0 -2.4606e-10 -2.94415e-09 -4.46324e-22 1.92092e-23 7.51007e-09 2.90004e-08 -1.66299e-22 2.02186e-22 -3.24822e-09 -2.92281e-08 -4.30973e-22 3.67058e-23
894 0.1 580 0 -3.01525e-10 -3.25219e-09 -5.31408e-22 -1.18199e-22 7.71791e-09 2.87617e-08 -8.28645e-22 6.53117e-22 -3.47918e-09 -2.90575e-08 -6.63287e-22 -1.2647e-23
894 0.11 580 0 -3.65515e-10 -3.55387e-09 -1.12717e-21 -2.55562e-22 7.94376e-09 2.84965e-08 -5.4608e-22 -7.19442e-22 -3.73163e-09 -2.88668e-08 -1.16475e-21 -3.79145e-22
894 0.12 580 0 -4.38702e-10 -3.8484e-09 -1.23634e-21 -2.90273e-22 8.18643e-09 2.82043e-08 -4.20913e-24 -6.44274e-22 -4.00469e-09 -2.86552e-08 -1.23064e-21 -4.41041e-22
894 0.13 580 0 -5.21698e-10 -4.13497e-09 -8.75257e-22 1.70004e-22 8.44463e-09 2.78848e-08 -7.10903e-22 2.3122e-22 -4.29739e-09 -2.8422e-08 -8.92655e-22 1.20044e-22
894 0.14 580 0 -6.14997e-10 -4.4126e-09 -1.45939e-21 -3.41268e-22 8.71673e-09 2.75376e-08 -5.47705e-22 -2.07388e-22 -4.6084e-09 -2.81667e-08 -1.66325e-21 -3.71848e-22
894 0.15 580 0 -7.19218e-10 -4.68063e-09 -7.30204e-22 -3.21833e-22 9.00183e-09 2.71619e-08 -4.93644e-22 1.71759e-22 -4.93726e-09 -2.78881e-08 -8.99812e-22 -1.30833e-23
894 0.16 580 0 -8.34675e-10 -4.93789e-09 -1.17183e-21 -1.86191e-22 9.29768e-09 2.6758e-08 -9.80765e-22 -2.97065e-22 -5.28196e-09 -2.75861e-08 -1.50485e-21 -7.92098e-23
894 0.17 580 0 -9.61711e-10 -5.18344e-09 -1.67455e-21 -5.9182e-23 9.60269e-09 2.63254e-08 -7.68681e-22 -7.01113e-22 -5.64134e-09 -2.72596e-08 -1.64227e-21 -1.90907e-22
894 0.18 580 0 -1.10056e-09 -5.41624e-09 -1.21132e-21 1.36478e-22 9.91498e-09 2.58637e-08 -3.25585e-22 -6.32147e-23 -6.01388e-09 -2.6908e-08 -1.29165e-21 9.63069e-23
894 0.19 580 0 -1.25136e-09 -5.63521e-09 -1.03356e-21 1.91705e-22 1.02325e-08 2.53729e-08 -6.82345e-22 2.73841e-22 -6.39793e-09 -2.65304e-08 -1.15774e-21 3.12114e-22
894 0.2 580 0 -1.41418e-09 -5.83934e-09 1.30166e-22 2.90909e-22 1.05535e-08 2.48524e-08 -6.44222e-22 1.49788e-21 -6.79195e-09 -2.6126e-08 5.86099e-23 9.80118e-22
894 0.21 580 0 -1.58886e-09 -6.0273e-09 -2.49804e-21 4.39844e-24 1.08751e-08 2.43027e-08 -3.84126e-22 -8.13507e-22 -7.19363e-09 -2.56945e-08 -2.77402e-21 -3.22312e-22
894 0.22 580 0 -1.77523e-09 -6.19801e-09 -1.79838e-21 -8.32997e-23 1.11954e-08 2.37238e-08 3.15422e-22 -5.2729e-22 -7.60118e-09 -2.52352e-08 -1.81768e-21 -2.77118e-22
894 0.23 580 0 -1.97301e-09 -6.35039e-09 -1.83149e-21 -2.2058e-22 1.15121e-08 2.31154e-08 5.20132e-23 2.91513e-22 -8.01267e-09 -2.47471e-08 -1.88955e-21 -8.10942e-23
894 0.24 580 0 -2.18162e-09 -6.48303e-09 -1.60058e-21 5.46744e-22 1.18222e-08 2.24785e-08 -8.43566e-22 3.51835e-22 -8.42544e-09 -2.42304e-08 -1.82598e-21 6.20312e-22
894 0.25 580 0 -2.40049e-09 -6.59483e-09 -2.63135e-21 7.34397e-23 1.21235e-08 2.18132e-08 -3.52915e-22 -6.95029e-22 -8.83732e-09 -2.36845e-08 -2.87538e-21 -2.7896e-23
894 0.26 580 0 -2.62891e-09 -6.68471e-09 -5.23888e-22 2.82995e-22 1.24133e-08 2.11198e-08 -1.42549e-22 9.63545e-22 -9.246e-09 -2.31088e-08 -2.53971e-22 6.13739e-22
894 0.27 580 0 -2.86582e-09 -6.75127e-09 -1.04621e-21 4.39526e-22 1.26886e-08 2.03998e-08 -1.49429e-22 1.03666e-21 -9.64849e-09 -2.25037e-08 -9.74404e-22 8.68752e-22
894 0.28 580 0 -3.11003e-09 -6.79337e-09 -5.2063e-22 6.79785e-22 1.29467e-08 1.9654e-08 -1.39787e-22 1.23765e-21 -1.00421e-08 -2.18691e-08 -1.19729e-22 9.24052e-22
894 0.29 580 0 -3.36066e-09 -6.81027e-09 -1.24059e-21 7.30809e-22 1.31852e-08 1.8883e-08 -2.96447e-22 9.48905e-22 -1.04245e-08 -2.12047e-08 -1.10333e-21 1.16792e-21
894 0.3 580 0 -3.61595e-09 -6.80061e-09 -1.9518e-21 -1.94909e-22 1.3401e-08 1.80891e-08 3.04996e-22 1.07675e-21 -1.07923e-08 -2.05117e-08 -1.72837e-21 4.87734e-22
894 0.31 580 0 -3.87446e-09 -6.76368e-09 -3.00312e-21 3.89964e-22 1.35913e-08 1.72733e-08 2.71075e-22 1.8673e-22 -1.11429e-08 -1.979e-08 -3.10877e-21 7.67588e-22
894 0.32 580 0 -4.13421e-09 -6.69842e-09 -3.01657e-21 -1.01805e-22 1.37534e-08 1.64381e-08 -3.63199e-22 3.07081e-22 -1.14728e-08 -1.90411e-08 -3.45724e-21 6.27084e-22
894 0.33 580 0 -4.39343e-09 -6.60434e-09 -2.26914e-21 1.49584e-22 1.38846e-08 1.55852e-08 -2.84361e-23 1.41766e-21 -1.17793e-08 -1.82655e-08 -2.36418e-21 1.19733e-21
894 0.34 580 0 -4.64976e-09 -6.48069e-09 -1.10585e-21 9.48584e-22 1.39823e-08 1.47177e-08 -2.36184e-22 1.0179e-21 -1.20589e-08 -1.74651e-08 -7.60111e-22 1.43983e-21
894 0.35 580 0 -4.90113e-09 -6.32729e-09 -3.1445e-21 5.66271e-22 1.40442e-08 1.38376e-08 4.94578e-23 4.27336e-22 -1.23089e-08 -1.66409e-08 -3.16941e-21 1.40239e-21
894 0.36 580 0 -5.14462e-09 -6.14365e-09 -3.13819e-21 7.57585e-23 1.40677e-08 1.2949e-08 1.10766e-21 4.50614e-22 -1.25257e-08 -1.57958e-08 -2.68283e-21 6.89178e-22
894 0.37 580 0 -5.3783e-09 -5.93023e-09 -5.31302e-21 1.31626e-21 1.4051e-08 1.2054e-08 1.33184e-21 -5.20918e-22 -1.27069e-08 -1.4931e-08 -5.19521e-21 1.30403e-21
894 0.38 580 0 -5.59894e-09 -5.68704e-09 -4.49096e-21 3.01564e-21 1.39921e-08 1.11572e-08 5.80861e-22 -1.97022e-21 -1.2849e-08 -1.405e-08 -4.55491e-21 1.62112e-21
894 0.39 580 0 -5.80403e-09 -5.41483e-09 -3.24314e-21 1.17465e-21 1.38894e-08 1.02618e-08 6.07945e-22 4.91019e-22 -1.29496e-08 -1.31551e-08 -3.213e-21 1.56775e-21
894 0.4 580 0 -5.99048e-09 -5.1144e-09 -2.77118e-21 1.56961e-21 1.37418e-08 9.37231e-09 9.54604e-22 3.13583e-22 -1.30057e-08 -1.22499e-08 -2.25539e-21 2.11734e-21
894 0.41 580 0 -6.15515e-09 -4.78686e-09 -4.46011e-21 1.85943e-21 1.35483e-08 8.49356e-09 1.48791e-21 3.14717e-22 -1.30151e-08 -1.13385e-08 -4.00749e-21 2.39187e-21
894 0.42 580 0 -6.2954e-09 -4.43396e-09 -6.38571e-21 4.20542e-21 1.33083e-08 7.62935e-09 1.80469e-21 -1.73909e-21 -1.29756e-08 -1.04242e-08 -6.32434e-21 3.14881e-21
894 0.43 580 0 -6.40783e-09 -4.05748e-09 -3.80137e-21 2.38613e-21 1.3022e-08 6.78508e-09 1.15192e-21 -3.80656e-22 -1.28852e-08 -9.51183e-09 -3.49382e-21 2.29447e-21
894 0.44 580 0 -6.49003e-09 -3.6599e-09 -5.00902e-21 3.26034e-21 1.26898e-08 5.96546e-09 1.26631e-21 -9.0924e-22 -1.27426e-08 -8.60596e-09 -4.40076e-21 3.69246e-21
894 0.45 580 0 -6.53875e-09 -3.24387e-09 -2.86909e-21 1.42565e-21 1.23128e-08 5.17616e-09 9.21338e-22 7.30947e-22 -1.25467e-08 -7.71213e-09 -1.98608e-21 2.41653e-21
894 0.46 580 0 -6.55178e-09 -2.81262e-09 -9.33345e-22 1.09114e-21 1.18925e-08 4.42149e-09 8.6127e-22 1.65318e-21 -1.22968e-08 -6.83495e-09 2.70956e-22 1.97917e-21
894 0.47 580 0 -6.52651e-09 -2.36971e-09 -1.87074e-21 2.38979e-21 1.14311e-08 3.70704e-09 1.44422e-21 5.07662e-22 -1.1993e-08 -5.98045e-09 -9.21563e-22 2.98178e-21
894 0.48 580 0 -6.46059e-09 -1.91913e-09 -3.04945e-21 3.18256e-21 1.09318e-08 3.03796e-09 1.74225e-21 -1.43618e-22 -1.16359e-08 -5.15454e-09 -1.94786e-21 3.0232e-21
894 0.49 580 0 -6.35278e-09 -1.46537e-09 -1.40683e-21 2.31555e-21 1.03979e-08 2.41907e-09 1.63931e-21 4.75457e-22 -1.12266e-08 -4.36315e-09 -5.29242e-22 2.86298e-21
894 0.5 580 0 -6.20151e-09 -1.01321e-09 -2.99597e-21 2.2913e-21 9.83385e-09 1.85516e-09 2.02771e-21 6.71835e-22 -1.07672e-08 -3.61248e-09 -9.44165e-22 3.55506e-21
894 0.51 580 0 -6.00598e-09 -5.67857e-10 -2.29069e-21 3.10466e-21 9.24463e-09 1.35062e-09 2.18401e-21 3.45592e-22 -1.02605e-08 -2.90871e-09 -5.92829e-22 4.49529e-21
894 0.52 580 0 -5.76598e-09 -1.34812e-10 -3.83771e-21 7.66872e-21 8.63604e-09 9.09408e-10 2.12887e-21 -2.90117e-21 -9.70992e-09 -2.25799e-09 -3.23542e-21 6.53089e-21
894 0.53 580 0 -5.48191e-09 2.80186e-10 -2.51436e-21 3.58365e-21 8.01434e-09 5.34592e-10 1.88938e-21 -3.76852e-23 -9.1199e-09 -1.66595e-09 -1.00054e-21 4.34129e-21
894 0.54 580 0 -5.15505e-09 6.71054e-10 4.46757e-22 -1.72379e-22 7.3871e-09 2.2967e-10 1.87833e-21 1.51474e-21 -8.49609e-09 -1.13902e-09 2.44405e-21 6.75491e-22
894 0.55 580 0 -4.78736e-09 1.03173e-09 -2.69294e-21 3.53399e-21 6.76194e-09 -3.7094e-12 2.71889e-21 -4.9516e-22 -7.84468e-09 -6.82202e-10 2.08642e-22 3.35144e-21
894 0.56 580 0 -4.38193e-09 1.35619e-09 -2.41687e-21 6.66212e-21 6.14677e-09 -1.64639e-10 1.62991e-21 -1.96067e-21 -7.17271e-09 -3.0003e-10 -9.25266e-22 6.1619e-21
894 0.57 580 0 -3.94198e-09 1.63812e-09 -1.08993e-21 4.38584e-21 5.55174e-09 -2.5275e-10 1.55448e-21 -1.18335e-21 -6.48899e-09 2.79758e-12 3.67132e-22 4.63179e-21
894 0.58 580 0 -3.47321e-09 1.87207e-09 -3.08458e-22 4.45185e-21 4.98474e-09 -2.69143e-10 2.19363e-21 -1.51312e-21 -5.80207e-09 2.23373e-10 1.68406e-21 4.05212e-21
894 0.59 580 0 -2.98093e-09 2.05226e-09 2.47434e-22 2.83646e-21 4.45674e-09 -2.15981e-10 2.1979e-21 -5.00139e-22 -5.12274e-09 3.58892e-10 2.80503e-21 2.64945e-21
894 0.6 580 0 -2.47492e-09 2.17316e-09 -8.86163e-22 6.00108e-21 3.97488e-09 -1.04701e-10 1.96072e-21 -2.39656e-21 -4.46556e-09 4.12465e-10 8.18736e-22 4.60423e-21
894 0.61 580 0 -1.96118e-09 2.23125e-09 8.16547e-22 1.04279e-20 3.55014e-09 6.56366e-11 5.09473e-22 -4.68911e-21 -3.83902e-09 3.81447e-10 1.97595e-21 8.58596e-21
894 0.62 580 0 -1.44775e-09 2.22405e-09 7.28991e-22 1.14979e-20 3.19299e-09 2.93331e-10 8.08945e-22 -5.83489e-21 -3.25304e-09 2.6495e-10 3.09778e-21 9.41014e-21
894 0.63 580 0 -9.45447e-10 2.14903e-09 1.66304e-21 7.75663e-21 2.91235e-09 5.66834e-10 1.20513e-21 -4.38395e-21 -2.72222e-09 6.80321e-11 3.5803e-21 6.54754e-21
894 0.64 580 0 -4.64614e-10 2.00563e-09 -1.23162e-21 4.42054e-21 2.71726e-09 8.76929e-10 3.27885e-21 -2.00038e-21 -2.25897e-09 -2.04167e-10 2.2354e-21 2.6253e-21
894 0.65 580 0 -1.8041e-11 1.79501e-09 1.94892e-21 7.46418e-21 2.6144e-09 1.21133e-09 5.10397e-22 -4.15088e-21 -1.87709e-09 -5.43688e-10 4.0388e-21 5.36727e-21
894 0.66 580 0 3.82033e-10 1.51981e-09 1.72873e-21 6.25908e-21 2.61091e-09 1.55599e-09 1.35798e-21 -3.78276e-21 -1.59011e-09 -9.40388e-10 4.36441e-21 4.24521e-21
894 0.67 580 0 7.23259e-10 1.18498e-09 3.98589e-21 6.62072e-21 2.71243e-09 1.89589e-09 1.95987e-23 -4.10196e-21 -1.41029e-09 -1.38175e-09 5.39079e-21 4.27096e-21
894 0.68 580 0 9.91214e-10 7.98216e-10 2.48958e-21 5.79464e-21 2.92048e-09 2.21331e-09 8.42111e-22 -4.19325e-21 -1.35029e-09 -1.85216e-09 5.20056e-21 3.04618e-21
894 0.69 580 0 1.17405e-09 3.69728e-10 1.98206e-21 4.91782e-21 3.23657e-09 2.4915e-09 6.93515e-22 -4.36427e-21 -1.41924e-09 -2.33413e-09 4.05656e-21 1.66313e-21
894 0.7 580 0 1.25863e-09 -8.78035e-11 5.70133e-21 7.12186e-21 3.65847e-09 2.70799e-09 -1.74387e-21 -5.68764e-21 -1.62742e-09 -2.8055e-09 6.86968e-21 3.24893e-21
894 0.71 580 0 1.23359e-09 -5.57706e-10 4.6673e-21 5.7519e-21 4.18191e-09 2.84376e-09 -1.23171e-21 -4.63408e-21 -1.98099e-09 -3.24289e-09 5.075e-21 2.30979e-21
894 0.72 580 0 1.08967e-09 -1.02045e-09 5.37458e-21 6.17653e-21 4.79871e-09 2.87754e-09 -1.63614e-21 -5.57021e-21 -2.48269e-09 -3.61911e-09 6.48892e-21 1.69167e-21
894 0.73 580 0 8.18976e-10 -1.45333e-09 6.19747e-21 8.17845e-21 5.49523e-09 2.78607e-09 -2.86384e-21 -6.71946e-21 -3.13265e-09 -3.90383e-09 6.76045e-21 2.55862e-21
894 0.74 580 0 4.16867e-10 -1.82909e-09 1.17562e-20 5.93114e-21 6.25642e-09 2.54845e-09 -7.70396e-21 -5.84039e-21 -3.92677e-09 -4.06409e-09 1.03472e-20 1.59032e-21
894 0.75 580 0 -1.16585e-10 -2.11801e-09 1.19435e-20 2.84343e-21 7.06044e-09 2.144e-09 -7.45648e-21 -3.52086e-21 -4.85365e-09 -4.0645e-09 9.0268e-21 -3.06471e-22
894 0.76 580 0 -7.77864e-10 -2.28649e-09 7.74361e-21 4.03251e-21 7.88087e-09 1.55282e-09 -4.77219e-21 -4.55878e-21 -5.8983e-09 -3.86767e-09 6.16496e-21 -1.54735e-21
894 0.77 580 0 -1.55646e-09 -2.2992e-09 1.3842e-20 1.79467e-21 8.6848e-09 7.57975e-10 -1.13132e-20 -2.79807e-21 -7.03561e-09 -3.43505e-09 1.09049e-20 -2.69353e-21
894 0.78 580 0 -2.43569e-09 -2.11569e-09 1.02319e-20 2.34525e-21 9.43479e-09 -2.53736e-10 -8.35916e-21 -3.24671e-21 -8.23435e-09 -2.7263e-09 8.26684e-21 -2.3852e-21
894 0.79 580 0 -3.37958e-09 -1.67995e-09 1.23068e-20 -3.61976e-23 1.00934e-08 -1.48921e-09 -9.5349e-21 -1.73574e-21 -9.44721e-09 -1.69074e-09 7.30916e-21 -2.44921e-21
894 0.8 580 0 -4.3511e-09 -9.58638e-10 1.77829e-20 -6.82792e-21 1.06088e-08 -2.95166e-09 -1.38829e-20 2.15456e-21 -1.06191e-08 -2.97011e-10 1.04277e-20 -7.22324e-21
894 0.81 580 0 -5.29644e-09 8.93613e-11 9.6029e-21 6.25027e-22 1.09264e-08 -4.63384e-09 -8.6852e-21 -1.62445e-21 -1.16783e-08 1.48886e-09 5.45294e-21 -3.38971e-21
894 0.82 580 0 -6.14504e-09 1.50422e-09 1.58979e-20 -6.95683e-21 1.09875e-08 -6.5205e-09 -1.36883e-20 3.86376e-21 -1.25389e-08 3.69595e-09 8.5092e-21 -6.60132e-21
894 0.83 580 0 -6.80663e-09 3.31759e-09 1.54219e-20 -8.76909e-21 1.07274e-08 -8.58198e-09 -1.34535e-20 5.01809e-21 -1.30935e-08 6.34125e-09 6.76986e-21 -7.49777e-21
894 0.84 580 0 -7.17036e-09 5.55022e-09 1.0086e-20 -8.25457e-21 1.00819e-08 -1.07732e-08 -1.03612e-20 4.03422e-21 -1.32168e-08 9.42666e-09 2.87284e-21 -5.55094e-21
894 0.85 580 0 -7.09869e-09 8.20293e-09 1.54508e-20 -1.95485e-20 8.98365e-09 -1.3029e-08 -1.55073e-20 1.39554e-20 -1.27574e-08 1.29292e-08 5.38093e-21 -1.12584e-20
894 0.86 580 0 -6.42558e-09 1.12492e-08 8.87682e-21 -6.48247e-21 7.37096e-09 -1.52631e-08 -9.47141e-21 4.54219e-21 -1.15402e-08 1.67938e-08 1.59689e-21 -5.01017e-21
894 0.87 580 0 -4.95702e-09 1.46165e-08 5.47776e-21 -1.37923e-20 5.19057e-09 -1.73582e-08 -8.38083e-21 1.04824e-20 -9.36543e-09 2.09136e-08 -3.22522e-22 -7.60941e-21
894 0.88 580 0 -2.4687e-09 1.81702e-08 7.31535e-21 -2.45125e-20 2.40831e-09 -1.91678e-08 -9.40457e-21 2.11108e-20 -6.01123e-09 2.51143e-08 3.67833e-22 -1.18863e-20
894 0.89 580 0 1.27672e-09 2.16839e-08 6.22425e-21 -1.982e-20 -9.76432e-10 -2.05089e-08 -8.34747e-21 1.82705e-20 -1.25135e-09 2.91254e-08 3.02511e-22 -8.54208e-21
894 0.9 580 0 6.51821e-09 2.47999e-08 5.82165e-22 -2.2271e-20 -4.91455e-09 -2.11614e-08 -2.62613e-21 2.2036e-20 5.12853e-09 3.25407e-08 -2.22635e-21 -9.49493e-21
894 0.91 580 0 1.34362e-08 2.69919e-08 -2.86689e-21 -1.76729e-20 -9.27458e-09 -2.08782e-08 2.62284e-22 1.87453e-20 1.3267e-08 3.47851e-08 -3.40872e-21 -6.66937e-21
894 0.92 580 0 2.20715e-08 2.75196e-08 -7.25794e-21 -2.20877e-20 -1.38105e-08 -1.94078e-08 6.35053e-21 2.40241e-20 2.3141e-08 3.5076e-08 -4.51677e-21 -7.8593e-21
894 0.93 580 0 3.2158e-08 2.54182e-08 -1.89703e-20 -2.75479e-20 -1.81174e-08 -1.65415e-08 1.83416e-20 2.9288e-20 3.43963e-08 3.24199e-08 -7.29891e-21 -8.65349e-21
894 0.94 580 0 4.28782e-08 1.96098e-08 -1.65043e-20 -1.88291e-20 -2.16061e-08 -1.2218e-08 1.67591e-20 2.17406e-20 4.61052e-08 2.57406e-08 -6.29854e-21 -5.22406e-21
894 0.95 580 0 5.28328e-08 9.12088e-09 -2.83685e-20 -1.74149e-20 -2.35857e-08 -6.65604e-09 2.94169e-20 2.04078e-20 5.67221e-08 1.41224e-08 -8.60354e-21 -4.8606e-21
894 0.96 580 0 5.9519e-08 -6.40729e-09 -3.23831e-20 -1.61836e-20 -2.33351e-08 -5.23868e-10 3.39185e-20 1.92534e-20 6.36416e-08 -2.66485e-09 -7.61835e-21 -2.97598e-21
894 0.97 580 0 5.98026e-08 -2.5828e-08 -3.32577e-20 -2.59521e-21 -2.04829e-08 4.99462e-09 3.74519e-20 4.22194e-21 6.36855e-08 -2.32871e-08 -7.48261e-21 -4.59966e-22
894 0.98 580 0 5.08231e-08 -4.57239e-08 -3.3663e-20 1.30172e-21 -1.54002e-08 8.40405e-09 3.8434e-20 -1.31838e-21 5.40561e-08 -4.41391e-08 -5.88549e-21 -1.03659e-21
894 0.99 580 0 3.15039e-08 -6.0186e-08 -4.1552e-20 1.39954e-20 -9.34846e-09 8.39548e-09 4.51609e-20 -1.60212e-20 3.38025e-08 -5.92379e-08 -5.98808e-21 2.13164e-23
894 1 580 0 7.86746e-11 -6.27284e-08 -2.45562e-20 2.32404e-20 1.07523e-09 5.35931e-11 2.68752e-20 -2.48294e-20 8.46831e-11 -6.34855e-08 -6.45714e-22 -3.67913e-24
894 1.01 580 0 -4.08927e-12 -4.20508e-08 -1.32789e-20 2.38711e-20 -9.24e-09 8.99887e-12 1.52264e-20 -2.64597e-20 -1.9455e-12 -3.97674e-08 -4.53844e-21 -2.81647e-21
894 1.02 580 0 -2.05671e-11 -3.81236e-08 -1.24506e-20 1.51088e-20 -1.07277e-08 1.15521e-11 1.43398e-20 -1.72706e-20 -1.71054e-11 -3.50887e-08 -3.9219e-21 -3.43796e-21
894 1.03 580 0 -3.72248e-11 -3.7328e-08 -1.21505e-20 1.32608e-20 -1.21183e-08 1.65975e-11 1.4158e-20 -1.51583e-20 -3.17942e-11 -3.359e-08 -3.9363e-21 -4.05493e-21
894 1.04 580 0 -6.02032e-11 -3.88169e-08 -1.28134e-20 7.38041e-21 -1.39085e-08 2.52262e-11 1.51643e-20 -9.09152e-21 -5.15341e-11 -3.42423e-08 -2.73639e-21 -4.97123e-21
894 1.05 580 0 -9.94233e-11 -4.29942e-08 -1.37994e-20 1.28627e-20 -1.65911e-08 4.12254e-11 1.64118e-20 -1.53227e-20 -8.47594e-11 -3.7252e-08 -5.27884e-21 -5.8654e-21
894 1.06 580 0 -1.8395e-10 -5.17399e-08 -1.68417e-20 1.80792e-20 -2.11729e-08 7.69331e-11 2.01338e-20 -2.11712e-20 -1.5582e-10 -4.40967e-08 -7.49821e-21 -7.704e-21
894 1.07 580 0 -4.26984e-10 -7.15249e-08 -2.66869e-20 4.04337e-20 -3.07124e-08 1.82451e-10 3.22668e-20 -4.86428e-20 -3.5859e-10 -6.00347e-08 -1.95668e-20 -1.32936e-20
894 1.08 580 0 -1.89021e-09 -1.38546e-07 -5.46824e-20 5.51206e-20 -6.19499e-08 8.34173e-10 6.66133e-20 -6.90295e-20 -1.56941e-09 -1.14641e-07 -3.07446e-20 -2.90684e-20
894 1.09 580 0 -1.17017e-07 1.00593e-06 6.76528e-19 -2.95006e-18 4.65688e-07 5.43635e-08 -8.31641e-19 3.63998e-18 -9.54354e-08 8.21289e-07 1.71972e-18 3.83375e-19
894 1.1 580 0 -1.1424e-09 9.39827e-08 4.38464e-20 -9.61072e-20 4.48488e-08 5.80675e-10 -5.40828e-20 1.18948e-19 -9.00781e-10 7.5765e-08 5.57021e-20 2.57463e-20
894 1.11 580 0 -2.99943e-10 4.58839e-08 2.23088e-20 -2.16891e-20 2.24889e-08 1.81793e-10 -2.77136e-20 2.72486e-20 -2.18206e-10 3.65488e-08 1.30298e-20 1.36984e-20
894 1.12 580 0 -1.28402e-10 2.89973e-08 1.81271e-20 -2.93538e-20 1.45517e-08 1.11469e-10 -2.26645e-20 3.71337e-20 -7.19932e-11 2.28381e-08 1.88038e-20 1.16141e-20
894 1.13 580 0 -6.42125e-11 2.05061e-08 1.35357e-20 -2.39418e-20 1.05018e-08 1.19493e-10 -1.72175e-20 3.07462e-20 5.49675e-12 1.59836e-08 1.58263e-20 9.0446e-21
894 1.14 580 0 -2.62862e-11 1.54584e-08 2.94928e-20 -4.87309e-20 8.01671e-09 3.02166e-10 -3.69925e-20 6.26234e-20 1.70595e-10 1.19617e-08 3.37915e-20 2.02666e-20
894 1.15 580 0 3.93369e-10 1.19817e-08 -5.62409e-19 -2.58116e-18 9.06014e-08 1.09197e-07 6.47465e-19 3.09427e-18 7.48041e-08 -4.82051e-08 1.79251e-18 -3.7942e-19
894 1.16 580 0 -4.27668e-11 9.82674e-09 -1.57606e-20 8.12504e-21 5.24099e-09 2.82011e-10 2.01305e-20 -1.08579e-20 1.48666e-10 7.4826e-09 -5.74781e-21 -1.15019e-20
894 1.17 580 0 -2.61749e-11 8.12852e-09 -6.31787e-21 6.02078e-21 4.4624e-09 7.1108e-11 8.04259e-21 -8.07787e-21 2.10475e-11 6.09098e-09 -4.62978e-21 -4.72615e-21
894 1.18 580 0 -1.87297e-11 6.8386e-09 -3.40803e-21 5.04216e-21 3.81775e-09 3.29648e-11 4.33056e-21 -6.70526e-21 2.61813e-12 5.07141e-09 -3.96432e-21 -2.61164e-21
894 1.19 580 0 -1.42369e-11 5.83219e-09 -1.98317e-21 2.52065e-21 3.30333e-09 1.9483e-11 2.51999e-21 -3.2869e-21 -1.8995e-12 4.2844e-09 -1.97182e-21 -1.54804e-21
894 1.2 580 0 -1.12037e-11 5.0297e-09 -1.32065e-21 1.33512e-21 2.88681e-09 1.30555e-11 1.6483e-21 -1.69721e-21 -3.08763e-12 3.6617e-09 -1.02276e-21 -1.0413e-21
894 1.21 580 0 -9.02189e-12 4.37824e-09 -8.54531e-22 1.62216e-21 2.54415e-09 9.38221e-12 1.12066e-21 -2.29455e-21 -3.28187e-12 3.15976e-09 -1.45251e-21 -7.08445e-22
894 1.22 580 0 -7.40145e-12 3.8414e-09 -6.18543e-22 1.46208e-21 2.25839e-09 7.11665e-12 7.85472e-22 -1.99074e-21 -3.09912e-12 2.74885e-09 -1.30802e-21 -5.07383e-22
894 1.23 580 0 -6.14784e-12 3.39334e-09 -4.54843e-22 3.73909e-22 2.01707e-09 5.53965e-12 5.95138e-22 -5.95777e-22 -2.83897e-12 2.40817e-09 -3.72854e-22 -3.88337e-22
894 1.24 580 0 -5.16442e-12 3.01527e-09 -3.37241e-22 4.09084e-22 1.8112e-09 4.42461e-12 4.43252e-22 -5.61349e-22 -2.54887e-12 2.12255e-09 -3.70598e-22 -2.93485e-22
894 1.25 580 0 -4.3789e-12 2.69319e-09 -2.553e-22 2.30567e-22 1.63396e-09 3.60331e-12 3.35091e-22 -3.73325e-22 -2.2683e-12 1.88079e-09 -2.44595e-22 -2.24378e-22
894 1.26 580 0 -3.73408e-12 2.41651e-09 -1.93351e-22 4.66527e-22 1.48013e-09 2.95879e-12 2.50479e-22 -6.40315e-22 -2.01936e-12 1.67443e-09 -4.47739e-22 -1.70131e-22
894 1.27 580 0 -3.20442e-12 2.17707e-09 -1.5199e-22 2.86671e-22 1.34568e-09 2.45981e-12 1.97481e-22 -4.08377e-22 -1.79315e-12 1.49697e-09 -2.88672e-22 -1.35497e-22
894 1.28 580 0 -2.75804e-12 1.96848e-09 -1.22315e-22 1.89736e-22 1.22742e-09 2.05219e-12 1.6078e-22 -3.09777e-22 -1.59465e-12 1.34336e-09 -2.24437e-22 -1.10546e-22
894 1.29 580 0 -2.37182e-12 1.78569e-09 -9.7232e-23 6.38237e-23 1.12281e-09 1.70475e-12 1.25578e-22 -9.65995e-23 -1.42118e-12 1.2096e-09 -6.07254e-23 -8.77334e-23
894 1.3 580 0 -2.02942e-12 1.62465e-09 -8.09064e-23 8.39241e-23 1.02978e-09 1.39962e-12 1.07731e-22 -1.25472e-22 -1.26734e-12 1.0925e-09 -9.02616e-23 -7.55646e-23
894 1.31 580 0 -1.7275e-12 1.48207e-09 -6.19713e-23 5.23528e-24 9.46682e-10 1.13822e-12 7.96853e-23 -1.30431e-23 -1.12672e-12 9.89487e-10 -3.62967e-24 -5.66432e-23
894 1.32 580 0 -1.53447e-12 1.35537e-09 -4.56169e-23 2.92502e-23 8.72281e-10 1.01765e-12 5.51674e-23 -6.40906e-23 -9.93733e-13 8.98449e-10 -5.25367e-23 -4.00181e-23
894 1.33 580 0 -1.36843e-12 1.24229e-09 -4.05476e-23 1.01166e-22 8.05319e-10 9.12933e-13 5.16295e-23 -1.50609e-22 -8.8035e-13 8.1769e-10 -1.14753e-22 -3.76149e-23
894 1.34 580 0 -1.22484e-12 1.14098e-09 -3.28944e-23 7.89996e-23 7.44846e-10 8.21658e-13 4.18985e-23 -1.09896e-22 -7.83024e-13 7.45785e-10 -8.14971e-23 -3.05465e-23
894 1.35 580 0 -1.10005e-12 1.04993e-09 -2.73902e-23 -1.06562e-23 6.90061e-10 7.41807e-13 3.52147e-23 -3.34984e-24 -6.98975e-13 6.81548e-10 -3.45993e-24 -2.57884e-23
894 1.36 580 0 -9.91084e-13 9.67832e-10 -2.36264e-23 -7.13272e-24 6.40287e-10 6.71692e-13 3.06881e-23 -4.34853e-24 -6.26e-13 6.23983e-10 -5.00723e-24 -2.24958e-23
894 1.37 580 0 -8.95528e-13 8.93602e-10 -1.84219e-23 2.63281e-23 5.94944e-10 6.09901e-13 2.32435e-23 -4.07069e-23 -5.6233e-13 5.72248e-10 -3.00437e-23 -1.7261e-23
894 1.38 580 0 -8.11395e-13 8.26308e-10 -1.51897e-23 4.20443e-24 5.53538e-10 5.55251e-13 1.92953e-23 -1.27367e-23 -5.06532e-13 5.25628e-10 -1.01327e-23 -1.43587e-23
894 1.39 580 0 -7.3704e-13 7.65151e-10 -1.2595e-23 3.41628e-23 5.1564e-10 5.06752e-13 1.58011e-23 -4.48249e-23 -4.57436e-13 4.83516e-10 -3.47809e-23 -1.18596e-23
894 1.4 580 0 -6.71095e-13 7.09447e-10 -1.08975e-23 -4.35323e-24 4.80879e-10 4.63568e-13 1.42816e-23 -7.46009e-24 -4.14075e-13 4.45386e-10 -5.25126e-24 -1.07181e-23
894 1.41 580 0 -6.12416e-13 6.586e-10 -8.13216e-24 -5.83574e-24 4.48935e-10 4.24997e-13 1.03663e-23 6.131e-24 -3.75646e-13 4.10789e-10 5.31611e-24 -7.81465e-24
894 1.42 580 0 -5.60041e-13 6.12096e-10 -6.06766e-24 1.38976e-23 4.19525e-10 3.90443e-13 7.46776e-24 -2.15699e-23 -3.4148e-13 3.79334e-10 -1.95099e-23 -5.67515e-24
894 1.43 580 0 -5.13156e-13 5.69484e-10 -4.10793e-24 3.11408e-24 3.92403e-10 3.59403e-13 4.90217e-24 -1.30636e-23 -3.1101e-13 3.50682e-10 -1.18083e-23 -3.73964e-24
894 1.44 580 0 -4.71073e-13 5.30371e-10 -2.36272e-24 1.98017e-23 3.67349e-10 3.3145e-13 2.68381e-24 -3.15478e-23 -2.83757e-13 3.24538e-10 -2.5407e-23 -2.04003e-24
894 1.45 580 0 -4.33215e-13 4.94412e-10 3.18337e-26 -1.64811e-23 3.44173e-10 3.06229e-13 -1.9531e-25 2.07649e-23 -2.59316e-13 3.00642e-10 1.56504e-23 1.61346e-25
