894 0 580 0 8.32602e-09 7.73691e-11 -2.17376e-08 8.21955e-09 0 0 0 0 0 0 -2.21932e-08 1.09861e-08
894 0.01 580 0 8.32617e-09 7.22659e-11 -2.17315e-08 8.23017e-09 -6.90714e-11 9.00048e-11 2.0835e-10 2.79946e-11 1.6463e-10 -5.51183e-11 -2.21844e-08 1.09975e-08
894 0.02 580 0 8.32661e-09 5.69343e-11 -2.17128e-08 8.26202e-09 -1.37723e-10 1.80124e-10 4.16781e-10 5.53673e-11 3.28948e-10 -1.10684e-10 -2.21577e-08 1.10316e-08
894 0.03 580 0 8.32727e-09 3.14188e-11 -2.16816e-08 8.315e-09 -2.05536e-10 2.7047e-10 6.25369e-10 8.14977e-11 4.9264e-10 -1.67144e-10 -2.21133e-08 1.10882e-08
894 0.04 580 0 8.32803e-09 -4.31937e-12 -2.16377e-08 8.38902e-09 -2.7209e-10 3.61149e-10 8.34184e-10 1.05762e-10 6.55388e-10 -2.24939e-10 -2.20507e-08 1.11673e-08
894 0.05 580 0 8.32872e-09 -5.03132e-11 -2.15807e-08 8.48397e-09 -3.36963e-10 4.52259e-10 1.04328e-09 1.27532e-10 8.16862e-10 -2.84504e-10 -2.19697e-08 1.12685e-08
894 0.06 580 0 8.32911e-09 -1.06509e-10 -2.15103e-08 8.5996e-09 -3.99738e-10 5.43886e-10 1.25271e-09 1.46184e-10 9.76729e-10 -3.46264e-10 -2.18699e-08 1.13916e-08
894 0.07 580 0 8.32897e-09 -1.7296e-10 -2.14261e-08 8.73571e-09 -4.59991e-10 6.36105e-10 1.46248e-09 1.61084e-10 1.13464e-09 -4.10638e-10 -2.17507e-08 1.15363e-08
894 0.08 580 0 8.32798e-09 -2.49692e-10 -2.13276e-08 8.89202e-09 -5.17299e-10 7.28969e-10 1.67259e-09 1.71594e-10 1.29023e-09 -4.78028e-10 -2.16116e-08 1.1702e-08
894 0.09 580 0 8.32578e-09 -3.36666e-10 -2.12141e-08 9.06816e-09 -5.71244e-10 8.22515e-10 1.88302e-09 1.77078e-10 1.44312e-09 -5.4882e-10 -2.14519e-08 1.18881e-08
894 0.1 580 0 8.32195e-09 -4.33918e-10 -2.10851e-08 9.26376e-09 -6.21403e-10 9.16754e-10 2.09369e-09 1.76889e-10 1.59291e-09 -6.23382e-10 -2.12709e-08 1.20942e-08
894 0.11 580 0 8.31605e-09 -5.41403e-10 -2.09398e-08 9.47833e-09 -6.67358e-10 1.01168e-09 2.30452e-09 1.70385e-10 1.73919e-09 -7.02061e-10 -2.10677e-08 1.23195e-08
894 0.12 580 0 8.30758e-09 -6.59095e-10 -2.07774e-08 9.71137e-09 -7.08689e-10 1.10724e-09 2.51536e-09 1.5692e-10 1.88151e-09 -7.85182e-10 -2.08415e-08 1.25631e-08
894 0.13 580 0 8.29596e-09 -7.86924e-10 -2.05969e-08 9.96221e-09 -7.4499e-10 1.20339e-09 2.72601e-09 1.35849e-10 2.01941e-09 -8.73035e-10 -2.05911e-08 1.2824e-08
894 0.14 580 0 8.28063e-09 -9.24887e-10 -2.03976e-08 1.02303e-08 -7.75845e-10 1.29999e-09 2.93625e-09 1.06512e-10 2.15241e-09 -9.6589e-10 -2.03158e-08 1.31015e-08
894 0.15 580 0 8.2609e-09 -1.07275e-09 -2.01784e-08 1.05146e-08 -8.00863e-10 1.39693e-09 3.14578e-09 6.82926e-11 2.27999e-09 -1.06397e-09 -2.00143e-08 1.3394e-08
894 0.16 580 0 8.2361e-09 -1.23046e-09 -1.99382e-08 1.08145e-08 -8.19646e-10 1.49403e-09 3.35425e-09 2.0544e-11 2.40161e-09 -1.16747e-09 -1.96856e-08 1.37005e-08
894 0.17 580 0 8.20546e-09 -1.39783e-09 -1.96758e-08 1.11289e-08 -8.31823e-10 1.59107e-09 3.56123e-09 -3.73585e-11 2.5167e-09 -1.27652e-09 -1.93283e-08 1.40194e-08
894 0.18 580 0 8.16823e-09 -1.57463e-09 -1.93904e-08 1.14567e-08 -8.37022e-10 1.68778e-09 3.76625e-09 -1.06023e-10 2.62469e-09 -1.39125e-09 -1.89415e-08 1.43492e-08
894 0.19 580 0 8.12354e-09 -1.76058e-09 -1.90804e-08 1.17968e-08 -8.34909e-10 1.78386e-09 3.96872e-09 -1.8603e-10 2.72495e-09 -1.51168e-09 -1.85237e-08 1.46881e-08
894 0.2 580 0 8.07052e-09 -1.95533e-09 -1.87448e-08 1.21477e-08 -8.25157e-10 1.87897e-09 4.16804e-09 -2.77943e-10 2.81683e-09 -1.63782e-09 -1.80739e-08 1.50343e-08
894 0.21 580 0 8.0083e-09 -2.15846e-09 -1.83824e-08 1.25079e-08 -8.07468e-10 1.97273e-09 4.36348e-09 -3.82272e-10 2.8997e-09 -1.76958e-09 -1.75908e-08 1.53854e-08
894 0.22 580 0 7.93589e-09 -2.36951e-09 -1.79918e-08 1.28759e-08 -7.81591e-10 2.06467e-09 4.55422e-09 -4.99518e-10 2.97286e-09 -1.90683e-09 -1.70733e-08 1.57394e-08
894 0.23 580 0 7.85238e-09 -2.58786e-09 -1.75718e-08 1.32498e-08 -7.47283e-10 2.15433e-09 4.73939e-09 -6.30084e-10 3.03562e-09 -2.04937e-09 -1.65201e-08 1.60936e-08
894 0.24 580 0 7.75674e-09 -2.81291e-09 -1.71211e-08 1.36277e-08 -7.04368e-10 2.24115e-09 4.91798e-09 -7.7436e-10 3.08728e-09 -2.1969e-09 -1.59302e-08 1.64454e-08
894 0.25 580 0 7.64798e-09 -3.04391e-09 -1.66385e-08 1.40074e-08 -6.52703e-10 2.32456e-09 5.08893e-09 -9.32648e-10 3.12711e-09 -2.34905e-09 -1.53026e-08 1.6792e-08
894 0.26 580 0 7.52512e-09 -3.27997e-09 -1.6123e-08 1.43865e-08 -5.92195e-10 2.40395e-09 5.25109e-09 -1.10514e-09 3.1544e-09 -2.50536e-09 -1.46366e-08 1.713e-08
894 0.27 580 0 7.38714e-09 -3.52007e-09 -1.55733e-08 1.47624e-08 -5.22832e-10 2.47865e-09 5.40316e-09 -1.29194e-09 3.16845e-09 -2.66529e-09 -1.39311e-08 1.74561e-08
894 0.28 580 0 7.23305e-09 -3.76315e-09 -1.49884e-08 1.51325e-08 -4.4464e-10 2.54795e-09 5.54384e-09 -1.49306e-09 3.16855e-09 -2.82818e-09 -1.31859e-08 1.77668e-08
894 0.29 580 0 7.06192e-09 -4.00794e-09 -1.43674e-08 1.54937e-08 -3.57727e-10 2.61113e-09 5.67169e-09 -1.70834e-09 3.15403e-09 -2.99329e-09 -1.24005e-08 1.80582e-08
894 0.3 580 0 6.87281e-09 -4.25311e-09 -1.37095e-08 1.58427e-08 -2.62293e-10 2.66741e-09 5.78516e-09 -1.93753e-09 3.12424e-09 -3.15975e-09 -1.15747e-08 1.83263e-08
894 0.31 580 0 6.66551e-09 -4.49753e-09 -1.30139e-08 1.61766e-08 -1.58374e-10 2.71595e-09 5.88275e-09 -2.18033e-09 3.07857e-09 -3.32673e-09 -1.07086e-08 1.85673e-08
894 0.32 580 0 6.43775e-09 -4.74027e-09 -1.22762e-08 1.64896e-08 -4.61436e-11 2.75483e-09 5.96124e-09 -2.43617e-09 3.01562e-09 -3.4925e-09 -9.79863e-09 1.87751e-08
894 0.33 580 0 6.1896e-09 -4.97876e-09 -1.15e-08 1.67789e-08 7.35398e-11 2.78415e-09 6.02019e-09 -2.70389e-09 2.93566e-09 -3.65634e-09 -8.84921e-09 1.89456e-08
894 0.34 580 0 5.92054e-09 -5.21004e-09 -1.06876e-08 1.7041e-08 1.99791e-10 2.80374e-09 6.05867e-09 -2.98229e-09 2.83868e-09 -3.81709e-09 -7.8637e-09 1.90741e-08
894 0.35 580 0 5.63007e-09 -5.4324e-09 -9.83821e-09 1.72713e-08 3.32095e-10 2.81252e-09 6.07456e-09 -3.27017e-09 2.72417e-09 -3.97322e-09 -6.84262e-09 1.91554e-08
894 0.36 580 0 5.31791e-09 -5.64385e-09 -8.95196e-09 1.74649e-08 4.69771e-10 2.80953e-09 6.06594e-09 -3.56603e-09 2.5918e-09 -4.12317e-09 -5.78747e-09 1.91842e-08
894 0.37 580 0 4.98394e-09 -5.84193e-09 -8.03001e-09 1.76171e-08 6.11923e-10 2.79406e-09 6.03118e-09 -3.86801e-09 2.4415e-09 -4.26531e-09 -4.70099e-09 1.91553e-08
894 0.38 580 0 4.62825e-09 -6.02377e-09 -7.07441e-09 1.7723e-08 7.57418e-10 2.76566e-09 5.96883e-09 -4.17391e-09 2.27347e-09 -4.39793e-09 -3.58683e-09 1.9063e-08
894 0.39 580 0 4.25116e-09 -6.18703e-09 -6.08666e-09 1.77772e-08 9.05238e-10 2.72348e-09 5.87721e-09 -4.48136e-09 2.08781e-09 -4.51916e-09 -2.44827e-09 1.89021e-08
894 0.4 580 0 3.85333e-09 -6.32882e-09 -5.06946e-09 1.77743e-08 1.05418e-09 2.66706e-09 5.75508e-09 -4.78754e-09 1.88494e-09 -4.62708e-09 -1.29003e-09 1.86669e-08
894 0.41 580 0 3.4356e-09 -6.44629e-09 -4.02588e-09 1.77088e-08 1.20284e-09 2.59593e-09 5.6012e-09 -5.08933e-09 1.66548e-09 -4.7197e-09 -1.17124e-10 1.8352e-08
894 0.42 580 0 2.9992e-09 -6.53642e-09 -2.95988e-09 1.75752e-08 1.34983e-09 2.50982e-09 5.41478e-09 -5.38328e-09 1.43026e-09 -4.79497e-09 1.06428e-09 1.79522e-08
894 0.43 580 0 2.54568e-09 -6.59623e-09 -1.87596e-09 1.7368e-08 1.4936e-09 2.40855e-09 5.19522e-09 -5.66562e-09 1.18034e-09 -4.85081e-09 2.2475e-09 1.74625e-08
894 0.44 580 0 2.07704e-09 -6.62264e-09 -7.79478e-10 1.70816e-08 1.63256e-09 2.29211e-09 4.9424e-09 -5.93219e-09 9.17056e-10 -4.88512e-09 3.42482e-09 1.68782e-08
894 0.45 580 0 1.59598e-09 -6.61301e-09 3.23523e-10 1.6711e-08 1.76521e-09 2.16064e-09 4.6566e-09 -6.17885e-09 6.42049e-10 -4.89602e-09 4.58787e-09 1.61957e-08
894 0.46 580 0 1.10449e-09 -6.56359e-09 1.42583e-09 1.62501e-08 1.88946e-09 2.01449e-09 4.33852e-09 -6.40032e-09 3.57136e-10 -4.88101e-09 5.72713e-09 1.541e-08
894 0.47 580 0 6.0622e-10 -6.47192e-09 2.51956e-09 1.56945e-08 2.00375e-09 1.85419e-09 3.98962e-09 -6.59185e-09 6.45565e-11 -4.83833e-09 6.83239e-09 1.45186e-08
894 0.48 580 0 1.049e-10 -6.33527e-09 3.59576e-09 1.50396e-08 2.10633e-09 1.6805e-09 3.61199e-09 -6.74828e-09 -2.33163e-10 -4.76605e-09 7.89246e-09 1.35192e-08
894 0.49 580 0 -3.95267e-10 -6.15116e-09 4.64448e-09 1.42814e-08 2.19548e-09 1.49437e-09 3.20847e-09 -6.86425e-09 -5.33165e-10 -4.66245e-09 8.89533e-09 1.24104e-08
894 0.5 580 0 -8.89466e-10 -5.91716e-09 5.65443e-09 1.3417e-08 2.26951e-09 1.29727e-09 2.78296e-09 -6.93442e-09 -8.32164e-10 -4.526e-09 9.82782e-09 1.11923e-08
894 0.51 580 0 -1.37269e-09 -5.63187e-09 6.61399e-09 1.2443e-08 2.32685e-09 1.09009e-09 2.33975e-09 -6.95324e-09 -1.12682e-09 -4.3552e-09 1.06768e-08 9.8653e-09
894 0.52 580 0 -1.83913e-09 -5.2936e-09 7.50971e-09 1.13585e-08 2.36595e-09 8.74771e-10 1.88467e-09 -6.91557e-09 -1.41313e-09 -4.14904e-09 1.14274e-08 8.43202e-09
894 0.53 580 0 -2.28251e-09 -4.90143e-09 8.32719e-09 1.0163e-08 2.38554e-09 6.53198e-10 1.42457e-09 -6.81641e-09 -1.68686e-09 -3.90677e-09 1.20646e-08 6.89645e-09
894 0.54 580 0 -2.69618e-09 -4.45509e-09 9.0511e-09 8.85746e-09 2.38441e-09 4.27449e-10 9.67341e-10 -6.6512e-09 -1.94345e-09 -3.62803e-09 1.25728e-08 5.26429e-09
894 0.55 580 0 -3.07293e-09 -3.95553e-09 9.66543e-09 7.44456e-09 2.36174e-09 1.99445e-10 5.21884e-10 -6.41623e-09 -2.17812e-09 -3.31297e-09 1.29365e-08 3.54344e-09
894 0.56 580 0 -3.40523e-09 -3.40263e-09 1.01517e-08 5.92893e-09 2.31662e-09 -2.75028e-11 9.93654e-11 -6.10797e-09 -2.38538e-09 -2.96203e-09 1.3138e-08 1.74341e-09
894 0.57 580 0 -3.6851e-09 -2.79908e-09 1.04921e-08 4.31721e-09 2.24876e-09 -2.51134e-10 -2.88733e-10 -5.72464e-09 -2.55988e-09 -2.57646e-09 1.31618e-08 -1.23359e-10
894 0.58 580 0 -3.90429e-09 -2.14791e-09 1.06674e-08 2.61847e-09 2.15805e-09 -4.6864e-10 -6.29338e-10 -5.2655e-09 -2.69585e-09 -2.15812e-09 1.29916e-08 -2.04215e-09
894 0.59 580 0 -4.05426e-09 -1.45325e-09 1.0658e-08 8.4464e-10 2.04482e-09 -6.77153e-10 -9.07905e-10 -4.73162e-09 -2.78736e-09 -1.70957e-09 1.26118e-08 -3.99539e-09
894 0.6 580 0 -4.12642e-09 -7.20443e-10 1.04439e-08 -9.89296e-10 1.9097e-09 -8.73695e-10 -1.10885e-09 -4.12596e-09 -2.82828e-09 -1.23423e-09 1.20076e-08 -5.96267e-09
894 0.61 580 0 -4.11216e-09 4.38018e-11 1.00047e-08 -2.86503e-09 1.75368e-09 -1.05533e-09 -1.21547e-09 -3.45379e-09 -2.81243e-09 -7.36408e-10 1.11654e-08 -7.92064e-09
894 0.62 580 0 -4.00302e-09 8.31346e-10 9.32077e-09 -4.76043e-09 1.57819e-09 -1.21926e-09 -1.21008e-09 -2.72322e-09 -2.7336e-09 -2.21353e-10 1.00732e-08 -9.8427e-09
894 0.63 580 0 -3.79086e-09 1.63205e-09 8.37331e-09 -6.64913e-09 1.38512e-09 -1.36288e-09 -1.07479e-09 -1.94563e-09 -2.58582e-09 3.0435e-10 8.72186e-09 -1.16989e-08
894 0.64 580 0 -3.46763e-09 2.43553e-09 7.14347e-09 -8.49969e-09 1.17694e-09 -1.48287e-09 -7.89942e-10 -1.13602e-09 -2.36292e-09 8.33201e-10 7.10307e-09 -1.34558e-08
894 0.65 580 0 -3.02634e-09 3.22816e-09 5.61597e-09 -1.02762e-08 9.56444e-10 -1.57705e-09 -3.37498e-10 -3.13637e-10 -2.05951e-09 1.35608e-09 5.21385e-09 -1.50767e-08
894 0.66 580 0 -2.46105e-09 3.99488e-09 3.77745e-09 -1.19377e-08 7.26674e-10 -1.6435e-09 3.00361e-10 4.97744e-10 -1.6706e-09 1.86273e-09 3.05451e-09 -1.6522e-08
894 0.67 580 0 -1.76689e-09 4.71869e-09 1.61847e-09 -1.34371e-08 4.91292e-10 -1.68037e-09 1.14007e-09 1.26908e-09 -1.19196e-09 2.34114e-09 6.30369e-10 -1.77487e-08
894 0.68 580 0 -9.40699e-10 5.38057e-09 -8.65599e-10 -1.47217e-08 2.54228e-10 -1.68633e-09 2.19564e-09 1.96582e-09 -6.20368e-10 2.77775e-09 -2.04746e-09 -1.87109e-08
894 0.69 580 0 1.86803e-11 5.95943e-09 -3.6733e-09 -1.57328e-08 1.97985e-11 -1.66059e-09 3.47776e-09 2.54721e-09 4.607e-11 3.15726e-09 -4.96125e-09 -1.93607e-08
894 0.7 580 0 1.10951e-09 6.43175e-09 -6.79522e-09 -1.64062e-08 -2.07863e-10 -1.60326e-09 4.99174e-09 2.96661e-09 8.07468e-10 3.46262e-09 -8.08515e-09 -1.96486e-08
894 0.71 580 0 2.32801e-09 6.77305e-09 -1.02131e-08 -1.66703e-08 -4.23253e-10 -1.51403e-09 6.73805e-09 3.16974e-09 1.66209e-09 3.6748e-09 -1.13856e-08 -1.95231e-08
894 0.72 580 0 3.66573e-09 6.95587e-09 -1.38962e-08 -1.64498e-08 -6.21795e-10 -1.39435e-09 8.70727e-09 3.09683e-09 2.60523e-09 3.77304e-09 -1.48178e-08 -1.8934e-08
894 0.73 580 0 5.11012e-09 6.95151e-09 -1.78003e-08 -1.56647e-08 -7.98584e-10 -1.24608e-09 1.088e-08 2.68156e-09 3.62903e-09 3.73482e-09 -1.83266e-08 -1.78327e-08
894 0.74 580 0 6.64343e-09 6.7299e-09 -2.18643e-08 -1.4232e-08 -9.48681e-10 -1.07178e-09 1.32238e-08 1.85233e-09 4.7216e-09 3.53595e-09 -2.18445e-08 -1.61739e-08
894 0.75 580 0 8.24086e-09 6.26094e-09 -2.60085e-08 -1.207e-08 -1.06929e-09 -8.72157e-10 1.56907e-08 5.35336e-10 5.86689e-09 3.1503e-09 -2.52905e-08 -1.39192e-08
894 0.76 580 0 9.86531e-09 5.51905e-09 -3.01364e-08 -9.11838e-09 -1.16019e-09 -6.45941e-10 1.82161e-08 -1.33119e-09 7.0388e-09 2.54808e-09 -2.85643e-08 -1.10438e-08
894 0.77 580 0 1.14897e-08 4.46645e-09 -3.41095e-08 -5.26733e-09 -1.2013e-09 -4.12523e-10 2.07037e-08 -3.84986e-09 8.20776e-09 1.7104e-09 -3.15677e-08 -7.5162e-09
894 0.78 580 0 1.30624e-08 3.07731e-09 -3.77751e-08 -4.5933e-10 -1.19619e-09 -1.70891e-10 2.30406e-08 -7.08568e-09 9.33906e-09 6.10389e-10 -3.41761e-08 -3.33881e-09
894 0.79 580 0 1.45246e-08 1.32864e-09 -4.0945e-08 5.35111e-09 -1.14182e-09 7.08032e-11 2.50814e-08 -1.10984e-08 1.03862e-08 -7.74446e-10 -3.62544e-08 1.47051e-09
894 0.8 580 0 1.58068e-08 -7.96448e-10 -4.33976e-08 1.21856e-08 -1.036e-09 3.04361e-10 2.66484e-08 -1.59313e-08 1.12927e-08 -2.4622e-09 -3.76573e-08 6.86892e-09
894 0.81 580 0 1.68271e-08 -3.30539e-09 -4.48781e-08 2.00273e-08 -8.77542e-10 5.21462e-10 2.75295e-08 -2.15983e-08 1.19908e-08 -4.46411e-09 -3.82322e-08 1.27821e-08
894 0.82 580 0 1.74932e-08 -6.19287e-09 -4.50969e-08 2.88128e-08 -6.64958e-10 7.10067e-10 2.74766e-08 -2.80773e-08 1.24006e-08 -6.78084e-09 -3.78246e-08 1.91014e-08
894 0.83 580 0 1.76988e-08 -9.43656e-09 -4.37382e-08 3.84113e-08 -3.9991e-10 8.5897e-10 2.62094e-08 -3.5289e-08 1.24295e-08 -9.39924e-09 -3.62855e-08 2.56745e-08
894 0.84 580 0 1.73278e-08 -1.2993e-08 -4.04646e-08 4.86119e-08 -8.6752e-11 9.521e-10 2.342e-08 -4.3085e-08 1.19734e-08 -1.22869e-08 -3.34815e-08 3.23047e-08
894 0.85 580 0 1.62493e-08 -1.67923e-08 -3.49349e-08 5.91051e-08 2.65689e-10 9.7451e-10 1.87827e-08 -5.12277e-08 1.09122e-08 -1.5389e-08 -2.93054e-08 3.8746e-08
894 0.86 580 0 1.43307e-08 -2.07228e-08 -2.68237e-08 6.94553e-08 6.53518e-10 9.15046e-10 1.19752e-08 -5.93619e-08 9.12086e-09 -1.86114e-08 -2.36946e-08 4.4699e-08
894 0.87 580 0 1.14388e-08 -2.46317e-08 -1.58495e-08 7.90948e-08 1.067e-09 7.55981e-10 2.70186e-09 -6.70064e-08 6.46959e-09 -2.18211e-08 -1.66464e-08 4.98223e-08
894 0.88 580 0 7.44551e-09 -2.83133e-08 -1.8164e-09 8.73046e-08 1.49197e-09 4.78346e-10 -9.26839e-09 -7.35298e-08 2.83058e-09 -2.48327e-08 -8.23991e-09 5.3738e-08
894 0.89 580 0 2.23805e-09 -3.14975e-08 1.53347e-08 9.32064e-08 1.90801e-09 5.96936e-11 -2.40524e-08 -7.81375e-08 -1.91368e-09 -2.73969e-08 1.34713e-09 5.60484e-08
894 0.9 580 0 -4.26778e-09 -3.38337e-08 3.5465e-08 9.57647e-08 2.28771e-09 -5.26224e-10 -4.15929e-08 -7.98679e-08 -7.85692e-09 -2.91818e-08 1.18184e-08 5.63591e-08
894 0.91 580 0 -1.211e-08 -3.48668e-08 5.81613e-08 9.38025e-08 2.59109e-09 -1.31149e-09 -6.15799e-08 -7.75994e-08 -1.50504e-08 -2.97474e-08 2.27449e-08 5.43112e-08
894 0.92 580 0 -2.1248e-08 -3.3998e-08 8.26515e-08 8.6035e-08 2.75579e-09 -2.33805e-09 -8.33642e-08 -7.00782e-08 -2.34685e-08 -2.8503e-08 3.35577e-08 4.96202e-08
894 0.93 580 0 -3.14887e-08 -3.04138e-08 1.07595e-07 7.09316e-08 2.67136e-09 -3.64354e-09 -1.05734e-07 -5.57677e-08 -3.29233e-08 -2.46415e-08 4.35521e-08 4.21753e-08
894 0.94 580 0 -4.23707e-08 -2.29278e-08 1.31217e-07 4.75159e-08 2.16695e-09 -5.32794e-09 -1.27054e-07 -3.36615e-08 -4.29767e-08 -1.69658e-08 5.19222e-08 3.19245e-08
894 0.95 580 0 -5.27239e-08 -9.78416e-09 1.50917e-07 1.44952e-08 7.91376e-10 -7.38274e-09 -1.44859e-07 -2.38567e-09 -5.24197e-08 -3.70657e-09 5.77292e-08 1.91328e-08
894 0.96 580 0 -5.92892e-08 1.16149e-08 1.63259e-07 -2.90431e-08 -2.19672e-09 -9.54136e-09 -1.55824e-07 3.9093e-08 -5.79254e-08 1.77169e-08 5.99722e-08 4.34343e-09
894 0.97 580 0 -5.29143e-08 4.2898e-08 1.63913e-07 -8.42032e-08 -8.03831e-09 -1.035e-08 -1.55713e-07 9.20607e-08 -5.01968e-08 4.87961e-08 5.76165e-08 -1.15249e-08
894 0.98 580 0 -1.53436e-08 7.01049e-08 1.45474e-07 -1.56221e-07 -1.60351e-08 -4.94208e-09 -1.37101e-07 1.62059e-07 -1.09858e-08 7.50441e-08 4.96084e-08 -2.70553e-08
894 0.99 580 0 3.53351e-08 4.57385e-08 7.2405e-08 -2.60062e-07 -1.50611e-08 8.35524e-09 -6.394e-08 2.6426e-07 4.0555e-08 4.86271e-08 3.46664e-08 -4.01317e-08
894 1 580 0 2.46515e-08 4.82691e-10 -5.73798e-06 -2.15792e-07 -4.38392e-11 1.52931e-08 5.75033e-06 2.1581e-07 3.15577e-08 4.93723e-10 6.76931e-11 -5.92963e-08
894 1.01 580 0 1.0993e-08 1.72487e-10 -9.3125e-08 3.72521e-10 2.55839e-11 5.13077e-09 9.89124e-08 -3.87987e-10 1.41465e-08 1.6336e-10 -6.92249e-11 -2.34342e-08
894 1.02 580 0 6.41889e-09 9.87477e-11 -5.27501e-08 2.60905e-10 2.56332e-11 3.52664e-09 5.73765e-08 -2.76775e-10 8.89946e-09 8.86834e-11 -6.49326e-11 -1.70718e-08
894 1.03 580 0 4.11148e-09 6.62763e-11 -3.55011e-08 2.00774e-10 2.37824e-11 2.71341e-09 3.93907e-08 -2.16553e-10 6.18277e-09 5.60211e-11 -6.02116e-11 -1.34218e-08
894 1.04 580 0 2.75575e-09 4.88384e-11 -2.59725e-08 1.62718e-10 2.19477e-11 2.21803e-09 2.93331e-08 -1.78275e-10 4.54302e-09 3.86041e-11 -5.60206e-11 -1.09984e-08
894 1.05 580 0 1.88763e-09 3.83654e-11 -2.00076e-08 1.36657e-10 2.04451e-11 1.88548e-09 2.29654e-08 -1.5199e-10 3.46437e-09 2.81854e-11 -5.25112e-11 -9.26521e-09
894 1.06 580 0 1.29905e-09 3.16152e-11 -1.59789e-08 1.17785e-10 1.91809e-11 1.64833e-09 1.86187e-08 -1.32892e-10 2.7134e-09 2.15247e-11 -4.95711e-11 -7.96667e-09
894 1.07 580 0 8.83017e-10 2.70376e-11 -1.31137e-08 1.03737e-10 1.81887e-11 1.47207e-09 1.54966e-08 -1.18673e-10 2.16873e-09 1.70067e-11 -4.71884e-11 -6.9622e-09
894 1.08 580 0 5.79248e-10 2.3836e-11 -1.09983e-08 9.31205e-11 1.74595e-11 1.33722e-09 1.31701e-08 -1.07968e-10 1.76122e-09 1.38013e-11 -4.53344e-11 -6.16701e-09
894 1.09 580 0 3.51389e-10 2.15471e-11 -9.39192e-09 8.49193e-11 1.68964e-11 1.2321e-09 1.13884e-08 -9.97397e-11 1.44874e-09 1.14796e-11 -4.38989e-11 -5.52671e-09
894 1.1 580 0 1.76386e-10 1.99084e-11 -8.14539e-09 7.86334e-11 1.65228e-11 1.14916e-09 9.99508e-09 -9.35203e-11 1.20429e-09 9.74256e-12 -4.28973e-11 -5.00461e-09
894 1.11 580 0 3.89775e-11 1.87648e-11 -7.16185e-09 7.39148e-11 1.63483e-11 1.08343e-09 8.88825e-09 -8.89862e-11 1.00981e-09 8.41115e-12 -4.23394e-11 -4.57522e-09
894 1.12 580 0 -7.13483e-11 1.79973e-11 -6.3762e-09 7.04134e-11 1.63197e-11 1.03162e-09 7.99907e-09 -8.57739e-11 8.5289e-10 7.38984e-12 -4.21673e-11 -4.22041e-09
894 1.13 580 0 -1.62044e-10 1.75551e-11 -5.74326e-09 6.80231e-11 1.64707e-11 9.91437e-10 7.27964e-09 -8.38134e-11 7.24687e-10 6.59348e-12 -4.2434e-11 -3.92701e-09
894 1.14 580 0 -2.38587e-10 1.74193e-11 -5.23109e-09 6.67072e-11 1.68395e-11 9.61378e-10 6.69603e-09 -8.31107e-11 6.18781e-10 5.96605e-12 -4.3215e-11 -3.68543e-09
894 1.15 580 0 -3.05219e-10 1.75616e-11 -4.81701e-09 6.63524e-11 1.74095e-11 9.406e-10 6.22429e-09 -8.35624e-11 5.30425e-10 5.48301e-12 -4.45171e-11 -3.4889e-09
894 1.16 580 0 -3.65326e-10 1.80113e-11 -4.48476e-09 6.70623e-11 1.82501e-11 9.28697e-10 5.84739e-09 -8.53431e-11 4.56014e-10 5.11486e-12 -4.64863e-11 -3.33275e-09
894 1.17 580 0 -4.21829e-10 1.88241e-11 -4.2231e-09 6.90056e-11 1.94471e-11 9.25768e-10 5.55387e-09 -8.87136e-11 3.92773e-10 4.84502e-12 -4.93177e-11 -3.21425e-09
894 1.18 580 0 -4.77509e-10 2.00577e-11 -4.02499e-09 7.2347e-11 2.10685e-11 9.32508e-10 5.33715e-09 -9.39305e-11 3.38526e-10 4.67145e-12 -5.32089e-11 -3.13262e-09
894 1.19 580 0 -5.3523e-10 2.18739e-11 -3.88703e-09 7.75925e-11 2.33189e-11 9.50245e-10 5.19503e-09 -1.01712e-10 2.91518e-10 4.59023e-12 -5.86277e-11 -3.08909e-09
894 1.2 580 0 -5.98417e-10 2.44697e-11 -3.81008e-09 8.53396e-11 2.64202e-11 9.81383e-10 5.13076e-09 -1.12913e-10 2.50296e-10 4.61528e-12 -6.61428e-11 -3.0878e-09
894 1.21 580 0 -6.71539e-10 2.82709e-11 -3.80004e-09 9.69133e-11 3.08735e-11 1.02982e-09 5.1543e-09 -1.29393e-10 2.13586e-10 4.76739e-12 -7.69431e-11 -3.13679e-09
894 1.22 580 0 -7.61277e-10 3.3944e-11 -3.87099e-09 1.14363e-10 3.7434e-11 1.10224e-09 5.28687e-09 -1.5404e-10 1.80187e-10 5.09837e-12 -9.28912e-11 -3.25103e-09
894 1.23 580 0 -8.78555e-10 4.28951e-11 -4.05087e-09 1.42029e-10 4.77148e-11 1.21038e-09 5.56913e-09 -1.92946e-10 1.48793e-10 5.70623e-12 -1.17886e-10 -3.45785e-09
894 1.24 580 0 -1.04347e-09 5.81969e-11 -4.39615e-09 1.89355e-10 6.52298e-11 1.37664e-09 6.08195e-09 -2.59388e-10 1.17681e-10 6.80887e-12 -1.60437e-10 -3.81048e-09
894 1.25 580 0 -1.29863e-09 8.76056e-11 -5.03167e-09 2.80108e-10 9.88376e-11 1.64937e-09 7.00309e-09 -3.86823e-10 8.3909e-11 8.95305e-12 -2.4203e-10 -4.42472e-09
894 1.26 580 0 -1.75341e-09 1.57013e-10 -6.28368e-09 4.93324e-10 1.78155e-10 2.15359e-09 8.79582e-09 -6.86655e-10 4.07047e-11 1.38907e-11 -4.34308e-10 -5.60142e-09
894 1.27 580 0 -2.80014e-09 3.99911e-10 -9.32934e-09 1.23474e-09 4.55965e-10 3.33901e-09 1.31306e-08 -1.73184e-09 -3.50937e-11 3.03257e-11 -1.10662e-09 -8.42406e-09
894 1.28 580 0 -7.26965e-09 3.1029e-09 -2.26639e-08 9.41453e-09 3.55241e-09 8.45381e-09 3.20677e-08 -1.33036e-08 -3.05763e-10 1.99206e-10 -8.58297e-09 -2.07191e-08
894 1.29 580 0 6.4214e-09 2.31008e-09 1.86165e-08 6.88851e-09 2.6539e-09 -7.26107e-09 -2.64608e-08 -9.805e-09 4.8797e-10 1.2357e-10 -6.38364e-09 1.72009e-08
894 1.3 580 0 2.37289e-09 2.84553e-10 6.48073e-09 8.33807e-10 3.27801e-10 -2.62968e-09 -9.25531e-09 -1.19524e-09 2.35092e-10 1.24776e-11 -7.84893e-10 6.0539e-09
894 1.31 580 0 1.38377e-09 9.67147e-11 3.56498e-09 2.78499e-10 1.11654e-10 -1.50464e-09 -5.11376e-09 -4.01975e-10 1.6733e-10 3.39522e-12 -2.66131e-10 3.36418e-09
894 1.32 580 0 9.48474e-10 4.58809e-11 2.31079e-09 1.29832e-10 5.30526e-11 -1.01364e-09 -3.32848e-09 -1.88655e-10 1.33467e-10 1.25005e-12 -1.25869e-10 2.20152e-09
894 1.33 580 0 7.05005e-10 2.57416e-11 1.62827e-09 7.15839e-11 2.97963e-11 -7.41706e-10 -2.35455e-09 -1.04697e-10 1.1183e-10 5.22025e-13 -7.03675e-11 1.56525e-09
894 1.34 580 0 5.50098e-10 1.59676e-11 1.20716e-09 4.36337e-11 1.84926e-11 -5.70543e-10 -1.75201e-09 -6.42253e-11 9.61875e-11 2.26388e-13 -4.34678e-11 1.17024e-09
894 1.35 580 0 4.43303e-10 1.06033e-11 9.26257e-10 2.84731e-11 1.22802e-11 -4.53857e-10 -1.34894e-09 -4.21708e-11 8.40554e-11 9.47708e-14 -2.8731e-11 9.0505e-10
894 1.36 580 0 3.65539e-10 7.39267e-12 7.28649e-10 1.95071e-11 8.55776e-12 -3.6985e-10 -1.06456e-09 -2.90668e-11 7.42276e-11 3.36327e-14 -1.99283e-11 7.17257e-10
894 1.37 580 0 3.06632e-10 5.34536e-12 5.84177e-10 1.38586e-11 6.18171e-12 -3.06927e-10 -8.56024e-10 -2.07725e-11 6.60357e-11 5.57296e-15 -1.43272e-11 5.79041e-10
894 1.38 580 0 2.60662e-10 3.97982e-12 4.75425e-10 1.01383e-11 4.59573e-12 -2.58363e-10 -6.98586e-10 -1.52841e-11 5.90719e-11 -6.39303e-15 -1.06021e-11 4.74305e-10
894 1.39 580 0 2.23949e-10 3.03332e-12 3.91665e-10 7.59206e-12 3.49578e-12 -2.1999e-10 -5.7697e-10 -1.15102e-11 5.30676e-11 -1.01756e-14 -8.02765e-12 3.93106e-10
894 1.4 580 0 1.94079e-10 2.35602e-12 3.25947e-10 5.7929e-12 2.70812e-12 -1.8909e-10 -4.81277e-10 -8.8312e-12 4.78358e-11 -9.56385e-15 -6.19094e-12 3.28986e-10
894 1.41 580 0 1.69409e-10 1.86049e-12 2.73597e-10 4.494e-12 2.13171e-12 -1.63819e-10 -4.04834e-10 -6.88824e-12 4.32403e-11 -7.02533e-15 -4.85252e-12 2.77588e-10
894 1.42 580 0 1.48777e-10 1.4897e-12 2.31357e-10 3.53478e-12 1.70015e-12 -1.42882e-10 -3.42987e-10 -5.44691e-12 3.91779e-11 -3.42744e-15 -3.85492e-12 2.35863e-10
894 1.43 580 0 1.3134e-10 1.20687e-12 1.96901e-10 2.81263e-12 1.37053e-12 -1.25344e-10 -2.92405e-10 -4.35702e-12 3.55683e-11 9.11351e-16 -3.09695e-12 2.01627e-10
894 1.44 580 0 1.16471e-10 9.88276e-13 1.6853e-10 2.26222e-12 1.11548e-12 -1.10514e-10 -2.50652e-10 -3.52276e-12 3.23474e-11 5.43114e-15 -2.51412e-12 1.73277e-10
894 1.45 580 0 1.03693e-10 8.16794e-13 1.44976e-10 1.83631e-12 9.14751e-13 -9.78703e-11 -2.15904e-10 -2.87459e-12 2.94632e-11 1.03708e-14 -2.05916e-12 1.49613e-10
894 1.46 580 0 9.26385e-11 6.80701e-13 1.2528e-10 1.50291e-12 7.54432e-13 -8.7014e-11 -1.86781e-10 -2.36537e-12 2.68727e-11 1.59954e-14 -1.69998e-12 1.29721e-10
894 1.47 580 0 8.30191e-11 5.71475e-13 1.08702e-10 1.23905e-12 6.2393e-13 -7.76332e-11 -1.62217e-10 -1.96123e-12 2.454e-11 2.30895e-14 -1.41331e-12 1.12897e-10
894 1.48 580 0 7.46049e-11 4.82989e-13 9.46688e-11 1.0283e-12 5.1469e-13 -6.94816e-11 -1.41382e-10 -1.63818e-12 2.24345e-11 3.33711e-14 -1.18246e-12 9.85882e-11
894 1.49 580 0 6.72108e-11 4.10685e-13 8.27273e-11 8.58526e-13 4.17031e-13 -6.23623e-11 -1.23618e-10 -1.37949e-12 2.05308e-11 5.21241e-14 -9.94996e-13 8.63583e-11
894 1.5 580 0 6.06864e-11 3.51145e-13 7.25176e-11 7.20718e-13 3.05972e-13 -5.61104e-11 -1.08407e-10 -1.17808e-12 1.88137e-11 1.04695e-13 -8.41633e-13 7.58585e-11
894 1.51 580 0 5.49081e-11 3.01838e-13 6.37509e-11 6.08081e-13 3.1099e-13 -5.02559e-11 -9.54306e-11 -9.83511e-13 1.76745e-11 3.2568e-14 -7.15294e-13 6.68073e-11
894 1.52 580 0 4.97735e-11 2.60542e-13 5.61934e-11 5.1539e-13 3.59437e-13 -4.57126e-11 -8.40368e-11 -8.08646e-13 1.58664e-11 -8.2946e-14 -6.10585e-13 5.8976e-11
894 1.53 580 0 4.51968e-11 2.25914e-13 4.96546e-11 4.38702e-13 2.86841e-13 -4.14179e-11 -7.42444e-11 -6.97966e-13 1.45481e-11 -4.24998e-14 -5.23304e-13 5.21772e-11
894 1.54 580 0 4.11062e-11 1.9667e-13 4.3978e-11 3.74893e-13 2.41116e-13 -3.75835e-11 -6.57371e-11 -6.00882e-13 1.33632e-11 -2.70098e-14 -4.5016e-13 4.62563e-11
894 1.55 580 0 3.74408e-11 1.71849e-13 3.90346e-11 3.21544e-13 2.06485e-13 -3.41592e-11 -5.83216e-11 -5.1819e-13 1.22856e-11 -1.88271e-14 -3.88578e-13 4.10851e-11
894 1.56 580 0 3.41488e-11 1.50678e-13 3.47171e-11 2.76728e-13 1.78585e-13 -3.10947e-11 -5.18396e-11 -4.48007e-13 1.13028e-11 -1.3771e-14 -3.36495e-13 3.65567e-11
894 1.57 580 0 3.11857e-11 1.32542e-13 3.09361e-11 2.38918e-13 1.55472e-13 -2.83458e-11 -4.61588e-11 -3.88367e-13 1.04051e-11 -1.03458e-14 -2.9226e-13 3.25813e-11
894 1.58 580 0 2.85133e-11 1.16946e-13 2.76164e-11 2.06898e-13 1.36016e-13 -2.58747e-11 -4.11682e-11 -3.37578e-13 9.58435e-12 -7.8725e-15 -2.54558e-13 2.90834e-11
894 1.59 580 0 2.60988e-11 1.03478e-13 2.46948e-11 1.79689e-13 1.19469e-13 -2.36488e-11 -3.67741e-11 -2.94217e-13 8.83308e-12 -6.01497e-15 -2.22322e-13 2.5999e-11
894 1.6 580 0 2.39136e-11 9.17999e-14 2.21178e-11 1.56451e-13 1.05309e-13 -2.16398e-11 -3.2897e-11 -2.57013e-13 8.14488e-12 -4.60889e-15 -1.94617e-13 2.32737e-11
894 1.61 580 0 2.19326e-11 8.16453e-14 1.98399e-11 1.3656e-13 9.31088e-14 -1.98234e-11 -2.94693e-11 -2.25042e-13 7.51396e-12 -3.50357e-15 -1.70761e-13 2.08611e-11
894 1.62 580 0 2.01341e-11 7.27848e-14 1.78224e-11 1.19485e-13 8.25474e-14 -1.81784e-11 -2.64332e-11 -1.97497e-13 6.93513e-12 -2.62557e-15 -1.50165e-13 1.87217e-11
894 1.63 580 0 1.84991e-11 6.50301e-14 1.6032e-11 1.04772e-13 7.33695e-14 -1.66862e-11 -2.37393e-11 -1.73675e-13 6.40372e-12 -1.92345e-15 -1.32315e-13 1.68212e-11
894 1.64 580 0 1.70107e-11 5.82237e-14 1.44404e-11 9.20699e-14 6.53608e-14 -1.53306e-11 -2.13451e-11 -1.53044e-13 5.91553e-12 -1.35377e-15 -1.16821e-13 1.51303e-11
894 1.65 580 0 1.56541e-11 5.22344e-14 1.30231e-11 8.10706e-14 5.83497e-14 -1.40974e-11 -1.92138e-11 -1.35122e-13 5.46678e-12 -8.87533e-16 -1.03333e-13 1.36237e-11
894 1.66 580 0 1.44162e-11 4.6948e-14 1.1759e-11 7.15173e-14 5.21968e-14 -1.29741e-11 -1.73137e-11 -1.19505e-13 5.05403e-12 -5.12075e-16 -9.15553e-14 1.22794e-11
894 1.67 580 0 1.32855e-11 4.22721e-14 1.06297e-11 6.32082e-14 4.67778e-14 -1.19497e-11 -1.56174e-11 -1.05885e-13 4.67419e-12 -2.02728e-16 -8.12609e-14 1.10783e-11
894 1.68 580 0 1.22515e-11 3.81262e-14 9.61931e-12 5.59624e-14 4.19941e-14 -1.10143e-11 -1.4101e-11 -9.39743e-14 4.32446e-12 5.09204e-17 -7.22401e-14 1.00037e-11
894 1.69 580 0 1.1305e-11 3.44419e-14 8.71412e-12 4.96309e-14 3.77604e-14 -1.01593e-11 -1.27436e-11 -8.35387e-14 4.00227e-12 2.59131e-16 -6.43204e-14 9.04119e-12
894 1.7 580 0 1.04379e-11 3.11611e-14 7.90205e-12 4.4088e-14 3.40045e-14 -9.37685e-12 -1.15271e-11 -7.43798e-14 3.70533e-12 4.30725e-16 -5.73556e-14 8.17806e-12
894 1.71 580 0 9.64282e-12 2.82333e-14 7.17257e-12 3.92267e-14 3.06652e-14 -8.66021e-12 -1.04356e-11 -6.63277e-14 3.43152e-12 5.71502e-16 -5.12205e-14 7.4032e-12
894 1.72 580 0 8.91313e-12 2.56151e-14 6.51648e-12 3.49561e-14 2.769e-14 -8.00318e-12 -9.45517e-12 -5.92379e-14 3.17893e-12 6.86087e-16 -4.58084e-14 6.70685e-12
894 1.73 580 0 8.24295e-12 2.32696e-14 5.92567e-12 3.11988e-14 2.50337e-14 -7.40027e-12 -8.57352e-12 -5.29868e-14 2.94583e-12 7.7993e-16 -4.10279e-14 6.08043e-12
894 1.74 580 0 7.62695e-12 2.11646e-14 5.39306e-12 2.78897e-14 2.26571e-14 -6.84654e-12 -7.77991e-12 -4.74707e-14 2.73061e-12 8.56825e-16 -3.6802e-14 5.51636e-12
894 1.75 580 0 7.06035e-12 1.9272e-14 4.91237e-12 2.4974e-14 2.05265e-14 -6.33759e-12 -7.06486e-12 -4.26014e-14 2.53182e-12 9.20049e-16 -3.30657e-14 5.00798e-12
894 1.76 580 0 6.53882e-12 1.75645e-14 4.47811e-12 2.24118e-14 1.86095e-14 -5.8694e-12 -6.41999e-12 -3.83123e-14 2.34817e-12 9.74398e-16 -2.97709e-14 4.54939e-12
894 1.77 580 0 6.05844e-12 1.59196e-14 4.08584e-12 2.03745e-14 1.67789e-14 -5.43823e-12 -5.83884e-12 -3.48699e-14 2.17864e-12 1.02711e-15 -2.71725e-14 4.13612e-12
894 1.78 580 0 5.61572e-12 1.44972e-14 3.73045e-12 1.8377e-14 1.52152e-14 -5.04117e-12 -5.31321e-12 -3.15038e-14 2.0217e-12 1.03117e-15 -2.45916e-14 3.76225e-12
894 1.79 580 0 5.20744e-12 1.32202e-14 3.40839e-12 1.65678e-14 1.38223e-14 -4.67518e-12 -4.83784e-12 -2.84476e-14 1.87651e-12 1.01827e-15 -2.22399e-14 3.42411e-12
894 1.8 580 0 4.83073e-12 1.20705e-14 3.11627e-12 1.49363e-14 1.25765e-14 -4.33761e-12 -4.40762e-12 -2.56842e-14 1.74215e-12 9.94589e-16 -2.01073e-14 3.11807e-12
894 1.81 580 0 4.48294e-12 1.10313e-14 2.85109e-12 1.34726e-14 1.14569e-14 -4.02605e-12 -4.01797e-12 -2.31991e-14 1.61778e-12 9.641e-16 -1.81855e-14 2.84091e-12
894 1.82 580 0 4.16168e-12 1.00911e-14 2.61017e-12 1.21593e-14 1.04491e-14 -3.73833e-12 -3.66481e-12 -2.09642e-14 1.50263e-12 9.29118e-16 -1.64538e-14 2.58972e-12
894 1.83 580 0 3.86478e-12 9.23943e-15 2.3911e-12 1.09807e-14 9.54066e-15 -3.47247e-12 -3.3445e-12 -1.89541e-14 1.39598e-12 8.91143e-16 -1.48935e-14 2.36193e-12
894 1.84 580 0 3.59027e-12 8.4672e-15 2.19175e-12 9.92235e-15 8.72078e-15 -3.22668e-12 -3.05378e-12 -1.71452e-14 1.29717e-12 8.51171e-16 -1.34869e-14 2.15522e-12
894 1.85 580 0 3.33632e-12 7.76635e-15 2.0102e-12 8.97156e-15 7.97987e-15 -2.99934e-12 -2.78975e-12 -1.55169e-14 1.2056e-12 8.10219e-16 -1.22187e-14 1.96753e-12
894 1.86 580 0 3.10131e-12 7.12965e-15 1.84474e-12 8.11715e-15 7.30955e-15 -2.78894e-12 -2.5498e-12 -1.4051e-14 1.12072e-12 7.68918e-16 -1.10753e-14 1.797e-12
894 1.87 580 0 2.88371e-12 6.55088e-15 1.69384e-12 7.34843e-15 6.70251e-15 -2.59414e-12 -2.33159e-12 -1.27298e-14 1.04202e-12 7.27945e-16 -1.00434e-14 1.64197e-12
894 1.88 580 0 2.68216e-12 6.0242e-15 1.55611e-12 6.65648e-15 6.15192e-15 -2.4137e-12 -2.13304e-12 -1.15384e-14 9.69032e-13 6.87989e-16 -9.1119e-15 1.50096e-12
894 1.89 580 0 2.4954e-12 5.54258e-15 1.43033e-12 6.0337e-15 5.64983e-15 -2.24648e-12 -1.95227e-12 -1.04636e-14 9.0132e-13 6.49689e-16 -8.2708e-15 1.37263e-12
894 1.9 580 0 2.32228e-12 5.10244e-15 1.31538e-12 5.47328e-15 5.19198e-15 -2.09145e-12 -1.7876e-12 -9.49504e-15 8.3849e-13 6.13251e-16 -7.512e-15 1.25578e-12
894 1.91 580 0 2.16173e-12 4.70007e-15 1.21026e-12 4.96842e-15 4.77433e-15 -1.94767e-12 -1.63751e-12 -8.62155e-15 7.80178e-13 5.78586e-16 -6.82684e-15 1.14933e-12
894 1.92 580 0 2.0128e-12 4.33191e-15 1.11408e-12 4.51318e-15 4.39303e-15 -1.81425e-12 -1.50064e-12 -7.83306e-15 7.26046e-13 5.45623e-16 -6.20764e-15 1.0523e-12
894 1.93 580 0 1.87459e-12 3.99481e-15 1.02601e-12 4.10232e-15 4.04463e-15 -1.69042e-12 -1.37575e-12 -7.1207e-15 6.75782e-13 5.14295e-16 -5.64758e-15 9.63812e-13
894 1.94 580 0 1.74628e-12 3.6859e-15 9.4533e-13 3.73117e-15 3.72606e-15 -1.57543e-12 -1.26175e-12 -6.47656e-15 6.29101e-13 4.84537e-16 -5.1406e-15 8.83084e-13
894 1.95 580 0 1.62714e-12 3.40262e-15 8.71376e-13 3.3956e-15 3.43453e-15 -1.46862e-12 -1.15763e-12 -5.89364e-15 5.85738e-13 4.56286e-16 -4.6813e-15 8.094e-13
894 1.96 580 0 1.51646e-12 3.14265e-15 8.03549e-13 3.09194e-15 3.16756e-15 -1.36938e-12 -1.06248e-12 -5.36567e-15 5.45449e-13 4.29473e-16 -4.26486e-15 7.42116e-13
894 1.97 580 0 1.41362e-12 2.90392e-15 7.41309e-13 2.8169e-15 2.92291e-15 -1.27713e-12 -9.7551e-13 -4.88705e-15 5.08008e-13 4.04028e-16 -3.88694e-15 6.80649e-13
894 1.98 580 0 1.31803e-12 2.68455e-15 6.84165e-13 2.56753e-15 2.69858e-15 -1.19136e-12 -8.95966e-13 -4.4527e-15 4.73207e-13 3.79865e-16 -3.54363e-15 6.24474e-13
894 1.99 580 0 1.22916e-12 2.48282e-15 6.31674e-13 2.3411e-15 2.49279e-15 -1.11159e-12 -8.23186e-13 -4.05788e-15 4.40854e-13 3.56855e-16 -3.23122e-15 5.73113e-13
894 2 580 0 1.14651e-12 2.29728e-15 5.83432e-13 2.13455e-15 2.30419e-15 -1.03738e-12 -7.56564e-13 -3.69701e-15 4.10771e-13 3.34551e-16 -2.94525e-15 5.26135e-13
