894 0 440 0 8.33162e-21 -1.3709e-20 1.67167e-08 7.45093e-09 0 0 0 0 0 0 2.0562e-08 2.6656e-09
894 0.01 440 0 -1.20453e-21 -1.12179e-20 1.6716e-08 7.4455e-09 3.24611e-23 -7.34526e-23 -2.00553e-10 1.35647e-11 -6.37099e-23 -5.59975e-23 2.05591e-08 2.66015e-09
894 0.02 440 0 2.70865e-21 -1.72401e-20 1.67137e-08 7.4292e-09 1.44149e-22 -2.92515e-22 -4.01023e-10 2.73878e-11 -1.47055e-22 -1.09923e-22 2.05506e-08 2.64379e-09
894 0.03 440 0 6.7881e-21 -1.72187e-20 1.671e-08 7.40206e-09 3.21528e-22 -4.04179e-22 -6.01329e-10 4.17277e-11 -1.97546e-22 -2.1875e-22 2.05364e-08 2.61656e-09
894 0.04 440 0 1.49941e-21 -6.23453e-21 1.67046e-08 7.36409e-09 2.45256e-22 -1.13873e-22 -8.01386e-10 5.6842e-11 -2.1804e-22 -2.15611e-22 2.05163e-08 2.57849e-09
894 0.05 440 0 2.55279e-21 -1.37396e-20 1.66975e-08 7.31532e-09 3.64665e-22 -5.02282e-22 -1.0011e-09 7.29873e-11 -3.46718e-22 -3.14605e-22 2.04903e-08 2.52964e-09
894 0.06 440 0 8.35642e-21 -1.82357e-20 1.66886e-08 7.25578e-09 7.53464e-22 -8.38595e-22 -1.20039e-09 9.04193e-11 -4.07536e-22 -4.84164e-22 2.04583e-08 2.4701e-09
894 0.07 440 0 1.7576e-21 -1.01388e-20 1.66776e-08 7.18552e-09 4.24979e-22 -4.47639e-22 -1.39916e-09 1.09392e-10 -4.12965e-22 -4.1555e-22 2.04201e-08 2.39994e-09
894 0.08 440 0 6.47898e-21 -1.80934e-20 1.6664e-08 7.10454e-09 8.40685e-22 -1.06279e-21 -1.59726e-09 1.30176e-10 -5.39287e-22 -6.61209e-22 2.03752e-08 2.31906e-09
894 0.09 440 0 3.84958e-21 -7.78317e-21 1.66476e-08 7.01157e-09 7.52493e-22 -3.43165e-22 -1.79463e-09 1.53158e-10 -4.8705e-22 -5.82844e-22 2.03243e-08 2.22805e-09
894 0.1 440 0 3.51309e-21 -1.06544e-20 1.66292e-08 6.90955e-09 8.26871e-22 -6.89304e-22 -1.99116e-09 1.78275e-10 -6.2146e-22 -6.36141e-22 2.02661e-08 2.12682e-09
894 0.11 440 0 3.57897e-21 -1.63384e-20 1.66079e-08 6.79712e-09 8.43067e-22 -1.43759e-21 -2.1867e-09 2.05923e-10 -7.39542e-22 -6.87305e-22 2.02008e-08 2.01557e-09
894 0.12 440 0 2.18697e-21 -1.46398e-20 1.65831e-08 6.67439e-09 8.67148e-22 -1.4343e-21 -2.38112e-09 2.36342e-10 -8.86996e-22 -6.47625e-22 2.01281e-08 1.8945e-09
894 0.13 440 0 6.7248e-22 -1.06918e-20 1.65547e-08 6.54149e-09 6.47643e-22 -1.06754e-21 -2.57426e-09 2.69764e-10 -8.08492e-22 -6.12334e-22 2.00475e-08 1.76383e-09
894 0.14 440 0 4.35211e-21 -1.55487e-20 1.65224e-08 6.39872e-09 1.22371e-21 -1.57257e-21 -2.76602e-09 3.06438e-10 -9.31838e-22 -1.03913e-21 1.99589e-08 1.62373e-09
894 0.15 440 0 8.46038e-21 -1.13034e-20 1.64851e-08 6.24591e-09 1.96882e-21 -1.11101e-21 -2.95607e-09 3.46583e-10 -9.10397e-22 -1.14133e-21 1.98612e-08 1.47448e-09
894 0.16 440 0 6.67424e-21 -1.20225e-20 1.64432e-08 6.08351e-09 1.67548e-21 -1.19217e-21 -3.14436e-09 3.90362e-10 -8.46272e-22 -1.24577e-21 1.97549e-08 1.31671e-09
894 0.17 440 0 -7.01708e-22 -1.39868e-20 1.63951e-08 5.91025e-09 6.49128e-22 -1.90295e-21 -3.33059e-09 4.38336e-10 -1.18819e-21 -8.52118e-22 1.96393e-08 1.15061e-09
894 0.18 440 0 1.61009e-21 -1.14306e-20 1.63418e-08 5.72927e-09 1.1868e-21 -1.48529e-21 -3.51464e-09 4.90075e-10 -1.19908e-21 -1.02082e-21 1.95136e-08 9.76531e-10
894 0.19 440 0 2.61755e-21 -9.44296e-21 1.62821e-08 5.53941e-09 1.3156e-21 -1.07787e-21 -3.69621e-09 5.46064e-10 -1.07844e-21 -1.17719e-21 1.93774e-08 7.94942e-10
894 0.2 440 0 5.34065e-21 -5.94638e-21 1.62149e-08 5.34099e-09 1.91723e-21 -5.50439e-23 -3.87498e-09 6.06513e-10 -9.23349e-22 -1.64389e-21 1.923e-08 6.06155e-10
894 0.21 440 0 8.03297e-22 -1.66122e-20 1.61398e-08 5.13305e-09 1.30336e-21 -2.98997e-21 -4.05074e-09 6.71881e-10 -1.73976e-21 -1.08906e-21 1.90717e-08 4.11141e-10
894 0.22 440 0 3.0594e-21 -1.19131e-20 1.60571e-08 4.91874e-09 1.96559e-21 -1.99589e-21 -4.22323e-09 7.41591e-10 -1.66152e-21 -1.26676e-21 1.89011e-08 2.10188e-10
894 0.23 440 0 2.67611e-21 -1.41582e-20 1.59651e-08 4.69714e-09 1.95004e-21 -2.5929e-21 -4.392e-09 8.16168e-10 -1.83507e-21 -1.336e-21 1.87175e-08 3.84949e-12
894 0.24 440 0 -2.75452e-21 -1.25671e-20 1.58639e-08 4.46881e-09 4.20432e-22 -2.54403e-21 -4.55685e-09 8.95617e-10 -1.69012e-21 -9.20723e-22 1.85211e-08 -2.06816e-10
894 0.25 440 0 -4.34682e-23 -1.41742e-20 1.57517e-08 4.23296e-09 1.32319e-21 -3.21667e-21 -4.71727e-09 9.80503e-10 -1.97438e-21 -9.84823e-22 1.83111e-08 -4.21108e-10
894 0.26 440 0 2.61116e-21 -7.81176e-21 1.56289e-08 3.99296e-09 2.10146e-21 -1.49749e-21 -4.8729e-09 1.07002e-09 -1.7173e-21 -1.23012e-21 1.80862e-08 -6.38488e-10
894 0.27 440 0 2.24574e-21 -9.06543e-21 1.54947e-08 3.74817e-09 2.09382e-21 -1.59554e-21 -5.02344e-09 1.16452e-09 -1.81608e-21 -1.52948e-21 1.78466e-08 -8.57624e-10
894 0.28 440 0 -4.6604e-22 -6.63123e-21 1.53474e-08 3.49813e-09 1.41428e-21 -1.14069e-21 -5.16836e-09 1.26459e-09 -1.86025e-21 -1.25135e-21 1.75919e-08 -1.07772e-09
894 0.29 440 0 -6.79707e-22 -8.96651e-21 1.51871e-08 3.24629e-09 1.5187e-21 -2.03553e-21 -5.30705e-09 1.36907e-09 -2.15556e-21 -1.18404e-21 1.73203e-08 -1.29765e-09
894 0.3 440 0 4.05855e-21 -1.10652e-20 1.50132e-08 2.99232e-09 3.35714e-21 -2.53094e-21 -5.43927e-09 1.4783e-09 -2.53284e-21 -1.76717e-21 1.70322e-08 -1.51602e-09
894 0.31 440 0 5.66771e-22 -1.31434e-20 1.48234e-08 2.7361e-09 2.36377e-21 -3.59641e-21 -5.56415e-09 1.59274e-09 -2.83267e-21 -1.39147e-21 1.67268e-08 -1.73162e-09
894 0.32 440 0 4.70401e-21 -1.48306e-20 1.46191e-08 2.48129e-09 3.42523e-21 -3.74625e-21 -5.68157e-09 1.71101e-09 -2.55558e-21 -2.1834e-21 1.64036e-08 -1.94308e-09
894 0.33 440 0 1.26854e-21 -1.23746e-20 1.43983e-08 2.22805e-09 2.70977e-21 -3.5377e-21 -5.79064e-09 1.8334e-09 -2.95812e-21 -1.56666e-21 1.60619e-08 -2.14894e-09
894 0.34 440 0 -2.37456e-21 -6.46145e-21 1.41601e-08 1.97643e-09 1.35019e-21 -1.51971e-21 -5.89092e-09 1.96006e-09 -2.59168e-21 -1.22876e-21 1.5702e-08 -2.3472e-09
894 0.35 440 0 2.8905e-22 -1.41384e-20 1.39047e-08 1.73065e-09 2.30932e-21 -4.61932e-21 -5.98175e-09 2.08945e-09 -3.07001e-21 -1.40705e-21 1.53225e-08 -2.53657e-09
894 0.36 440 0 2.73514e-21 -1.22667e-20 1.36307e-08 1.48977e-09 3.74515e-21 -4.5335e-21 -6.06269e-09 2.22228e-09 -3.37489e-21 -1.18928e-21 1.49244e-08 -2.71493e-09
894 0.37 440 0 -3.02253e-21 -1.75738e-20 1.33381e-08 1.25833e-09 1.25483e-21 -7.15972e-21 -6.13285e-09 2.35652e-09 -3.72487e-21 -5.76489e-22 1.4506e-08 -2.88021e-09
894 0.38 440 0 -1.08582e-20 -1.38104e-20 1.30258e-08 1.03574e-09 -2.27492e-21 -6.51987e-21 -6.19179e-09 2.4927e-09 -3.4377e-21 7.01001e-22 1.40686e-08 -3.03e-09
894 0.39 440 0 -1.3887e-21 -1.29074e-20 1.26941e-08 8.26806e-10 2.30017e-21 -4.85625e-21 -6.23882e-09 2.62876e-09 -3.76041e-21 -1.34153e-21 1.36112e-08 -3.16245e-09
894 0.4 440 0 -2.34307e-21 -1.14686e-20 1.23416e-08 6.3149e-10 1.36449e-21 -4.96893e-21 -6.27326e-09 2.76494e-09 -3.29287e-21 -6.44142e-22 1.31345e-08 -3.27464e-09
894 0.41 440 0 -4.59745e-21 -1.2799e-20 1.197e-08 4.54487e-10 5.38886e-22 -6.65554e-21 -6.29499e-09 2.89884e-09 -3.84064e-21 2.87226e-22 1.26391e-08 -3.36438e-09
894 0.42 440 0 -1.14215e-20 -1.63693e-20 1.15771e-08 2.96658e-10 -2.90304e-21 -8.85697e-21 -6.30286e-09 3.03045e-09 -4.1048e-21 1.14001e-21 1.21251e-08 -3.42846e-09
894 0.43 440 0 -2.35396e-21 -1.13705e-20 1.1165e-08 1.62939e-10 2.071e-21 -5.67223e-21 -6.29694e-09 3.15721e-09 -4.10337e-21 -5.32186e-22 1.15934e-08 -3.46475e-09
894 0.44 440 0 -5.66405e-21 -1.43589e-20 1.07324e-08 5.4565e-11 -6.52091e-23 -8.16531e-21 -6.27641e-09 3.2784e-09 -4.1815e-21 5.16104e-22 1.10452e-08 -3.4691e-09
894 0.45 440 0 -1.96162e-21 -1.04913e-20 1.02818e-08 -2.32131e-11 2.23193e-21 -6.0113e-21 -6.2416e-09 3.39111e-09 -4.14849e-21 -1.37443e-22 1.04819e-08 -3.43917e-09
894 0.46 440 0 -2.66756e-21 -5.36508e-21 9.81208e-09 -6.84266e-11 2.31339e-21 -3.62086e-21 -6.19159e-09 3.49457e-09 -4.15953e-21 1.11165e-22 9.90469e-09 -3.37103e-09
894 0.47 440 0 -4.89978e-21 -7.386e-21 9.32556e-09 -7.63434e-11 8.91014e-22 -5.27947e-21 -6.12677e-09 3.58591e-09 -4.28927e-21 7.27353e-22 9.31585e-09 -3.26154e-09
894 0.48 440 0 -5.89289e-21 -8.47622e-21 8.82473e-09 -4.20641e-11 7.11618e-22 -6.14205e-21 -6.04754e-09 3.6622e-09 -4.78291e-21 8.86849e-22 8.7176e-09 -3.10782e-09
894 0.49 440 0 -4.7988e-21 -6.54091e-21 8.30999e-09 3.70656e-11 8.3901e-22 -5.03264e-21 -5.95389e-09 3.72164e-09 -4.26046e-21 7.46814e-22 8.11293e-09 -2.90501e-09
894 0.5 440 0 -4.34636e-21 -1.0385e-20 7.78477e-09 1.6641e-10 1.5832e-21 -7.67645e-21 -5.84676e-09 3.76081e-09 -5.15324e-21 8.40282e-22 7.50503e-09 -2.65007e-09
894 0.51 440 0 -5.68085e-21 -7.07465e-21 7.25222e-09 3.50676e-10 4.83347e-22 -6.73104e-21 -5.72718e-09 3.77654e-09 -4.79418e-21 1.81584e-21 6.89767e-09 -2.33933e-09
894 0.52 440 0 -1.49089e-20 -6.20457e-21 6.71683e-09 5.9563e-10 -5.9765e-21 -7.0662e-21 -5.5968e-09 3.76469e-09 -4.34446e-21 3.54199e-21 6.29511e-09 -1.96945e-09
894 0.53 440 0 -5.78792e-21 -9.0996e-21 6.18131e-09 9.04597e-10 7.35157e-22 -7.26843e-21 -5.45674e-09 3.72311e-09 -5.36132e-21 9.08608e-22 5.70215e-09 -1.53643e-09
894 0.54 440 0 -9.32511e-22 4.92125e-22 5.65221e-09 1.28336e-09 2.63439e-21 -3.8088e-21 -5.31018e-09 3.6469e-09 -3.45427e-21 2.79415e-21 5.12504e-09 -1.03674e-09
894 0.55 440 0 -5.62974e-21 -7.15103e-21 5.1354e-09 1.73721e-09 5.19614e-22 -8.68681e-21 -5.15988e-09 3.5321e-09 -5.27195e-21 2.93522e-21 4.56976e-09 -4.67329e-10
894 0.56 440 0 -1.05563e-20 -8.35414e-21 4.63776e-09 2.27168e-09 -4.35043e-21 -9.18401e-21 -5.00933e-09 3.3742e-09 -4.40156e-21 3.30525e-21 4.04314e-09 1.7504e-10
894 0.57 440 0 -7.89449e-21 -5.76865e-21 4.16788e-09 2.89077e-09 -1.98201e-21 -6.70818e-21 -4.86332e-09 3.16947e-09 -4.44471e-21 2.29835e-21 3.55344e-09 8.92136e-10
894 0.58 440 0 -9.012e-21 -2.02308e-21 3.73483e-09 3.60068e-09 -3.69998e-21 -6.30841e-21 -4.72714e-09 2.91234e-09 -3.6746e-21 4.407e-21 3.10922e-09 1.68738e-09
894 0.59 440 0 -5.24478e-21 -3.55436e-22 3.34965e-09 4.40484e-09 -8.16234e-22 -5.31423e-21 -4.60751e-09 2.59906e-09 -3.62606e-21 4.06288e-21 2.72044e-09 2.56143e-09
894 0.6 440 0 -1.02077e-20 -3.09609e-21 3.02408e-09 5.30823e-09 -5.2561e-21 -7.44906e-21 -4.51169e-09 2.22468e-09 -3.6481e-21 4.7325e-21 2.39722e-09 3.51571e-09
894 0.61 440 0 -1.59312e-20 -2.43071e-21 2.77179e-09 6.31359e-09 -1.04072e-20 -6.75064e-21 -4.4485e-09 1.78552e-09 -3.30759e-21 5.49088e-21 2.15099e-09 4.54957e-09
894 0.62 440 0 -1.57962e-20 -2.76202e-21 2.60844e-09 7.42412e-09 -1.04086e-20 -8.0559e-21 -4.42883e-09 1.27707e-09 -3.68436e-21 6.22544e-21 1.99471e-09 5.66268e-09
894 0.63 440 0 -1.04894e-20 2.0601e-21 2.55029e-09 8.64047e-09 -6.4887e-21 -5.47786e-21 -4.46397e-09 6.96926e-10 -2.92123e-21 6.59374e-21 1.94152e-09 6.85273e-09
894 0.64 440 0 -2.98548e-21 -2.81386e-21 2.61754e-09 9.96383e-09 2.31513e-22 -1.06038e-20 -4.56806e-09 4.15878e-11 -4.08691e-21 5.96189e-21 2.00533e-09 8.11498e-09
894 0.65 440 0 -1.28056e-20 -4.17088e-23 2.83105e-09 1.13931e-08 -9.37134e-21 -7.14226e-21 -4.75696e-09 -6.90863e-10 -2.97937e-21 6.83571e-21 2.2019e-09 9.44541e-09
894 0.66 440 0 -8.95495e-21 -4.18861e-22 3.2131e-09 1.29235e-08 -4.3098e-21 -8.50106e-21 -5.04766e-09 -1.49936e-09 -4.52215e-21 6.73119e-21 2.54698e-09 1.08363e-08
894 0.67 440 0 -9.82055e-21 4.25684e-21 3.79002e-09 1.4549e-08 -7.71648e-21 -4.32747e-21 -5.46046e-09 -2.38268e-09 -1.96821e-21 7.36001e-21 3.05678e-09 1.22768e-08
894 0.68 440 0 -8.2065e-21 9.92803e-22 4.58878e-09 1.6261e-08 -6.82336e-21 -8.56354e-21 -6.01744e-09 -3.33732e-09 -2.43878e-21 7.91582e-21 3.74914e-09 1.37568e-08
894 0.69 440 0 -4.94781e-21 1.2128e-21 5.63966e-09 1.80469e-08 -6.27745e-21 -9.2932e-21 -6.74335e-09 -4.35695e-09 -8.26623e-22 8.29279e-21 4.64118e-09 1.52609e-08
894 0.7 440 0 -7.85336e-21 5.12578e-21 6.97469e-09 1.98891e-08 -9.28618e-21 -4.61272e-21 -7.66513e-09 -5.4313e-09 -6.13863e-23 8.45662e-21 5.74991e-09 1.677e-08
894 0.71 440 0 -7.37251e-21 3.6977e-21 8.62728e-09 2.17646e-08 -9.58637e-21 -5.53943e-21 -8.81232e-09 -6.54556e-09 9.42622e-23 8.09221e-21 7.09327e-09 1.82637e-08
894 0.72 440 0 -3.75017e-21 5.18144e-21 1.06333e-08 2.36451e-08 -8.44676e-21 -6.70021e-21 -1.02167e-08 -7.6806e-09 1.72316e-21 9.64982e-21 8.68719e-09 1.97161e-08
894 0.73 440 0 -8.4107e-21 3.43207e-21 1.30297e-08 2.54958e-08 -1.27113e-20 -8.25762e-21 -1.19119e-08 -8.81206e-09 6.11905e-22 1.023e-20 1.05466e-08 2.10983e-08
894 0.74 440 0 -1.00383e-20 1.05463e-20 1.5854e-08 2.72716e-08 -1.37936e-20 6.05083e-22 -1.39339e-08 -9.906e-09 1.48133e-21 9.99969e-21 1.26853e-08 2.2376e-08
894 0.75 440 0 -4.7483e-21 1.35644e-20 1.91446e-08 2.892e-08 -1.23054e-20 7.304e-21 -1.63198e-08 -1.09223e-08 5.42748e-21 7.7585e-21 1.51131e-08 2.35099e-08
894 0.76 440 0 -1.04793e-21 7.32171e-21 2.29389e-08 3.03769e-08 -1.18697e-20 -1.56225e-21 -1.91081e-08 -1.18103e-08 6.30917e-21 8.47836e-21 1.78387e-08 2.44578e-08
894 0.77 440 0 -2.28259e-21 1.35474e-20 2.72725e-08 3.15666e-08 -1.36208e-20 7.43095e-21 -2.23369e-08 -1.25086e-08 7.87436e-21 8.41118e-21 2.08647e-08 2.5171e-08
894 0.78 440 0 -8.64525e-22 9.93816e-21 3.21761e-08 3.23969e-08 -1.25906e-20 -3.74868e-22 -2.6042e-08 -1.29396e-08 6.83359e-21 1.02539e-20 2.41893e-08 2.55954e-08
894 0.79 440 0 -1.86548e-21 1.22507e-20 3.76565e-08 3.27528e-08 -1.2574e-20 5.21167e-21 -3.0234e-08 -1.29992e-08 6.76254e-21 8.87758e-21 2.77873e-08 2.56616e-08
894 0.8 440 0 6.21442e-21 1.85296e-20 4.37403e-08 3.25191e-08 -8.88749e-21 1.13212e-20 -3.4949e-08 -1.25894e-08 1.23198e-20 9.80063e-21 3.16485e-08 2.5315e-08
894 0.81 440 0 2.2221e-21 7.69755e-21 5.04248e-08 3.15534e-08 -1.27806e-20 3.96051e-21 -4.01959e-08 -1.15829e-08 9.5806e-21 6.20517e-21 3.57406e-08 2.44896e-08
894 0.82 440 0 3.86476e-21 1.86147e-20 5.76946e-08 2.96919e-08 -1.38097e-20 1.23785e-20 -4.59736e-08 -9.82956e-09 1.3038e-20 1.08838e-20 4.00218e-08 2.31157e-08
894 0.83 440 0 6.28599e-21 1.75753e-20 6.5509e-08 2.67504e-08 -1.14322e-20 1.57351e-20 -5.22585e-08 -7.15776e-09 1.42586e-20 8.22805e-21 4.44337e-08 2.11233e-08
894 0.84 440 0 1.08685e-20 4.7234e-21 7.37995e-08 2.25195e-08 -4.07044e-21 1.21962e-20 -5.90026e-08 -3.36827e-09 1.3211e-20 -1.95043e-21 4.89039e-08 1.84427e-08
894 0.85 440 0 1.60058e-20 1.79175e-20 8.24546e-08 1.67684e-08 -2.4252e-21 2.48736e-20 -6.6118e-08 1.76152e-09 1.9506e-20 2.91496e-21 5.33385e-08 1.50098e-08
894 0.86 440 0 1.06796e-20 5.63427e-21 9.13202e-08 9.24016e-09 -7.15759e-21 1.34727e-20 -7.34765e-08 8.4851e-09 1.49054e-20 -6.3829e-22 5.76268e-08 1.07661e-08
894 0.87 440 0 1.82812e-20 1.14879e-21 1.00177e-07 -3.41344e-10 2.01359e-21 1.63283e-20 -8.08877e-08 1.70791e-08 1.7648e-20 -7.40007e-21 6.16347e-08 5.66697e-09
894 0.88 440 0 2.64528e-20 1.64281e-20 1.08732e-07 -1.22754e-08 -6.35478e-22 2.77924e-20 -8.80872e-08 2.78492e-08 2.8763e-20 1.62004e-21 6.52065e-08 -3.15888e-10
894 0.89 440 0 2.05119e-20 3.76586e-21 1.16588e-07 -2.68795e-08 1.132e-21 2.26198e-20 -9.47094e-08 4.1126e-08 2.16817e-20 -7.04649e-21 6.81641e-08 -7.18628e-09
894 0.9 440 0 2.40061e-20 -1.33178e-22 1.23218e-07 -4.44814e-08 1.15581e-20 2.36156e-20 -1.00256e-07 5.72571e-08 2.09695e-20 -1.23699e-20 7.03075e-08 -1.49136e-08
894 0.91 440 0 1.9879e-20 -7.44622e-21 1.27944e-07 -6.53968e-08 9.65412e-21 1.78832e-20 -1.04071e-07 7.65865e-08 1.72398e-20 -1.57302e-20 7.14242e-08 -2.34295e-08
894 0.92 440 0 2.41038e-20 -9.58476e-21 1.30019e-07 -8.98877e-08 1.65361e-20 2.00085e-20 -1.05439e-07 9.94176e-08 1.94398e-20 -1.96754e-20 7.12944e-08 -3.26358e-08
894 0.93 440 0 2.75324e-20 -1.69747e-20 1.28255e-07 -1.18283e-07 3.32008e-20 1.77564e-20 -1.03179e-07 1.26123e-07 1.69291e-20 -2.86726e-20 6.96684e-08 -4.23464e-08
894 0.94 440 0 2.16901e-20 -2.01247e-20 1.21153e-07 -1.50831e-07 2.41898e-20 1.68722e-20 -9.57955e-08 1.57005e-07 1.52261e-20 -2.90618e-20 6.63095e-08 -5.23115e-08
894 0.95 440 0 2.9492e-20 -3.49634e-20 1.06633e-07 -1.87714e-07 3.98749e-20 1.25957e-20 -8.11951e-08 1.92309e-07 1.78038e-20 -4.49542e-20 6.09949e-08 -6.21892e-08
894 0.96 440 0 2.63199e-20 -5.37121e-20 8.16309e-08 -2.29023e-07 4.75258e-20 1.68823e-20 -5.62797e-08 2.32194e-07 1.44809e-20 -6.50766e-20 5.35332e-08 -7.15225e-08
894 0.97 440 0 -3.47218e-22 -4.38705e-20 4.11289e-08 -2.74719e-07 4.14699e-20 -6.40883e-21 -1.59695e-08 2.76692e-07 -1.20398e-20 -4.87419e-20 4.37859e-08 -7.96965e-08
894 0.98 440 0 -7.59888e-21 -2.19696e-20 -2.47387e-08 -3.24582e-07 3.71197e-20 -1.20718e-20 4.9702e-08 3.25652e-07 -1.70879e-20 -2.6067e-20 3.16992e-08 -8.58468e-08
894 0.99 440 0 -2.29879e-20 -4.17048e-20 -1.43832e-07 -3.7811e-07 4.9211e-20 -2.32847e-20 1.68762e-07 3.78629e-07 -3.44196e-20 -4.60651e-20 1.73453e-08 -8.85668e-08
894 1 440 0 -1.53717e-20 -1.37082e-20 -6.02574e-06 -2.1707e-07 2.79671e-20 -2.24747e-20 6.05165e-06 2.17077e-07 -1.7473e-20 -1.65801e-20 1.08214e-13 -8.44759e-08
894 1.01 440 0 -1.83772e-20 -8.95114e-21 -2.56065e-07 1.98227e-10 2.06253e-20 -2.99064e-20 2.82112e-07 -2.1031e-10 -2.77822e-20 -1.56299e-20 -5.3599e-11 -7.41788e-08
894 1.02 440 0 -1.37942e-20 -8.52629e-21 -1.98519e-07 2.19545e-10 2.4228e-20 -1.92679e-20 2.26039e-07 -2.41175e-10 -2.11272e-20 -1.78232e-20 -7.6137e-11 -7.30034e-08
894 1.03 440 0 -1.51175e-20 -7.66116e-21 -1.76084e-07 2.60381e-10 2.51372e-20 -1.72388e-20 2.0595e-07 -2.94838e-10 -2.26919e-20 -1.84519e-20 -1.06075e-10 -7.52203e-08
894 1.04 440 0 -1.06919e-21 -5.30988e-21 -1.69721e-07 3.32879e-10 2.74717e-20 -8.3657e-21 2.03217e-07 -3.87578e-10 -5.14012e-21 -1.81501e-20 -1.52982e-10 -8.09608e-08
894 1.05 440 0 -5.20429e-21 -6.85724e-21 -1.76414e-07 4.6921e-10 3.07627e-20 -1.73508e-20 2.15727e-07 -5.60766e-10 -1.40541e-20 -2.22573e-20 -2.375e-10 -9.18435e-08
894 1.06 440 0 -2.43817e-20 -9.87951e-21 -2.00808e-07 7.70258e-10 4.0875e-20 -2.33437e-20 2.50318e-07 -9.43805e-10 -3.7496e-20 -3.15784e-20 -4.22596e-10 -1.1238e-07
894 1.07 440 0 -2.45344e-20 -4.30966e-21 -2.64038e-07 1.63513e-09 7.20619e-20 -8.17302e-20 3.34999e-07 -2.05096e-09 -7.06528e-20 -4.40483e-20 -9.60989e-10 -1.5712e-07
894 1.08 440 0 1.67398e-19 -2.10912e-22 -4.88549e-07 6.745e-09 1.53658e-19 -1.11189e-19 6.30038e-07 -8.65103e-09 1.11911e-19 -8.83043e-20 -4.20886e-09 -3.06573e-07
894 1.09 440 0 -1.45295e-17 -9.54097e-19 3.40012e-06 3.95213e-07 -1.97607e-18 8.40918e-18 -4.45148e-06 -5.17774e-07 -1.04575e-17 1.6283e-19 -2.59995e-07 2.23527e-06
894 1.1 440 0 -7.77345e-20 9.55453e-21 3.05372e-07 3.71018e-09 -1.36072e-19 2.18155e-19 -4.05435e-07 -4.95951e-09 5.10735e-20 9.43009e-20 -2.5584e-09 2.09199e-07
894 1.11 440 0 2.03708e-20 1.08032e-20 1.43679e-07 9.53641e-10 -6.98536e-20 3.08314e-20 -1.93251e-07 -1.29944e-09 4.17371e-20 5.63354e-20 -6.85981e-10 1.0211e-07
894 1.12 440 0 -3.72453e-22 4.70468e-21 8.77039e-08 4.11454e-10 -6.15344e-20 6.69852e-20 -1.19389e-07 -5.70857e-10 4.35523e-20 4.56709e-20 -3.0748e-10 6.44135e-08
894 1.13 440 0 4.54473e-21 1.8861e-21 6.00275e-08 2.21597e-10 -5.37416e-20 5.66572e-20 -8.26274e-08 -3.12727e-10 4.32971e-20 3.85195e-20 -1.71434e-10 4.54095e-08
894 1.14 440 0 -1.01967e-22 8.70258e-22 4.38774e-08 1.35286e-10 -1.04595e-19 1.06949e-19 -6.10192e-08 -1.94007e-10 7.42369e-20 7.37519e-20 -1.08014e-10 3.40881e-08
894 1.15 440 0 3.48501e-19 7.30078e-18 3.3491e-08 8.95822e-11 -1.1038e-18 1.80816e-18 -4.70163e-08 -1.30414e-10 1.68992e-18 9.17702e-18 -7.36144e-11 2.66514e-08
894 1.16 440 0 7.69265e-22 6.00913e-22 2.63675e-08 6.31077e-11 6.23646e-20 1.64948e-21 -3.73369e-08 -9.31433e-11 1.93157e-21 -4.49672e-20 -5.32455e-11 2.14421e-08
894 1.17 440 0 9.05397e-22 8.1911e-22 2.1251e-08 4.6179e-11 2.43435e-20 -8.07257e-21 -3.03295e-08 -6.90576e-11 -5.11862e-21 -1.72909e-20 -3.99174e-11 1.7622e-08
894 1.18 440 0 1.07541e-21 7.62057e-22 1.74469e-08 3.5088e-11 1.31769e-20 -1.26831e-20 -2.50782e-08 -5.30931e-11 -8.55177e-21 -9.19777e-21 -3.10129e-11 1.47237e-08
894 1.19 440 0 9.34282e-22 5.55638e-22 1.45404e-08 2.73784e-11 7.77847e-21 -5.25605e-21 -2.10346e-08 -4.18776e-11 -3.11228e-21 -5.43098e-21 -2.46993e-11 1.24655e-08
894 1.2 440 0 8.21898e-22 4.05059e-22 1.22704e-08 2.1837e-11 4.59313e-21 -2.47231e-21 -1.78524e-08 -3.37323e-11 -1.09834e-21 -3.17779e-21 -2.00748e-11 1.06685e-08
894 1.21 440 0 4.22178e-22 4.65938e-22 1.04653e-08 1.78072e-11 4.36729e-21 -4.64573e-21 -1.53028e-08 -2.77418e-11 -3.3602e-21 -2.99632e-21 -1.6657e-11 9.21338e-09
894 1.22 440 0 1.38477e-22 3.27901e-22 9.00755e-09 1.46994e-11 2.66981e-21 -4.64218e-21 -1.32288e-08 -2.30833e-11 -3.78939e-21 -1.81922e-21 -1.39709e-11 8.01792e-09
894 1.23 440 0 2.60056e-22 3.17583e-22 7.81509e-09 1.2384e-11 2.36395e-21 -6.56151e-24 -1.15203e-08 -1.95681e-11 2.53239e-22 -1.61001e-21 -1.19444e-11 7.02384e-09
894 1.24 440 0 3.4134e-22 2.72235e-22 6.8284e-09 1.05564e-11 1.8349e-21 -1.07192e-21 -1.00969e-08 -1.67687e-11 -5.94004e-22 -1.24449e-21 -1.03195e-11 6.18838e-09
894 1.25 440 0 1.28301e-22 2.27105e-22 6.00383e-09 9.09379e-12 1.43698e-21 -1.95307e-22 -8.89963e-09 -1.45087e-11 -7.10854e-23 -9.75618e-22 -8.99929e-12 5.47981e-09
894 1.26 440 0 2.27836e-22 1.84329e-22 5.30873e-09 7.95212e-12 1.02682e-21 -1.78473e-21 -7.88402e-09 -1.27212e-11 -1.40281e-21 -6.83492e-22 -7.957e-12 4.8741e-09
894 1.27 440 0 1.50307e-22 1.58446e-22 4.7181e-09 7.01076e-12 8.49355e-22 -9.74874e-22 -7.01589e-09 -1.12358e-11 -7.75876e-22 -5.67706e-22 -7.0847e-12 4.35261e-09
894 1.28 440 0 1.57245e-23 1.63149e-22 4.21273e-09 6.25821e-12 7.39104e-22 -3.72122e-22 -6.26888e-09 -1.00321e-11 -3.85567e-22 -4.73286e-22 -6.37856e-12 3.90086e-09
894 1.29 440 0 1.59341e-22 1.26708e-22 3.77757e-09 5.67633e-12 5.62132e-22 8.34845e-24 -5.62221e-09 -9.08094e-12 1.44742e-22 -3.61658e-22 -5.8252e-12 3.50734e-09
894 1.3 440 0 1.21764e-22 1.24247e-22 3.40073e-09 5.245e-12 5.1703e-22 -1.5768e-22 -5.05938e-09 -8.3509e-12 -6.09723e-23 -3.3052e-22 -5.4068e-12 3.16285e-09
894 1.31 440 0 1.09833e-22 1.01171e-22 3.07267e-09 4.90706e-12 3.63687e-22 3.24602e-22 -4.5671e-09 -7.76246e-12 3.9787e-22 -2.17577e-22 -5.07003e-12 2.85992e-09
894 1.32 440 0 -5.81696e-23 7.16438e-23 2.78525e-09 4.3401e-12 2.4577e-22 3.34428e-22 -4.13397e-09 -6.88422e-12 1.96979e-22 -1.44068e-22 -4.512e-12 2.59202e-09
894 1.33 440 0 1.23094e-22 6.34875e-23 2.53257e-09 3.85782e-12 2.50424e-22 -4.71508e-22 -3.75167e-09 -6.13305e-12 -3.84441e-22 -1.63136e-22 -4.03265e-12 2.35446e-09
894 1.34 440 0 1.59687e-22 6.04092e-23 2.3095e-09 3.4445e-12 2.14278e-22 -4.32927e-22 -3.41293e-09 -5.486e-12 -2.94498e-22 -1.33461e-22 -3.61798e-12 2.14307e-09
894 1.35 440 0 -3.01541e-23 5.48854e-23 2.1118e-09 3.0879e-12 1.79845e-22 3.30065e-22 -3.11172e-09 -4.92505e-12 2.42173e-22 -1.08912e-22 -3.257e-12 1.95437e-09
894 1.36 440 0 -1.66991e-23 4.95669e-23 1.93593e-09 2.77835e-12 1.59733e-22 2.80753e-22 -2.843e-09 -4.43591e-12 2.12973e-22 -9.74199e-23 -2.94095e-12 1.78543e-09
894 1.37 440 0 9.25816e-23 4.0178e-23 1.77897e-09 2.50813e-12 1.19605e-22 -9.60618e-23 -2.60253e-09 -4.00715e-12 -3.58771e-23 -6.95644e-23 -2.66279e-12 1.63375e-09
894 1.38 440 0 3.32258e-23 3.56776e-23 1.63841e-09 2.27106e-12 9.76343e-23 8.83284e-23 -2.38671e-09 -3.62949e-12 8.44527e-23 -5.36318e-23 -2.41685e-12 1.49723e-09
894 1.39 440 0 1.29868e-22 3.1112e-23 1.51217e-09 2.06209e-12 8.1041e-23 -2.1781e-22 -2.19252e-09 -3.29539e-12 -1.15026e-22 -4.33309e-23 -2.19843e-12 1.37407e-09
894 1.4 440 0 -3.61366e-24 2.26741e-23 1.39846e-09 1.87711e-12 7.45549e-23 1.43499e-22 -2.01733e-09 -2.99862e-12 1.01815e-22 -4.92095e-23 -2.00371e-12 1.2627e-09
894 1.41 440 0 3.43131e-23 2.23339e-23 1.29576e-09 1.7127e-12 4.8203e-23 1.35545e-22 -1.85893e-09 -2.73402e-12 1.45896e-22 -2.14609e-23 -1.82946e-12 1.1618e-09
894 1.42 440 0 5.74834e-23 1.74548e-23 1.20278e-09 1.56603e-12 3.08886e-23 -4.34464e-23 -1.71539e-09 -2.49726e-12 -2.29473e-23 -9.38522e-24 -1.67298e-12 1.07021e-09
894 1.43 440 0 4.0012e-24 8.04383e-24 1.11838e-09 1.43469e-12 2.70332e-23 5.73345e-23 -1.58505e-09 -2.28466e-12 2.19198e-23 -1.88717e-23 -1.53198e-12 9.86903e-10
894 1.44 440 0 8.93952e-23 4.85628e-24 1.04159e-09 1.31665e-12 1.66887e-23 -1.7493e-22 -1.46645e-09 -2.09306e-12 -1.25178e-22 -1.18445e-23 -1.40445e-12 9.11016e-10
894 1.45 440 0 -3.40293e-23 4.21097e-25 9.71582e-10 1.21014e-12 -1.47348e-24 2.66609e-22 -1.35835e-09 -1.91977e-12 2.19148e-22 2.40616e-24 -1.28868e-12 8.41773e-10
