894 0 500 0 -2.37654e-09 2.56536e-09 6.0789e-09 -8.58182e-09 0 0 0 0 0 0 5.44316e-09 -1.05353e-08
894 0.01 500 0 -2.37986e-09 2.55797e-09 6.07403e-09 -8.58534e-09 3.82588e-10 7.1693e-10 -3.7757e-11 3.07934e-10 -2.83622e-10 -6.62876e-10 5.4383e-09 -1.05355e-08
894 0.02 500 0 -2.38992e-09 2.53588e-09 6.05939e-09 -8.59587e-09 7.66772e-10 1.4321e-09 -7.47347e-11 6.15746e-10 -5.68998e-10 -1.32455e-09 5.42372e-09 -1.0536e-08
894 0.03 500 0 -2.40673e-09 2.49915e-09 6.03498e-09 -8.61331e-09 1.15414e-09 2.14376e-09 -1.10155e-10 9.23307e-10 -8.57876e-10 -1.9838e-09 5.39943e-09 -1.05368e-08
894 0.04 500 0 -2.4305e-09 2.4479e-09 6.00071e-09 -8.6376e-09 1.54627e-09 2.85012e-09 -1.43241e-10 1.23048e-09 -1.15199e-09 -2.63941e-09 5.3654e-09 -1.05377e-08
894 0.05 500 0 -2.46164e-09 2.38242e-09 5.95641e-09 -8.66858e-09 1.94467e-09 3.54939e-09 -1.73216e-10 1.53713e-09 -1.45306e-09 -3.2901e-09 5.32166e-09 -1.05388e-08
894 0.06 500 0 -2.50038e-09 2.30306e-09 5.90202e-09 -8.706e-09 2.35086e-09 4.23975e-09 -1.99315e-10 1.84308e-09 -1.76276e-09 -3.9346e-09 5.26823e-09 -1.05397e-08
894 0.07 500 0 -2.54716e-09 2.21005e-09 5.83734e-09 -8.74968e-09 2.76627e-09 4.91935e-09 -2.20767e-10 2.14815e-09 -2.08275e-09 -4.57156e-09 5.20508e-09 -1.05404e-08
894 0.08 500 0 -2.60257e-09 2.10388e-09 5.76214e-09 -8.79933e-09 3.19226e-09 5.58629e-09 -2.36811e-10 2.45215e-09 -2.41465e-09 -5.19959e-09 5.13223e-09 -1.05407e-08
894 0.09 500 0 -2.66711e-09 1.98508e-09 5.67625e-09 -8.85459e-09 3.63015e-09 6.23864e-09 -2.46695e-10 2.75484e-09 -2.76001e-09 -5.81723e-09 5.0497e-09 -1.05402e-08
894 0.1 500 0 -2.74154e-09 1.85429e-09 5.57933e-09 -8.9151e-09 4.08112e-09 6.87442e-09 -2.49674e-10 3.05596e-09 -3.12033e-09 -6.42297e-09 4.95752e-09 -1.05388e-08
894 0.11 500 0 -2.82639e-09 1.71212e-09 5.47124e-09 -8.9804e-09 4.54632e-09 7.4916e-09 -2.45014e-10 3.35521e-09 -3.49705e-09 -7.01521e-09 4.85573e-09 -1.05361e-08
894 0.12 500 0 -2.92251e-09 1.55939e-09 5.35162e-09 -9.05001e-09 5.02672e-09 8.08808e-09 -2.31991e-10 3.65225e-09 -3.89154e-09 -7.59226e-09 4.74435e-09 -1.05318e-08
894 0.13 500 0 -3.03063e-09 1.39699e-09 5.22021e-09 -9.12334e-09 5.52318e-09 8.66177e-09 -2.09906e-10 3.94672e-09 -4.30503e-09 -8.15237e-09 4.62344e-09 -1.05254e-08
894 0.14 500 0 -3.15174e-09 1.22585e-09 5.07663e-09 -9.19987e-09 6.03645e-09 9.21041e-09 -1.7806e-10 4.23819e-09 -4.73872e-09 -8.69365e-09 4.49306e-09 -1.05167e-08
894 0.15 500 0 -3.28648e-09 1.04715e-09 4.92071e-09 -9.27881e-09 6.56712e-09 9.73182e-09 -1.35802e-10 4.52619e-09 -5.19366e-09 -9.21418e-09 4.35335e-09 -1.05051e-08
894 0.16 500 0 -3.43583e-09 8.61996e-10 4.75207e-09 -9.35949e-09 7.1156e-09 1.02237e-08 -8.24801e-11 4.81021e-09 -5.67079e-09 -9.71189e-09 4.20439e-09 -1.04901e-08
894 0.17 500 0 -3.60072e-09 6.71818e-10 4.57039e-09 -9.44108e-09 7.6821e-09 1.06836e-08 -1.74895e-11 5.08966e-09 -6.17086e-09 -1.01846e-08 4.0463e-09 -1.04714e-08
894 0.18 500 0 -3.78203e-09 4.78e-10 4.37541e-09 -9.52276e-09 8.26668e-09 1.11093e-08 5.97562e-11 5.36392e-09 -6.69457e-09 -1.063e-08 3.87929e-09 -1.04482e-08
894 0.19 500 0 -3.98058e-09 2.82123e-10 4.16684e-09 -9.60352e-09 8.86914e-09 1.14982e-08 1.49787e-10 5.63229e-09 -7.24232e-09 -1.10459e-08 3.70349e-09 -1.04201e-08
894 0.2 500 0 -4.1973e-09 8.61059e-11 3.94446e-09 -9.68236e-09 9.48912e-09 1.1848e-08 2.53102e-10 5.89403e-09 -7.81446e-09 -1.14295e-08 3.51922e-09 -1.03865e-08
894 0.21 500 0 -4.43281e-09 -1.08411e-10 3.70811e-09 -9.75817e-09 1.0126e-08 1.21562e-08 3.70147e-10 6.1483e-09 -8.41105e-09 -1.17786e-08 3.32668e-09 -1.03467e-08
894 0.22 500 0 -4.68803e-09 -2.9914e-10 3.45758e-09 -9.82978e-09 1.07789e-08 1.24203e-08 5.013e-10 6.39425e-09 -9.03194e-09 -1.20902e-08 3.12625e-09 -1.03002e-08
894 0.23 500 0 -4.96338e-09 -4.84175e-10 3.19285e-09 -9.89594e-09 1.14467e-08 1.26378e-08 6.46891e-10 6.6309e-09 -9.67681e-09 -1.23618e-08 2.91828e-09 -1.0246e-08
894 0.24 500 0 -5.25956e-09 -6.6101e-10 2.91382e-09 -9.95533e-09 1.21279e-08 1.28064e-08 8.07168e-10 6.85727e-09 -1.0345e-08 -1.25904e-08 2.70319e-09 -1.01838e-08
894 0.25 500 0 -5.57701e-09 -8.27223e-10 2.62049e-09 -1.00066e-08 1.28208e-08 1.29236e-08 9.82311e-10 7.07228e-09 -1.10356e-08 -1.27731e-08 2.48146e-09 -1.01126e-08
894 0.26 500 0 -5.91586e-09 -9.80248e-10 2.31308e-09 -1.00482e-08 1.35235e-08 1.29871e-08 1.1724e-09 7.27477e-09 -1.17474e-08 -1.2907e-08 2.25364e-09 -1.00318e-08
894 0.27 500 0 -6.27624e-09 -1.11716e-09 1.99184e-09 -1.00786e-08 1.42337e-08 1.29948e-08 1.37741e-09 7.46357e-09 -1.24789e-08 -1.29892e-08 2.02041e-09 -9.94066e-09
894 0.28 500 0 -6.65803e-09 -1.23513e-09 1.65709e-09 -1.00963e-08 1.49488e-08 1.29445e-08 1.59724e-09 7.63742e-09 -1.32284e-08 -1.30166e-08 1.78242e-09 -9.83844e-09
894 0.29 500 0 -7.06089e-09 -1.3311e-09 1.30935e-09 -1.00994e-08 1.56659e-08 1.28343e-08 1.83163e-09 7.795e-09 -1.39937e-08 -1.29863e-08 1.54048e-09 -9.7244e-09
894 0.3 500 0 -7.48432e-09 -1.40191e-09 9.49175e-10 -1.00864e-08 1.63816e-08 1.26625e-08 2.08023e-09 7.93496e-09 -1.47721e-08 -1.28952e-08 1.29544e-09 -9.59785e-09
894 0.31 500 0 -7.92731e-09 -1.4472e-09 5.77501e-10 -1.00565e-08 1.70929e-08 1.24266e-08 2.34263e-09 8.05605e-09 -1.55612e-08 -1.27406e-08 1.0483e-09 -9.45816e-09
894 0.32 500 0 -8.3975e-09 -1.46448e-09 1.9277e-10 -1.0008e-08 1.77925e-08 1.21231e-08 2.61856e-09 8.15623e-09 -1.63577e-08 -1.25178e-08 8.00993e-10 -9.30395e-09
894 0.33 500 0 -8.8859e-09 -1.44764e-09 -2.02101e-10 -9.93818e-09 1.84785e-08 1.17534e-08 2.90689e-09 8.2344e-09 -1.71575e-08 -1.22256e-08 5.53553e-10 -9.13525e-09
894 0.34 500 0 -9.38646e-09 -1.38913e-09 -6.04419e-10 -9.84392e-09 1.9148e-08 1.1319e-08 3.20629e-09 8.28928e-09 -1.79562e-08 -1.18624e-08 3.0705e-10 -8.95172e-09
894 0.35 500 0 -9.89913e-09 -1.28728e-09 -1.01321e-09 -9.72401e-09 1.97956e-08 1.08186e-08 3.51575e-09 8.31935e-09 -1.87494e-08 -1.14255e-08 6.3084e-11 -8.75266e-09
894 0.36 500 0 -1.04224e-08 -1.13982e-09 -1.42703e-09 -9.57703e-09 2.04161e-08 1.02518e-08 3.83401e-09 8.32312e-09 -1.95322e-08 -1.09127e-08 -1.76805e-10 -8.53757e-09
894 0.37 500 0 -1.09532e-08 -9.43346e-10 -1.84383e-09 -9.40122e-09 2.10042e-08 9.61905e-09 4.15954e-09 8.29916e-09 -2.02994e-08 -1.03222e-08 -4.1105e-10 -8.30607e-09
894 0.38 500 0 -1.14868e-08 -6.93293e-10 -2.26092e-09 -9.19454e-09 2.15552e-08 8.92232e-09 4.49044e-09 8.2462e-09 -2.1045e-08 -9.65294e-09 -6.37957e-10 -8.05796e-09
894 0.39 500 0 -1.20203e-08 -3.87714e-10 -2.67622e-09 -8.9558e-09 2.20631e-08 8.16239e-09 4.82491e-09 8.1629e-09 -2.1763e-08 -8.90376e-09 -8.55753e-10 -7.79308e-09
894 0.4 500 0 -1.25494e-08 -2.37521e-11 -3.08679e-09 -8.68358e-09 2.25225e-08 7.3413e-09 5.16074e-09 8.04807e-09 -2.24469e-08 -8.07411e-09 -1.06248e-09 -7.5114e-09
894 0.41 500 0 -1.3069e-08 4.01231e-10 -3.48966e-09 -8.3766e-09 2.29277e-08 6.4619e-09 5.49555e-09 7.90065e-09 -2.30899e-08 -7.16411e-09 -1.25622e-09 -7.21308e-09
894 0.42 500 0 -1.35736e-08 8.89678e-10 -3.88138e-09 -8.03381e-09 2.32733e-08 5.52743e-09 5.8267e-09 7.7197e-09 -2.36847e-08 -6.17428e-09 -1.43484e-09 -6.89848e-09
894 0.43 500 0 -1.40575e-08 1.44343e-09 -4.2584e-09 -7.65441e-09 2.35537e-08 4.54183e-09 6.15139e-09 7.5045e-09 -2.42239e-08 -5.10584e-09 -1.59623e-09 -6.56813e-09
894 0.44 500 0 -1.45142e-08 2.06384e-09 -4.61672e-09 -7.2379e-09 2.37639e-08 3.50962e-09 6.46652e-09 7.25449e-09 -2.46999e-08 -3.96071e-09 -1.73814e-09 -6.22272e-09
894 0.45 500 0 -1.49365e-08 2.75024e-09 -4.95216e-09 -6.7848e-09 2.3899e-08 2.43541e-09 6.76892e-09 6.96959e-09 -2.51051e-08 -2.74174e-09 -1.85833e-09 -5.86336e-09
894 0.46 500 0 -1.53178e-08 3.50657e-09 -5.26042e-09 -6.29378e-09 2.39537e-08 1.32646e-09 7.05494e-09 6.64934e-09 -2.54309e-08 -1.4518e-09 -1.95441e-09 -5.49112e-09
894 0.47 500 0 -1.56501e-08 4.33059e-09 -5.53676e-09 -5.76619e-09 2.39239e-08 1.88569e-10 7.32096e-09 6.29421e-09 -2.56696e-08 -9.53688e-11 -2.02409e-09 -5.10756e-09
894 0.48 500 0 -1.59253e-08 5.22136e-09 -5.7763e-09 -5.20311e-09 2.38059e-08 -9.71126e-10 7.56315e-09 5.90482e-09 -2.58132e-08 1.32254e-09 -2.06503e-09 -4.71452e-09
894 0.49 500 0 -1.61352e-08 6.17687e-09 -5.97399e-09 -4.60611e-09 2.35964e-08 -2.14489e-09 7.77749e-09 5.48217e-09 -2.58537e-08 2.7959e-09 -2.07497e-09 -4.31408e-09
894 0.5 500 0 -1.62699e-08 7.19509e-09 -6.12427e-09 -3.97725e-09 2.32937e-08 -3.32378e-09 7.95974e-09 5.0278e-09 -2.57835e-08 4.31757e-09 -2.05166e-09 -3.90879e-09
894 0.51 500 0 -1.63234e-08 8.27101e-09 -6.2226e-09 -3.3195e-09 2.28942e-08 -4.50048e-09 8.1058e-09 4.54325e-09 -2.55952e-08 5.8805e-09 -1.99301e-09 -3.5013e-09
894 0.52 500 0 -1.62854e-08 9.40069e-09 -6.26328e-09 -2.63614e-09 2.23976e-08 -5.66498e-09 8.21125e-09 4.03102e-09 -2.52816e-08 7.47555e-09 -1.89706e-09 -3.09485e-09
894 0.53 500 0 -1.61472e-08 1.05784e-08 -6.24089e-09 -1.93139e-09 2.1804e-08 -6.80789e-09 8.27171e-09 3.49402e-09 -2.48362e-08 9.09318e-09 -1.76197e-09 -2.69301e-09
894 0.54 500 0 -1.59005e-08 1.17971e-08 -6.15027e-09 -1.21015e-09 2.11139e-08 -7.91936e-09 8.28283e-09 2.93567e-09 -2.42531e-08 1.07227e-08 -1.58622e-09 -2.29966e-09
894 0.55 500 0 -1.55383e-08 1.30471e-08 -5.98684e-09 -4.78805e-10 2.03282e-08 -8.99093e-09 8.24047e-09 2.36003e-09 -2.35271e-08 1.23529e-08 -1.36858e-09 -1.91913e-09
894 0.56 500 0 -1.50492e-08 1.43231e-08 -5.74452e-09 2.57359e-10 1.9452e-08 -1.00096e-08 8.14004e-09 1.77185e-09 -2.26533e-08 1.3971e-08 -1.108e-09 -1.55618e-09
894 0.57 500 0 -1.44274e-08 1.56126e-08 -5.41937e-09 9.90163e-10 1.84883e-08 -1.09671e-08 7.97772e-09 1.17655e-09 -2.16282e-08 1.55638e-08 -8.04032e-10 -1.2159e-09
894 0.58 500 0 -1.36658e-08 1.69042e-08 -5.0073e-09 1.7112e-09 1.74423e-08 -1.18533e-08 7.74975e-09 5.80262e-10 -2.04494e-08 1.71174e-08 -4.56665e-10 -9.03772e-10
894 0.59 500 0 -1.27693e-08 1.82009e-08 -4.50714e-09 2.41304e-09 1.63176e-08 -1.2643e-08 7.45629e-09 -7.77405e-12 -1.91151e-08 1.86155e-08 -6.66682e-11 -6.25141e-10
894 0.6 500 0 -1.17158e-08 1.94651e-08 -3.91385e-09 3.08399e-09 1.51255e-08 -1.33496e-08 7.09016e-09 -5.83745e-10 -1.76257e-08 2.00424e-08 3.64581e-10 -3.84477e-10
894 0.61 500 0 -1.05046e-08 2.06865e-08 -3.22451e-09 3.7124e-09 1.38755e-08 -1.39598e-08 6.64923e-09 -1.13825e-09 -1.59824e-08 2.13827e-08 8.36041e-10 -1.91113e-10
894 0.62 500 0 -9.13367e-09 2.18501e-08 -2.43799e-09 4.2846e-09 1.25759e-08 -1.44668e-08 6.13129e-09 -1.66136e-09 -1.4187e-08 2.26216e-08 1.34481e-09 -5.08093e-11
894 0.63 500 0 -7.60357e-09 2.29385e-08 -1.55548e-09 4.78838e-09 1.12369e-08 -1.48622e-08 5.53629e-09 -2.14307e-09 -1.22442e-08 2.37403e-08 1.88763e-09 2.80437e-11
894 0.64 500 0 -5.9108e-09 2.39355e-08 -5.77117e-10 5.20924e-09 9.87305e-09 -1.51396e-08 4.86352e-09 -2.57182e-09 -1.01592e-08 2.47222e-08 2.45966e-09 3.90952e-11
894 0.65 500 0 -4.05737e-09 2.48205e-08 4.93517e-10 5.5318e-09 8.4969e-09 -1.52957e-08 4.11446e-09 -2.93585e-09 -7.93954e-09 2.55497e-08 3.05564e-09 -2.61831e-11
894 0.66 500 0 -2.04768e-09 2.55733e-08 1.65134e-09 5.73843e-09 7.12063e-09 -1.53281e-08 3.29111e-09 -3.22137e-09 -5.59361e-09 2.62057e-08 3.66777e-09 -1.72605e-10
894 0.67 500 0 1.13557e-10 2.6173e-08 2.88921e-09 5.81253e-09 5.75932e-09 -1.52352e-08 2.39771e-09 -3.41467e-09 -3.13244e-09 2.66721e-08 4.28801e-09 -4.08082e-10
894 0.68 500 0 2.41908e-09 2.65972e-08 4.19739e-09 5.73672e-09 4.42797e-09 -1.50173e-08 1.44039e-09 -3.5013e-09 -5.68899e-10 2.69306e-08 4.90684e-09 -7.39931e-10
894 0.69 500 0 4.85935e-09 2.68239e-08 5.56379e-09 5.49118e-09 3.14176e-09 -1.46769e-08 4.26722e-10 -3.46486e-09 2.08297e-09 2.69648e-08 5.51228e-09 -1.1724e-09
894 0.7 500 0 7.42029e-09 2.6829e-08 6.97184e-09 5.05811e-09 1.9139e-09 -1.42181e-08 -6.32132e-10 -3.28994e-09 4.80624e-09 2.67563e-08 6.09187e-09 -1.71199e-09
894 0.71 500 0 1.00911e-08 2.65901e-08 8.40378e-09 4.41812e-09 7.64468e-10 -1.36472e-08 -1.72298e-09 -2.95921e-09 7.5821e-09 2.62889e-08 6.63045e-09 -2.36192e-09
894 0.72 500 0 1.28521e-08 2.60825e-08 9.83561e-09 3.55247e-09 -2.93292e-10 -1.29729e-08 -2.8287e-09 -2.45578e-09 1.03895e-08 2.55457e-08 7.11135e-09 -3.12445e-09
894 0.73 500 0 1.56822e-08 2.5282e-08 1.12394e-08 2.44342e-09 -1.24476e-09 -1.22056e-08 -3.92838e-09 -1.76288e-09 1.32049e-08 2.45105e-08 7.51613e-09 -3.99992e-09
894 0.74 500 0 1.85563e-08 2.41629e-08 1.25821e-08 1.07504e-09 -2.07558e-09 -1.13587e-08 -4.99649e-09 -8.64523e-10 1.6001e-08 2.31667e-08 7.82443e-09 -4.98676e-09
894 0.75 500 0 2.14464e-08 2.27015e-08 1.38249e-08 -5.67103e-10 -2.77259e-09 -1.04475e-08 -6.00222e-09 2.54149e-10 1.87499e-08 2.15003e-08 8.01476e-09 -6.07938e-09
894 0.76 500 0 2.4316e-08 2.0873e-08 1.49225e-08 -2.49339e-09 -3.32667e-09 -9.48773e-09 -6.90994e-09 1.60598e-09 2.14177e-08 1.94955e-08 8.06319e-09 -7.26883e-09
894 0.77 500 0 2.71306e-08 1.86531e-08 1.58246e-08 -4.70989e-09 -3.72303e-09 -8.50201e-09 -7.67677e-09 3.20027e-09 2.3968e-08 1.71396e-08 7.9456e-09 -8.54235e-09
894 0.78 500 0 2.98433e-08 1.60175e-08 1.64718e-08 -7.21614e-09 -3.95515e-09 -7.51193e-09 -8.25306e-09 5.04149e-09 2.63589e-08 1.44189e-08 7.63728e-09 -9.88181e-09
894 0.79 500 0 3.24009e-08 1.29412e-08 1.67983e-08 -1.00047e-08 -4.0167e-09 -6.54237e-09 -8.58151e-09 7.12844e-09 2.85418e-08 1.13197e-08 7.11453e-09 -1.12636e-08
894 0.8 500 0 3.47378e-08 9.39962e-09 1.67316e-08 -1.30579e-08 -3.90395e-09 -5.62441e-09 -8.59685e-09 9.45143e-09 3.04586e-08 7.82943e-09 6.35326e-09 -1.26592e-08
894 0.81 500 0 3.6779e-08 5.37642e-09 1.61921e-08 -1.63402e-08 -3.61793e-09 -4.78728e-09 -8.22796e-09 1.19863e-08 3.20441e-08 3.94185e-09 5.33074e-09 -1.40307e-08
894 0.82 500 0 3.84396e-08 8.52006e-10 1.50941e-08 -1.98038e-08 -3.16208e-09 -4.07193e-09 -7.39478e-09 1.46963e-08 3.32218e-08 -3.48014e-10 4.03136e-09 -1.53331e-08
894 0.83 500 0 3.96117e-08 -4.17901e-09 1.33489e-08 -2.33783e-08 -2.54491e-09 -3.51254e-09 -6.01319e-09 1.75255e-08 3.38983e-08 -5.0369e-09 2.44338e-09 -1.65137e-08
894 0.84 500 0 4.01672e-08 -9.71698e-09 1.08626e-08 -2.697e-08 -1.78242e-09 -3.15333e-09 -3.99196e-09 2.03952e-08 3.39622e-08 -1.01142e-08 5.67468e-10 -1.75118e-08
894 0.85 500 0 3.99503e-08 -1.57414e-08 7.54635e-09 -3.04558e-08 -8.95717e-10 -3.0399e-09 -1.24129e-09 2.31986e-08 3.32763e-08 -1.5551e-08 -1.5874e-09 -1.82605e-08
894 0.86 500 0 3.87698e-08 -2.2205e-08 3.31426e-09 -3.3678e-08 8.44376e-11 -3.22208e-09 2.32824e-09 2.5795e-08 3.16719e-08 -2.12939e-08 -3.99479e-09 -1.86875e-08
894 0.87 500 0 3.63967e-08 -2.90228e-08 -1.90354e-09 -3.64393e-08 1.11371e-09 -3.7638e-09 6.79496e-09 2.80026e-08 2.89446e-08 -2.72496e-08 -6.6129e-09 -1.8719e-08
894 0.88 500 0 3.2547e-08 -3.6039e-08 -8.1604e-09 -3.84945e-08 2.13227e-09 -4.72921e-09 1.22229e-08 2.95908e-08 2.48403e-08 -3.32607e-08 -9.37758e-09 -1.82826e-08
894 0.89 500 0 2.68805e-08 -4.29879e-08 -1.54798e-08 -3.95414e-08 3.06035e-09 -6.1955e-09 1.86505e-08 3.02692e-08 1.90503e-08 -3.90609e-08 -1.22028e-08 -1.73131e-08
894 0.9 500 0 1.90072e-08 -4.94358e-08 -2.38528e-08 -3.92282e-08 3.79278e-09 -8.24874e-09 2.60833e-08 2.9702e-08 1.12218e-08 -4.42165e-08 -1.49722e-08 -1.57641e-08
894 0.91 500 0 8.54978e-09 -5.4692e-08 -3.32054e-08 -3.70363e-08 4.20564e-09 -1.10637e-08 3.44744e-08 2.73649e-08 1.01896e-09 -4.80734e-08 -1.75493e-08 -1.36042e-08
894 0.92 500 0 -5.0727e-09 -5.75904e-08 -4.33287e-08 -3.2352e-08 3.9249e-09 -1.47501e-08 4.36285e-08 2.26088e-08 -1.20852e-08 -4.94244e-08 -1.98084e-08 -1.08182e-08
894 0.93 500 0 -2.21047e-08 -5.61442e-08 -5.39318e-08 -2.43828e-08 2.40052e-09 -1.94922e-08 5.32501e-08 1.46462e-08 -2.82392e-08 -4.62968e-08 -2.15617e-08 -7.45263e-09
894 0.94 500 0 -4.20322e-08 -4.70059e-08 -6.42759e-08 -1.18534e-08 -1.18909e-09 -2.5363e-08 6.25875e-08 2.17e-09 -4.68129e-08 -3.53811e-08 -2.26408e-08 -3.58293e-09
894 0.95 500 0 -6.1923e-08 -2.45109e-08 -7.27068e-08 7.14102e-09 -8.45959e-09 -3.21324e-08 6.9928e-08 -1.67537e-08 -6.46708e-08 -1.10756e-08 -2.28766e-08 6.68335e-10
894 0.96 500 0 -7.10417e-08 1.96109e-08 -7.49183e-08 3.52518e-08 -2.24112e-08 -3.81884e-08 7.08183e-08 -4.4771e-08 -7.07081e-08 3.46827e-08 -2.21103e-08 5.14201e-09
894 0.97 500 0 -3.60764e-08 8.69088e-08 -5.92585e-08 7.31041e-08 -4.72135e-08 -3.66137e-08 5.33119e-08 -8.22966e-08 -3.10405e-08 1.0266e-07 -2.01653e-08 9.66982e-09
894 0.98 500 0 1.02121e-07 1.07051e-07 -4.88509e-09 9.99076e-08 -7.64125e-08 -7.55708e-09 -3.52858e-09 -1.07612e-07 1.13127e-07 1.20159e-07 -1.66593e-08 1.40386e-08
894 0.99 500 0 2.08568e-07 -1.13079e-07 5.65177e-08 5.84493e-08 -6.2612e-08 4.73015e-08 -6.61736e-08 -6.27137e-08 2.2188e-07 -1.06757e-07 -1.08955e-08 1.73408e-08
894 1 500 0 -5.68391e-06 -2.16955e-07 3.68113e-08 3.73867e-11 -1.95858e-10 6.66764e-08 -4.77599e-08 -5.51331e-11 -5.66918e-06 -2.16929e-07 -2.51589e-11 2.14634e-08
894 1.01 500 0 -6.2321e-08 3.91743e-11 1.77091e-08 1.60398e-11 -4.37862e-11 2.65099e-08 -2.36693e-08 -2.14133e-11 -5.48042e-08 5.15988e-11 -1.39074e-12 1.03277e-08
894 1.02 500 0 -3.68027e-08 1.57505e-11 1.08578e-08 8.0367e-12 -3.06323e-11 1.92072e-08 -1.57319e-08 -1.24356e-11 -3.07393e-08 2.63178e-11 -1.23904e-12 7.96996e-09
894 1.03 500 0 -2.71115e-08 5.56704e-12 7.22735e-09 4.46893e-12 -2.43557e-11 1.537e-08 -1.14151e-08 -8.30824e-12 -2.19161e-08 1.49918e-11 -1.14222e-12 6.53507e-09
894 1.04 500 0 -2.20125e-08 1.45407e-13 5.00157e-09 2.50576e-12 -2.05166e-11 1.29824e-08 -8.70017e-09 -5.95346e-12 -1.74035e-08 8.73128e-12 -1.07488e-12 5.53911e-09
894 1.05 500 0 -1.88703e-08 -2.98122e-12 3.51886e-09 1.30288e-12 -1.76236e-11 1.13608e-08 -6.84733e-09 -4.40758e-12 -1.46823e-08 4.829e-12 -1.01966e-12 4.80019e-09
894 1.06 500 0 -1.67484e-08 -5.02071e-12 2.47442e-09 5.20723e-13 -1.58451e-11 1.02001e-08 -5.51277e-09 -3.41617e-12 -1.28729e-08 2.31606e-12 -9.86432e-13 4.22896e-09
894 1.07 500 0 -1.52317e-08 -6.40422e-12 1.70758e-09 -2.56293e-14 -1.45141e-11 9.34106e-09 -4.51327e-09 -2.70566e-12 -1.15923e-08 5.51468e-13 -9.62868e-13 3.77481e-09
894 1.08 500 0 -1.41084e-08 -7.28893e-12 1.1256e-09 -4.08514e-13 -1.33069e-11 8.69235e-09 -3.74202e-09 -2.15606e-12 -1.06483e-08 -7.35624e-13 -9.41753e-13 3.40645e-09
894 1.09 500 0 -1.32602e-08 -8.09769e-12 6.71283e-10 -7.17612e-13 -1.26129e-11 8.19872e-09 -3.13263e-09 -1.76204e-12 -9.93493e-09 -1.7494e-12 -9.38375e-13 3.10338e-09
894 1.1 500 0 -1.26156e-08 -8.76689e-12 3.07455e-10 -9.67328e-13 -1.209e-11 7.82425e-09 -2.64152e-09 -1.44959e-12 -9.38901e-09 -2.57457e-12 -9.41808e-13 2.85149e-09
894 1.11 500 0 -1.21301e-08 -9.23744e-12 8.89528e-12 -1.15548e-12 -1.15547e-11 7.54545e-09 -2.239e-09 -1.18706e-12 -8.97141e-09 -3.23736e-12 -9.45545e-13 2.64079e-09
894 1.12 500 0 -1.17756e-08 -9.85979e-12 -2.42282e-10 -1.34981e-12 -1.13682e-11 7.34735e-09 -1.90419e-09 -9.82772e-13 -8.6573e-09 -3.89325e-12 -9.68164e-13 2.46411e-09
894 1.13 500 0 -1.15342e-08 -1.05207e-11 -4.59179e-10 -1.53727e-12 -1.13213e-11 7.22007e-09 -1.62188e-09 -8.09674e-13 -8.4308e-09 -4.53103e-12 -1.00139e-12 2.31618e-09
894 1.14 500 0 -1.13957e-08 -1.10829e-11 -6.51834e-10 -1.69504e-12 -1.12387e-11 7.15795e-09 -1.38072e-09 -6.54959e-13 -8.28226e-09 -5.10343e-12 -1.03605e-12 2.19318e-09
894 1.15 500 0 -1.13564e-08 -1.19374e-11 -8.28456e-10 -1.89828e-12 -1.1489e-11 7.15956e-09 -1.17204e-09 -5.21996e-13 -8.20728e-09 -5.8031e-12 -1.09661e-12 2.09249e-09
894 1.16 500 0 -1.14177e-08 -1.29461e-11 -9.96053e-10 -2.12402e-12 -1.18985e-11 7.22634e-09 -9.89009e-10 -3.9839e-13 -8.20538e-09 -6.58226e-12 -1.17472e-12 2.01238e-09
894 1.17 500 0 -1.15869e-08 -1.40119e-11 -1.1612e-09 -2.35333e-12 -1.2356e-11 7.36361e-09 -8.26031e-10 -2.79876e-13 -8.28044e-09 -7.40405e-12 -1.26514e-12 1.95204e-09
894 1.18 500 0 -1.18792e-08 -1.55818e-11 -1.33074e-09 -2.67338e-12 -1.32376e-11 7.58179e-09 -6.78351e-10 -1.60265e-13 -8.44167e-09 -8.51388e-12 -1.39971e-12 1.91167e-09
894 1.19 500 0 -1.23184e-08 -1.73924e-11 -1.51242e-09 -3.03318e-12 -1.42844e-11 7.8972e-09 -5.4163e-10 -3.56621e-14 -8.70458e-09 -9.7892e-12 -1.56292e-12 1.89254e-09
894 1.2 500 0 -1.29442e-08 -2.01386e-11 -1.7162e-09 -3.56623e-12 -1.60365e-11 8.33654e-09 -4.11568e-10 1.1052e-13 -9.09504e-09 -1.16405e-11 -1.8096e-12 1.8976e-09
894 1.21 500 0 -1.38185e-08 -2.36029e-11 -1.95582e-09 -4.22944e-12 -1.82739e-11 8.94158e-09 -2.83366e-10 2.82209e-13 -9.65422e-09 -1.39735e-11 -2.12996e-12 1.93212e-09
894 1.22 500 0 -1.50457e-08 -2.91035e-11 -2.25256e-09 -5.27363e-12 -2.19594e-11 9.7824e-09 -1.5089e-10 5.21202e-13 -1.04514e-08 -1.76095e-11 -2.63697e-12 2.00557e-09
894 1.23 500 0 -1.68071e-08 -3.76215e-11 -2.64198e-09 -6.88172e-12 -2.77257e-11 1.09809e-08 -5.02916e-12 8.72428e-13 -1.16079e-08 -2.32203e-11 -3.42928e-12 2.13499e-09
894 1.24 500 0 -1.94491e-08 -5.14104e-11 -3.19035e-09 -9.4734e-12 -3.70806e-11 1.27697e-08 1.69995e-10 1.42736e-12 -1.3355e-08 -3.23143e-11 -4.72724e-12 2.35347e-09
894 1.25 500 0 -2.37207e-08 -7.87891e-11 -4.03965e-09 -1.46175e-11 -5.57325e-11 1.56516e-08 4.0667e-10 2.51342e-12 -1.61936e-08 -5.03494e-11 -7.31093e-12 2.73324e-09
894 1.26 500 0 -3.15834e-08 -1.41978e-10 -5.5599e-09 -2.64806e-11 -9.86816e-11 2.09435e-08 7.883e-10 5.03287e-12 -2.14355e-08 -9.21075e-11 -1.33215e-11 3.46408e-09
894 1.27 500 0 -5.03434e-08 -3.70071e-10 -9.12707e-09 -6.93431e-11 -2.5325e-10 3.35503e-08 1.62258e-09 1.42633e-11 -3.39678e-08 -2.43347e-10 -3.51374e-11 5.25395e-09
894 1.28 500 0 -1.49366e-07 -3.30182e-09 -2.77989e-08 -6.20903e-10 -2.22915e-09 1.00038e-07 5.82452e-09 1.35707e-10 -1.00188e-07 -2.19733e-09 -3.17706e-10 1.48269e-08
894 1.29 500 0 1.26109e-07 -2.40708e-09 2.40282e-08 -4.53934e-10 -1.60668e-09 -8.48824e-08 -5.71292e-09 1.03893e-10 8.40892e-08 -1.61852e-09 -2.34949e-10 -1.19012e-08
894 1.3 500 0 4.15455e-08 -2.63762e-10 8.08406e-09 -4.98439e-11 -1.7446e-10 -2.81022e-08 -2.1257e-09 1.17844e-11 2.75388e-08 -1.78876e-10 -2.61448e-11 -3.72626e-09
894 1.31 500 0 2.39118e-08 -8.80766e-11 4.74159e-09 -1.66673e-11 -5.78702e-11 -1.6254e-08 -1.35408e-09 4.01896e-12 1.57563e-08 -6.01267e-11 -8.87433e-12 -2.03739e-09
894 1.32 500 0 1.63216e-08 -4.18191e-11 3.29202e-09 -7.91695e-12 -2.73707e-11 -1.11487e-08 -1.00731e-09 1.91904e-12 1.0691e-08 -2.86722e-11 -4.28927e-12 -1.32051e-09
894 1.33 500 0 1.21203e-08 -2.32187e-11 2.48242e-09 -4.39552e-12 -1.5184e-11 -8.31902e-09 -8.05462e-10 1.05623e-12 7.89191e-09 -1.5947e-11 -2.42569e-12 -9.30686e-10
894 1.34 500 0 9.46669e-09 -1.43856e-11 1.96596e-09 -2.72021e-12 -9.43248e-12 -6.5288e-09 -6.70907e-10 6.35694e-13 6.12742e-09 -9.86676e-12 -1.53335e-12 -6.89578e-10
894 1.35 500 0 7.64797e-09 -9.43504e-12 1.60826e-09 -1.78157e-12 -6.22762e-12 -5.29949e-09 -5.73461e-10 3.96573e-13 4.92079e-09 -6.43795e-12 -1.02647e-12 -5.28197e-10
894 1.36 500 0 6.33e-09 -6.48856e-12 1.34625e-09 -1.22258e-12 -4.33103e-12 -4.40677e-09 -4.98877e-10 2.51461e-13 4.04857e-09 -4.38408e-12 -7.21284e-13 -4.14259e-10
894 1.37 500 0 5.3355e-09 -4.66844e-12 1.14641e-09 -8.76592e-13 -3.1685e-12 -3.73159e-09 -4.39524e-10 1.58684e-13 3.39221e-09 -3.10441e-12 -5.3124e-13 -3.30672e-10
894 1.38 500 0 4.56175e-09 -3.42528e-12 9.89269e-10 -6.40773e-13 -2.37867e-12 -3.20499e-09 -3.90927e-10 9.48565e-14 2.88304e-09 -2.22422e-12 -3.99129e-13 -2.67562e-10
894 1.39 500 0 3.9451e-09 -2.5649e-12 8.62729e-10 -4.77653e-13 -1.83602e-12 -2.7842e-09 -3.50269e-10 4.95693e-14 2.47851e-09 -1.6093e-12 -3.06404e-13 -2.18836e-10
894 1.4 500 0 3.44403e-09 -1.97408e-12 7.58871e-10 -3.65391e-13 -1.46994e-12 -2.44135e-09 -3.1568e-10 1.60564e-14 2.15089e-09 -1.17872e-12 -2.42247e-13 -1.80537e-10
894 1.41 500 0 3.03036e-09 -1.52946e-12 6.72299e-10 -2.81296e-13 -1.19732e-12 -2.15748e-09 -2.85862e-10 -9.68742e-15 1.88134e-09 -8.50205e-13 -1.92879e-13 -1.49996e-10
894 1.42 500 0 2.68426e-09 -1.1997e-12 5.99197e-10 -2.1901e-13 -1.00035e-12 -1.91929e-09 -2.59882e-10 -3.0523e-14 1.65663e-09 -5.99544e-13 -1.55692e-13 -1.25347e-10
894 1.43 500 0 2.3914e-09 -9.58039e-13 5.36797e-10 -1.73283e-13 -8.64959e-13 -1.71712e-09 -2.37048e-10 -4.90392e-14 1.46719e-09 -4.0469e-13 -1.28197e-13 -1.05253e-10
894 1.44 500 0 2.14118e-09 -7.67319e-13 4.83037e-10 -1.37435e-13 -7.65242e-13 -1.54384e-09 -2.16833e-10 -6.59146e-14 1.30595e-09 -2.41588e-13 -1.05937e-13 -8.87309e-11
894 1.45 500 0 1.92559e-09 -6.19607e-13 4.36351e-10 -1.09753e-13 -7.00491e-13 -1.39406e-09 -1.98827e-10 -8.33129e-14 1.16757e-09 -9.97217e-14 -8.83888e-14 -7.50472e-11
894 1.46 500 0 1.73844e-09 -5.02977e-13 3.95526e-10 -8.79732e-14 -6.67347e-13 -1.26363e-09 -1.82708e-10 -1.03371e-13 1.04794e-09 3.44518e-14 -7.42688e-14 -6.36428e-11
894 1.47 500 0 1.57493e-09 -4.1117e-13 3.59609e-10 -7.08903e-14 -6.71926e-13 -1.14929e-09 -1.68214e-10 -1.29946e-13 9.43862e-10 1.77473e-13 -6.29461e-14 -5.40861e-11
894 1.48 500 0 1.43124e-09 -3.37846e-13 3.2784e-10 -5.73096e-14 -7.3194e-13 -1.04846e-09 -1.55133e-10 -1.71049e-13 8.52798e-10 3.60122e-13 -5.37131e-14 -4.60398e-11
894 1.49 500 0 1.30431e-09 -2.78886e-13 2.99606e-10 -4.64417e-14 -9.11945e-13 -9.59066e-10 -1.43296e-10 -2.50627e-13 7.72739e-10 6.66474e-13 -4.61347e-14 -3.92371e-11
894 1.5 500 0 1.19166e-09 -2.31006e-13 2.74407e-10 -3.76648e-14 -1.55534e-12 -8.79341e-10 -1.32584e-10 -4.90931e-13 7.02143e-10 1.51638e-12 -3.9862e-14 -3.3465e-11
894 1.51 500 0 1.09127e-09 -1.96065e-13 2.51832e-10 -3.18229e-14 2.9517e-11 -8.28128e-10 -1.1573e-10 1.04803e-11 6.15243e-10 -3.5979e-11 -3.4072e-14 -2.85525e-11
894 1.52 500 0 1.00144e-09 -1.60162e-13 2.31533e-10 -2.48374e-14 1.04804e-12 -7.45046e-10 -1.13562e-10 4.10028e-13 5.82508e-10 -1.52209e-12 -3.01715e-14 -2.43586e-11
894 1.53 500 0 9.20797e-10 -1.33711e-13 2.13228e-10 -2.00935e-14 4.64612e-13 -6.87341e-10 -1.05427e-10 1.96771e-13 5.32711e-10 -7.76596e-13 -2.64605e-14 -2.07709e-11
894 1.54 500 0 8.48161e-10 -1.11907e-13 1.96672e-10 -1.62216e-14 2.74793e-13 -6.35293e-10 -9.79322e-11 1.23877e-13 4.87942e-10 -5.13722e-13 -2.33103e-14 -1.76951e-11
894 1.55 500 0 7.82546e-10 -9.37003e-14 1.81659e-10 -1.3023e-14 1.84452e-13 -5.88141e-10 -9.10418e-11 8.71186e-14 4.47659e-10 -3.76456e-13 -2.06103e-14 -1.50535e-11
894 1.56 500 0 7.23111e-10 -7.85182e-14 1.68013e-10 -1.03895e-14 1.33414e-13 -5.45297e-10 -8.4701e-11 6.50728e-14 4.1133e-10 -2.91237e-13 -1.82898e-14 -1.27814e-11
894 1.57 500 0 6.6914e-10 -6.57892e-14 1.55581e-10 -8.20848e-15 1.01536e-13 -5.06266e-10 -7.88596e-11 5.04656e-14 3.78491e-10 -2.32872e-13 -1.62905e-14 -1.08248e-11
894 1.58 500 0 6.20017e-10 -5.49722e-14 1.44233e-10 -6.38549e-15 8.02095e-14 -4.70625e-10 -7.34714e-11 4.01044e-14 3.4874e-10 -1.90144e-13 -1.45347e-14 -9.13824e-12
894 1.59 500 0 5.75209e-10 -4.57688e-14 1.33855e-10 -4.86728e-15 6.49968e-14 -4.38008e-10 -6.84957e-11 3.23539e-14 3.21731e-10 -1.5722e-13 -1.29772e-14 -7.68341e-12
894 1.6 500 0 5.34254e-10 -3.81489e-14 1.24346e-10 -3.6275e-15 5.41155e-14 -4.081e-10 -6.38957e-11 2.65543e-14 2.97162e-10 -1.31978e-13 -1.16563e-14 -6.4279e-12
894 1.61 500 0 4.96753e-10 -3.16359e-14 1.15621e-10 -2.59231e-15 4.59126e-14 -3.80625e-10 -5.96389e-11 2.20022e-14 2.74772e-10 -1.11659e-13 -1.04843e-14 -5.34413e-12
894 1.62 500 0 4.62352e-10 -2.61037e-14 1.07602e-10 -1.73743e-15 3.94784e-14 -3.5534e-10 -5.56957e-11 1.83455e-14 2.54332e-10 -9.49659e-14 -9.43877e-15 -4.4086e-12
894 1.63 500 0 4.30744e-10 -2.14084e-14 1.00221e-10 -1.03112e-15 3.44805e-14 -3.32034e-10 -5.20399e-11 1.54201e-14 2.35643e-10 -8.13128e-14 -8.52243e-15 -3.60128e-12
894 1.64 500 0 4.01657e-10 -1.73954e-14 9.34191e-11 -4.499e-16 3.0375e-14 -3.10519e-10 -4.86476e-11 1.29993e-14 2.18529e-10 -6.97775e-14 -7.69546e-15 -2.90494e-12
894 1.65 500 0 3.74852e-10 -1.39437e-14 8.71427e-11 2.98698e-17 2.70125e-14 -2.90629e-10 -4.54974e-11 1.09959e-14 2.02834e-10 -6.00101e-14 -6.95084e-15 -2.30484e-12
894 1.66 500 0 3.50115e-10 -1.10445e-14 8.13444e-11 4.14719e-16 2.42573e-14 -2.72217e-10 -4.25697e-11 9.3559e-15 1.88421e-10 -5.18506e-14 -6.29509e-15 -1.78824e-12
894 1.67 500 0 3.27258e-10 -8.55209e-15 7.59818e-11 7.25013e-16 2.18798e-14 -2.55152e-10 -3.9847e-11 7.96453e-15 1.75169e-10 -4.47725e-14 -5.69377e-15 -1.34417e-12
894 1.68 500 0 3.06113e-10 -6.42565e-15 7.1017e-11 9.69881e-16 1.98427e-14 -2.39316e-10 -3.73132e-11 6.79483e-15 1.6297e-10 -3.86816e-14 -5.1443e-15 -9.63145e-13
894 1.69 500 0 2.86528e-10 -4.61342e-15 6.6416e-11 1.15817e-15 1.80711e-14 -2.24606e-10 -3.49537e-11 5.8079e-15 1.51727e-10 -3.3407e-14 -4.64099e-15 -6.36956e-13
894 1.7 500 0 2.68369e-10 -3.06062e-15 6.2148e-11 1.29852e-15 1.6507e-14 -2.10925e-10 -3.27553e-11 4.97014e-15 1.41355e-10 -2.87917e-14 -4.17222e-15 -3.58481e-13
894 1.71 500 0 2.51515e-10 -1.74161e-15 5.81856e-11 1.39501e-15 1.51068e-14 -1.9819e-10 -3.07058e-11 4.25979e-15 1.31775e-10 -2.47443e-14 -3.73301e-15 -1.21532e-13
894 1.72 500 0 2.35857e-10 -6.32363e-16 5.45037e-11 1.45206e-15 1.38274e-14 -1.86325e-10 -2.8794e-11 3.65553e-15 1.22919e-10 -2.11728e-14 -3.32025e-15 7.92715e-14
894 1.73 500 0 2.21297e-10 3.02209e-16 5.10798e-11 1.47367e-15 1.26505e-14 -1.75259e-10 -2.70098e-11 3.14481e-15 1.14725e-10 -1.80014e-14 -2.926e-15 2.48611e-13
894 1.74 500 0 2.07745e-10 1.08582e-15 4.78933e-11 1.45931e-15 1.15387e-14 -1.64931e-10 -2.53439e-11 2.71104e-15 1.07136e-10 -1.51435e-14 -2.53695e-15 3.90572e-13
894 1.75 500 0 1.95121e-10 1.74148e-15 4.49256e-11 1.40428e-15 1.0461e-14 -1.55283e-10 -2.37876e-11 2.34542e-15 1.00102e-10 -1.25218e-14 -2.13909e-15 5.08716e-13
894 1.76 500 0 1.83353e-10 2.27376e-15 4.21599e-11 1.26933e-15 9.29299e-15 -1.46264e-10 -2.23331e-11 2.04139e-15 9.35766e-11 -9.95773e-15 -1.65934e-15 6.06118e-13
894 1.77 500 0 1.72374e-10 2.04673e-15 3.95799e-11 1.13844e-15 5.30973e-15 -1.37822e-10 -2.09741e-11 5.01301e-16 8.75263e-11 -4.42283e-15 -1.35419e-15 6.84666e-13
894 1.78 500 0 1.62123e-10 1.90889e-15 3.71729e-11 1.0268e-15 3.66647e-15 -1.29922e-10 -1.97025e-11 2.01228e-18 8.19012e-11 -2.18783e-15 -1.16442e-15 7.48269e-13
894 1.79 500 0 1.52546e-10 1.73646e-15 3.49254e-11 9.13967e-16 2.52558e-15 -1.22522e-10 -1.85127e-11 -2.79111e-16 7.66711e-11 -7.52467e-16 -1.00419e-15 7.98467e-13
894 1.8 500 0 1.43592e-10 1.55042e-15 3.28257e-11 8.04399e-16 1.69753e-15 -1.15586e-10 -1.73988e-11 -4.34267e-16 7.18054e-11 1.94559e-16 -8.62813e-16 8.3703e-13
894 1.81 500 0 1.35216e-10 1.36676e-15 3.08629e-11 7.02585e-16 1.10337e-15 -1.09081e-10 -1.63558e-11 -5.06476e-16 6.72758e-11 7.93456e-16 -7.37998e-16 8.65531e-13
894 1.82 500 0 1.27376e-10 1.19401e-15 2.90273e-11 6.10023e-16 6.79018e-16 -1.02976e-10 -1.53788e-11 -5.25734e-16 6.30566e-11 1.15274e-15 -6.27277e-16 8.85354e-13
894 1.83 500 0 1.20033e-10 1.02349e-15 2.73096e-11 5.21162e-16 3.38561e-16 -9.72445e-11 -1.44633e-11 -5.1991e-16 5.91245e-11 1.3877e-15 -5.24397e-16 8.97713e-13
894 1.84 500 0 1.13152e-10 8.69741e-16 2.57016e-11 4.41381e-16 9.61996e-17 -9.18599e-11 -1.36052e-11 -4.92714e-16 5.54577e-11 1.49921e-15 -4.32926e-16 9.03679e-13
894 1.85 500 0 1.06701e-10 7.34577e-16 2.41954e-11 3.69722e-16 -7.16322e-17 -8.6799e-11 -1.28006e-11 -4.52419e-16 5.20365e-11 1.52602e-15 -3.50705e-16 9.04187e-13
894 1.86 500 0 1.00649e-10 6.16918e-16 2.27841e-11 3.05317e-16 -1.85612e-16 -8.20401e-11 -1.2046e-11 -4.06974e-16 4.88429e-11 1.49783e-15 -2.77374e-16 9.00058e-13
894 1.87 500 0 9.49689e-11 5.21088e-16 2.14611e-11 2.50398e-16 -2.47876e-16 -7.75632e-11 -1.1338e-11 -3.60571e-16 4.58603e-11 1.4252e-15 -2.15745e-16 8.92011e-13
894 1.88 500 0 8.96356e-11 4.48058e-16 2.02204e-11 2.07443e-16 -2.68092e-16 -7.33496e-11 -1.06737e-11 -3.20153e-16 4.30734e-11 1.32511e-15 -1.70757e-16 8.80677e-13
894 1.89 500 0 8.46256e-11 3.8615e-16 1.90563e-11 1.81813e-16 -2.61274e-16 -6.93823e-11 -1.00501e-11 -2.89315e-16 4.04681e-11 1.20054e-15 -1.51233e-16 8.66596e-13
894 1.9 500 0 7.99172e-11 3.30707e-16 1.79637e-11 1.59525e-16 -2.51951e-16 -6.56453e-11 -9.46459e-12 -2.60956e-16 3.80316e-11 1.08285e-15 -1.34538e-16 8.50254e-13
894 1.91 500 0 7.54905e-11 2.81197e-16 1.69379e-11 1.3893e-16 -2.40643e-16 -6.2124e-11 -8.91474e-12 -2.33974e-16 3.5752e-11 9.71949e-16 -1.18619e-16 8.32068e-13
894 1.92 500 0 7.13269e-11 2.36859e-16 1.59744e-11 1.19885e-16 -2.27441e-16 -5.88046e-11 -8.39822e-12 -2.08182e-16 3.36182e-11 8.66633e-16 -1.03531e-16 8.12405e-13
894 1.93 500 0 6.74093e-11 1.97078e-16 1.50692e-11 1.02258e-16 -2.12443e-16 -5.56745e-11 -7.91291e-12 -1.83428e-16 3.16201e-11 7.65969e-16 -8.92833e-17 7.91582e-13
894 1.94 500 0 6.37218e-11 1.61334e-16 1.42183e-11 8.59206e-17 -1.95726e-16 -5.27219e-11 -7.45682e-12 -1.59574e-16 2.97484e-11 6.69153e-16 -7.58493e-17 7.69873e-13
894 1.95 500 0 6.02496e-11 1.29175e-16 1.34184e-11 7.07409e-17 -1.77315e-16 -4.99358e-11 -7.02808e-12 -1.36468e-16 2.79945e-11 5.75392e-16 -6.31718e-17 7.47518e-13
894 1.96 500 0 5.69791e-11 1.00181e-16 1.26661e-11 5.65756e-17 -1.57126e-16 -4.7306e-11 -6.62499e-12 -1.13918e-16 2.63503e-11 4.83752e-16 -5.1162e-17 7.24722e-13
894 1.97 500 0 5.38975e-11 7.39351e-17 1.19583e-11 4.32514e-17 -1.34868e-16 -4.4823e-11 -6.24592e-12 -9.16372e-17 2.48084e-11 3.92906e-16 -3.96873e-17 7.01663e-13
894 1.98 500 0 5.0993e-11 4.99618e-17 1.12923e-11 3.05224e-17 -1.09769e-16 -4.24779e-11 -5.88937e-12 -6.91101e-17 2.33621e-11 3.00507e-16 -2.85306e-17 6.78495e-13
894 1.99 500 0 4.82544e-11 2.7538e-17 1.06654e-11 1.79169e-17 -7.94911e-17 -4.02624e-11 -5.55393e-12 -4.50858e-17 2.20049e-11 2.00811e-16 -1.72314e-17 6.55346e-13
894 2 500 0 4.56717e-11 4.20099e-20 1.00751e-11 3.47628e-20 -3.01968e-19 -3.81688e-11 -5.23833e-12 -1.31168e-19 2.0731e-11 6.34423e-19 -3.74194e-20 6.32333e-13
