894 0 160 0 0 0 0 0 -1.9531e-07 -2.91194e-09 -1.49892e-07 -7.54625e-08 1.84775e-07 7.28816e-08 0 0
894 0.01 160 0 1.10522e-09 7.43985e-09 8.25478e-10 4.00394e-09 -1.9526e-07 -2.86493e-09 -1.49888e-07 -7.54327e-08 1.8477e-07 7.28489e-08 -1.41886e-10 -5.18874e-11
894 0.02 160 0 2.20922e-09 1.48757e-08 1.65009e-09 8.00489e-09 -1.9511e-07 -2.72402e-09 -1.49877e-07 -7.53435e-08 1.84755e-07 7.27509e-08 -2.83725e-10 -1.03793e-10
894 0.03 160 0 3.3108e-09 2.23035e-08 2.47296e-09 1.19999e-08 -1.9486e-07 -2.4894e-09 -1.49857e-07 -7.51948e-08 1.8473e-07 7.25874e-08 -4.25469e-10 -1.55735e-10
894 0.04 160 0 4.40868e-09 2.97193e-08 3.2932e-09 1.59859e-08 -1.94509e-07 -2.16154e-09 -1.4983e-07 -7.49865e-08 1.84695e-07 7.23584e-08 -5.67063e-10 -2.07735e-10
894 0.05 160 0 5.50156e-09 3.71192e-08 4.10987e-09 1.99601e-08 -1.94057e-07 -1.74121e-09 -1.49793e-07 -7.47187e-08 1.84649e-07 7.20641e-08 -7.08464e-10 -2.59813e-10
894 0.06 160 0 6.5881e-09 4.44991e-08 4.92202e-09 2.39194e-08 -1.93504e-07 -1.22903e-09 -1.49747e-07 -7.43913e-08 1.84592e-07 7.17041e-08 -8.49628e-10 -3.11982e-10
894 0.07 160 0 7.66691e-09 5.18551e-08 5.72862e-09 2.7861e-08 -1.92848e-07 -6.26171e-10 -1.49691e-07 -7.40044e-08 1.84521e-07 7.12787e-08 -9.90518e-10 -3.64267e-10
894 0.08 160 0 8.73642e-09 5.91835e-08 6.52855e-09 3.1782e-08 -1.9209e-07 6.61175e-11 -1.49624e-07 -7.35579e-08 1.84438e-07 7.07878e-08 -1.13109e-09 -4.16692e-10
894 0.09 160 0 9.7951e-09 6.64802e-08 7.32068e-09 3.56795e-08 -1.91228e-07 8.46232e-10 -1.49545e-07 -7.3052e-08 1.84339e-07 7.02312e-08 -1.27136e-09 -4.69296e-10
894 0.1 160 0 1.08411e-08 7.37418e-08 8.10378e-09 3.95507e-08 -1.90261e-07 1.71267e-09 -1.49453e-07 -7.24863e-08 1.84225e-07 6.96094e-08 -1.41108e-09 -5.22083e-10
894 0.11 160 0 1.18727e-08 8.09642e-08 8.87649e-09 4.33928e-08 -1.89189e-07 2.66413e-09 -1.49346e-07 -7.18613e-08 1.84093e-07 6.89221e-08 -1.5504e-09 -5.75074e-10
894 0.12 160 0 1.2888e-08 8.81439e-08 9.63742e-09 4.72032e-08 -1.88011e-07 3.69814e-09 -1.49224e-07 -7.1177e-08 1.83942e-07 6.81695e-08 -1.68925e-09 -6.28294e-10
894 0.13 160 0 1.38846e-08 9.52775e-08 1.0385e-08 5.09792e-08 -1.86725e-07 4.81265e-09 -1.49084e-07 -7.04333e-08 1.8377e-07 6.73514e-08 -1.82757e-09 -6.81783e-10
894 0.14 160 0 1.48604e-08 1.02361e-07 1.11174e-08 5.47181e-08 -1.8533e-07 6.0049e-09 -1.48925e-07 -6.96307e-08 1.83576e-07 6.64685e-08 -1.96537e-09 -7.35564e-10
894 0.15 160 0 1.5813e-08 1.09392e-07 1.18332e-08 5.84177e-08 -1.83825e-07 7.27191e-09 -1.48745e-07 -6.8769e-08 1.83356e-07 6.55204e-08 -2.10257e-09 -7.89732e-10
894 0.16 160 0 1.67397e-08 1.16367e-07 1.25302e-08 6.20753e-08 -1.82209e-07 8.6119e-09 -1.48542e-07 -6.78487e-08 1.83109e-07 6.45078e-08 -2.23918e-09 -8.44202e-10
894 0.17 160 0 1.76376e-08 1.23282e-07 1.32063e-08 6.56888e-08 -1.8048e-07 1.00212e-08 -1.48315e-07 -6.68701e-08 1.82833e-07 6.3431e-08 -2.3752e-09 -8.99042e-10
894 0.18 160 0 1.85039e-08 1.30135e-07 1.38594e-08 6.9256e-08 -1.78638e-07 1.14963e-08 -1.4806e-07 -6.58339e-08 1.82525e-07 6.22902e-08 -2.51047e-09 -9.54344e-10
894 0.19 160 0 1.93352e-08 1.36924e-07 1.4487e-08 7.27749e-08 -1.76681e-07 1.30332e-08 -1.47775e-07 -6.47402e-08 1.82182e-07 6.1086e-08 -2.64502e-09 -1.01027e-09
894 0.2 160 0 2.0128e-08 1.43645e-07 1.50868e-08 7.62435e-08 -1.74608e-07 1.46291e-08 -1.47458e-07 -6.35898e-08 1.81801e-07 5.98197e-08 -2.77906e-09 -1.06652e-09
894 0.21 160 0 2.08787e-08 1.50296e-07 1.5656e-08 7.96599e-08 -1.72417e-07 1.62796e-08 -1.47107e-07 -6.23833e-08 1.8138e-07 5.84914e-08 -2.91235e-09 -1.12334e-09
894 0.22 160 0 2.15836e-08 1.56875e-07 1.61917e-08 8.30231e-08 -1.70108e-07 1.79795e-08 -1.46718e-07 -6.11217e-08 1.80914e-07 5.71026e-08 -3.04517e-09 -1.18076e-09
894 0.23 160 0 2.22386e-08 1.63381e-07 1.66912e-08 8.6331e-08 -1.6768e-07 1.97259e-08 -1.4629e-07 -5.98059e-08 1.80402e-07 5.56538e-08 -3.1772e-09 -1.23875e-09
894 0.24 160 0 2.28392e-08 1.69811e-07 1.7151e-08 8.95829e-08 -1.65132e-07 2.15133e-08 -1.45818e-07 -5.84371e-08 1.7984e-07 5.41466e-08 -3.30868e-09 -1.29735e-09
894 0.25 160 0 2.33813e-08 1.76166e-07 1.75678e-08 9.2778e-08 -1.62463e-07 2.33359e-08 -1.453e-07 -5.7017e-08 1.79224e-07 5.25823e-08 -3.43942e-09 -1.35693e-09
894 0.26 160 0 2.386e-08 1.82442e-07 1.79384e-08 9.59152e-08 -1.59673e-07 2.51898e-08 -1.44732e-07 -5.55466e-08 1.7855e-07 5.09627e-08 -3.56942e-09 -1.41705e-09
894 0.27 160 0 2.42701e-08 1.88642e-07 1.82591e-08 9.89944e-08 -1.56761e-07 2.70688e-08 -1.44113e-07 -5.40275e-08 1.77816e-07 4.92899e-08 -3.69872e-09 -1.47801e-09
894 0.28 160 0 2.46069e-08 1.94763e-07 1.85263e-08 1.02015e-07 -1.53728e-07 2.89679e-08 -1.43438e-07 -5.24621e-08 1.77017e-07 4.75656e-08 -3.82746e-09 -1.53978e-09
894 0.29 160 0 2.48657e-08 2.00806e-07 1.87362e-08 1.04978e-07 -1.50573e-07 3.08805e-08 -1.42704e-07 -5.08526e-08 1.7615e-07 4.57923e-08 -3.95531e-09 -1.60253e-09
894 0.3 160 0 2.50403e-08 2.06772e-07 1.88847e-08 1.07884e-07 -1.47297e-07 3.28016e-08 -1.41908e-07 -4.92014e-08 1.75211e-07 4.39721e-08 -4.08239e-09 -1.66621e-09
894 0.31 160 0 2.51242e-08 2.1266e-07 1.89672e-08 1.10731e-07 -1.439e-07 3.4723e-08 -1.41045e-07 -4.75109e-08 1.74195e-07 4.21092e-08 -4.20868e-09 -1.73054e-09
894 0.32 160 0 2.51016e-08 2.18476e-07 1.8971e-08 1.13523e-07 -1.40377e-07 3.66429e-08 -1.40108e-07 -4.57801e-08 1.7309e-07 4.02025e-08 -4.33679e-09 -1.79353e-09
894 0.33 160 0 2.49773e-08 2.24218e-07 1.89002e-08 1.16262e-07 -1.36739e-07 3.85511e-08 -1.39102e-07 -4.40161e-08 1.71899e-07 3.82613e-08 -4.46382e-09 -1.85629e-09
894 0.34 160 0 2.47511e-08 2.29893e-07 1.87542e-08 1.18949e-07 -1.32988e-07 4.04406e-08 -1.38021e-07 -4.22243e-08 1.70626e-07 3.62889e-08 -4.58874e-09 -1.92153e-09
894 0.35 160 0 2.44152e-08 2.35503e-07 1.85272e-08 1.21588e-07 -1.29125e-07 4.23048e-08 -1.36864e-07 -4.04071e-08 1.69263e-07 3.42898e-08 -4.71235e-09 -1.98783e-09
894 0.36 160 0 2.39602e-08 2.41052e-07 1.82127e-08 1.2418e-07 -1.25148e-07 4.41381e-08 -1.35623e-07 -3.85685e-08 1.67805e-07 3.22664e-08 -4.83585e-09 -2.05627e-09
894 0.37 160 0 2.33828e-08 2.46543e-07 1.78076e-08 1.2673e-07 -1.21065e-07 4.59332e-08 -1.34299e-07 -3.67129e-08 1.66251e-07 3.02251e-08 -4.95811e-09 -2.12563e-09
894 0.38 160 0 2.26795e-08 2.51984e-07 1.73096e-08 1.29241e-07 -1.16877e-07 4.76845e-08 -1.32889e-07 -3.4845e-08 1.64597e-07 2.81707e-08 -5.08086e-09 -2.19642e-09
894 0.39 160 0 2.18428e-08 2.57379e-07 1.67135e-08 1.31717e-07 -1.12589e-07 4.93848e-08 -1.31389e-07 -3.29697e-08 1.6284e-07 2.61096e-08 -5.2024e-09 -2.26923e-09
894 0.4 160 0 2.08712e-08 2.62735e-07 1.6018e-08 1.34162e-07 -1.08209e-07 5.10282e-08 -1.29797e-07 -3.10939e-08 1.60982e-07 2.40471e-08 -5.32314e-09 -2.34624e-09
894 0.41 160 0 1.9758e-08 2.6806e-07 1.52188e-08 1.36585e-07 -1.0374e-07 5.26075e-08 -1.28111e-07 -2.92225e-08 1.59016e-07 2.19889e-08 -5.44486e-09 -2.42659e-09
894 0.42 160 0 1.8498e-08 2.73361e-07 1.43112e-08 1.38988e-07 -9.91825e-08 5.4117e-08 -1.26331e-07 -2.73592e-08 1.56938e-07 1.9942e-08 -5.5675e-09 -2.5073e-09
894 0.43 160 0 1.7088e-08 2.78646e-07 1.32937e-08 1.4138e-07 -9.45456e-08 5.55508e-08 -1.24456e-07 -2.55115e-08 1.54747e-07 1.79134e-08 -5.69089e-09 -2.59005e-09
894 0.44 160 0 1.55251e-08 2.83923e-07 1.21629e-08 1.43765e-07 -8.98332e-08 5.69046e-08 -1.22484e-07 -2.3684e-08 1.52442e-07 1.59096e-08 -5.81485e-09 -2.67279e-09
894 0.45 160 0 1.38076e-08 2.89201e-07 1.0918e-08 1.46149e-07 -8.50548e-08 5.81712e-08 -1.20413e-07 -2.18849e-08 1.50023e-07 1.39396e-08 -5.94089e-09 -2.75583e-09
894 0.46 160 0 1.19323e-08 2.94492e-07 9.55738e-09 1.48543e-07 -8.02153e-08 5.93497e-08 -1.18246e-07 -2.01206e-08 1.4749e-07 1.20084e-08 -6.06725e-09 -2.84295e-09
894 0.47 160 0 9.90065e-09 2.99807e-07 8.08112e-09 1.50954e-07 -7.53244e-08 6.04333e-08 -1.15982e-07 -1.83976e-08 1.44843e-07 1.01256e-08 -6.19425e-09 -2.93081e-09
894 0.48 160 0 7.71204e-09 3.05155e-07 6.48867e-09 1.53389e-07 -7.03895e-08 6.14188e-08 -1.13622e-07 -1.67232e-08 1.42084e-07 8.29869e-09 -6.32191e-09 -3.021e-09
894 0.49 160 0 5.36629e-09 3.10547e-07 4.78003e-09 1.55856e-07 -6.54182e-08 6.23042e-08 -1.11167e-07 -1.5104e-08 1.39213e-07 6.53528e-09 -6.45119e-09 -3.111e-09
894 0.5 160 0 2.86964e-09 3.15997e-07 2.96085e-09 1.58366e-07 -6.04192e-08 6.30871e-08 -1.0862e-07 -1.35476e-08 1.36235e-07 4.84354e-09 -6.58492e-09 -3.20339e-09
894 0.51 160 0 2.1684e-10 3.21514e-07 1.02557e-09 1.60923e-07 -5.54027e-08 6.37642e-08 -1.05983e-07 -1.20602e-08 1.33148e-07 3.23277e-09 -6.71774e-09 -3.29625e-09
894 0.52 160 0 -2.58453e-09 3.27112e-07 -1.01898e-09 1.63539e-07 -5.03772e-08 6.43354e-08 -1.03259e-07 -1.06494e-08 1.29958e-07 1.70992e-09 -6.85158e-09 -3.39149e-09
894 0.53 160 0 -5.52834e-09 3.32802e-07 -3.16778e-09 1.66223e-07 -4.53524e-08 6.4799e-08 -1.00453e-07 -9.32271e-09 1.26669e-07 2.83371e-10 -6.9893e-09 -3.4882e-09
894 0.54 160 0 -8.61113e-09 3.38596e-07 -5.41986e-09 1.68982e-07 -4.03367e-08 6.51576e-08 -9.75667e-08 -8.08571e-09 1.23286e-07 -1.03914e-09 -7.12899e-09 -3.58405e-09
894 0.55 160 0 -1.18307e-08 3.44502e-07 -7.77051e-09 1.71824e-07 -3.5343e-08 6.54074e-08 -9.46061e-08 -6.94705e-09 1.1981e-07 -2.24884e-09 -7.27242e-09 -3.68081e-09
894 0.56 160 0 -1.51668e-08 3.50539e-07 -1.02093e-08 1.74762e-07 -3.03742e-08 6.55578e-08 -9.1578e-08 -5.91038e-09 1.16254e-07 -3.34067e-09 -7.41742e-09 -3.77866e-09
894 0.57 160 0 -1.86164e-08 3.56716e-07 -1.27312e-08 1.77802e-07 -2.54425e-08 6.56076e-08 -8.84876e-08 -4.98295e-09 1.12621e-07 -4.30665e-09 -7.56571e-09 -3.87666e-09
894 0.58 160 0 -2.21697e-08 3.63041e-07 -1.53277e-08 1.80953e-07 -2.05568e-08 6.55598e-08 -8.53423e-08 -4.17093e-09 1.08919e-07 -5.14144e-09 -7.71705e-09 -3.97793e-09
894 0.59 160 0 -2.58129e-08 3.69528e-07 -1.79928e-08 1.84219e-07 -1.57254e-08 6.54196e-08 -8.21475e-08 -3.4782e-09 1.05155e-07 -5.8361e-09 -7.87204e-09 -4.07676e-09
894 0.6 160 0 -2.9535e-08 3.76183e-07 -2.07138e-08 1.87611e-07 -1.09566e-08 6.51903e-08 -7.89128e-08 -2.91043e-09 1.01338e-07 -6.38755e-09 -8.03162e-09 -4.17741e-09
894 0.61 160 0 -3.33234e-08 3.83018e-07 -2.34836e-08 1.91134e-07 -6.25806e-09 6.48798e-08 -7.56448e-08 -2.47123e-09 9.74767e-08 -6.78916e-09 -8.19373e-09 -4.2765e-09
894 0.62 160 0 -3.71649e-08 3.9004e-07 -2.62901e-08 1.94792e-07 -1.6392e-09 6.44903e-08 -7.23538e-08 -2.1652e-09 9.35796e-08 -7.036e-09 -8.35763e-09 -4.37794e-09
894 0.63 160 0 -4.1045e-08 3.97255e-07 -2.91258e-08 1.98592e-07 2.89168e-09 6.40307e-08 -6.90456e-08 -1.99619e-09 8.96566e-08 -7.12238e-09 -8.53038e-09 -4.47458e-09
894 0.64 160 0 -4.49374e-08 4.04674e-07 -3.19714e-08 2.02539e-07 7.33551e-09 6.35105e-08 -6.57325e-08 -1.96437e-09 8.57209e-08 -7.0483e-09 -8.70258e-09 -4.57222e-09
894 0.65 160 0 -4.88271e-08 4.12299e-07 -3.48131e-08 2.06639e-07 1.16859e-08 6.29364e-08 -6.24244e-08 -2.07238e-09 8.17816e-08 -6.81206e-09 -8.88478e-09 -4.66781e-09
894 0.66 160 0 -5.26995e-08 4.20133e-07 -3.76424e-08 2.10891e-07 1.5934e-08 6.23146e-08 -5.91299e-08 -2.32199e-09 7.785e-08 -6.40938e-09 -9.06825e-09 -4.76433e-09
894 0.67 160 0 -5.6535e-08 4.28181e-07 -4.04425e-08 2.15297e-07 2.00784e-08 6.16553e-08 -5.58598e-08 -2.7131e-09 7.39364e-08 -5.83953e-09 -9.25758e-09 -4.85819e-09
894 0.68 160 0 -6.03109e-08 4.36445e-07 -4.32001e-08 2.1986e-07 2.4116e-08 6.09677e-08 -5.26238e-08 -3.24507e-09 7.00539e-08 -5.10212e-09 -9.4522e-09 -4.95052e-09
894 0.69 160 0 -6.40093e-08 4.44923e-07 -4.58977e-08 2.24579e-07 2.80453e-08 6.02595e-08 -4.94337e-08 -3.91727e-09 6.62122e-08 -4.19838e-09 -9.65532e-09 -5.03861e-09
894 0.7 160 0 -6.7612e-08 4.53617e-07 -4.8529e-08 2.29451e-07 3.18551e-08 5.9541e-08 -4.62972e-08 -4.73081e-09 6.24253e-08 -3.12277e-09 -9.86444e-09 -5.11662e-09
894 0.71 160 0 -7.10864e-08 4.62523e-07 -5.10661e-08 2.34477e-07 3.55636e-08 5.88207e-08 -4.32265e-08 -5.67764e-09 5.87044e-08 -1.88778e-09 -1.00772e-08 -5.19862e-09
894 0.72 160 0 -7.44158e-08 4.71635e-07 -5.34957e-08 2.39655e-07 3.91638e-08 5.81088e-08 -4.02327e-08 -6.75834e-09 5.506e-08 -4.92902e-10 -1.03006e-08 -5.27014e-09
894 0.73 160 0 -7.75768e-08 4.80948e-07 -5.58067e-08 2.44979e-07 4.26572e-08 5.74127e-08 -3.7323e-08 -7.96759e-09 5.15043e-08 1.06122e-09 -1.05299e-08 -5.3284e-09
894 0.74 160 0 -8.05522e-08 4.90458e-07 -5.79824e-08 2.50449e-07 4.60509e-08 5.6743e-08 -3.45083e-08 -9.30118e-09 4.80456e-08 2.76654e-09 -1.07647e-08 -5.37503e-09
894 0.75 160 0 -8.33288e-08 5.0017e-07 -6.00062e-08 2.56057e-07 4.93504e-08 5.61074e-08 -3.17962e-08 -1.0756e-08 4.46929e-08 4.62213e-09 -1.09999e-08 -5.42947e-09
894 0.76 160 0 -8.58512e-08 5.10072e-07 -6.18373e-08 2.61801e-07 5.25322e-08 5.55131e-08 -2.92199e-08 -1.23334e-08 4.14835e-08 6.633e-09 -1.12413e-08 -5.47496e-09
894 0.77 160 0 -8.80953e-08 5.20147e-07 -6.34648e-08 2.67668e-07 5.56308e-08 5.49621e-08 -2.67766e-08 -1.40188e-08 3.84172e-08 8.78089e-09 -1.14901e-08 -5.51438e-09
894 0.78 160 0 -9.00432e-08 5.30382e-07 -6.48762e-08 2.73649e-07 5.86416e-08 5.4463e-08 -2.44774e-08 -1.5808e-08 3.55075e-08 1.10624e-08 -1.17456e-08 -5.54628e-09
894 0.79 160 0 -9.16657e-08 5.40768e-07 -6.60511e-08 2.79733e-07 6.15718e-08 5.40225e-08 -2.23346e-08 -1.76934e-08 3.27691e-08 1.34722e-08 -1.20085e-08 -5.56677e-09
894 0.8 160 0 -9.29329e-08 5.51289e-07 -6.69684e-08 2.8591e-07 6.44286e-08 5.36453e-08 -2.03604e-08 -1.96675e-08 3.02173e-08 1.60018e-08 -1.22787e-08 -5.57562e-09
894 0.81 160 0 -9.38223e-08 5.61933e-07 -6.76131e-08 2.9217e-07 6.721e-08 5.33456e-08 -1.85692e-08 -2.17248e-08 2.78699e-08 1.86475e-08 -1.25544e-08 -5.5676e-09
894 0.82 160 0 -9.42786e-08 5.72677e-07 -6.79452e-08 2.98499e-07 6.99461e-08 5.31086e-08 -1.69735e-08 -2.38534e-08 2.57421e-08 2.13929e-08 -1.28382e-08 -5.54638e-09
894 0.83 160 0 -9.42741e-08 5.83503e-07 -6.79453e-08 3.04885e-07 7.26376e-08 5.29456e-08 -1.55897e-08 -2.60469e-08 2.38544e-08 2.42305e-08 -1.31287e-08 -5.50946e-09
894 0.84 160 0 -9.37642e-08 5.94396e-07 -6.75831e-08 3.11313e-07 7.52966e-08 5.28576e-08 -1.44361e-08 -2.82958e-08 2.22295e-08 2.71518e-08 -1.34252e-08 -5.45136e-09
894 0.85 160 0 -9.27004e-08 6.0533e-07 -6.68237e-08 3.17769e-07 7.7936e-08 5.2844e-08 -1.35337e-08 -3.0591e-08 2.08925e-08 3.01442e-08 -1.37266e-08 -5.37086e-09
894 0.86 160 0 -9.10339e-08 6.1629e-07 -6.56331e-08 3.24241e-07 8.0563e-08 5.29188e-08 -1.29108e-08 -3.29243e-08 1.98773e-08 3.31985e-08 -1.40291e-08 -5.26179e-09
894 0.87 160 0 -8.86747e-08 6.2724e-07 -6.39442e-08 3.30708e-07 8.32118e-08 5.30504e-08 -1.25973e-08 -3.52838e-08 1.92167e-08 3.62951e-08 -1.43348e-08 -5.12597e-09
894 0.88 160 0 -8.55457e-08 6.38154e-07 -6.17e-08 3.37154e-07 8.58936e-08 5.32459e-08 -1.26377e-08 -3.76587e-08 1.89605e-08 3.94184e-08 -1.46402e-08 -4.95978e-09
894 0.89 160 0 -8.15314e-08 6.48999e-07 -5.88162e-08 3.43556e-07 8.86324e-08 5.34975e-08 -1.30906e-08 -4.00334e-08 1.91731e-08 4.25488e-08 -1.49418e-08 -4.757e-09
894 0.9 160 0 -7.64758e-08 6.59733e-07 -5.51767e-08 3.49885e-07 9.14576e-08 5.37934e-08 -1.40385e-08 -4.23871e-08 1.99432e-08 4.56584e-08 -1.52348e-08 -4.51269e-09
894 0.91 160 0 -7.01686e-08 6.703e-07 -5.0623e-08 3.56105e-07 9.44093e-08 5.41369e-08 -1.56038e-08 -4.46852e-08 2.14008e-08 4.87034e-08 -1.55129e-08 -4.22218e-09
894 0.92 160 0 -6.22757e-08 6.80575e-07 -4.49001e-08 3.62129e-07 9.75302e-08 5.44702e-08 -1.79647e-08 -4.68651e-08 2.37297e-08 5.16062e-08 -1.57758e-08 -3.88381e-09
894 0.93 160 0 -5.23102e-08 6.90363e-07 -3.76443e-08 3.67813e-07 1.00886e-07 5.4784e-08 -2.14066e-08 -4.87941e-08 2.72317e-08 5.42202e-08 -1.60123e-08 -3.48564e-09
894 0.94 160 0 -3.94894e-08 6.99207e-07 -2.82674e-08 3.72818e-07 1.0457e-07 5.50443e-08 -2.63867e-08 -5.01748e-08 3.23872e-08 5.62197e-08 -1.62095e-08 -3.01477e-09
894 0.95 160 0 -2.25759e-08 7.06002e-07 -1.58395e-08 3.76322e-07 1.0875e-07 5.52216e-08 -3.36332e-08 -5.02726e-08 3.99634e-08 5.6811e-08 -1.63428e-08 -2.45191e-09
894 0.96 160 0 1.38265e-10 7.07759e-07 9.25431e-10 3.76094e-07 1.13716e-07 5.52203e-08 -4.41141e-08 -4.71429e-08 5.09746e-08 5.39042e-08 -1.63636e-08 -1.77177e-09
894 0.97 160 0 2.87022e-08 6.96546e-07 2.20658e-08 3.66206e-07 1.20193e-07 5.48024e-08 -5.76091e-08 -3.56239e-08 6.51631e-08 4.19706e-08 -1.61285e-08 -9.70849e-10
894 0.98 160 0 4.81944e-08 6.58965e-07 3.64349e-08 3.36643e-07 1.29621e-07 5.25917e-08 -6.40084e-08 -7.13307e-09 7.1678e-08 1.18111e-08 -1.54007e-08 -3.00919e-10
894 0.99 160 0 2.02668e-08 6.19311e-07 1.5381e-08 3.05563e-07 1.42344e-07 4.43165e-08 -3.79544e-08 2.25448e-08 4.32928e-08 -1.97574e-08 -1.45939e-08 -4.11603e-10
894 1 160 0 -2.69735e-09 6.57981e-07 -1.98861e-09 3.32951e-07 1.95525e-07 7.47017e-10 1.01222e-09 2.07244e-08 -7.65191e-10 -1.99159e-08 -1.54526e-08 -1.07904e-10
894 1.01 160 0 -3.03379e-09 6.39221e-07 -2.25801e-09 3.17734e-07 1.25238e-07 7.6183e-10 1.28523e-09 -3.9313e-09 -1.0941e-09 1.09786e-08 -1.40516e-08 -1.06668e-10
894 1.02 160 0 -3.1189e-09 6.3789e-07 -2.31174e-09 3.15314e-07 1.1373e-07 9.01756e-10 1.27756e-09 -9.81372e-09 -1.09764e-09 1.86071e-08 -1.3664e-08 -1.04265e-10
894 1.03 160 0 -3.21991e-09 6.35205e-07 -2.37724e-09 3.11847e-07 1.05336e-07 1.02817e-09 1.28152e-09 -1.27966e-08 -1.11192e-09 2.2945e-08 -1.33268e-08 -1.03134e-10
894 1.04 160 0 -3.3452e-09 6.31533e-07 -2.46318e-09 3.07621e-07 9.80181e-08 1.15646e-09 1.29906e-09 -1.43162e-08 -1.13823e-09 2.56435e-08 -1.30076e-08 -1.02203e-10
894 1.05 160 0 -3.49907e-09 6.2696e-07 -2.57345e-09 3.02704e-07 9.10295e-08 1.29653e-09 1.32953e-09 -1.48922e-08 -1.17564e-09 2.73022e-08 -1.26912e-08 -1.01203e-10
894 1.06 160 0 -3.675e-09 6.21434e-07 -2.70068e-09 2.97065e-07 8.39584e-08 1.44355e-09 1.3701e-09 -1.4757e-08 -1.22298e-09 2.81928e-08 -1.23726e-08 -1.00926e-10
894 1.07 160 0 -3.88356e-09 6.14863e-07 -2.8519e-09 2.90635e-07 7.65363e-08 1.60681e-09 1.42233e-09 -1.40241e-08 -1.28197e-09 2.84528e-08 -1.20455e-08 -1.0253e-10
894 1.08 160 0 -4.1295e-09 6.07111e-07 -3.03484e-09 2.83311e-07 6.85463e-08 1.7946e-09 1.4879e-09 -1.27427e-08 -1.35227e-09 2.81484e-08 -1.16989e-08 -1.03333e-10
894 1.09 160 0 -4.41067e-09 5.97982e-07 -3.24468e-09 2.7495e-07 5.97693e-08 2.00302e-09 1.5657e-09 -1.0922e-08 -1.43454e-09 2.73016e-08 -1.13308e-08 -1.05001e-10
894 1.1 160 0 -4.74322e-09 5.87254e-07 -3.49266e-09 2.65385e-07 4.9994e-08 2.24383e-09 1.65932e-09 -8.54637e-09 -1.53239e-09 2.59075e-08 -1.0935e-08 -1.08953e-10
894 1.11 160 0 -5.13931e-09 5.74652e-07 -3.79209e-09 2.5441e-07 3.89844e-08 2.52958e-09 1.7727e-09 -5.57406e-09 -1.64789e-09 2.3936e-08 -1.04997e-08 -1.12377e-10
894 1.12 160 0 -5.60502e-09 5.59812e-07 -4.14342e-09 2.41752e-07 2.64493e-08 2.86118e-09 1.90703e-09 -1.93813e-09 -1.78401e-09 2.13305e-08 -1.00208e-08 -1.18271e-10
894 1.13 160 0 -6.16472e-09 5.42297e-07 -4.5675e-09 2.27084e-07 1.20512e-08 3.25777e-09 2.06927e-09 2.45382e-09 -1.94639e-09 1.80115e-08 -9.4856e-09 -1.25422e-10
894 1.14 160 0 -6.8512e-09 5.21557e-07 -5.08979e-09 2.09991e-07 -4.6267e-09 3.7446e-09 2.26794e-09 7.72676e-09 -2.14271e-09 1.38687e-08 -8.87882e-09 -1.34117e-10
894 1.15 160 0 -7.68967e-09 4.96844e-07 -5.7267e-09 1.89915e-07 -2.41409e-08 4.33659e-09 2.51014e-09 1.40531e-08 -2.38084e-09 8.74699e-09 -8.18805e-09 -1.46915e-10
894 1.16 160 0 -8.73956e-09 4.67206e-07 -6.52571e-09 1.66139e-07 -4.71959e-08 5.07782e-09 2.8122e-09 2.1661e-08 -2.67532e-09 2.44142e-09 -7.38864e-09 -1.63146e-10
894 1.17 160 0 -1.00841e-08 4.3136e-07 -7.55042e-09 1.37698e-07 -7.47377e-08 6.03009e-09 3.1961e-09 3.0863e-08 -3.0464e-09 -5.33051e-09 -6.44932e-09 -1.83934e-10
894 1.18 160 0 -1.18264e-08 3.875e-07 -8.87573e-09 1.03239e-07 -1.08091e-07 7.26308e-09 3.68978e-09 4.20977e-08 -3.52141e-09 -1.49671e-08 -5.33506e-09 -2.14629e-10
894 1.19 160 0 -1.41619e-08 3.33109e-07 -1.06545e-08 6.08689e-08 -1.49101e-07 8.9221e-09 4.34548e-09 5.59858e-08 -4.14766e-09 -2.70311e-08 -3.98131e-09 -2.54449e-10
894 1.2 160 0 -1.73628e-08 2.64429e-07 -1.30884e-08 7.76829e-09 -2.00519e-07 1.1199e-08 5.23552e-09 7.34513e-08 -4.99368e-09 -4.2363e-08 -2.31006e-09 -3.13224e-10
894 1.21 160 0 -2.19609e-08 1.75763e-07 -1.65835e-08 -6.03444e-08 -2.66513e-07 1.448e-08 6.49947e-09 9.59026e-08 -6.18816e-09 -6.22428e-08 -1.87378e-10 -3.98744e-10
894 1.22 160 0 -2.88386e-08 5.78305e-08 -2.1804e-08 -1.50437e-07 -3.53871e-07 1.94003e-08 8.36903e-09 1.25633e-07 -7.94658e-09 -8.87565e-08 2.59166e-09 -5.32018e-10
894 1.23 160 0 -3.98445e-08 -1.05341e-07 -3.01486e-08 -2.74506e-07 -4.74276e-07 2.72976e-08 1.13242e-08 1.66593e-07 -1.07124e-08 -1.25498e-07 6.39017e-09 -7.4976e-10
894 1.24 160 0 -5.91056e-08 -3.43899e-07 -4.47314e-08 -4.55196e-07 -6.49772e-07 4.11639e-08 1.64282e-08 2.26243e-07 -1.54659e-08 -1.79255e-07 1.18898e-08 -1.14091e-09
894 1.25 160 0 -9.7305e-08 -7.22507e-07 -7.36089e-08 -7.41069e-07 -9.27645e-07 6.87484e-08 2.6418e-08 3.20581e-07 -2.47269e-08 -2.64581e-07 2.05464e-08 -1.93406e-09
894 1.26 160 0 -1.90845e-07 -1.40824e-06 -1.44206e-07 -1.2576e-06 -1.43008e-06 1.36518e-07 5.05396e-08 4.90938e-07 -4.69822e-08 -4.19075e-07 3.61359e-08 -3.92148e-09
894 1.27 160 0 -5.32344e-07 -3.00247e-06 -4.01498e-07 -2.45638e-06 -2.59689e-06 3.84749e-07 1.37333e-07 8.8599e-07 -1.26678e-07 -7.77963e-07 7.22385e-08 -1.13334e-08
894 1.28 160 0 -4.52825e-06 -9.88336e-06 -3.40621e-06 -7.62423e-06 -7.63194e-06 3.29989e-06 1.13645e-06 2.58546e-06 -1.03921e-06 -2.32234e-06 2.28163e-07 -1.00063e-07
894 1.29 160 0 -3.70014e-06 1.10128e-05 -2.77384e-06 8.06929e-06 7.64471e-06 2.71321e-06 9.02447e-07 -2.58865e-06 -8.17035e-07 2.38613e-06 -2.43097e-07 -8.51049e-08
894 1.3 160 0 -5.00868e-07 4.9031e-06 -3.73887e-07 3.47704e-06 3.17993e-06 3.68801e-07 1.1854e-07 -1.07e-06 -1.06227e-07 1.0035e-06 -1.05646e-07 -1.19583e-08
894 1.31 160 0 -1.87328e-07 3.40506e-06 -1.39134e-07 2.35018e-06 2.08412e-06 1.38236e-07 4.2975e-08 -6.97763e-07 -3.8087e-08 6.65107e-07 -7.18051e-08 -4.64434e-09
894 1.32 160 0 -9.79266e-08 2.74685e-06 -7.2312e-08 1.85423e-06 1.6021e-06 7.22873e-08 2.17508e-08 -5.33847e-07 -1.90521e-08 5.16368e-07 -5.68628e-08 -2.51552e-09
894 1.33 160 0 -6.0624e-08 2.37975e-06 -4.44734e-08 1.57696e-06 1.33289e-06 4.46851e-08 1.30243e-08 -4.42097e-07 -1.12706e-08 4.33316e-07 -4.84823e-08 -1.61259e-09
894 1.34 160 0 -4.15511e-08 2.147e-06 -3.02615e-08 1.40062e-06 1.1619e-06 3.05327e-08 8.62428e-09 -3.83637e-07 -7.36982e-09 3.80561e-07 -4.31236e-08 -1.13954e-09
894 1.35 160 0 -3.05252e-08 1.9872e-06 -2.20558e-08 1.27908e-06 1.04425e-06 2.23272e-08 6.11538e-09 -3.43243e-07 -5.16015e-09 3.44244e-07 -3.94119e-08 -8.61359e-10
894 1.36 160 0 -2.35728e-08 1.87137e-06 -1.68871e-08 1.19057e-06 9.58767e-07 1.71399e-08 4.55288e-09 -3.13736e-07 -3.79345e-09 3.17832e-07 -3.66912e-08 -6.82774e-10
894 1.37 160 0 -1.89005e-08 1.78408e-06 -1.34175e-08 1.1235e-06 8.94165e-07 1.36474e-08 3.51347e-09 -2.9129e-07 -2.89027e-09 2.97842e-07 -3.46112e-08 -5.58756e-10
894 1.38 160 0 -1.56199e-08 1.71637e-06 -1.09815e-08 1.07114e-06 8.43892e-07 1.11896e-08 2.78983e-09 -2.73687e-07 -2.26707e-09 2.82255e-07 -3.29754e-08 -4.70905e-10
894 1.39 160 0 -1.3225e-08 1.66268e-06 -9.2043e-09 1.0293e-06 8.03873e-07 9.39419e-09 2.26399e-09 -2.59545e-07 -1.81762e-09 2.69815e-07 -3.16533e-08 -4.03706e-10
894 1.4 160 0 -1.14199e-08 1.61934e-06 -7.8646e-09 9.95244e-07 7.71444e-07 8.04296e-09 1.86565e-09 -2.47963e-07 -1.47931e-09 2.597e-07 -3.05632e-08 -3.51307e-10
894 1.41 160 0 -1.00319e-08 1.58389e-06 -6.83273e-09 9.67114e-07 7.44792e-07 7.0062e-09 1.55541e-09 -2.38328e-07 -1.21847e-09 2.51355e-07 -2.9652e-08 -3.09437e-10
894 1.42 160 0 -8.94012e-09 1.55457e-06 -6.01887e-09 9.43594e-07 7.22636e-07 6.1971e-09 1.30278e-09 -2.3021e-07 -1.0075e-09 2.44388e-07 -2.88781e-08 -2.7497e-10
894 1.43 160 0 -8.06314e-09 1.53013e-06 -5.36389e-09 9.23729e-07 7.04045e-07 5.56045e-09 1.0853e-09 -2.23295e-07 -8.24434e-10 2.38513e-07 -2.82098e-08 -2.44898e-10
894 1.44 160 0 -7.35346e-09 1.50961e-06 -4.82929e-09 9.06814e-07 6.8833e-07 5.06253e-09 8.8695e-10 -2.17355e-07 -6.57209e-10 2.33526e-07 -2.76295e-08 -2.18433e-10
894 1.45 160 0 -6.7703e-09 1.4923e-06 -4.38496e-09 8.92313e-07 6.74959e-07 4.6857e-09 6.85788e-10 -2.1222e-07 -4.8355e-10 2.29273e-07 -2.71179e-08 -1.93288e-10
894 1.46 160 0 -6.2859e-09 1.47765e-06 -4.00868e-09 8.79809e-07 6.63516e-07 4.43295e-09 4.49929e-10 -2.07767e-07 -2.71171e-10 2.25646e-07 -2.6659e-08 -1.68413e-10
894 1.47 160 0 -5.88182e-09 1.46523e-06 -3.6816e-09 8.68977e-07 6.5366e-07 4.34811e-09 1.11001e-10 -2.03911e-07 4.93722e-11 2.22576e-07 -2.62395e-08 -1.4158e-10
894 1.48 160 0 -5.54272e-09 1.4547e-06 -3.38606e-09 8.59553e-07 6.45078e-07 4.59454e-09 -5.18638e-10 -2.00626e-07 6.79814e-10 2.20056e-07 -2.58369e-08 -1.08893e-10
894 1.49 160 0 -5.26331e-09 1.44578e-06 -3.09262e-09 8.51315e-07 6.37424e-07 5.89539e-09 -2.20637e-09 -1.9797e-07 2.44883e-09 2.18185e-07 -2.54076e-08 -6.34824e-11
894 1.5 160 0 -5.05911e-09 1.43827e-06 -2.709e-09 8.43999e-07 6.31206e-07 1.41424e-08 -1.10353e-08 -1.95098e-07 1.20442e-08 2.16162e-07 -2.47503e-08 -8.86578e-12
894 1.51 160 0 -4.58369e-09 1.43235e-06 -3.9231e-09 8.3618e-07 6.61311e-07 -1.73564e-07 1.8128e-07 -1.54701e-07 -2.01274e-07 1.73937e-07 -2.42183e-08 -3.19724e-09
894 1.52 160 0 -4.42198e-09 1.42658e-06 -3.27611e-09 8.32593e-07 6.16735e-07 8.82683e-09 -5.09167e-09 -1.95701e-07 6.563e-09 2.18169e-07 -2.55675e-08 -6.35063e-10
894 1.53 160 0 -4.3051e-09 1.42218e-06 -2.92265e-09 8.27811e-07 6.18389e-07 4.69108e-09 -1.31887e-09 -1.88122e-07 2.02295e-09 2.10485e-07 -2.51264e-08 -3.75083e-10
894 1.54 160 0 -4.17469e-09 1.41859e-06 -2.73246e-09 8.23624e-07 6.16018e-07 3.49989e-09 -3.4198e-10 -1.85457e-07 8.11999e-10 2.08275e-07 -2.48471e-08 -2.94089e-10
894 1.55 160 0 -4.05226e-09 1.41572e-06 -2.59378e-09 8.19976e-07 6.13617e-07 2.97561e-09 1.79346e-11 -1.83549e-07 3.45205e-10 2.0687e-07 -2.46289e-08 -2.53649e-10
894 1.56 160 0 -3.94223e-09 1.41349e-06 -2.48144e-09 8.16809e-07 6.11557e-07 2.67713e-09 1.80109e-10 -1.81935e-07 1.20595e-10 2.05757e-07 -2.44449e-08 -2.2824e-10
894 1.57 160 0 -3.84184e-09 1.41181e-06 -2.38675e-09 8.1407e-07 6.09879e-07 2.47819e-09 2.62552e-10 -1.80505e-07 -1.79811e-12 2.04817e-07 -2.42833e-08 -2.10855e-10
894 1.58 160 0 -3.75236e-09 1.41065e-06 -2.30513e-09 8.11715e-07 6.08568e-07 2.33194e-09 3.07653e-10 -1.79217e-07 -7.5791e-11 2.04005e-07 -2.41396e-08 -1.97476e-10
894 1.59 160 0 -3.67076e-09 1.40995e-06 -2.23318e-09 8.09704e-07 6.07596e-07 2.21685e-09 3.33368e-10 -1.78045e-07 -1.22936e-10 2.03298e-07 -2.40091e-08 -1.87805e-10
894 1.6 160 0 -3.59837e-09 1.40965e-06 -2.16895e-09 8.08005e-07 6.06934e-07 2.12357e-09 3.46855e-10 -1.76976e-07 -1.54667e-10 2.02682e-07 -2.38913e-08 -1.79068e-10
894 1.61 160 0 -3.53323e-09 1.40973e-06 -2.11206e-09 8.06588e-07 6.06556e-07 2.0452e-09 3.5442e-10 -1.75998e-07 -1.76944e-10 2.02146e-07 -2.37838e-08 -1.71795e-10
894 1.62 160 0 -3.47339e-09 1.41015e-06 -2.0608e-09 8.05426e-07 6.06436e-07 1.97777e-09 3.58172e-10 -1.751e-07 -1.92486e-10 2.0168e-07 -2.36849e-08 -1.6617e-10
894 1.63 160 0 -3.42067e-09 1.41087e-06 -2.01443e-09 8.04498e-07 6.06554e-07 1.91944e-09 3.59068e-10 -1.74276e-07 -2.0473e-10 2.01279e-07 -2.35947e-08 -1.60455e-10
894 1.64 160 0 -3.37229e-09 1.41188e-06 -1.97238e-09 8.03783e-07 6.0689e-07 1.86797e-09 3.58648e-10 -1.73518e-07 -2.1379e-10 2.00935e-07 -2.35112e-08 -1.56051e-10
894 1.65 160 0 -3.32843e-09 1.41314e-06 -1.9345e-09 8.03262e-07 6.07425e-07 1.82238e-09 3.5753e-10 -1.7282e-07 -2.20785e-10 2.00644e-07 -2.34344e-08 -1.52178e-10
894 1.66 160 0 -3.28914e-09 1.41464e-06 -1.89968e-09 8.02919e-07 6.08144e-07 1.78188e-09 3.55353e-10 -1.72177e-07 -2.26579e-10 2.004e-07 -2.33638e-08 -1.482e-10
894 1.67 160 0 -3.25315e-09 1.41635e-06 -1.86792e-09 8.0274e-07 6.09033e-07 1.74547e-09 3.53024e-10 -1.71585e-07 -2.31159e-10 2.002e-07 -2.32983e-08 -1.45045e-10
894 1.68 160 0 -3.22038e-09 1.41826e-06 -1.83888e-09 8.02713e-07 6.1008e-07 1.71274e-09 3.50521e-10 -1.71039e-07 -2.34887e-10 2.00039e-07 -2.32379e-08 -1.42312e-10
894 1.69 160 0 -3.19066e-09 1.42036e-06 -1.81232e-09 8.02824e-07 6.11272e-07 1.68322e-09 3.47971e-10 -1.70535e-07 -2.38051e-10 1.99914e-07 -2.31821e-08 -1.39803e-10
894 1.7 160 0 -3.16362e-09 1.42263e-06 -1.78799e-09 8.03065e-07 6.12599e-07 1.65653e-09 3.45452e-10 -1.70071e-07 -2.40748e-10 1.99823e-07 -2.31306e-08 -1.37529e-10
894 1.71 160 0 -3.13876e-09 1.42505e-06 -1.76569e-09 8.03424e-07 6.14053e-07 1.63231e-09 3.43046e-10 -1.69642e-07 -2.42941e-10 1.99762e-07 -2.30831e-08 -1.3569e-10
894 1.72 160 0 -3.11599e-09 1.42762e-06 -1.74533e-09 8.03893e-07 6.15623e-07 1.61029e-09 3.40896e-10 -1.69246e-07 -2.44808e-10 1.99728e-07 -2.30394e-08 -1.34503e-10
894 1.73 160 0 -3.09529e-09 1.43032e-06 -1.72655e-09 8.04465e-07 6.17302e-07 1.59021e-09 3.38811e-10 -1.68882e-07 -2.46609e-10 1.9972e-07 -2.29995e-08 -1.33313e-10
894 1.74 160 0 -3.07639e-09 1.43314e-06 -1.70997e-09 8.05132e-07 6.19084e-07 1.57184e-09 3.375e-10 -1.68545e-07 -2.48374e-10 1.99736e-07 -2.29631e-08 -1.33185e-10
894 1.75 160 0 -3.06116e-09 1.43608e-06 -1.69513e-09 8.05888e-07 6.20962e-07 1.55497e-09 3.36721e-10 -1.68235e-07 -2.51742e-10 1.99772e-07 -2.29295e-08 -1.33201e-10
894 1.76 160 0 -3.05329e-09 1.43913e-06 -1.67797e-09 8.06725e-07 6.2293e-07 1.53878e-09 3.33675e-10 -1.67947e-07 -2.60534e-10 1.99829e-07 -2.28935e-08 -1.27527e-10
894 1.77 160 0 -3.03396e-09 1.44227e-06 -1.66094e-09 8.07633e-07 6.24966e-07 1.51658e-09 3.36608e-10 -1.67691e-07 -2.6728e-10 1.99913e-07 -2.28659e-08 -1.22133e-10
894 1.78 160 0 -3.02039e-09 1.44551e-06 -1.64609e-09 8.08617e-07 6.27091e-07 1.50065e-09 3.35923e-10 -1.67452e-07 -2.71593e-10 2.0001e-07 -2.2838e-08 -1.19368e-10
894 1.79 160 0 -3.0087e-09 1.44883e-06 -1.63268e-09 8.09669e-07 6.29291e-07 1.48697e-09 3.34699e-10 -1.67231e-07 -2.7507e-10 2.00122e-07 -2.28122e-08 -1.16872e-10
894 1.8 160 0 -2.99866e-09 1.45224e-06 -1.62048e-09 8.10784e-07 6.31563e-07 1.47516e-09 3.33089e-10 -1.67027e-07 -2.77958e-10 2.00247e-07 -2.2788e-08 -1.14517e-10
894 1.81 160 0 -2.98989e-09 1.45573e-06 -1.6093e-09 8.11958e-07 6.339e-07 1.46474e-09 3.31364e-10 -1.66841e-07 -2.80487e-10 2.00387e-07 -2.27658e-08 -1.12305e-10
894 1.82 160 0 -2.98229e-09 1.45928e-06 -1.59905e-09 8.13186e-07 6.36301e-07 1.45556e-09 3.29566e-10 -1.66671e-07 -2.8275e-10 2.00538e-07 -2.27454e-08 -1.10198e-10
894 1.83 160 0 -2.9759e-09 1.4629e-06 -1.5896e-09 8.14466e-07 6.3876e-07 1.44748e-09 3.27709e-10 -1.66515e-07 -2.84905e-10 2.00701e-07 -2.27264e-08 -1.08103e-10
894 1.84 160 0 -2.97057e-09 1.46659e-06 -1.58098e-09 8.15795e-07 6.41274e-07 1.44046e-09 3.2585e-10 -1.66373e-07 -2.86893e-10 2.00875e-07 -2.27091e-08 -1.06097e-10
894 1.85 160 0 -2.9663e-09 1.47033e-06 -1.57313e-09 8.17169e-07 6.43842e-07 1.43438e-09 3.24026e-10 -1.66243e-07 -2.88829e-10 2.01059e-07 -2.2693e-08 -1.04109e-10
894 1.86 160 0 -2.96303e-09 1.47413e-06 -1.56605e-09 8.18586e-07 6.4646e-07 1.42917e-09 3.22313e-10 -1.66126e-07 -2.90763e-10 2.01252e-07 -2.26782e-08 -1.02163e-10
894 1.87 160 0 -2.96097e-09 1.47798e-06 -1.55975e-09 8.20043e-07 6.49125e-07 1.4248e-09 3.20727e-10 -1.66021e-07 -2.92849e-10 2.01453e-07 -2.26645e-08 -1.00189e-10
894 1.88 160 0 -2.96119e-09 1.48188e-06 -1.55452e-09 8.21538e-07 6.51835e-07 1.42134e-09 3.19479e-10 -1.65926e-07 -2.95592e-10 2.01663e-07 -2.26518e-08 -9.82865e-11
894 1.89 160 0 -2.96152e-09 1.48582e-06 -1.54907e-09 8.23068e-07 6.54587e-07 1.41841e-09 3.17897e-10 -1.65841e-07 -2.97948e-10 2.01881e-07 -2.26404e-08 -9.66482e-11
894 1.9 160 0 -2.96178e-09 1.4898e-06 -1.54424e-09 8.24632e-07 6.57379e-07 1.41594e-09 3.1648e-10 -1.65766e-07 -2.99995e-10 2.02105e-07 -2.26301e-08 -9.50474e-11
894 1.91 160 0 -2.96269e-09 1.49383e-06 -1.53982e-09 8.26227e-07 6.6021e-07 1.41395e-09 3.15125e-10 -1.657e-07 -3.02094e-10 2.02336e-07 -2.26208e-08 -9.34525e-11
894 1.92 160 0 -2.96421e-09 1.49789e-06 -1.53578e-09 8.27851e-07 6.63077e-07 1.41243e-09 3.13823e-10 -1.65642e-07 -3.04247e-10 2.02572e-07 -2.26124e-08 -9.18578e-11
894 1.93 160 0 -2.96635e-09 1.50199e-06 -1.5321e-09 8.29503e-07 6.65979e-07 1.41134e-09 3.12566e-10 -1.65591e-07 -3.06459e-10 2.02814e-07 -2.26048e-08 -9.02559e-11
894 1.94 160 0 -2.96909e-09 1.50611e-06 -1.52875e-09 8.31182e-07 6.68914e-07 1.41069e-09 3.11347e-10 -1.65548e-07 -3.08737e-10 2.03061e-07 -2.25981e-08 -8.86378e-11
894 1.95 160 0 -2.97245e-09 1.51027e-06 -1.52572e-09 8.32885e-07 6.71881e-07 1.41044e-09 3.10156e-10 -1.65512e-07 -3.11093e-10 2.03313e-07 -2.2592e-08 -8.69911e-11
894 1.96 160 0 -2.97645e-09 1.51446e-06 -1.52299e-09 8.34612e-07 6.74878e-07 1.41061e-09 3.08982e-10 -1.65482e-07 -3.13548e-10 2.03569e-07 -2.25866e-08 -8.52982e-11
894 1.97 160 0 -2.98118e-09 1.51868e-06 -1.52055e-09 8.3636e-07 6.77903e-07 1.41119e-09 3.07811e-10 -1.65458e-07 -3.16137e-10 2.03829e-07 -2.25819e-08 -8.35316e-11
894 1.98 160 0 -2.98677e-09 1.52292e-06 -1.51839e-09 8.38129e-07 6.80956e-07 1.41222e-09 3.06619e-10 -1.6544e-07 -3.18927e-10 2.04092e-07 -2.25777e-08 -8.16415e-11
894 1.99 160 0 -2.99362e-09 1.52719e-06 -1.5165e-09 8.39918e-07 6.84036e-07 1.41378e-09 3.05352e-10 -1.65427e-07 -3.22082e-10 2.04359e-07 -2.2574e-08 -7.95096e-11
894 2 160 0 -3.00358e-09 1.53148e-06 -1.51496e-09 8.41725e-07 6.87141e-07 1.41638e-09 3.03789e-10 -1.65418e-07 -3.26339e-10 2.0463e-07 -2.25702e-08 -7.66216e-11
