894 0 540 0 0 0 0 0 -5.6876e-09 6.50072e-08 -6.74619e-09 1.57229e-08 1.33924e-08 -5.9182e-08 0 0
894 0.01 540 0 1.80879e-11 -7.47053e-10 1.58727e-11 -1.30206e-10 -5.65766e-09 6.49943e-08 -6.73795e-09 1.57223e-08 1.33631e-08 -5.91778e-08 -6.32966e-12 7.3257e-11
894 0.02 540 0 3.39787e-11 -1.49343e-09 3.12803e-11 -2.6028e-10 -5.56794e-09 6.49553e-08 -6.71325e-09 1.57204e-08 1.32751e-08 -5.91653e-08 -1.25119e-11 1.4649e-10
894 0.03 540 0 4.54763e-11 -2.23845e-09 4.57585e-11 -3.9009e-10 -5.41862e-09 6.48901e-08 -6.67209e-09 1.5717e-08 1.31286e-08 -5.91441e-08 -1.8399e-11 2.19674e-10
894 0.04 540 0 5.03978e-11 -2.98139e-09 5.88463e-11 -5.19495e-10 -5.21007e-09 6.47983e-08 -6.61453e-09 1.57122e-08 1.29237e-08 -5.91138e-08 -2.38431e-11 2.92783e-10
894 0.05 540 0 4.65833e-11 -3.72153e-09 7.00871e-11 -6.48346e-10 -4.94285e-09 6.46792e-08 -6.54063e-09 1.57057e-08 1.26606e-08 -5.90737e-08 -2.86983e-11 3.6579e-10
894 0.06 540 0 3.18901e-11 -4.45806e-09 7.90304e-11 -7.7649e-10 -4.61754e-09 6.45322e-08 -6.45047e-09 1.56972e-08 1.23397e-08 -5.90231e-08 -3.28161e-11 4.38666e-10
894 0.07 540 0 4.20093e-12 -5.19016e-09 8.52309e-11 -9.03753e-10 -4.23503e-09 6.43564e-08 -6.34416e-09 1.56866e-08 1.19613e-08 -5.89609e-08 -3.60503e-11 5.1138e-10
894 0.08 540 0 -3.85551e-11 -5.9169e-09 8.82537e-11 -1.02995e-09 -3.7963e-09 6.41509e-08 -6.22184e-09 1.56734e-08 1.15259e-08 -5.8886e-08 -3.8256e-11 5.83896e-10
894 0.09 540 0 -9.84095e-11 -6.63731e-09 8.76757e-11 -1.15487e-09 -3.30246e-09 6.39144e-08 -6.08363e-09 1.56573e-08 1.1034e-08 -5.87971e-08 -3.92864e-11 6.56177e-10
894 0.1 540 0 -1.77329e-10 -7.35031e-09 8.30874e-11 -1.2783e-09 -2.75489e-09 6.36457e-08 -5.92975e-09 1.5638e-08 1.04863e-08 -5.86927e-08 -3.89992e-11 7.28181e-10
894 0.11 540 0 -2.77244e-10 -8.05473e-09 7.40895e-11 -1.39998e-09 -2.15504e-09 6.33434e-08 -5.76038e-09 1.56148e-08 9.88354e-09 -5.8571e-08 -3.72495e-11 7.9986e-10
894 0.12 540 0 -4.00001e-10 -8.74931e-09 6.03025e-11 -1.51964e-09 -1.50464e-09 6.3006e-08 -5.57577e-09 1.55874e-08 9.2266e-09 -5.84304e-08 -3.38962e-11 8.71162e-10
894 0.13 540 0 -5.4735e-10 -9.43266e-09 4.1375e-11 -1.637e-09 -8.0548e-10 6.2632e-08 -5.3762e-09 1.55552e-08 8.51642e-09 -5.82688e-08 -2.87951e-11 9.42032e-10
894 0.14 540 0 -7.20964e-10 -1.01033e-08 1.69652e-11 -1.75171e-09 -5.97588e-11 6.22196e-08 -5.162e-09 1.55175e-08 7.75424e-09 -5.80842e-08 -2.18136e-11 1.01241e-09
894 0.15 540 0 -9.22423e-10 -1.07595e-08 -1.32353e-11 -1.86344e-09 7.30386e-10 6.17672e-08 -4.93349e-09 1.54738e-08 6.94122e-09 -5.78744e-08 -1.28061e-11 1.08221e-09
894 0.16 540 0 -1.15318e-09 -1.13997e-08 -4.95107e-11 -1.97179e-09 1.56238e-09 6.1273e-08 -4.69111e-09 1.54234e-08 6.07887e-09 -5.76368e-08 -1.64269e-12 1.15137e-09
894 0.17 540 0 -1.41451e-09 -1.20218e-08 -9.20968e-11 -2.07636e-09 2.43354e-09 6.07351e-08 -4.43529e-09 1.53656e-08 5.1688e-09 -5.73693e-08 1.18102e-11 1.21981e-09
894 0.18 540 0 -1.70761e-09 -1.26239e-08 -1.4122e-10 -2.17669e-09 3.34088e-09 6.01518e-08 -4.16656e-09 1.52997e-08 4.21286e-09 -5.70691e-08 2.76771e-11 1.28742e-09
894 0.19 540 0 -2.03347e-09 -1.32039e-08 -1.97032e-10 -2.27231e-09 4.28133e-09 5.95212e-08 -3.88546e-09 1.52249e-08 3.21295e-09 -5.67336e-08 4.60939e-11 1.35411e-09
894 0.2 540 0 -2.39289e-09 -1.37593e-08 -2.59674e-10 -2.36272e-09 5.2514e-09 5.88418e-08 -3.59263e-09 1.51406e-08 2.17144e-09 -5.63602e-08 6.71677e-11 1.41976e-09
894 0.21 540 0 -2.78655e-09 -1.42877e-08 -3.2922e-10 -2.44738e-09 6.24754e-09 5.81116e-08 -3.28873e-09 1.5046e-08 1.09064e-09 -5.59461e-08 9.10292e-11 1.48425e-09
894 0.22 540 0 -3.21477e-09 -1.47867e-08 -4.05682e-10 -2.52574e-09 7.26581e-09 5.73292e-08 -2.97455e-09 1.49402e-08 -2.66532e-11 -5.54885e-08 1.17778e-10 1.54747e-09
894 0.23 540 0 -3.67782e-09 -1.52536e-08 -4.89045e-10 -2.59722e-09 8.30217e-09 5.6493e-08 -2.65088e-09 1.48225e-08 -1.1776e-09 -5.49848e-08 1.4753e-10 1.60924e-09
894 0.24 540 0 -4.17551e-09 -1.56854e-08 -5.79191e-10 -2.6612e-09 9.35224e-09 5.56018e-08 -2.31863e-09 1.46922e-08 -2.35893e-09 -5.4432e-08 1.80376e-10 1.66944e-09
894 0.25 540 0 -4.70749e-09 -1.60794e-08 -6.75956e-10 -2.71705e-09 1.04114e-08 5.46543e-08 -1.97879e-09 1.45486e-08 -3.56716e-09 -5.38277e-08 2.16405e-10 1.7279e-09
894 0.26 540 0 -5.27315e-09 -1.64325e-08 -7.7912e-10 -2.76414e-09 1.1475e-08 5.36498e-08 -1.6324e-09 1.43908e-08 -4.79854e-09 -5.31691e-08 2.55698e-10 1.78443e-09
894 0.27 540 0 -5.87146e-09 -1.67417e-08 -8.88354e-10 -2.80183e-09 1.25379e-08 5.25874e-08 -1.2806e-09 1.42182e-08 -6.04907e-09 -5.24537e-08 2.98327e-10 1.83886e-09
894 0.28 540 0 -6.50115e-09 -1.7004e-08 -1.00327e-09 -2.82947e-09 1.3595e-08 5.14669e-08 -9.24586e-10 1.40303e-08 -7.31439e-09 -5.16792e-08 3.44349e-10 1.89097e-09
894 0.29 540 0 -7.16056e-09 -1.72162e-08 -1.12341e-09 -2.84643e-09 1.46409e-08 5.02881e-08 -5.65666e-10 1.38263e-08 -8.58988e-09 -5.08434e-08 3.93811e-10 1.94055e-09
894 0.3 540 0 -7.84756e-09 -1.73752e-08 -1.24817e-09 -2.85205e-09 1.56701e-08 4.90512e-08 -2.05215e-10 1.36058e-08 -9.87064e-09 -4.99444e-08 4.46743e-10 1.98738e-09
894 0.31 540 0 -8.56048e-09 -1.74773e-08 -1.37715e-09 -2.84559e-09 1.66766e-08 4.77569e-08 1.55322e-10 1.33682e-08 -1.11514e-08 -4.89801e-08 5.03148e-10 2.03119e-09
894 0.32 540 0 -9.29285e-09 -1.75172e-08 -1.50964e-09 -2.82556e-09 1.76552e-08 4.64044e-08 5.14548e-10 1.31127e-08 -1.24261e-08 -4.79466e-08 5.62055e-10 2.07131e-09
894 0.33 540 0 -1.0044e-08 -1.74943e-08 -1.64445e-09 -2.79214e-09 1.85997e-08 4.49973e-08 8.70661e-10 1.28395e-08 -1.36894e-08 -4.68455e-08 6.24309e-10 2.10804e-09
894 0.34 540 0 -1.08115e-08 -1.7408e-08 -1.78046e-09 -2.74554e-09 1.95044e-08 4.35385e-08 1.22197e-09 1.25488e-08 -1.49355e-08 -4.56776e-08 6.90323e-10 2.14125e-09
894 0.35 540 0 -1.15904e-08 -1.72548e-08 -1.91674e-09 -2.68506e-09 2.03637e-08 4.20298e-08 1.56679e-09 1.22405e-08 -1.61582e-08 -4.44418e-08 7.59789e-10 2.17054e-09
894 0.36 540 0 -1.23762e-08 -1.70319e-08 -2.05223e-09 -2.61015e-09 2.11719e-08 4.04742e-08 1.90338e-09 1.19145e-08 -1.73511e-08 -4.31378e-08 8.32515e-10 2.19556e-09
894 0.37 540 0 -1.31641e-08 -1.67373e-08 -2.18572e-09 -2.52058e-09 2.19233e-08 3.88751e-08 2.22992e-09 1.15711e-08 -1.85076e-08 -4.17664e-08 9.0839e-10 2.21604e-09
894 0.38 540 0 -1.39488e-08 -1.63703e-08 -2.31585e-09 -2.41647e-09 2.26128e-08 3.72367e-08 2.54461e-09 1.12108e-08 -1.96214e-08 -4.03291e-08 9.87398e-10 2.23166e-09
894 0.39 540 0 -1.47246e-08 -1.5929e-08 -2.44128e-09 -2.29753e-09 2.32354e-08 3.55636e-08 2.8456e-09 1.08342e-08 -2.06854e-08 -3.88274e-08 1.06925e-09 2.24212e-09
894 0.4 540 0 -1.54856e-08 -1.54126e-08 -2.56065e-09 -2.16389e-09 2.37861e-08 3.3861e-08 3.13107e-09 1.0442e-08 -2.16932e-08 -3.72637e-08 1.15375e-09 2.24709e-09
894 0.41 540 0 -1.62253e-08 -1.48209e-08 -2.67237e-09 -2.0158e-09 2.42609e-08 3.21345e-08 3.3992e-09 1.0035e-08 -2.26379e-08 -3.56411e-08 1.24067e-09 2.24628e-09
894 0.42 540 0 -1.69374e-08 -1.41545e-08 -2.77499e-09 -1.85366e-09 2.46558e-08 3.03904e-08 3.64826e-09 9.6146e-09 -2.35131e-08 -3.39631e-08 1.32974e-09 2.23937e-09
894 0.43 540 0 -1.7615e-08 -1.34141e-08 -2.86692e-09 -1.67803e-09 2.49675e-08 2.86355e-08 3.87653e-09 9.18198e-09 -2.43124e-08 -3.22342e-08 1.42067e-09 2.22607e-09
894 0.44 540 0 -1.82513e-08 -1.26015e-08 -2.94664e-09 -1.48969e-09 2.51934e-08 2.68769e-08 4.08242e-09 8.73867e-09 -2.50297e-08 -3.04594e-08 1.51311e-09 2.20606e-09
894 0.45 540 0 -1.88399e-08 -1.17185e-08 -3.01282e-09 -1.28947e-09 2.53313e-08 2.51226e-08 4.26446e-09 8.28642e-09 -2.56593e-08 -2.86445e-08 1.60672e-09 2.17901e-09
894 0.46 540 0 -1.93724e-08 -1.07694e-08 -3.06351e-09 -1.07868e-09 2.53805e-08 2.33797e-08 4.42128e-09 7.82717e-09 -2.61957e-08 -2.67957e-08 1.70099e-09 2.14479e-09
894 0.47 540 0 -1.98425e-08 -9.75741e-09 -3.09752e-09 -8.58579e-10 2.53404e-08 2.16566e-08 4.55171e-09 7.36297e-09 -2.66342e-08 -2.49201e-08 1.7955e-09 2.10308e-09
894 0.48 540 0 -2.02435e-08 -8.68735e-09 -3.1135e-09 -6.30695e-10 2.52115e-08 1.99618e-08 4.65477e-09 6.89611e-09 -2.69705e-08 -2.30255e-08 1.88973e-09 2.05367e-09
894 0.49 540 0 -2.05688e-08 -7.5647e-09 -3.11022e-09 -3.96768e-10 2.49953e-08 1.83036e-08 4.72968e-09 6.429e-09 -2.7201e-08 -2.11199e-08 1.98316e-09 1.99636e-09
894 0.5 540 0 -2.08128e-08 -6.39653e-09 -3.08675e-09 -1.58984e-10 2.4694e-08 1.669e-08 4.77602e-09 5.96427e-09 -2.73232e-08 -1.92122e-08 2.07522e-09 1.93095e-09
894 0.51 540 0 -2.09688e-08 -5.18849e-09 -3.04191e-09 8.11024e-11 2.43112e-08 1.51299e-08 4.79334e-09 5.50447e-09 -2.73344e-08 -1.73115e-08 2.1652e-09 1.85743e-09
894 0.52 540 0 -2.10319e-08 -3.94937e-09 -2.97512e-09 3.20912e-10 2.38514e-08 1.3631e-08 4.78178e-09 5.05245e-09 -2.72339e-08 -1.54274e-08 2.25248e-09 1.77569e-09
894 0.53 540 0 -2.0998e-08 -2.68775e-09 -2.88598e-09 5.58041e-10 2.33198e-08 1.22009e-08 4.74169e-09 4.61102e-09 -2.70216e-08 -1.35699e-08 2.33635e-09 1.68573e-09
894 0.54 540 0 -2.08631e-08 -1.41297e-09 -2.77421e-09 7.8993e-10 2.27231e-08 1.08466e-08 4.67375e-09 4.18303e-09 -2.66984e-08 -1.17491e-08 2.41609e-09 1.58758e-09
894 0.55 540 0 -2.06242e-08 -1.33416e-10 -2.63992e-09 1.01442e-09 2.20685e-08 9.57574e-09 4.5789e-09 3.77129e-09 -2.6266e-08 -9.97508e-09 2.49088e-09 1.48135e-09
894 0.56 540 0 -2.02801e-08 1.13709e-09 -2.48355e-09 1.22777e-09 2.13644e-08 8.39157e-09 4.45869e-09 3.37866e-09 -2.57284e-08 -8.25801e-09 2.56002e-09 1.36728e-09
894 0.57 540 0 -1.98299e-08 2.38921e-09 -2.30584e-09 1.42773e-09 2.062e-08 7.29992e-09 4.31478e-09 3.00778e-09 -2.50893e-08 -6.60788e-09 2.62268e-09 1.2456e-09
894 0.58 540 0 -1.92739e-08 3.61145e-09 -2.10785e-09 1.61147e-09 1.98452e-08 6.30427e-09 4.14928e-09 2.6612e-09 -2.43546e-08 -5.03436e-09 2.67804e-09 1.11669e-09
894 0.59 540 0 -1.86141e-08 4.79256e-09 -1.89112e-09 1.77638e-09 1.90504e-08 5.40726e-09 3.96465e-09 2.34125e-09 -2.35307e-08 -3.54669e-09 2.7253e-09 9.80969e-10
894 0.6 540 0 -1.78537e-08 5.92075e-09 -1.65747e-09 1.91977e-09 1.82468e-08 4.60988e-09 3.76371e-09 2.05004e-09 -2.26255e-08 -2.1535e-09 2.76365e-09 8.38988e-10
894 0.61 540 0 -1.69968e-08 6.98448e-09 -1.40909e-09 2.03918e-09 1.74457e-08 3.91171e-09 3.54958e-09 1.78939e-09 -2.16481e-08 -8.62697e-10 2.79232e-09 6.91374e-10
894 0.62 540 0 -1.6049e-08 7.97278e-09 -1.14845e-09 2.13242e-09 1.66592e-08 3.31149e-09 3.32568e-09 1.56079e-09 -2.06084e-08 3.1847e-10 2.81057e-09 5.38887e-10
894 0.63 540 0 -1.50174e-08 8.87565e-09 -8.7852e-10 2.1978e-09 1.58993e-08 2.80623e-09 3.09576e-09 1.3652e-09 -1.95174e-08 1.38421e-09 2.81761e-09 3.82327e-10
894 0.64 540 0 -1.39123e-08 9.68059e-09 -6.02937e-10 2.23284e-09 1.51759e-08 2.38908e-09 2.86376e-09 1.20335e-09 -1.83872e-08 2.32982e-09 2.81293e-09 2.22655e-10
894 0.65 540 0 -1.27437e-08 1.03791e-08 -3.25351e-10 2.23657e-09 1.45e-08 2.05384e-09 2.6338e-09 1.07525e-09 -1.72305e-08 3.152e-09 2.79588e-09 6.09184e-11
894 0.66 540 0 -1.15222e-08 1.09632e-08 -4.94245e-11 2.2082e-09 1.38829e-08 1.79293e-09 2.41013e-09 9.80626e-10 -1.60606e-08 3.84829e-09 2.76597e-09 -1.01762e-10
894 0.67 540 0 -1.02612e-08 1.14255e-08 2.20525e-10 2.14729e-09 1.33334e-08 1.59603e-09 2.19703e-09 9.18431e-10 -1.48913e-08 4.41845e-09 2.72283e-09 -2.64145e-10
894 0.68 540 0 -8.97488e-09 1.176e-08 4.80144e-10 2.05395e-09 1.28597e-08 1.45136e-09 1.99883e-09 8.87104e-10 -1.37368e-08 4.8637e-09 2.66617e-09 -4.24888e-10
894 0.69 540 0 -7.67583e-09 1.19316e-08 7.26917e-10 1.92598e-09 1.24651e-08 1.33907e-09 1.81894e-09 8.8658e-10 -1.2613e-08 5.17187e-09 2.59575e-09 -5.81125e-10
894 0.7 540 0 -6.39055e-09 1.19792e-08 9.52511e-10 1.76846e-09 1.21603e-08 1.25307e-09 1.66386e-09 9.11351e-10 -1.15386e-08 5.36578e-09 2.51205e-09 -7.33413e-10
894 0.71 540 0 -5.1351e-09 1.18958e-08 1.15227e-09 1.58238e-09 1.19437e-08 1.17668e-09 1.53674e-09 9.58513e-10 -1.05245e-08 5.4512e-09 2.41535e-09 -8.80423e-10
894 0.72 540 0 -3.92434e-09 1.16827e-08 1.32251e-09 1.37091e-09 1.18181e-08 1.09406e-09 1.4408e-09 1.02386e-09 -9.58381e-09 5.43639e-09 2.30576e-09 -1.02055e-09
894 0.73 540 0 -2.7764e-09 1.13437e-08 1.45944e-09 1.13575e-09 1.17819e-08 9.8784e-10 1.3788e-09 1.10397e-09 -8.73021e-09 5.33183e-09 2.18348e-09 -1.15099e-09
894 0.74 540 0 -1.70932e-09 1.08851e-08 1.55818e-09 8.8429e-10 1.18303e-08 8.40766e-10 1.35378e-09 1.19121e-09 -7.97504e-09 5.15027e-09 2.04966e-09 -1.27221e-09
894 0.75 540 0 -7.41918e-10 1.0317e-08 1.6155e-09 6.18405e-10 1.19569e-08 6.34958e-10 1.36755e-09 1.28197e-09 -7.33062e-09 4.90654e-09 1.90487e-09 -1.38077e-09
894 0.76 540 0 1.10275e-10 9.65094e-09 1.6281e-09 3.45931e-10 1.21553e-08 3.5068e-10 1.42213e-09 1.36805e-09 -6.8075e-09 4.61755e-09 1.75034e-09 -1.47695e-09
894 0.77 540 0 8.26703e-10 8.90432e-09 1.59256e-09 7.2354e-11 1.24074e-08 -2.5229e-11 1.5176e-09 1.44347e-09 -6.41261e-09 4.30268e-09 1.58735e-09 -1.5583e-09
894 0.78 540 0 1.39265e-09 8.09676e-09 1.50692e-09 -1.96193e-10 1.26997e-08 -5.10452e-10 1.65418e-09 1.50154e-09 -6.15348e-09 3.98396e-09 1.41755e-09 -1.62306e-09
894 0.79 540 0 1.79362e-09 7.24892e-09 1.36987e-09 -4.48413e-10 1.3013e-08 -1.1191e-09 1.8307e-09 1.53181e-09 -6.034e-09 3.68363e-09 1.24241e-09 -1.67232e-09
894 0.8 540 0 2.01651e-09 6.39102e-09 1.18022e-09 -6.8004e-10 1.33239e-08 -1.86435e-09 2.04561e-09 1.52948e-09 -6.05658e-09 3.43037e-09 1.06446e-09 -1.70237e-09
894 0.81 540 0 2.05216e-09 5.54775e-09 9.39446e-10 -8.76989e-10 1.36076e-08 -2.7591e-09 2.29524e-09 1.48176e-09 -6.22007e-09 3.24998e-09 8.84827e-10 -1.71582e-09
894 0.82 540 0 1.89308e-09 4.76476e-09 6.49276e-10 -1.02882e-09 1.38308e-08 -3.80291e-09 2.57415e-09 1.38078e-09 -6.51789e-09 3.17798e-09 7.07053e-10 -1.70886e-09
894 0.83 540 0 1.54032e-09 4.08473e-09 3.1781e-10 -1.11589e-09 1.3962e-08 -5.00227e-09 2.87294e-09 1.21025e-09 -6.93928e-09 3.25245e-09 5.32207e-10 -1.68489e-09
894 0.84 540 0 9.97428e-10 3.55518e-09 -5.23208e-11 -1.13404e-09 1.39643e-08 -6.35669e-09 3.1862e-09 9.66106e-10 -7.47002e-09 3.51282e-09 3.63728e-10 -1.64257e-09
894 0.85 540 0 2.76429e-10 3.22653e-09 -4.51458e-10 -1.06773e-09 1.37978e-08 -7.85795e-09 3.50219e-09 6.36018e-10 -8.08756e-09 4.00005e-09 2.02972e-10 -1.58355e-09
894 0.86 540 0 -5.9835e-10 3.15847e-09 -8.68464e-10 -9.04521e-10 1.34166e-08 -9.49623e-09 3.80754e-09 2.09929e-10 -8.75797e-09 4.76376e-09 5.25538e-11 -1.50817e-09
894 0.87 540 0 -1.59306e-09 3.42252e-09 -1.29e-09 -6.28737e-10 1.27769e-08 -1.12409e-08 4.08699e-09 -3.22915e-10 -9.43904e-09 5.85634e-09 -8.51873e-11 -1.41779e-09
894 0.88 540 0 -2.65297e-09 4.09446e-09 -1.69703e-09 -2.24128e-10 1.18274e-08 -1.30638e-08 4.31999e-09 -9.7506e-10 -1.00693e-08 7.33922e-09 -2.08175e-10 -1.31418e-09
894 0.89 540 0 -3.70239e-09 5.26224e-09 -2.0676e-09 3.2749e-10 1.05143e-08 -1.49203e-08 4.48305e-09 -1.7599e-09 -1.05672e-08 9.28167e-09 -3.13443e-10 -1.19898e-09
894 0.9 540 0 -4.63097e-09 7.02984e-09 -2.37177e-09 1.04909e-09 8.77995e-09 -1.67497e-08 4.54508e-09 -2.69477e-09 -1.08184e-08 1.17662e-08 -3.98436e-10 -1.07523e-09
894 0.91 540 0 -5.27846e-09 9.52037e-09 -2.56755e-09 1.97037e-09 6.55828e-09 -1.84684e-08 4.4627e-09 -3.80272e-09 -1.06584e-08 1.48923e-08 -4.60272e-10 -9.47013e-10
894 0.92 540 0 -5.50996e-09 1.28579e-08 -2.54622e-09 3.11445e-09 3.80386e-09 -1.99828e-08 4.13115e-09 -5.09874e-09 -9.93838e-09 1.87563e-08 -5.18257e-10 -8.22088e-10
894 0.93 540 0 -4.74858e-09 1.73695e-08 -2.27963e-09 4.56267e-09 4.10683e-10 -2.11107e-08 3.51496e-09 -6.65751e-09 -8.10733e-09 2.3636e-08 -5.54754e-10 -6.93186e-10
894 0.94 540 0 -2.0875e-09 2.31917e-08 -1.43241e-09 6.34968e-09 -3.72728e-09 -2.16282e-08 2.2892e-09 -8.49702e-09 -4.27249e-09 2.96298e-08 -5.74165e-10 -5.65071e-10
894 0.95 540 0 3.96907e-09 3.02015e-08 3.82736e-10 8.4312e-09 -8.69412e-09 -2.10949e-08 6.3379e-11 -1.05588e-08 3.05663e-09 3.65571e-08 -5.78697e-10 -4.3763e-10
894 0.96 540 0 1.63686e-08 3.70948e-08 3.97372e-09 1.04398e-08 -1.44557e-08 -1.86751e-08 -3.96714e-09 -1.24443e-08 1.6795e-08 4.30134e-08 -5.67192e-10 -3.07673e-10
894 0.97 540 0 3.95087e-08 3.77056e-08 1.05483e-08 1.06638e-08 -2.01458e-08 -1.27109e-08 -1.09842e-08 -1.23744e-08 4.12215e-08 4.26405e-08 -5.28684e-10 -1.70189e-10
894 0.98 540 0 6.89728e-08 1.30903e-08 1.88744e-08 3.85466e-09 -2.1414e-08 -1.84945e-09 -1.96002e-08 -5.00981e-09 7.14161e-08 1.63018e-08 -4.30774e-10 -4.15979e-11
894 0.99 540 0 6.04089e-08 -3.95861e-08 1.66607e-08 -1.07839e-08 -1.2504e-08 5.99645e-09 -1.72151e-08 1.02218e-08 6.2245e-08 -3.80781e-08 -2.90671e-10 -8.66376e-12
894 1 540 0 1.74861e-10 -6.27953e-08 4.72531e-11 -1.74383e-08 3.89353e-10 4.4684e-11 -4.79588e-11 1.73957e-08 1.7968e-10 -6.32371e-08 -3.14051e-10 -1.69372e-12
894 1.01 540 0 -1.11118e-10 -2.29739e-08 -3.23834e-11 -6.37959e-09 -6.05308e-09 1.37116e-11 3.25079e-11 5.84486e-09 -1.0777e-10 -2.14516e-08 -1.8656e-10 -1.79105e-12
894 1.02 540 0 -1.15275e-10 -1.61625e-08 -3.33296e-11 -4.52513e-09 -5.58616e-09 2.13933e-11 3.28579e-11 3.98512e-09 -1.09642e-10 -1.45578e-08 -1.45499e-10 -1.7449e-12
894 1.03 540 0 -1.09665e-10 -1.26346e-08 -3.16204e-11 -3.56871e-09 -5.09137e-09 2.57955e-11 3.06817e-11 3.04636e-09 -1.02397e-10 -1.10371e-08 -1.13565e-10 -1.66512e-12
894 1.04 540 0 -1.03341e-10 -1.04573e-08 -2.97546e-11 -2.97951e-09 -4.66844e-09 2.86977e-11 2.84306e-11 2.48e-09 -9.47588e-11 -8.89233e-09 -8.75197e-11 -1.59363e-12
894 1.05 540 0 -9.8057e-11 -8.98438e-09 -2.82135e-11 -2.58098e-09 -4.31881e-09 3.09765e-11 2.65438e-11 2.10456e-09 -8.82848e-11 -7.45839e-09 -6.57134e-11 -1.54281e-12
894 1.06 540 0 -9.35352e-11 -7.9304e-09 -2.68974e-11 -2.29548e-09 -4.03207e-09 3.26279e-11 2.49391e-11 1.84062e-09 -8.27683e-11 -6.44255e-09 -4.71192e-11 -1.49882e-12
894 1.07 540 0 -9.0066e-11 -7.14737e-09 -2.58909e-11 -2.08293e-09 -3.79724e-09 3.40921e-11 2.36661e-11 1.64754e-09 -7.83576e-11 -5.69389e-09 -3.10116e-11 -1.46955e-12
894 1.08 540 0 -8.76997e-11 -6.55093e-09 -2.52102e-11 -1.9206e-09 -3.60543e-09 3.56172e-11 2.27183e-11 1.50239e-09 -7.50112e-11 -5.12673e-09 -1.68593e-11 -1.45959e-12
894 1.09 540 0 -8.60133e-11 -6.09004e-09 -2.47249e-11 -1.79477e-09 -3.45022e-09 3.70446e-11 2.19835e-11 1.3914e-09 -7.23859e-11 -4.68927e-09 -4.26164e-12 -1.45757e-12
894 1.1 540 0 -8.51808e-11 -5.73156e-09 -2.44891e-11 -1.69658e-09 -3.32644e-09 3.86122e-11 2.14914e-11 1.30578e-09 -7.05551e-11 -4.34803e-09 7.10921e-12 -1.47091e-12
894 1.11 540 0 -8.52999e-11 -5.45362e-09 -2.4533e-11 -1.62021e-09 -3.2304e-09 4.04853e-11 2.12536e-11 1.23976e-09 -6.95395e-11 -4.08091e-09 1.75255e-11 -1.50428e-12
894 1.12 540 0 -8.61277e-11 -5.24188e-09 -2.47809e-11 -1.56188e-09 -3.1598e-09 4.25448e-11 2.12078e-11 1.18956e-09 -6.91522e-11 -3.87313e-09 2.72167e-11 -1.55033e-12
894 1.13 540 0 -8.78787e-11 -5.08652e-09 -2.52977e-11 -1.51902e-09 -3.11309e-09 4.49942e-11 2.13961e-11 1.1526e-09 -6.95107e-11 -3.71445e-09 3.63958e-11 -1.61635e-12
894 1.14 540 0 -9.07932e-11 -4.98127e-09 -2.61557e-11 -1.49002e-09 -3.0896e-09 4.80416e-11 2.18675e-11 1.12723e-09 -7.07524e-11 -3.59799e-09 4.52623e-11 -1.71076e-12
894 1.15 540 0 -9.48155e-11 -4.92317e-09 -2.73343e-11 -1.47419e-09 -3.08993e-09 5.16634e-11 2.26046e-11 1.11261e-09 -7.28313e-11 -3.51977e-09 5.40176e-11 -1.83026e-12
894 1.16 540 0 -1.00363e-10 -4.91141e-09 -2.89576e-11 -1.47142e-09 -3.11546e-09 5.61716e-11 2.36972e-11 1.10841e-09 -7.60103e-11 -3.47769e-09 6.28786e-11 -1.98764e-12
894 1.17 540 0 -1.07955e-10 -4.94787e-09 -3.11785e-11 -1.48239e-09 -3.1689e-09 6.19436e-11 2.52563e-11 1.11496e-09 -8.06194e-11 -3.47179e-09 7.20951e-11 -2.19799e-12
894 1.18 540 0 -1.18024e-10 -5.03778e-09 -3.412e-11 -1.50869e-09 -3.25498e-09 6.92691e-11 2.73753e-11 1.13332e-09 -8.69451e-11 -3.50451e-09 8.19706e-11 -2.47169e-12
894 1.19 540 0 -1.31791e-10 -5.19005e-09 -3.81417e-11 -1.553e-09 -3.38063e-09 7.89987e-11 3.03204e-11 1.1654e-09 -9.57819e-11 -3.5809e-09 9.29038e-11 -2.844e-12
894 1.2 540 0 -1.50608e-10 -5.41995e-09 -4.36352e-11 -1.61984e-09 -3.55705e-09 9.20402e-11 3.43874e-11 1.21447e-09 -1.08027e-10 -3.71025e-09 1.05449e-10 -3.35048e-12
894 1.21 540 0 -1.77479e-10 -5.75174e-09 -5.14811e-11 -1.71635e-09 -3.80149e-09 1.10447e-10 4.02345e-11 1.28582e-09 -1.25651e-10 -3.90781e-09 1.20422e-10 -4.07653e-12
894 1.22 540 0 -2.16966e-10 -6.22664e-09 -6.30089e-11 -1.85464e-09 -4.14276e-09 1.37301e-10 4.88618e-11 1.3884e-09 -1.51666e-10 -4.19982e-09 1.39119e-10 -5.14757e-12
894 1.23 540 0 -2.78787e-10 -6.91651e-09 -8.10593e-11 -2.05576e-09 -4.6308e-09 1.79207e-10 6.23986e-11 1.53787e-09 -1.92456e-10 -4.63246e-09 1.63743e-10 -6.8378e-12
894 1.24 540 0 -3.84152e-10 -7.95821e-09 -1.11832e-10 -2.3598e-09 -5.36029e-09 2.50608e-10 8.54895e-11 1.76407e-09 -2.61929e-10 -5.29395e-09 1.98422e-10 -9.74934e-12
894 1.25 540 0 -5.86625e-10 -9.64664e-09 -1.70982e-10 -2.85308e-09 -6.53498e-09 3.88005e-10 1.2986e-10 2.13125e-09 -3.95157e-10 -6.37467e-09 2.51969e-10 -1.541e-11
894 1.26 540 0 -1.06555e-09 -1.27441e-08 -3.1095e-10 -3.75876e-09 -8.68125e-09 7.14017e-10 2.34727e-10 2.80559e-09 -7.09208e-10 -8.36711e-09 3.4712e-10 -2.8989e-11
894 1.27 540 0 -2.74796e-09 -1.99926e-08 -8.02858e-10 -5.87937e-09 -1.36922e-08 1.86409e-09 6.02611e-10 4.38467e-09 -1.8075e-09 -1.30426e-08 5.6555e-10 -7.74396e-11
894 1.28 540 0 -2.15716e-08 -5.12083e-08 -6.30973e-09 -1.50159e-08 -3.52634e-08 1.48042e-08 4.71078e-09 1.11862e-08 -1.40241e-08 -3.31905e-08 1.49946e-09 -6.29826e-10
894 1.29 540 0 -1.6235e-08 4.45373e-08 -4.75447e-09 1.30087e-08 3.07942e-08 1.12656e-08 3.53232e-09 -9.68789e-09 -1.04332e-08 2.87157e-08 -1.34462e-09 -4.91561e-10
894 1.3 540 0 -2.02033e-09 1.63196e-08 -5.92276e-10 4.75146e-09 1.13418e-08 1.41675e-09 4.37977e-10 -3.53412e-09 -1.2835e-09 1.04567e-08 -5.06763e-10 -6.33684e-11
894 1.31 540 0 -6.93277e-10 9.44915e-09 -2.03446e-10 2.74161e-09 6.59845e-09 4.91084e-10 1.49791e-10 -2.03683e-09 -4.35423e-10 6.01855e-09 -3.01014e-10 -2.25298e-11
894 1.32 540 0 -3.31861e-10 6.44188e-09 -9.74807e-11 1.86239e-09 4.51933e-09 2.37381e-10 7.14743e-11 -1.38193e-09 -2.06044e-10 4.07918e-09 -2.10034e-10 -1.11738e-11
894 1.33 540 0 -1.8777e-10 4.77018e-09 -5.52047e-11 1.37403e-09 3.36168e-09 1.35588e-10 4.03171e-11 -1.01823e-09 -1.1524e-10 3.00323e-09 -1.58847e-10 -6.54841e-12
894 1.34 540 0 -1.17405e-10 3.71332e-09 -3.45457e-11 1.0656e-09 2.62845e-09 8.5574e-11 2.51306e-11 -7.88567e-10 -7.12045e-11 2.32456e-09 -1.2605e-10 -4.2403e-12
894 1.35 540 0 -7.85459e-11 2.98923e-09 -2.31289e-11 8.54542e-10 2.12506e-09 5.77818e-11 1.67598e-11 -6.31445e-10 -4.70618e-11 1.86075e-09 -1.03257e-10 -2.93664e-12
894 1.36 540 0 -5.51468e-11 2.46505e-09 -1.62494e-11 7.01968e-10 1.75984e-09 4.09485e-11 1.17268e-11 -5.17891e-10 -3.26247e-11 1.52589e-09 -8.65115e-11 -2.13357e-12
894 1.37 540 0 -4.01364e-11 2.07007e-09 -1.18334e-11 5.87184e-10 1.48399e-09 3.00951e-11 8.50076e-12 -4.32491e-10 -2.34201e-11 1.27431e-09 -7.37033e-11 -1.60665e-12
894 1.38 540 0 -3.00656e-11 1.76327e-09 -8.86863e-12 4.98184e-10 1.2692e-09 2.27755e-11 6.33786e-12 -3.663e-10 -1.72836e-11 1.0795e-09 -6.36056e-11 -1.2446e-12
894 1.39 540 0 -2.30446e-11 1.51921e-09 -6.80036e-12 4.27519e-10 1.09788e-09 1.76522e-11 4.82918e-12 -3.13771e-10 -1.30262e-11 9.25022e-10 -5.5454e-11 -9.86114e-13
894 1.4 540 0 -1.79904e-11 1.32127e-09 -5.3108e-12 3.70329e-10 9.58577e-10 1.39597e-11 3.73973e-12 -2.71282e-10 -9.96529e-12 8.00162e-10 -4.87479e-11 -7.9584e-13
894 1.41 540 0 -1.42715e-11 1.1582e-09 -4.21412e-12 3.23316e-10 8.43487e-10 1.12417e-11 2.93452e-12 -2.36377e-10 -7.71291e-12 6.97652e-10 -4.31459e-11 -6.52372e-13
894 1.42 540 0 -1.14719e-11 1.02206e-09 -3.38818e-12 2.84158e-10 7.47127e-10 9.20676e-12 2.32204e-12 -2.07327e-10 -6.00343e-12 6.12381e-10 -3.84062e-11 -5.41854e-13
894 1.43 540 0 -9.32147e-12 9.07108e-10 -2.75374e-12 2.51178e-10 6.65528e-10 7.67069e-12 1.84124e-12 -1.82882e-10 -4.6586e-12 5.40658e-10 -3.4353e-11 -4.55248e-13
894 1.44 540 0 -7.64778e-12 8.09117e-10 -2.25987e-12 2.23135e-10 5.9575e-10 6.51323e-12 1.45332e-12 -1.62121e-10 -3.56661e-12 4.79762e-10 -3.08556e-11 -3.86365e-13
894 1.45 540 0 -6.32265e-12 7.2488e-10 -1.86901e-12 1.99093e-10 5.35566e-10 5.66627e-12 1.12309e-12 -1.44346e-10 -2.61994e-12 4.2764e-10 -2.7814e-11 -3.30923e-13
894 1.46 540 0 -5.25746e-12 6.51933e-10 -1.55515e-12 1.78331e-10 4.83251e-10 5.10889e-12 8.17594e-13 -1.29026e-10 -1.7128e-12 3.82729e-10 -2.51509e-11 -2.85866e-13
894 1.47 540 0 -4.38443e-12 5.88351e-10 -1.29858e-12 1.60286e-10 4.37443e-10 4.9003e-12 4.87582e-13 -1.1575e-10 -6.74588e-13 3.43827e-10 -2.28051e-11 -2.49151e-13
894 1.48 540 0 -3.6479e-12 5.3261e-10 -1.08346e-12 1.44512e-10 3.97019e-10 5.31064e-12 2.11027e-14 -1.04207e-10 8.99792e-13 3.10031e-10 -2.07274e-11 -2.1951e-13
894 1.49 540 0 -2.98345e-12 4.83482e-10 -8.92485e-13 1.30651e-10 3.61009e-10 7.56118e-12 -1.00565e-12 -9.4167e-11 4.56868e-12 2.807e-10 -1.88762e-11 -1.97151e-13
894 1.5 540 0 -2.22485e-12 4.39909e-10 -6.85093e-13 1.18393e-10 3.30498e-10 2.14392e-11 -5.8494e-12 -8.48117e-11 2.23407e-11 2.52986e-10 -1.72106e-11 -1.90267e-13
894 1.51 540 0 -2.74062e-12 3.98847e-10 -8.42181e-13 1.06986e-10 3.57767e-10 -2.9828e-10 9.91793e-11 -5.78235e-11 -3.64221e-10 1.59135e-10 -1.58702e-11 -3.32142e-13
894 1.52 540 0 -2.66893e-12 3.66763e-10 -7.58034e-13 9.79415e-11 2.66095e-10 1.06576e-11 -2.30764e-12 -7.35261e-11 9.00253e-12 2.22472e-10 -1.45007e-11 -1.25295e-13
894 1.53 540 0 -2.13406e-12 3.35987e-10 -6.11046e-13 8.93598e-11 2.5288e-10 4.40672e-12 -4.76294e-13 -6.41655e-11 2.21639e-12 1.92713e-10 -1.3284e-11 -1.10437e-13
894 1.54 540 0 -1.80693e-12 3.08275e-10 -5.18707e-13 8.16629e-11 2.34015e-10 2.65231e-12 -4.01466e-14 -5.8053e-11 5.63789e-13 1.74376e-10 -1.21972e-11 -9.90862e-14
894 1.55 540 0 -1.56044e-12 2.83299e-10 -4.4818e-13 7.47502e-11 2.16093e-10 1.90335e-12 9.73534e-14 -5.28588e-11 1.41302e-14 1.5897e-10 -1.1216e-11 -8.91162e-14
894 1.56 540 0 -1.36161e-12 2.60736e-10 -3.90868e-13 6.85268e-11 1.99637e-10 1.48935e-12 1.44275e-13 -4.8263e-11 -1.97593e-13 1.45374e-10 -1.03266e-11 -8.02819e-14
894 1.57 540 0 -1.19624e-12 2.40305e-10 -3.43013e-13 6.29106e-11 1.84614e-10 1.22165e-12 1.57274e-13 -4.4149e-11 -2.80027e-13 1.33209e-10 -9.5182e-12 -7.24518e-14
894 1.58 540 0 -1.05635e-12 2.21762e-10 -3.02438e-13 5.78309e-11 1.70907e-10 1.03037e-12 1.56204e-13 -4.04464e-11 -3.06689e-13 1.22256e-10 -8.78196e-12 -6.55096e-14
894 1.59 540 0 -9.36642e-13 2.04898e-10 -2.67684e-13 5.3227e-11 1.58388e-10 8.84499e-13 1.49122e-13 -3.71027e-11 -3.0764e-13 1.12357e-10 -8.11014e-12 -5.93555e-14
894 1.6 540 0 -8.33586e-13 1.89529e-10 -2.37741e-13 4.90462e-11 1.46938e-10 7.69437e-13 1.39308e-13 -3.40757e-11 -2.95494e-13 1.03386e-10 -7.49617e-12 -5.38559e-14
894 1.61 540 0 -7.44223e-13 1.75499e-10 -2.11773e-13 4.52426e-11 1.3645e-10 6.75399e-13 1.28748e-13 -3.13296e-11 -2.77903e-13 9.52378e-11 -6.93421e-12 -4.89496e-14
894 1.62 540 0 -6.66309e-13 1.62669e-10 -1.89143e-13 4.17764e-11 1.26828e-10 5.96893e-13 1.18282e-13 -2.88337e-11 -2.58284e-13 8.78231e-11 -6.41915e-12 -4.45648e-14
894 1.63 540 0 -5.98152e-13 1.50917e-10 -1.69354e-13 3.86127e-11 1.17987e-10 5.30576e-13 1.08247e-13 -2.65617e-11 -2.38207e-13 8.10641e-11 -5.94651e-12 -4.06278e-14
894 1.64 540 0 -5.38235e-13 1.40136e-10 -1.51976e-13 3.57206e-11 1.09853e-10 4.73678e-13 9.89003e-14 -2.44902e-11 -2.18841e-13 7.48931e-11 -5.51226e-12 -3.70959e-14
894 1.65 540 0 -4.85407e-13 1.30233e-10 -1.36669e-13 3.30733e-11 1.02359e-10 4.24503e-13 9.02764e-14 -2.25989e-11 -2.00553e-13 6.92508e-11 -5.11288e-12 -3.39148e-14
894 1.66 540 0 -4.38706e-13 1.21124e-10 -1.2315e-13 3.06467e-11 9.54463e-11 3.81788e-13 8.23461e-14 -2.087e-11 -1.83448e-13 6.40849e-11 -4.74519e-12 -3.10375e-14
894 1.67 540 0 -3.97258e-13 1.12734e-10 -1.11169e-13 2.84198e-11 8.90616e-11 3.44306e-13 7.51359e-14 -1.92876e-11 -1.67753e-13 5.93491e-11 -4.40635e-12 -2.84397e-14
894 1.68 540 0 -3.60392e-13 1.04998e-10 -1.00526e-13 2.63737e-11 8.31581e-11 3.11307e-13 6.85762e-14 -1.78376e-11 -1.53382e-13 5.50026e-11 -4.09382e-12 -2.60834e-14
894 1.69 540 0 -3.27515e-13 9.78579e-11 -9.10474e-14 2.44916e-11 7.76937e-11 2.8212e-13 6.26186e-14 -1.65075e-11 -1.40276e-13 5.1009e-11 -3.80533e-12 -2.39426e-14
894 1.7 540 0 -2.98123e-13 9.12597e-11 -8.25849e-14 2.27585e-11 7.26306e-11 2.56195e-13 5.72115e-14 -1.52861e-11 -1.2836e-13 4.73357e-11 -3.53881e-12 -2.19926e-14
894 1.71 540 0 -2.71786e-13 8.51567e-11 -7.50117e-14 2.11612e-11 6.79349e-11 2.3309e-13 5.23028e-14 -1.41636e-11 -1.17537e-13 4.39536e-11 -3.29242e-12 -2.02123e-14
894 1.72 540 0 -2.48129e-13 7.95065e-11 -6.822e-14 1.96875e-11 6.35761e-11 2.12423e-13 4.7848e-14 -1.31309e-11 -1.07718e-13 4.08369e-11 -3.06446e-12 -1.85861e-14
894 1.73 540 0 -2.26839e-13 7.42708e-11 -6.21151e-14 1.83267e-11 5.95265e-11 1.9389e-13 4.37971e-14 -1.21802e-11 -9.88082e-14 3.79621e-11 -2.85343e-12 -1.70936e-14
894 1.74 540 0 -2.07639e-13 6.94151e-11 -5.66123e-14 1.70691e-11 5.5761e-11 1.77215e-13 4.01111e-14 -1.13041e-11 -9.07364e-14 3.53082e-11 -2.65795e-12 -1.57187e-14
894 1.75 540 0 -1.90294e-13 6.49083e-11 -5.16378e-14 1.59059e-11 5.22573e-11 1.62172e-13 3.67487e-14 -1.04961e-11 -8.3426e-14 3.28562e-11 -2.47675e-12 -1.44443e-14
894 1.76 540 0 -1.74582e-13 6.07221e-11 -4.70972e-14 1.48291e-11 4.89945e-11 1.48518e-13 3.36492e-14 -9.75045e-12 -7.68564e-14 3.05892e-11 -2.30868e-12 -1.32179e-14
894 1.77 540 0 -1.59066e-13 5.68291e-11 -4.26913e-14 1.38312e-11 4.59507e-11 1.33928e-13 3.11829e-14 -9.0623e-12 -7.2033e-14 2.84938e-11 -2.15268e-12 -1.20524e-14
894 1.78 540 0 -1.45814e-13 5.32091e-11 -3.89726e-14 1.29064e-11 4.31145e-11 1.2236e-13 2.87256e-14 -8.4261e-12 -6.6613e-14 2.65522e-11 -2.0079e-12 -1.10963e-14
894 1.79 540 0 -1.33926e-13 4.98397e-11 -3.56454e-14 1.20487e-11 4.04686e-11 1.1217e-13 2.64382e-14 -7.83776e-12 -6.14809e-14 2.47532e-11 -1.87342e-12 -1.0229e-14
894 1.8 540 0 -1.23216e-13 4.67017e-11 -3.26532e-14 1.12525e-11 3.79987e-11 1.03108e-13 2.43197e-14 -7.29336e-12 -5.66849e-14 2.30851e-11 -1.74846e-12 -9.43501e-15
894 1.81 540 0 -1.13506e-13 4.37774e-11 -2.99474e-14 1.05131e-11 3.56915e-11 9.49461e-14 2.23737e-14 -6.78935e-12 -5.22584e-14 2.15377e-11 -1.6323e-12 -8.70769e-15
894 1.82 540 0 -1.04688e-13 4.10506e-11 -2.74956e-14 9.82604e-12 3.35351e-11 8.75718e-14 2.05868e-14 -6.32247e-12 -4.81825e-14 2.01014e-11 -1.52426e-12 -8.03954e-15
894 1.83 540 0 -9.66645e-14 3.85067e-11 -2.52698e-14 9.18717e-12 3.15188e-11 8.08892e-14 1.89471e-14 -5.88976e-12 -4.44357e-14 1.87675e-11 -1.42374e-12 -7.42505e-15
894 1.84 540 0 -8.93549e-14 3.61321e-11 -2.32469e-14 8.59283e-12 2.96324e-11 7.48198e-14 1.74436e-14 -5.48852e-12 -4.09935e-14 1.75281e-11 -1.33019e-12 -6.86037e-15
894 1.85 540 0 -8.26844e-14 3.39145e-11 -2.14053e-14 8.03962e-12 2.78668e-11 6.92929e-14 1.60654e-14 -5.11627e-12 -3.78345e-14 1.63759e-11 -1.24308e-12 -6.34106e-15
894 1.86 540 0 -7.65871e-14 3.18425e-11 -1.97263e-14 7.52445e-12 2.62134e-11 6.42467e-14 1.4803e-14 -4.77076e-12 -3.49381e-14 1.53042e-11 -1.16194e-12 -5.86366e-15
894 1.87 540 0 -7.10088e-14 2.99057e-11 -1.81946e-14 7.04448e-12 2.46645e-11 5.96343e-14 1.36469e-14 -4.44993e-12 -3.22818e-14 1.4307e-11 -1.08635e-12 -5.42513e-15
894 1.88 540 0 -6.58984e-14 2.80944e-11 -1.67973e-14 6.59709e-12 2.32129e-11 5.541e-14 1.25902e-14 -4.15189e-12 -2.98463e-14 1.33787e-11 -1.01589e-12 -5.02394e-15
894 1.89 540 0 -6.11982e-14 2.63998e-11 -1.5524e-14 6.17989e-12 2.18519e-11 5.1526e-14 1.16256e-14 -3.8749e-12 -2.76046e-14 1.25141e-11 -9.50205e-13 -4.65874e-15
894 1.9 540 0 -5.68706e-14 2.48137e-11 -1.43571e-14 5.79067e-12 2.05753e-11 4.79456e-14 1.0741e-14 -3.61738e-12 -2.55471e-14 1.17086e-11 -8.88944e-13 -4.32184e-15
894 1.91 540 0 -5.28836e-14 2.33287e-11 -1.32862e-14 5.42742e-12 1.93776e-11 4.4643e-14 9.92879e-15 -3.37785e-12 -2.36581e-14 1.09579e-11 -8.31794e-13 -4.01052e-15
894 1.92 540 0 -4.92072e-14 2.19377e-11 -1.23027e-14 5.08828e-12 1.82535e-11 4.1594e-14 9.1825e-15 -3.15499e-12 -2.19219e-14 1.02578e-11 -7.78466e-13 -3.72268e-15
894 1.93 540 0 -4.58143e-14 2.06343e-11 -1.13986e-14 4.77151e-12 1.7198e-11 3.87769e-14 8.49621e-15 -2.94755e-12 -2.03247e-14 9.60486e-12 -7.2869e-13 -3.4564e-15
894 1.94 540 0 -4.26806e-14 1.94126e-11 -1.0567e-14 4.47554e-12 1.62067e-11 3.61722e-14 7.8646e-15 -2.75441e-12 -1.88541e-14 8.99558e-12 -6.82218e-13 -3.20993e-15
894 1.95 540 0 -3.97841e-14 1.82671e-11 -9.80139e-15 4.19891e-12 1.52754e-11 3.3762e-14 7.28285e-15 -2.57452e-12 -1.74989e-14 8.42688e-12 -6.38819e-13 -2.98166e-15
894 1.96 540 0 -3.71049e-14 1.71928e-11 -9.09603e-15 3.94026e-12 1.44003e-11 3.15304e-14 6.74661e-15 -2.40691e-12 -1.62488e-14 7.89587e-12 -5.9828e-13 -2.7701e-15
894 1.97 540 0 -3.46251e-14 1.61848e-11 -8.4457e-15 3.69835e-12 1.35776e-11 2.94629e-14 6.25187e-15 -2.2507e-12 -1.50947e-14 7.39991e-12 -5.60405e-13 -2.57387e-15
894 1.98 540 0 -3.23286e-14 1.52388e-11 -7.84566e-15 3.47202e-12 1.2804e-11 2.75469e-14 5.7949e-15 -2.10507e-12 -1.40282e-14 6.93654e-12 -5.25009e-13 -2.39163e-15
894 1.99 540 0 -3.02018e-14 1.43507e-11 -7.29161e-15 3.26021e-12 1.20765e-11 2.57718e-14 5.37204e-15 -1.96927e-12 -1.3041e-14 6.50348e-12 -4.91924e-13 -2.22199e-15
894 2 540 0 -2.82367e-14 1.35168e-11 -6.77976e-15 3.06193e-12 1.13921e-11 2.41349e-14 4.97825e-15 -1.84258e-12 -1.21229e-14 6.09865e-12 -4.6099e-13 -2.06275e-15
