894 0 350 0 -1.48826e-08 -7.64405e-09 2.59443e-08 -2.60409e-09 0 0 0 0 0 0 3.05968e-08 -6.78946e-09
894 0.01 350 0 -1.48866e-08 -7.63663e-09 2.59396e-08 -2.61226e-09 2.37635e-10 -2.11986e-10 -1.93795e-10 -1.02624e-10 -4.25895e-10 2.39885e-11 3.05898e-08 -6.80031e-09
894 0.02 350 0 -1.48988e-08 -7.61429e-09 2.59257e-08 -2.63677e-09 4.7441e-10 -4.24317e-10 -3.87979e-10 -2.04965e-10 -8.51428e-10 4.88229e-11 3.05687e-08 -6.83292e-09
894 0.03 350 0 -1.49189e-08 -7.57712e-09 2.59024e-08 -2.67757e-09 7.09465e-10 -6.37337e-10 -5.82938e-10 -3.06741e-10 -1.27624e-09 7.53465e-11 3.05334e-08 -6.88711e-09
894 0.04 350 0 -1.49468e-08 -7.52496e-09 2.58696e-08 -2.73462e-09 9.41938e-10 -8.51378e-10 -7.79057e-10 -4.07661e-10 -1.69995e-09 1.04401e-10 3.04837e-08 -6.96283e-09
894 0.05 350 0 -1.49821e-08 -7.45672e-09 2.58274e-08 -2.80841e-09 1.17099e-09 -1.06673e-09 -9.76738e-10 -5.0737e-10 -2.12219e-09 1.36823e-10 3.04195e-08 -7.05995e-09
894 0.06 350 0 -1.50249e-08 -7.37427e-09 2.57753e-08 -2.89767e-09 1.39571e-09 -1.28374e-09 -1.17632e-09 -6.05666e-10 -2.54254e-09 1.73433e-10 3.03402e-08 -7.17838e-09
894 0.07 350 0 -1.50747e-08 -7.27644e-09 2.57132e-08 -3.00288e-09 1.61524e-09 -1.50268e-09 -1.37818e-09 -7.02189e-10 -2.96059e-09 2.15054e-10 3.02455e-08 -7.31787e-09
894 0.08 350 0 -1.51311e-08 -7.163e-09 2.56408e-08 -3.12386e-09 1.82871e-09 -1.72379e-09 -1.5827e-09 -7.96605e-10 -3.3759e-09 2.62495e-10 3.0135e-08 -7.47821e-09
894 0.09 350 0 -1.51935e-08 -7.03375e-09 2.55573e-08 -3.26057e-09 2.03514e-09 -1.94726e-09 -1.79019e-09 -8.88557e-10 -3.788e-09 3.16551e-10 3.00087e-08 -7.65911e-09
894 0.1 350 0 -1.52615e-08 -6.88849e-09 2.54636e-08 -3.41252e-09 2.23383e-09 -2.17334e-09 -2.00103e-09 -9.77689e-10 -4.19639e-09 3.7799e-10 2.98648e-08 -7.86025e-09
894 0.11 350 0 -1.53339e-08 -6.72616e-09 2.53587e-08 -3.58023e-09 2.42385e-09 -2.40208e-09 -2.21559e-09 -1.0635e-09 -4.60058e-09 4.47579e-10 2.97033e-08 -8.08104e-09
894 0.12 350 0 -1.54109e-08 -6.54823e-09 2.5242e-08 -3.76223e-09 2.6042e-09 -2.63371e-09 -2.43409e-09 -1.1458e-09 -4.99993e-09 5.26045e-10 2.95233e-08 -8.32131e-09
894 0.13 350 0 -1.54912e-08 -6.35357e-09 2.51132e-08 -3.95879e-09 2.77406e-09 -2.86821e-09 -2.65685e-09 -1.22406e-09 -5.39387e-09 6.14094e-10 2.93239e-08 -8.58041e-09
894 0.14 350 0 -1.55741e-08 -6.14179e-09 2.49719e-08 -4.16959e-09 2.93249e-09 -3.10557e-09 -2.88416e-09 -1.2978e-09 -5.78174e-09 7.12424e-10 2.91045e-08 -8.85788e-09
894 0.15 350 0 -1.56583e-08 -5.91193e-09 2.4817e-08 -4.39499e-09 3.07857e-09 -3.34562e-09 -3.11626e-09 -1.36636e-09 -6.16288e-09 8.21677e-10 2.88646e-08 -9.15285e-09
894 0.16 350 0 -1.57434e-08 -5.66553e-09 2.46489e-08 -4.63308e-09 3.2115e-09 -3.58848e-09 -3.35336e-09 -1.4296e-09 -6.53649e-09 9.42443e-10 2.86019e-08 -9.46475e-09
894 0.17 350 0 -1.58279e-08 -5.40137e-09 2.44665e-08 -4.88413e-09 3.33036e-09 -3.83382e-09 -3.59564e-09 -1.48677e-09 -6.90179e-09 1.0753e-09 2.83159e-08 -9.79277e-09
894 0.18 350 0 -1.59104e-08 -5.11844e-09 2.42694e-08 -5.14829e-09 3.43435e-09 -4.0813e-09 -3.84334e-09 -1.53711e-09 -7.25798e-09 1.22078e-09 2.80058e-08 -1.01359e-08
894 0.19 350 0 -1.59902e-08 -4.81818e-09 2.40559e-08 -5.42382e-09 3.52223e-09 -4.33065e-09 -4.09636e-09 -1.58037e-09 -7.60404e-09 1.37934e-09 2.76706e-08 -1.04933e-08
894 0.2 350 0 -1.60653e-08 -4.49894e-09 2.3827e-08 -5.71116e-09 3.59373e-09 -4.58144e-09 -4.35504e-09 -1.61555e-09 -7.93915e-09 1.55139e-09 2.73081e-08 -1.08637e-08
894 0.21 350 0 -1.6135e-08 -4.16233e-09 2.3581e-08 -6.00844e-09 3.64762e-09 -4.83329e-09 -4.6192e-09 -1.64242e-09 -8.26216e-09 1.73726e-09 2.69176e-08 -1.12458e-08
894 0.22 350 0 -1.61973e-08 -3.80733e-09 2.33167e-08 -6.3157e-09 3.68302e-09 -5.08539e-09 -4.88879e-09 -1.66e-09 -8.57204e-09 1.93721e-09 2.64983e-08 -1.16385e-08
894 0.23 350 0 -1.62503e-08 -3.43349e-09 2.30347e-08 -6.63256e-09 3.69969e-09 -5.33718e-09 -5.16391e-09 -1.6674e-09 -8.86775e-09 2.15147e-09 2.60479e-08 -1.204e-08
894 0.24 350 0 -1.62929e-08 -3.04237e-09 2.27332e-08 -6.95691e-09 3.69647e-09 -5.58796e-09 -5.44419e-09 -1.66434e-09 -9.14795e-09 2.38009e-09 2.55654e-08 -1.24487e-08
894 0.25 350 0 -1.63226e-08 -2.63253e-09 2.24111e-08 -7.2893e-09 3.67271e-09 -5.83654e-09 -5.72947e-09 -1.64941e-09 -9.41151e-09 2.62314e-09 2.50501e-08 -1.2863e-08
894 0.26 350 0 -1.6338e-08 -2.2054e-09 2.20688e-08 -7.62772e-09 3.62814e-09 -6.0823e-09 -6.01952e-09 -1.62224e-09 -9.6571e-09 2.8805e-09 2.44996e-08 -1.32807e-08
894 0.27 350 0 -1.63374e-08 -1.76209e-09 2.17039e-08 -7.97062e-09 3.56158e-09 -6.32408e-09 -6.31365e-09 -1.58222e-09 -9.8833e-09 3.15189e-09 2.39134e-08 -1.36998e-08
894 0.28 350 0 -1.6318e-08 -1.30183e-09 2.1317e-08 -8.3179e-09 3.47338e-09 -6.56074e-09 -6.61172e-09 -1.52801e-09 -1.00889e-08 3.43708e-09 2.32894e-08 -1.41177e-08
894 0.29 350 0 -1.62785e-08 -8.2679e-10 2.0906e-08 -8.66709e-09 3.36231e-09 -6.79104e-09 -6.91281e-09 -1.45938e-09 -1.02722e-08 3.73552e-09 2.26272e-08 -1.45322e-08
894 0.3 350 0 -1.6216e-08 -3.3653e-10 2.04711e-08 -9.01791e-09 3.22897e-09 -7.0136e-09 -7.21648e-09 -1.37487e-09 -1.0432e-08 4.0467e-09 2.19246e-08 -1.49403e-08
894 0.31 350 0 -1.61306e-08 1.67398e-10 2.00097e-08 -9.36859e-09 3.07188e-09 -7.227e-09 -7.5218e-09 -1.27391e-09 -1.05668e-08 4.37011e-09 2.11817e-08 -1.53399e-08
894 0.32 350 0 -1.60176e-08 6.86266e-10 1.95165e-08 -9.71438e-09 2.89021e-09 -7.42783e-09 -7.82643e-09 -1.15544e-09 -1.06729e-08 4.70443e-09 2.03904e-08 -1.57261e-08
894 0.33 350 0 -1.5876e-08 1.21593e-09 1.89952e-08 -1.00546e-08 2.68481e-09 -7.61589e-09 -8.13022e-09 -1.01956e-09 -1.07504e-08 5.04868e-09 1.95556e-08 -1.60961e-08
894 0.34 350 0 -1.57018e-08 1.75371e-09 1.84495e-08 -1.039e-08 2.45823e-09 -7.79069e-09 -8.43305e-09 -8.65172e-10 -1.0799e-08 5.40156e-09 1.86789e-08 -1.64462e-08
894 0.35 350 0 -1.54933e-08 2.29787e-09 1.78757e-08 -1.07174e-08 2.20944e-09 -7.94986e-09 -8.73295e-09 -6.91764e-10 -1.08167e-08 5.76157e-09 1.7759e-08 -1.67728e-08
894 0.36 350 0 -1.52488e-08 2.84661e-09 1.72728e-08 -1.10341e-08 1.9389e-09 -8.09151e-09 -9.02835e-09 -4.98867e-10 -1.08017e-08 6.12715e-09 1.67941e-08 -1.70716e-08
894 0.37 350 0 -1.4966e-08 3.39724e-09 1.66407e-08 -1.13375e-08 1.64766e-09 -8.21405e-09 -9.31779e-09 -2.86209e-10 -1.07527e-08 6.49646e-09 1.57837e-08 -1.7338e-08
894 0.38 350 0 -1.46424e-08 3.94639e-09 1.59787e-08 -1.16256e-08 1.33653e-09 -8.3157e-09 -9.59939e-09 -5.33651e-11 -1.06684e-08 6.8673e-09 1.47296e-08 -1.75678e-08
894 0.39 350 0 -1.42763e-08 4.49158e-09 1.52859e-08 -1.18952e-08 1.00649e-09 -8.39445e-09 -9.87119e-09 1.99727e-10 -1.05475e-08 7.23751e-09 1.36307e-08 -1.77559e-08
894 0.4 350 0 -1.38661e-08 5.02903e-09 1.45626e-08 -1.2143e-08 6.59154e-10 -8.44884e-09 -1.01314e-08 4.72772e-10 -1.03887e-08 7.6046e-09 1.24876e-08 -1.7897e-08
894 0.41 350 0 -1.34098e-08 5.55527e-09 1.38074e-08 -1.23662e-08 2.95495e-10 -8.47664e-09 -1.03774e-08 7.65786e-10 -1.01909e-08 7.96578e-09 1.1302e-08 -1.7986e-08
894 0.42 350 0 -1.29061e-08 6.06599e-09 1.3021e-08 -1.25611e-08 -8.24589e-11 -8.47648e-09 -1.06072e-08 1.07804e-09 -9.95339e-09 8.31811e-09 1.00752e-08 -1.80171e-08
894 0.43 350 0 -1.23538e-08 6.55693e-09 1.22034e-08 -1.2724e-08 -4.7274e-10 -8.4467e-09 -1.08185e-08 1.40878e-09 -9.6753e-09 8.65844e-09 8.80897e-09 -1.79846e-08
894 0.44 350 0 -1.17517e-08 7.02315e-09 1.13549e-08 -1.28511e-08 -8.73174e-10 -8.3859e-09 -1.10086e-08 1.75682e-09 -9.35617e-09 8.98332e-09 7.50583e-09 -1.78825e-08
894 0.45 350 0 -1.11008e-08 7.45991e-09 1.04761e-08 -1.29387e-08 -1.28178e-09 -8.29291e-09 -1.11754e-08 2.12099e-09 -8.99607e-09 9.2895e-09 6.16917e-09 -1.77055e-08
894 0.46 350 0 -1.03979e-08 7.86131e-09 9.56827e-09 -1.29813e-08 -1.69508e-09 -8.16616e-09 -1.13159e-08 2.49899e-09 -8.59418e-09 9.57232e-09 4.80176e-09 -1.74455e-08
894 0.47 350 0 -9.64406e-09 8.22224e-09 8.63208e-09 -1.29755e-08 -2.11044e-09 -8.00487e-09 -1.14276e-08 2.88936e-09 -8.15114e-09 9.82826e-09 3.40818e-09 -1.70972e-08
894 0.48 350 0 -8.84084e-09 8.53585e-09 7.66963e-09 -1.2915e-08 -2.5254e-09 -7.80839e-09 -1.15084e-08 3.28834e-09 -7.66749e-09 1.00526e-08 1.99356e-09 -1.66539e-08
894 0.49 350 0 -7.98888e-09 8.79628e-09 6.68268e-09 -1.27952e-08 -2.93651e-09 -7.57615e-09 -1.15556e-08 3.69333e-09 -7.14416e-09 1.02412e-08 5.63463e-10 -1.61092e-08
894 0.5 350 0 -7.0892e-09 8.99671e-09 5.67405e-09 -1.26119e-08 -3.33987e-09 -7.30848e-09 -1.15672e-08 4.10128e-09 -6.58275e-09 1.03893e-08 -8.75183e-10 -1.5457e-08
894 0.51 350 0 -6.14538e-09 9.13085e-09 4.64606e-09 -1.23568e-08 -3.73332e-09 -7.0044e-09 -1.1541e-08 4.5068e-09 -5.98432e-09 1.04918e-08 -2.31587e-09 -1.46904e-08
894 0.52 350 0 -5.15913e-09 9.19171e-09 3.60252e-09 -1.2026e-08 -4.11233e-09 -6.66482e-09 -1.14753e-08 4.90638e-09 -5.35132e-09 1.0544e-08 -3.75005e-09 -1.38035e-08
894 0.53 350 0 -4.13519e-09 9.17141e-09 2.54828e-09 -1.16118e-08 -4.47391e-09 -6.29057e-09 -1.13691e-08 5.29351e-09 -4.68652e-09 1.05402e-08 -5.16815e-09 -1.27903e-08
894 0.54 350 0 -3.07695e-09 9.06341e-09 1.4872e-09 -1.11093e-08 -4.81423e-09 -5.88253e-09 -1.12209e-08 5.66363e-09 -3.99299e-09 1.04757e-08 -6.56001e-09 -1.16455e-08
894 0.55 350 0 -1.99151e-09 8.86098e-09 4.25877e-10 -1.05106e-08 -5.13011e-09 -5.44189e-09 -1.10311e-08 6.00957e-09 -3.27441e-09 1.03453e-08 -7.9153e-09 -1.03641e-08
894 0.56 350 0 -8.83014e-10 8.55429e-09 -6.27843e-10 -9.80915e-09 -5.41705e-09 -4.97151e-09 -1.08001e-08 6.32343e-09 -2.53563e-09 1.01424e-08 -9.21983e-09 -8.94052e-09
894 0.57 350 0 2.4102e-10 8.13746e-09 -1.66631e-09 -8.9984e-09 -5.6713e-09 -4.47345e-09 -1.05293e-08 6.59836e-09 -1.78126e-09 9.86232e-09 -1.04616e-08 -7.37131e-09
894 0.58 350 0 1.37207e-09 7.60295e-09 -2.68107e-09 -8.07149e-09 -5.89029e-09 -3.95013e-09 -1.02204e-08 6.8261e-09 -1.01738e-09 9.49933e-09 -1.1625e-08 -5.65341e-09
894 0.59 350 0 2.5006e-09 6.94353e-09 -3.66034e-09 -7.02089e-09 -6.07027e-09 -3.40496e-09 -9.87782e-09 6.99724e-09 -2.50461e-10 9.04803e-09 -1.26947e-08 -3.78442e-09
894 0.6 350 0 3.61661e-09 6.15209e-09 -4.59318e-09 -5.84061e-09 -6.20868e-09 -2.84156e-09 -9.50548e-09 7.10314e-09 5.11881e-10 8.50298e-09 -1.36527e-08 -1.76343e-09
894 0.61 350 0 4.70718e-09 5.22197e-09 -5.46508e-09 -4.52356e-09 -6.30314e-09 -2.2636e-09 -9.11041e-09 7.13336e-09 1.2611e-09 7.8585e-09 -1.44805e-08 4.09672e-10
894 0.62 350 0 5.76043e-09 4.14605e-09 -6.2611e-09 -3.06363e-09 -6.35105e-09 -1.67672e-09 -8.69979e-09 7.07808e-09 1.98825e-09 7.10955e-09 -1.51588e-08 2.73387e-09
894 0.63 350 0 6.75961e-09 2.92029e-09 -6.96368e-09 -1.45568e-09 -6.35105e-09 -1.08418e-09 -8.2842e-09 6.92751e-09 2.68181e-09 6.25173e-09 -1.56664e-08 5.20374e-09
894 0.64 350 0 7.6907e-09 1.53754e-09 -7.55166e-09 3.04338e-10 -6.30046e-09 -4.9294e-10 -7.87628e-09 6.67108e-09 3.33018e-09 5.2799e-09 -1.598e-08 7.81493e-09
894 0.65 350 0 8.53474e-09 -3.20723e-12 -8.00252e-09 2.21908e-09 -6.19818e-09 9.39262e-11 -7.49164e-09 6.30027e-09 3.91975e-09 4.19124e-09 -1.60761e-08 1.05574e-08
894 0.66 350 0 9.27248e-09 -1.70636e-09 -8.29202e-09 4.29082e-09 -6.04417e-09 6.69571e-10 -7.14689e-09 5.80564e-09 4.43639e-09 2.98182e-09 -1.59306e-08 1.34218e-08
894 0.67 350 0 9.88232e-09 -3.57252e-09 -8.39169e-09 6.51857e-09 -5.83806e-09 1.22873e-09 -6.86335e-09 5.17969e-09 4.86347e-09 1.64961e-09 -1.55173e-08 1.63934e-08
894 0.68 350 0 1.0341e-08 -5.60156e-09 -8.27113e-09 8.89871e-09 -5.58077e-09 1.76513e-09 -6.66447e-09 4.41644e-09 5.18278e-09 1.93302e-10 -1.48094e-08 1.94546e-08
894 0.69 350 0 1.06226e-08 -7.79113e-09 -7.89482e-09 1.14253e-08 -5.27254e-09 2.27292e-09 -6.57913e-09 3.51144e-09 5.37433e-09 -1.38711e-09 -1.37802e-08 2.25839e-08
894 0.7 350 0 1.06993e-08 -1.01357e-08 -7.227e-09 1.40874e-08 -4.9165e-09 2.74667e-09 -6.63719e-09 2.46428e-09 5.41609e-09 -3.08974e-09 -1.24024e-08 2.5755e-08
894 0.71 350 0 1.05414e-08 -1.26311e-08 -6.2249e-09 1.68688e-08 -4.51425e-09 3.17684e-09 -6.8757e-09 1.27641e-09 5.28311e-09 -4.91174e-09 -1.06483e-08 2.89372e-08
894 0.72 350 0 1.01163e-08 -1.52635e-08 -4.84429e-09 1.97474e-08 -4.06892e-09 3.55963e-09 -7.3347e-09 -4.37168e-11 4.9485e-09 -6.84567e-09 -8.49118e-09 3.20929e-08
894 0.73 350 0 9.38892e-09 -1.802e-08 -3.03875e-09 2.26938e-08 -3.58563e-09 3.88707e-09 -8.05705e-09 -1.48298e-09 4.3828e-09 -8.88289e-09 -5.90686e-09 3.51791e-08
894 0.74 350 0 8.32149e-09 -2.08794e-08 -7.5694e-10 2.56695e-08 -3.06742e-09 4.1542e-09 -9.09211e-09 -3.02017e-09 3.55356e-09 -1.10095e-08 -2.87326e-09 3.81458e-08
894 0.75 350 0 6.87484e-09 -2.38166e-08 2.0524e-09 2.86247e-08 -2.5215e-09 4.3542e-09 -1.04908e-08 -4.62451e-09 2.42585e-09 -1.32073e-08 6.28924e-10 4.09351e-08
894 0.76 350 0 5.00663e-09 -2.67981e-08 5.44199e-09 3.1498e-08 -1.95299e-09 4.48287e-09 -1.23071e-08 -6.25443e-09 9.6223e-10 -1.54526e-08 4.61176e-09 4.34819e-08
894 0.77 350 0 2.67429e-09 -2.97849e-08 9.46571e-09 3.4211e-08 -1.36936e-09 4.53209e-09 -1.45996e-08 -7.85444e-09 -8.78018e-10 -1.77137e-08 9.08356e-09 4.57125e-08
894 0.78 350 0 -1.66764e-10 -3.27261e-08 1.41718e-08 3.66693e-08 -7.79724e-10 4.49721e-09 -1.74233e-08 -9.35288e-09 -3.13702e-09 -1.99506e-08 1.40415e-08 4.75443e-08
894 0.79 350 0 -3.56165e-09 -3.55596e-08 1.96041e-08 3.8759e-08 -1.90886e-10 4.37389e-09 -2.08329e-08 -1.06593e-08 -5.85897e-09 -2.2113e-08 1.94711e-08 4.88879e-08
894 0.8 350 0 -7.55374e-09 -3.82118e-08 2.57951e-08 4.03436e-08 3.84428e-10 4.15577e-09 -2.48751e-08 -1.16625e-08 -9.08804e-09 -2.41387e-08 2.53438e-08 4.96449e-08
894 0.81 350 0 -1.21846e-08 -4.05909e-08 3.27628e-08 4.12636e-08 9.38876e-10 3.84069e-09 -2.95869e-08 -1.2226e-08 -1.28684e-08 -2.59497e-08 3.16133e-08 4.97132e-08
894 0.82 350 0 -1.74904e-08 -4.25936e-08 4.05046e-08 4.13319e-08 1.45609e-09 3.42074e-09 -3.49906e-08 -1.21879e-08 -1.7241e-08 -2.74524e-08 3.82135e-08 4.89845e-08
894 0.83 350 0 -2.35138e-08 -4.41149e-08 4.89346e-08 4.02867e-08 1.89676e-09 2.91261e-09 -4.10391e-08 -1.13123e-08 -2.2241e-08 -2.85492e-08 4.50475e-08 4.73749e-08
894 0.84 350 0 -3.02445e-08 -4.49548e-08 5.80281e-08 3.79325e-08 2.29515e-09 2.28366e-09 -4.773e-08 -9.40532e-09 -2.78889e-08 -2.90678e-08 5.20117e-08 4.47576e-08
894 0.85 350 0 -3.76925e-08 -4.49578e-08 6.76523e-08 3.4027e-08 2.62321e-09 1.53492e-09 -5.49706e-08 -6.24656e-09 -3.42029e-08 -2.88581e-08 5.89541e-08 4.1043e-08
894 0.86 350 0 -4.58421e-08 -4.39259e-08 7.76141e-08 2.83009e-08 2.86074e-09 6.60265e-10 -6.2613e-08 -1.57653e-09 -4.11828e-08 -2.77291e-08 6.56951e-08 3.61562e-08
894 0.87 350 0 -5.46517e-08 -4.16294e-08 8.76443e-08 2.0479e-08 2.98366e-09 -3.51716e-10 -7.04388e-08 4.87753e-09 -4.8806e-08 -2.54523e-08 7.2024e-08 3.00465e-08
894 0.88 350 0 -6.40735e-08 -3.78082e-08 9.73785e-08 1.02924e-08 2.91991e-09 -1.51556e-09 -7.81437e-08 1.33905e-08 -5.7032e-08 -2.17558e-08 7.77041e-08 2.27005e-08
894 0.89 350 0 -7.39899e-08 -3.21143e-08 1.0634e-07 -2.51611e-09 2.62403e-09 -2.83496e-09 -8.53056e-08 2.42438e-08 -6.57555e-08 -1.62928e-08 8.24664e-08 1.41541e-08
894 0.9 350 0 -8.42265e-08 -2.41276e-08 1.13932e-07 -1.81242e-08 2.04491e-09 -4.32002e-09 -9.13772e-08 3.7647e-08 -7.48184e-08 -8.63802e-09 8.60255e-08 4.5004e-09
894 0.91 350 0 -9.45308e-08 -1.33093e-08 1.19424e-07 -3.66096e-08 1.08731e-09 -5.98138e-09 -9.56759e-08 5.37195e-08 -8.39753e-08 1.76063e-09 8.80917e-08 -6.10132e-09
894 0.92 350 0 -1.04503e-07 1.07515e-09 1.21948e-07 -5.78982e-08 -3.99012e-10 -7.82334e-09 -9.73781e-08 7.24388e-08 -9.28231e-08 1.56572e-08 8.83829e-08 -1.74184e-08
894 0.93 350 0 -1.13448e-07 2.0104e-08 1.20518e-07 -8.16741e-08 -2.64941e-09 -9.82387e-09 -9.55324e-08 9.35447e-08 -1.00649e-07 3.41478e-08 8.66386e-08 -2.91371e-08
894 0.94 350 0 -1.20001e-07 4.54285e-08 1.14108e-07 -1.07269e-07 -6.06205e-09 -1.18794e-08 -8.91455e-08 1.16426e-07 -1.06044e-07 5.88957e-08 8.26352e-08 -4.08608e-08
894 0.95 350 0 -1.21089e-07 7.95814e-08 1.01919e-07 -1.33518e-07 -1.13241e-08 -1.36292e-08 -7.74706e-08 1.39971e-07 -1.0585e-07 9.24173e-08 7.61977e-08 -5.21012e-08
894 0.96 350 0 -1.09005e-07 1.25651e-07 8.42486e-08 -1.58896e-07 -1.95557e-08 -1.38765e-08 -6.09183e-08 1.62733e-07 -9.22158e-08 1.37698e-07 6.72134e-08 -6.22544e-08
894 0.97 350 0 -6.41947e-08 1.81261e-07 6.45879e-08 -1.84026e-07 -3.16494e-08 -8.81652e-09 -4.32372e-08 1.85599e-07 -4.54342e-08 1.91981e-07 5.56882e-08 -7.05303e-08
894 0.98 350 0 4.24374e-08 2.05047e-07 4.59289e-08 -2.25682e-07 -4.17664e-08 9.79994e-09 -2.74676e-08 2.26375e-07 6.31362e-08 2.13015e-07 4.20221e-08 -7.5969e-08
894 0.99 350 0 1.40227e-07 1.08202e-07 -2.74632e-08 -3.20645e-07 -2.83024e-08 3.45552e-08 4.44365e-08 3.22772e-07 1.60857e-07 1.12453e-07 2.68095e-08 -7.83828e-08
894 1 350 0 9.16916e-08 1.15454e-10 -5.90363e-06 -2.17172e-07 -8.99551e-11 3.59501e-08 5.92592e-06 2.172e-07 1.1485e-07 1.46448e-10 6.61661e-11 -8.71269e-08
894 1.01 350 0 4.99223e-08 5.09501e-11 -1.7139e-07 4.15539e-12 -3.39657e-11 2.00402e-08 1.87645e-07 7.09029e-13 6.64432e-08 6.72023e-11 5.97346e-12 -5.61903e-08
894 1.02 350 0 3.34146e-08 2.83143e-11 -1.17008e-07 -3.38955e-12 -2.63996e-11 1.64485e-08 1.32254e-07 7.89682e-12 4.86206e-08 4.33242e-11 6.65737e-12 -4.86781e-08
894 1.03 350 0 2.38672e-08 1.73409e-11 -9.12578e-08 -7.17264e-12 -2.2804e-11 1.4559e-08 1.05778e-07 1.15272e-11 3.82481e-08 3.17024e-11 7.20683e-12 -4.38077e-08
894 1.04 350 0 1.75324e-08 1.08099e-11 -7.58149e-08 -9.44657e-12 -2.06151e-11 1.34257e-08 8.97635e-08 1.37169e-11 3.13467e-08 2.47367e-11 7.67414e-12 -4.0283e-08
894 1.05 350 0 1.29793e-08 6.47856e-12 -6.54672e-08 -1.07601e-11 -1.88303e-11 1.27127e-08 7.89513e-08 1.49287e-11 2.63958e-08 1.98889e-11 7.96543e-12 -3.75974e-08
894 1.06 350 0 9.5201e-09 3.43302e-12 -5.80751e-08 -1.19728e-11 -1.7924e-11 1.22673e-08 7.11788e-08 1.61672e-11 2.26635e-08 1.67247e-11 8.43431e-12 -3.54941e-08
894 1.07 350 0 6.77739e-09 1.11936e-12 -5.25775e-08 -1.29739e-11 -1.7311e-11 1.20085e-08 6.53708e-08 1.72275e-11 1.97471e-08 1.43805e-11 8.915e-12 -3.38239e-08
894 1.08 350 0 4.52461e-09 -6.53572e-13 -4.83831e-08 -1.36396e-11 -1.66517e-11 1.18906e-08 6.09277e-08 1.79295e-11 1.74052e-08 1.24593e-11 9.28142e-12 -3.24935e-08
894 1.09 350 0 2.61559e-09 -2.20645e-12 -4.5137e-08 -1.4604e-11 -1.65415e-11 1.18879e-08 5.7489e-08 1.90533e-11 1.54838e-08 1.11132e-11 9.90453e-12 -3.14424e-08
894 1.1 350 0 9.50846e-10 -3.57662e-12 -4.26129e-08 -1.55624e-11 -1.6579e-11 1.19848e-08 5.48256e-08 2.02068e-11 1.38791e-08 1.00278e-11 1.05785e-11 -3.06301e-08
894 1.11 350 0 -5.41154e-10 -4.71833e-12 -4.06625e-08 -1.63202e-11 -1.65081e-11 1.21735e-08 5.27879e-08 2.11404e-11 1.25188e-08 9.05969e-12 1.1167e-11 -3.00304e-08
894 1.12 350 0 -1.91515e-09 -5.95317e-12 -3.91877e-08 -1.75315e-11 -1.69211e-11 1.24529e-08 5.12789e-08 2.267e-11 1.13512e-08 8.3662e-12 1.20921e-11 -2.96281e-08
894 1.13 350 0 -3.21504e-09 -7.21556e-12 -3.81239e-08 -1.8941e-11 -1.75322e-11 1.28255e-08 5.02364e-08 2.4475e-11 1.03376e-08 7.79898e-12 1.31903e-11 -2.94163e-08
894 1.14 350 0 -4.47862e-09 -8.36752e-12 -3.74311e-08 -2.02197e-11 -1.80474e-11 1.32987e-08 4.96252e-08 2.61453e-11 9.44863e-09 7.26053e-12 1.42428e-11 -2.93961e-08
894 1.15 350 0 -5.74201e-09 -9.83883e-12 -3.70915e-08 -2.21987e-11 -1.91448e-11 1.38861e-08 4.94345e-08 2.87274e-11 8.66187e-09 6.887e-12 1.58189e-11 -2.95777e-08
894 1.16 350 0 -7.04141e-09 -1.15129e-11 -3.71047e-08 -2.45781e-11 -2.05502e-11 1.46065e-08 4.96745e-08 3.18514e-11 7.95924e-09 6.57822e-12 1.77286e-11 -2.99803e-08
894 1.17 350 0 -8.41723e-09 -1.32673e-11 -3.74903e-08 -2.7142e-11 -2.20549e-11 1.54878e-08 5.03796e-08 3.52504e-11 7.32606e-09 6.28847e-12 1.98324e-11 -3.06353e-08
894 1.18 350 0 -9.91894e-09 -1.5685e-11 -3.82926e-08 -3.09012e-11 -2.44388e-11 1.65705e-08 5.16158e-08 4.02219e-11 6.75014e-09 6.10462e-12 2.28697e-11 -3.15918e-08
894 1.19 350 0 -1.161e-08 -1.84387e-11 -3.95866e-08 -3.5254e-11 -2.71952e-11 1.79124e-08 5.3489e-08 4.6016e-11 6.22067e-09 5.93519e-12 2.64386e-11 -3.29223e-08
894 1.2 350 0 -1.358e-08 -2.24955e-11 -4.14962e-08 -4.18738e-11 -3.15253e-11 1.96011e-08 5.61701e-08 5.48077e-11 5.72774e-09 5.86531e-12 3.18146e-11 -3.47391e-08
894 1.21 350 0 -1.59604e-08 -2.75668e-11 -4.42196e-08 -5.02093e-11 -3.69695e-11 2.17705e-08 5.9929e-08 6.59281e-11 5.26111e-09 5.80955e-12 3.86572e-11 -3.72159e-08
894 1.22 350 0 -1.89619e-08 -3.55859e-11 -4.80896e-08 -6.35532e-11 -4.57889e-11 2.464e-08 6.52165e-08 8.37121e-11 4.80923e-09 5.84625e-12 4.9574e-11 -4.06395e-08
894 1.23 350 0 -2.29436e-08 -4.8025e-11 -5.36891e-08 -8.43483e-11 -5.95303e-11 2.85887e-08 7.28192e-08 1.11469e-10 4.35636e-09 5.93012e-12 6.66589e-11 -4.55077e-08
894 1.24 350 0 -2.85821e-08 -6.81351e-11 -6.21307e-08 -1.18066e-10 -8.17204e-11 3.43353e-08 8.42366e-08 1.56574e-10 3.87729e-09 6.03651e-12 9.45398e-11 -5.27667e-08
894 1.25 350 0 -3.73326e-08 -1.08555e-10 -7.5823e-08 -1.85843e-10 -1.26257e-10 4.34316e-08 1.02712e-07 2.47302e-10 3.32246e-09 6.09492e-12 1.5075e-10 -6.44604e-08
894 1.26 350 0 -5.29968e-08 -2.02389e-10 -1.01076e-07 -3.4315e-10 -2.29052e-10 5.99359e-08 1.36741e-07 4.58233e-10 2.56741e-09 5.65041e-12 2.81984e-10 -8.59392e-08
894 1.27 350 0 -8.97204e-08 -5.46502e-10 -1.61396e-07 -9.18865e-10 -6.03207e-10 9.89586e-08 2.17961e-07 1.23121e-09 1.15668e-09 1.11302e-12 7.64816e-10 -1.37126e-07
894 1.28 350 0 -2.81809e-07 -5.03043e-09 -4.8001e-07 -8.40225e-09 -5.43088e-09 3.03981e-07 6.46835e-07 1.12962e-08 -5.21879e-09 -1.03882e-10 7.08345e-09 -4.07211e-07
894 1.29 350 0 2.51106e-07 -3.78821e-09 4.06424e-07 -6.29512e-09 -4.011e-09 -2.65543e-07 -5.46275e-07 8.4907e-09 1.16507e-08 -1.53785e-10 5.3749e-09 3.44016e-07
894 1.3 350 0 8.70675e-08 -4.26936e-10 1.34321e-07 -7.06716e-10 -4.44533e-10 -9.04519e-08 -1.80009e-07 9.56073e-10 6.2135e-09 -2.47253e-11 6.11046e-10 1.13361e-07
894 1.31 350 0 5.2627e-08 -1.46418e-10 7.76044e-08 -2.41752e-10 -1.50349e-10 -5.38084e-08 -1.03658e-07 3.27948e-10 4.93611e-09 -1.06135e-11 2.11655e-10 6.52594e-08
894 1.32 350 0 3.76467e-08 -7.1531e-11 5.31993e-08 -1.17971e-10 -7.27118e-11 -3.79444e-08 -7.08008e-08 1.60423e-10 4.29331e-09 -5.9493e-12 1.04578e-10 4.45483e-08
894 1.33 350 0 2.92442e-08 -4.06932e-11 3.96947e-08 -6.71072e-11 -4.10799e-11 -2.90977e-08 -5.26184e-08 9.14336e-11 3.87173e-09 -3.70142e-12 6.02288e-11 3.30806e-08
894 1.34 350 0 2.3854e-08 -2.58639e-11 3.11668e-08 -4.27215e-11 -2.60595e-11 -2.34598e-08 -4.11371e-08 5.82926e-11 3.55628e-09 -2.41655e-12 3.88195e-11 2.5835e-08
894 1.35 350 0 2.00949e-08 -1.73344e-11 2.53226e-08 -2.87046e-11 -1.75063e-11 -1.95561e-08 -3.32703e-08 3.91912e-11 3.30195e-09 -1.59328e-12 2.64036e-11 2.08676e-08
894 1.36 350 0 1.7319e-08 -1.21629e-11 2.10873e-08 -2.0221e-11 -1.23846e-11 -1.6695e-08 -2.75711e-08 2.75993e-11 3.08726e-09 -1.02429e-12 1.88282e-11 1.72671e-08
894 1.37 350 0 1.5182e-08 -8.94063e-12 1.78907e-08 -1.49497e-11 -9.25408e-12 -1.45095e-08 -2.32716e-08 2.03756e-11 2.90053e-09 -5.97774e-13 1.40909e-11 1.45497e-08
894 1.38 350 0 1.34842e-08 -6.67616e-12 1.54027e-08 -1.12381e-11 -7.07825e-12 -1.27867e-08 -1.99273e-08 1.52688e-11 2.7348e-09 -2.72528e-13 1.07218e-11 1.24354e-08
894 1.39 350 0 1.21014e-08 -5.07563e-12 1.34185e-08 -8.61837e-12 -5.56872e-12 -1.13945e-08 -1.72625e-08 1.16479e-11 2.58556e-09 -8.90412e-15 8.32281e-12 1.07502e-08
894 1.4 350 0 1.09524e-08 -3.97164e-12 1.18048e-08 -6.81644e-12 -4.57239e-12 -1.02467e-08 -1.50975e-08 9.14008e-12 2.44974e-09 2.28584e-13 6.66348e-12 9.38103e-09
894 1.41 350 0 9.98201e-09 -3.11385e-12 1.04712e-08 -5.41006e-12 -3.81602e-12 -9.28461e-09 -1.33103e-08 7.16745e-12 2.32514e-09 4.33834e-13 5.35311e-12 8.2508e-09
894 1.42 350 0 9.15116e-09 -2.46557e-12 9.35379e-09 -4.34744e-12 -3.2781e-12 -8.46697e-09 -1.18151e-08 5.6591e-12 2.21011e-09 6.3042e-13 4.35438e-12 7.30537e-09
894 1.43 350 0 8.43148e-09 -1.98844e-12 8.40674e-09 -3.5679e-12 -2.93657e-12 -7.76383e-09 -1.05498e-08 4.52812e-12 2.10338e-09 8.42342e-13 3.6179e-12 6.50556e-09
894 1.44 350 0 7.80192e-09 -1.60044e-12 7.59602e-09 -2.92844e-12 -2.69935e-12 -7.15303e-09 -9.46867e-09 3.57657e-12 2.00396e-09 1.06359e-12 3.00619e-12 5.82241e-09
894 1.45 350 0 7.24645e-09 -1.29505e-12 6.89593e-09 -2.42353e-12 -2.58398e-12 -6.61773e-09 -8.5369e-09 2.7892e-12 1.91101e-09 1.32471e-12 2.51865e-12 5.234e-09
894 1.46 350 0 6.75268e-09 -1.04859e-12 6.28672e-09 -2.0166e-12 -2.58965e-12 -6.14499e-09 -7.72785e-09 2.10473e-12 1.82385e-09 1.6557e-12 2.12206e-12 4.72344e-09
894 1.47 350 0 6.31085e-09 -8.52033e-13 5.75295e-09 -1.69058e-12 -2.76377e-12 -5.72466e-09 -7.02067e-09 1.47239e-12 1.74186e-09 2.12539e-12 1.80143e-12 4.27756e-09
894 1.48 350 0 5.91319e-09 -6.92628e-13 5.28244e-09 -1.42489e-12 -3.2118e-12 -5.34877e-09 -6.39882e-09 8.05334e-13 1.66447e-09 2.87784e-12 1.53771e-12 3.88592e-09
894 1.49 350 0 5.55344e-09 -5.62588e-13 4.8654e-09 -1.20725e-12 -4.29242e-12 -5.01106e-09 -5.84897e-09 -9.42675e-14 1.59093e-09 4.35672e-12 1.31969e-12 3.54012e-09
894 1.5 350 0 5.22645e-09 -4.55815e-13 4.49392e-09 -1.02728e-12 -7.86434e-12 -4.70766e-09 -5.3597e-09 -2.16301e-12 1.5192e-09 8.81668e-12 1.13729e-12 3.2334e-09
894 1.51 350 0 4.92806e-09 -3.44499e-13 4.16154e-09 -8.71058e-13 2.20229e-10 -4.3371e-09 -4.9703e-09 1.10369e-10 1.56639e-09 -2.66732e-10 9.94439e-13 2.96018e-09
894 1.52 350 0 4.65459e-09 -2.90723e-13 3.86285e-09 -7.51765e-13 6.35337e-12 -4.16598e-09 -4.53986e-09 4.4047e-12 1.40547e-09 -8.14679e-12 8.56344e-13 2.71587e-09
894 1.53 350 0 4.40323e-09 -2.29347e-13 3.59348e-09 -6.46572e-13 3.04236e-12 -3.93632e-09 -4.1885e-09 2.5901e-12 1.34453e-09 -4.06134e-12 7.4647e-13 2.49666e-09
894 1.54 350 0 4.17142e-09 -1.77934e-13 3.34967e-09 -5.58024e-13 1.94683e-12 -3.72405e-09 -3.87234e-09 1.89911e-12 1.28842e-09 -2.66685e-12 6.53342e-13 2.29932e-09
894 1.55 350 0 3.95704e-09 -1.34253e-13 3.12829e-09 -4.82637e-13 1.41055e-12 -3.52817e-09 -3.58657e-09 1.50665e-12 1.23556e-09 -1.95843e-12 5.73245e-13 2.12116e-09
894 1.56 350 0 3.75824e-09 -9.74922e-14 2.92666e-09 -4.18422e-13 1.09712e-12 -3.34708e-09 -3.32744e-09 1.24316e-12 1.18549e-09 -1.52847e-12 5.04353e-13 1.95988e-09
894 1.57 350 0 3.57345e-09 -6.62366e-14 2.74251e-09 -3.63646e-13 8.93894e-13 -3.17926e-09 -3.09183e-09 1.04999e-12 1.13793e-09 -1.23891e-12 4.44991e-13 1.8135e-09
894 1.58 350 0 3.4013e-09 -3.91636e-14 2.57389e-09 -3.1629e-13 7.51405e-13 -3.02339e-09 -2.87707e-09 8.99117e-13 1.09269e-09 -1.02821e-12 3.93158e-13 1.68034e-09
894 1.59 350 0 3.24058e-09 -1.57791e-14 2.4191e-09 -2.74159e-13 6.46023e-13 -2.8783e-09 -2.68087e-09 7.75151e-13 1.04962e-09 -8.67398e-13 3.46414e-13 1.55894e-09
894 1.6 350 0 3.09026e-09 3.46709e-15 2.27669e-09 -2.3955e-13 5.6667e-13 -2.74296e-09 -2.50123e-09 6.77067e-13 1.00857e-09 -7.43371e-13 3.07712e-13 1.44804e-09
894 1.61 350 0 2.94941e-09 2.0159e-14 2.14539e-09 -2.0947e-13 5.03567e-13 -2.61647e-09 -2.33643e-09 5.94512e-13 9.69427e-10 -6.42329e-13 2.73696e-13 1.34654e-09
894 1.62 350 0 2.81721e-09 3.44741e-14 2.02408e-09 -1.8284e-13 4.52307e-13 -2.49803e-09 -2.18496e-09 5.23499e-13 9.32067e-10 -5.58907e-13 2.4327e-13 1.25348e-09
894 1.63 350 0 2.69294e-09 4.66442e-14 1.91178e-09 -1.60399e-13 4.09787e-13 -2.38694e-09 -2.04549e-09 4.63949e-13 8.96392e-10 -4.88747e-13 2.17334e-13 1.16801e-09
894 1.64 350 0 2.57595e-09 5.71326e-14 1.80765e-09 -1.40387e-13 3.73525e-13 -2.28258e-09 -1.91686e-09 4.1143e-13 8.62306e-10 -4.28514e-13 1.93926e-13 1.08939e-09
894 1.65 350 0 2.46566e-09 6.62433e-14 1.71091e-09 -1.23011e-13 3.41951e-13 -2.18439e-09 -1.79805e-09 3.65587e-13 8.29722e-10 -3.75706e-13 1.73314e-13 1.01696e-09
894 1.66 350 0 2.36156e-09 7.38085e-14 1.62091e-09 -1.08352e-13 3.14671e-13 -2.09187e-09 -1.68813e-09 3.26597e-13 7.98558e-10 -3.301e-13 1.55746e-13 9.50149e-10
894 1.67 350 0 2.26318e-09 8.03311e-14 1.53704e-09 -9.52107e-14 2.90125e-13 -2.00457e-09 -1.5863e-09 2.9135e-13 7.6874e-10 -2.89256e-13 1.39754e-13 8.88433e-10
894 1.68 350 0 2.1701e-09 8.59067e-14 1.45877e-09 -8.37516e-14 2.68059e-13 -1.92211e-09 -1.49185e-09 2.60094e-13 7.40197e-10 -2.52675e-13 1.25668e-13 8.31352e-10
894 1.69 350 0 2.08194e-09 9.0597e-14 1.38562e-09 -7.36848e-14 2.47908e-13 -1.84411e-09 -1.40411e-09 2.32082e-13 7.12863e-10 -2.19584e-13 1.13099e-13 7.78498e-10
894 1.7 350 0 1.99836e-09 9.46246e-14 1.31717e-09 -6.47704e-14 2.29292e-13 -1.77024e-09 -1.32253e-09 2.06649e-13 6.86677e-10 -1.89213e-13 1.01812e-13 7.29502e-10
894 1.71 350 0 1.91904e-09 9.79977e-14 1.25304e-09 -5.67984e-14 2.11981e-13 -1.70023e-09 -1.24657e-09 1.83353e-13 6.61582e-10 -1.61292e-13 9.15756e-14 6.84033e-10
894 1.72 350 0 1.8437e-09 1.00758e-13 1.19288e-09 -4.95035e-14 1.95786e-13 -1.63379e-09 -1.17578e-09 1.61619e-13 6.37524e-10 -1.3558e-13 8.20365e-14 6.41795e-10
894 1.73 350 0 1.77207e-09 1.03056e-13 1.13638e-09 -4.275e-14 1.80538e-13 -1.57068e-09 -1.10974e-09 1.41145e-13 6.14452e-10 -1.11596e-13 7.30492e-14 6.0252e-10
894 1.74 350 0 1.70392e-09 1.04976e-13 1.08325e-09 -3.62495e-14 1.66144e-13 -1.51069e-09 -1.04806e-09 1.21303e-13 5.9232e-10 -8.91534e-14 6.43001e-14 5.65966e-10
894 1.75 350 0 1.63903e-09 1.06693e-13 1.03326e-09 -2.95876e-14 1.52722e-13 -1.4536e-09 -9.904e-10 1.01407e-13 5.71083e-10 -6.81315e-14 5.52876e-14 5.31915e-10
894 1.76 350 0 1.5772e-09 1.08177e-13 9.86151e-10 -2.16441e-14 1.40772e-13 -1.39924e-09 -9.36456e-10 8.03489e-14 5.50704e-10 -4.87923e-14 4.53911e-14 5.00169e-10
894 1.77 350 0 1.51824e-09 8.24105e-14 9.4179e-10 1.66741e-14 1.0739e-13 -1.34739e-09 -8.86073e-10 5.11205e-15 5.31177e-10 -3.46637e-14 -1.18055e-14 4.70644e-10
894 1.78 350 0 1.46197e-09 7.23797e-14 8.9988e-10 2.8412e-14 9.02795e-14 -1.29796e-09 -8.38771e-10 -2.22301e-14 5.12387e-10 -2.40917e-14 -3.13133e-14 4.43021e-10
894 1.79 350 0 1.40824e-09 6.46107e-14 8.60281e-10 3.49469e-14 7.69852e-14 -1.25079e-09 -7.94392e-10 -3.91459e-14 4.94329e-10 -1.59514e-14 -4.29722e-14 4.17202e-10
894 1.8 350 0 1.35691e-09 5.81417e-14 8.22834e-10 3.85014e-14 6.61796e-14 -1.20573e-09 -7.52727e-10 -4.97717e-14 4.76974e-10 -9.57075e-15 -4.98949e-14 3.93055e-10
894 1.81 350 0 1.30784e-09 5.26429e-14 7.87396e-10 4.00171e-14 5.73195e-14 -1.16267e-09 -7.13583e-10 -5.58803e-14 4.60289e-10 -4.60369e-15 -5.3398e-14 3.70458e-10
894 1.82 350 0 1.2609e-09 4.79024e-14 7.53832e-10 4.01742e-14 4.99728e-14 -1.12149e-09 -6.76783e-10 -5.88537e-14 4.44247e-10 -7.33051e-16 -5.45137e-14 3.49299e-10
894 1.83 350 0 1.21597e-09 4.36083e-14 7.22019e-10 3.98114e-14 4.37272e-14 -1.08208e-09 -6.42165e-10 -6.04125e-14 4.2882e-10 2.15832e-15 -5.46124e-14 3.29475e-10
894 1.84 350 0 1.17296e-09 3.9901e-14 6.91845e-10 3.88154e-14 3.8631e-14 -1.04436e-09 -6.09577e-10 -6.03523e-14 4.13979e-10 4.19866e-15 -5.34994e-14 3.1089e-10
894 1.85 350 0 1.13176e-09 3.68035e-14 6.63205e-10 3.73799e-14 3.45947e-14 -1.00822e-09 -5.7888e-10 -5.91367e-14 3.99702e-10 5.5361e-15 -5.15173e-14 2.93457e-10
894 1.86 350 0 1.09226e-09 3.43003e-14 6.36002e-10 3.56824e-14 3.15684e-14 -9.73576e-10 -5.49949e-10 -5.71732e-14 3.85962e-10 6.21646e-15 -4.90164e-14 2.77096e-10
894 1.87 350 0 1.05439e-09 3.23969e-14 6.10148e-10 3.37033e-14 2.94646e-14 -9.40359e-10 -5.22665e-10 -5.45066e-14 3.72737e-10 6.38489e-15 -4.60625e-14 2.61733e-10
894 1.88 350 0 1.01807e-09 3.09811e-14 5.8556e-10 3.15638e-14 2.80917e-14 -9.08492e-10 -4.96919e-10 -5.13748e-14 3.60004e-10 6.20076e-15 -4.2968e-14 2.473e-10
894 1.89 350 0 9.8321e-10 2.91219e-14 5.62163e-10 2.94964e-14 2.64093e-14 -8.77907e-10 -4.72612e-10 -4.78797e-14 3.47744e-10 5.93587e-15 -3.99883e-14 2.33734e-10
894 1.9 350 0 9.49743e-10 2.72669e-14 5.39885e-10 2.756e-14 2.47234e-14 -8.48537e-10 -4.49652e-10 -4.45502e-14 3.35936e-10 5.69551e-15 -3.71627e-14 2.20978e-10
894 1.91 350 0 9.176e-10 2.55216e-14 5.18661e-10 2.57144e-14 2.31402e-14 -8.20323e-10 -4.27952e-10 -4.13704e-14 3.24563e-10 5.45919e-15 -3.44432e-14 2.08976e-10
894 1.92 350 0 8.86718e-10 2.38768e-14 4.98431e-10 2.3947e-14 2.16558e-14 -7.93208e-10 -4.07434e-10 -3.83136e-14 3.13607e-10 5.21943e-15 -3.18116e-14 1.9768e-10
894 1.93 350 0 8.57037e-10 2.23246e-14 4.79137e-10 2.2247e-14 2.02659e-14 -7.67139e-10 -3.88023e-10 -3.53569e-14 3.0305e-10 4.97066e-15 -2.92518e-14 1.87044e-10
894 1.94 350 0 8.28499e-10 2.08576e-14 4.60726e-10 2.06041e-14 1.89658e-14 -7.42066e-10 -3.69651e-10 -3.24793e-14 2.92876e-10 4.70845e-15 -2.67477e-14 1.77024e-10
894 1.95 350 0 8.01052e-10 1.94686e-14 4.4315e-10 1.90077e-14 1.7751e-14 -7.17942e-10 -3.52255e-10 -2.9659e-14 2.83071e-10 4.42871e-15 -2.42819e-14 1.67582e-10
894 1.96 350 0 7.74646e-10 1.81504e-14 4.26363e-10 1.74452e-14 1.66171e-14 -6.94724e-10 -3.35776e-10 -2.68702e-14 2.73618e-10 4.1267e-15 -2.18322e-14 1.58681e-10
894 1.97 350 0 7.49233e-10 1.68949e-14 4.10322e-10 1.58991e-14 1.55602e-14 -6.7237e-10 -3.20159e-10 -2.40764e-14 2.64505e-10 3.79536e-15 -1.93658e-14 1.50287e-10
894 1.98 350 0 7.24769e-10 1.56915e-14 3.94987e-10 1.43395e-14 1.45775e-14 -6.5084e-10 -3.05352e-10 -2.12145e-14 2.55717e-10 3.42134e-15 -1.68248e-14 1.42367e-10
894 1.99 350 0 7.01212e-10 1.45232e-14 3.80321e-10 1.2696e-14 1.36722e-14 -6.30099e-10 -2.91307e-10 -1.81345e-14 2.47242e-10 2.96943e-15 -1.40688e-14 1.34893e-10
894 2 350 0 6.7852e-10 1.32923e-14 3.66289e-10 1.00666e-14 1.30357e-14 -6.10111e-10 -2.77982e-10 -1.29144e-14 2.39067e-10 1.92897e-15 -9.29427e-15 1.27838e-10
