894 0 410 0 -5.39086e-09 -1.27364e-08 2.10109e-08 1.50602e-08 0 0 0 0 0 0 2.55164e-08 1.47057e-08
894 0.01 410 0 -5.39751e-09 -1.27336e-08 2.10142e-08 1.50504e-08 2.29463e-10 1.88235e-12 -8.33095e-11 -2.16845e-10 -2.47575e-10 -2.04072e-10 2.55195e-08 1.46925e-08
894 0.02 410 0 -5.41749e-09 -1.27251e-08 2.10241e-08 1.50211e-08 4.58626e-10 3.10117e-12 -1.67142e-10 -4.33614e-10 -4.95415e-10 -4.07414e-10 2.55285e-08 1.4653e-08
894 0.03 410 0 -5.45067e-09 -1.27108e-08 2.10406e-08 1.49721e-08 6.87188e-10 2.99342e-12 -2.52018e-10 -6.50234e-10 -7.43781e-10 -6.09298e-10 2.55433e-08 1.45872e-08
894 0.04 410 0 -5.49706e-09 -1.26907e-08 2.10635e-08 1.49035e-08 9.14841e-10 9.01154e-13 -3.3846e-10 -8.66619e-10 -9.92927e-10 -8.0899e-10 2.55638e-08 1.44949e-08
894 0.05 410 0 -5.55683e-09 -1.26637e-08 2.10926e-08 1.48147e-08 1.14127e-09 -3.80678e-12 -4.26992e-10 -1.08264e-09 -1.2431e-09 -1.00577e-09 2.55897e-08 1.4376e-08
894 0.06 410 0 -5.62925e-09 -1.26311e-08 2.11277e-08 1.47065e-08 1.36614e-09 -1.18033e-11 -5.1813e-10 -1.29826e-09 -1.49452e-09 -1.19887e-09 2.56204e-08 1.42305e-08
894 0.07 410 0 -5.71453e-09 -1.2592e-08 2.11684e-08 1.45785e-08 1.58911e-09 -2.37082e-11 -6.12398e-10 -1.51333e-09 -1.74741e-09 -1.38756e-09 2.56556e-08 1.40582e-08
894 0.08 410 0 -5.8125e-09 -1.25458e-08 2.12145e-08 1.44304e-08 1.80981e-09 -4.01367e-11 -7.1032e-10 -1.72772e-09 -2.00194e-09 -1.57109e-09 2.56947e-08 1.3859e-08
894 0.09 410 0 -5.92313e-09 -1.24914e-08 2.12654e-08 1.42615e-08 2.02787e-09 -6.16531e-11 -8.12407e-10 -1.94119e-09 -2.25829e-09 -1.74873e-09 2.57371e-08 1.36326e-08
894 0.1 410 0 -6.04574e-09 -1.24299e-08 2.13208e-08 1.40728e-08 2.24285e-09 -8.88973e-11 -9.1918e-10 -2.1537e-09 -2.51657e-09 -1.91966e-09 2.57819e-08 1.33788e-08
894 0.11 410 0 -6.18052e-09 -1.23601e-08 2.13796e-08 1.38636e-08 2.45423e-09 -1.22365e-10 -1.03114e-09 -2.365e-09 -2.77688e-09 -2.08311e-09 2.58289e-08 1.30976e-08
894 0.12 410 0 -6.32684e-09 -1.22805e-08 2.14422e-08 1.36331e-08 2.66176e-09 -1.62613e-10 -1.14882e-09 -2.57472e-09 -3.03931e-09 -2.23839e-09 2.58761e-08 1.27885e-08
894 0.13 410 0 -6.48409e-09 -1.21922e-08 2.15073e-08 1.33823e-08 2.86483e-09 -2.10188e-10 -1.27269e-09 -2.78278e-09 -3.30383e-09 -2.38463e-09 2.59229e-08 1.24515e-08
894 0.14 410 0 -6.65241e-09 -1.20928e-08 2.15744e-08 1.31099e-08 3.06292e-09 -2.65469e-10 -1.40328e-09 -2.98868e-09 -3.57045e-09 -2.5211e-09 2.59683e-08 1.20862e-08
894 0.15 410 0 -6.83066e-09 -1.19834e-08 2.16425e-08 1.28168e-08 3.25546e-09 -3.28992e-10 -1.54104e-09 -3.19228e-09 -3.83905e-09 -2.64695e-09 2.60108e-08 1.16927e-08
894 0.16 410 0 -7.01911e-09 -1.18616e-08 2.17105e-08 1.25016e-08 3.44174e-09 -4.00979e-10 -1.68643e-09 -3.393e-09 -4.10952e-09 -2.76141e-09 2.60496e-08 1.12707e-08
894 0.17 410 0 -7.21617e-09 -1.17282e-08 2.17781e-08 1.21654e-08 3.62137e-09 -4.81992e-10 -1.83994e-09 -3.59059e-09 -4.38164e-09 -2.86368e-09 2.60823e-08 1.08199e-08
894 0.18 410 0 -7.42182e-09 -1.15808e-08 2.18441e-08 1.18068e-08 3.7936e-09 -5.72156e-10 -2.002e-09 -3.78434e-09 -4.65518e-09 -2.95303e-09 2.61079e-08 1.03404e-08
894 0.19 410 0 -7.63508e-09 -1.14195e-08 2.19071e-08 1.14262e-08 3.95771e-09 -6.71753e-10 -2.173e-09 -3.9738e-09 -4.92981e-09 -3.02861e-09 2.61245e-08 9.8321e-09
894 0.2 410 0 -7.85513e-09 -1.12442e-08 2.19657e-08 1.10242e-08 4.11271e-09 -7.80979e-10 -2.35329e-09 -4.15862e-09 -5.20504e-09 -3.08953e-09 2.61307e-08 9.29498e-09
894 0.21 410 0 -8.08086e-09 -1.10524e-08 2.20195e-08 1.05994e-08 4.25832e-09 -8.9994e-10 -2.54327e-09 -4.3378e-09 -5.48053e-09 -3.13525e-09 2.61238e-08 8.72921e-09
894 0.22 410 0 -8.31129e-09 -1.08442e-08 2.20666e-08 1.01524e-08 4.3935e-09 -1.02865e-09 -2.74324e-09 -4.51076e-09 -5.75563e-09 -3.1649e-09 2.61021e-08 8.13483e-09
894 0.23 410 0 -8.5455e-09 -1.06187e-08 2.21053e-08 9.68311e-09 4.51721e-09 -1.16702e-09 -2.95339e-09 -4.67683e-09 -6.02969e-09 -3.17771e-09 2.60639e-08 7.51226e-09
894 0.24 410 0 -8.78161e-09 -1.03759e-08 2.21346e-08 9.19222e-09 4.62898e-09 -1.31518e-09 -3.17395e-09 -4.8353e-09 -6.30198e-09 -3.17301e-09 2.60057e-08 6.86169e-09
894 0.25 410 0 -9.01907e-09 -1.01132e-08 2.21524e-08 8.67859e-09 4.72757e-09 -1.47253e-09 -3.40509e-09 -4.98495e-09 -6.5717e-09 -3.15015e-09 2.59263e-08 6.1837e-09
894 0.26 410 0 -9.25566e-09 -9.831e-09 2.21578e-08 8.14308e-09 4.81255e-09 -1.6391e-09 -3.64691e-09 -5.12503e-09 -6.83794e-09 -3.10857e-09 2.58222e-08 5.47905e-09
894 0.27 410 0 -9.49e-09 -9.52842e-09 2.21484e-08 7.58586e-09 4.88279e-09 -1.81436e-09 -3.89932e-09 -5.25452e-09 -7.09966e-09 -3.04766e-09 2.56911e-08 4.74844e-09
894 0.28 410 0 -9.72061e-09 -9.20478e-09 2.21219e-08 7.0073e-09 4.9371e-09 -1.9977e-09 -4.16222e-09 -5.37244e-09 -7.3557e-09 -2.96683e-09 2.55307e-08 3.99293e-09
894 0.29 410 0 -9.94508e-09 -8.85965e-09 2.20773e-08 6.40788e-09 4.97516e-09 -2.18877e-09 -4.43546e-09 -5.47766e-09 -7.60492e-09 -2.86577e-09 2.53373e-08 3.2138e-09
894 0.3 410 0 -1.01619e-08 -8.4924e-09 2.20115e-08 5.78807e-09 4.9955e-09 -2.38653e-09 -4.71866e-09 -5.569e-09 -7.8459e-09 -2.74401e-09 2.51087e-08 2.41225e-09
894 0.31 410 0 -1.03697e-08 -8.10359e-09 2.1923e-08 5.14819e-09 4.99758e-09 -2.5908e-09 -5.01157e-09 -5.6453e-09 -8.07755e-09 -2.60131e-09 2.48416e-08 1.58982e-09
894 0.32 410 0 -1.05666e-08 -7.69002e-09 2.18038e-08 4.487e-09 4.97807e-09 -2.79971e-09 -5.31276e-09 -5.70396e-09 -8.2966e-09 -2.43647e-09 2.45293e-08 7.45524e-10
894 0.33 410 0 -1.07491e-08 -7.25347e-09 2.16566e-08 3.80824e-09 4.93855e-09 -3.01262e-09 -5.622e-09 -5.74495e-09 -8.50278e-09 -2.25042e-09 2.41707e-08 -1.15325e-10
894 0.34 410 0 -1.09136e-08 -6.79387e-09 2.14812e-08 3.11381e-09 4.87912e-09 -3.22781e-09 -5.93872e-09 -5.76751e-09 -8.69491e-09 -2.04383e-09 2.3766e-08 -9.88375e-10
894 0.35 410 0 -1.10578e-08 -6.31273e-09 2.12736e-08 2.40561e-09 4.79859e-09 -3.44444e-09 -6.2616e-09 -5.77057e-09 -8.87073e-09 -1.81654e-09 2.331e-08 -1.87184e-09
894 0.36 410 0 -1.11792e-08 -5.80974e-09 2.10312e-08 1.68425e-09 4.69654e-09 -3.66115e-09 -6.58942e-09 -5.75245e-09 -9.02839e-09 -1.56894e-09 2.27989e-08 -2.76282e-09
894 0.37 410 0 -1.12752e-08 -5.28544e-09 2.07505e-08 9.51624e-10 4.57184e-09 -3.87596e-09 -6.92069e-09 -5.71204e-09 -9.16581e-09 -1.30148e-09 2.22305e-08 -3.65774e-09
894 0.38 410 0 -1.13421e-08 -4.74043e-09 2.04302e-08 2.09463e-10 4.42515e-09 -4.08717e-09 -7.25393e-09 -5.64798e-09 -9.28128e-09 -1.01529e-09 2.16019e-08 -4.55204e-09
894 0.39 410 0 -1.13773e-08 -4.17724e-09 2.00669e-08 -5.38664e-10 4.2559e-09 -4.2936e-09 -7.58703e-09 -5.5598e-09 -9.37244e-09 -7.11023e-10 2.09088e-08 -5.44182e-09
894 0.4 410 0 -1.1378e-08 -3.59668e-09 1.96573e-08 -1.29064e-09 4.0635e-09 -4.49279e-09 -7.9179e-09 -5.44636e-09 -9.43714e-09 -3.89882e-10 2.01496e-08 -6.32203e-09
894 0.41 410 0 -1.13407e-08 -3e-09 1.91991e-08 -2.04417e-09 3.84867e-09 -4.68273e-09 -8.24433e-09 -5.30638e-09 -9.47345e-09 -5.34162e-11 1.93214e-08 -7.18733e-09
894 0.42 410 0 -1.12624e-08 -2.39089e-09 1.86895e-08 -2.79417e-09 3.61135e-09 -4.86183e-09 -8.56351e-09 -5.14022e-09 -9.47897e-09 2.96808e-10 1.84214e-08 -8.03182e-09
894 0.43 410 0 -1.114e-08 -1.77065e-09 1.81261e-08 -3.53835e-09 3.35245e-09 -5.02758e-09 -8.8729e-09 -4.94667e-09 -9.45185e-09 6.58742e-10 1.74479e-08 -8.84914e-09
894 0.44 410 0 -1.09704e-08 -1.14369e-09 1.75059e-08 -4.27076e-09 3.07229e-09 -5.1783e-09 -9.16914e-09 -4.72658e-09 -9.38974e-09 1.03024e-09 1.63989e-08 -9.63237e-09
894 0.45 410 0 -1.07513e-08 -5.1283e-10 1.68278e-08 -4.98869e-09 2.77257e-09 -5.31208e-09 -9.44964e-09 -4.47928e-09 -9.29136e-09 1.40871e-09 1.52739e-08 -1.03745e-08
894 0.46 410 0 -1.04785e-08 1.18064e-10 1.60876e-08 -5.6844e-09 2.45345e-09 -5.4259e-09 -9.70989e-09 -4.20637e-09 -9.15353e-09 1.79135e-09 1.40708e-08 -1.10669e-08
894 0.47 410 0 -1.01498e-08 7.45104e-10 1.52843e-08 -6.3542e-09 2.11716e-09 -5.51796e-09 -9.94685e-09 -3.90794e-09 -8.97521e-09 2.17497e-09 1.27903e-08 -1.17016e-08
894 0.48 410 0 -9.763e-09 1.36283e-09 1.44162e-08 -6.99096e-09 1.76514e-09 -5.58642e-09 -1.01566e-08 -3.58599e-09 -8.75458e-09 2.55613e-09 1.14326e-08 -1.22695e-08
894 0.49 410 0 -9.31582e-09 1.96593e-09 1.34816e-08 -7.58779e-09 1.39933e-09 -5.62934e-09 -1.03351e-08 -3.24255e-09 -8.49018e-09 2.93102e-09 9.99879e-09 -1.27614e-08
894 0.5 410 0 -8.80625e-09 2.54842e-09 1.24799e-08 -8.1373e-09 1.02196e-09 -5.6447e-09 -1.04783e-08 -2.88036e-09 -8.18086e-09 3.29535e-09 8.49167e-09 -1.31674e-08
894 0.51 410 0 -8.23351e-09 3.10382e-09 1.14098e-08 -8.63032e-09 6.3508e-10 -5.63147e-09 -1.05821e-08 -2.50321e-09 -7.82522e-09 3.64492e-09 6.91212e-09 -1.34771e-08
894 0.52 410 0 -7.59595e-09 3.62613e-09 1.0272e-08 -9.06003e-09 2.42079e-10 -5.58761e-09 -1.06426e-08 -2.11402e-09 -7.42298e-09 3.97474e-09 5.26539e-09 -1.368e-08
894 0.53 410 0 -6.89333e-09 4.10749e-09 9.06698e-09 -9.41608e-09 -1.5445e-10 -5.51212e-09 -1.06559e-08 -1.71826e-09 -6.97366e-09 4.27962e-09 3.55623e-09 -1.3765e-08
894 0.54 410 0 -6.12596e-09 4.54039e-09 7.79567e-09 -9.68851e-09 -5.51851e-10 -5.40352e-09 -1.06181e-08 -1.32141e-09 -6.47724e-09 4.55405e-09 1.79109e-09 -1.3721e-08
894 0.55 410 0 -5.29541e-09 4.91682e-09 6.46087e-09 -9.8677e-09 -9.46377e-10 -5.26186e-09 -1.05263e-08 -9.29307e-10 -5.93459e-09 4.79255e-09 -2.30275e-11 -1.35371e-08
894 0.56 410 0 -4.40142e-09 5.22711e-09 5.06656e-09 -9.93963e-09 -1.33401e-09 -5.08665e-09 -1.03771e-08 -5.51381e-10 -5.34615e-09 4.98816e-09 -1.8772e-09 -1.32004e-08
894 0.57 410 0 -3.44752e-09 5.46289e-09 3.61641e-09 -9.89363e-09 -1.712e-09 -4.87727e-09 -1.01681e-08 -1.95065e-10 -4.71372e-09 5.13466e-09 -3.76036e-09 -1.27001e-08
894 0.58 410 0 -2.43697e-09 5.61447e-09 2.11726e-09 -9.71681e-09 -2.07572e-09 -4.63495e-09 -9.89823e-09 1.29832e-10 -4.03962e-09 5.22529e-09 -5.6611e-09 -1.20247e-08
894 0.59 410 0 -1.37404e-09 5.67254e-09 5.75712e-10 -9.39676e-09 -2.42191e-09 -4.35961e-09 -9.5666e-09 4.13411e-10 -3.32676e-09 5.25296e-09 -7.56451e-09 -1.11635e-08
894 0.6 410 0 -2.64824e-10 5.6263e-09 -9.98191e-10 -8.91787e-09 -2.7469e-09 -4.05303e-09 -9.17398e-09 6.42545e-10 -2.57877e-09 5.21003e-09 -9.45528e-09 -1.01055e-08
894 0.61 410 0 8.84359e-10 5.46615e-09 -2.59346e-09 -8.26739e-09 -3.04621e-09 -3.71668e-09 -8.72232e-09 8.05689e-10 -1.80037e-09 5.08914e-09 -1.13154e-08 -8.84106e-09
894 0.62 410 0 2.06496e-09 5.18136e-09 -4.19595e-09 -7.42945e-09 -3.31624e-09 -3.35306e-09 -8.21566e-09 8.88021e-10 -9.96947e-10 4.8824e-09 -1.31252e-08 -7.36092e-09
894 0.63 410 0 3.26594e-09 4.76169e-09 -5.79033e-09 -6.38937e-09 -3.55482e-09 -2.96386e-09 -7.65951e-09 8.74991e-10 -1.75473e-10 4.58171e-09 -1.48617e-08 -5.65801e-09
894 0.64 410 0 4.47846e-09 4.19642e-09 -7.35633e-09 -5.1327e-09 -3.75615e-09 -2.55304e-09 -7.06226e-09 7.50715e-10 6.56395e-10 4.17881e-09 -1.64999e-08 -3.72485e-09
894 0.65 410 0 5.68799e-09 3.47533e-09 -8.87158e-09 -3.64482e-09 -3.91775e-09 -2.1242e-09 -6.43498e-09 4.98692e-10 1.48909e-09 3.66564e-09 -1.80127e-08 -1.55772e-09
894 0.66 410 0 6.87925e-09 2.58891e-09 -1.03106e-08 -1.91171e-09 -4.03735e-09 -1.68071e-09 -5.79158e-09 1.02181e-10 2.31201e-09 3.03407e-09 -1.93702e-08 8.4568e-10
894 0.67 410 0 8.03527e-09 1.52778e-09 -1.16425e-08 7.92669e-11 -4.11124e-09 -1.22814e-09 -5.15031e-09 -4.55975e-10 3.11274e-09 2.27661e-09 -2.05404e-08 3.48468e-09
894 0.68 410 0 9.13547e-09 2.83353e-10 -1.28327e-08 2.33975e-09 -4.13837e-09 -7.70608e-10 -4.53303e-09 -1.19306e-09 3.87644e-09 1.38512e-09 -2.14878e-08 6.35535e-09
894 0.69 410 0 1.01584e-08 -1.15194e-09 -1.38413e-08 4.87845e-09 -4.11603e-09 -3.14806e-10 -3.96675e-09 -2.12507e-09 4.58712e-09 3.53141e-10 -2.21756e-08 9.4501e-09
894 0.7 410 0 1.10771e-08 -2.78419e-09 -1.46244e-08 7.70137e-09 -4.04529e-09 1.34574e-10 -3.48301e-09 -3.26659e-09 5.22513e-09 -8.26229e-10 -2.25632e-08 1.27562e-08
894 0.71 410 0 1.18648e-08 -4.61926e-09 -1.51298e-08 1.08103e-08 -3.92405e-09 5.68749e-10 -3.12037e-09 -4.63133e-09 5.76876e-09 -2.15837e-09 -2.26083e-08 1.62565e-08
894 0.72 410 0 1.24895e-08 -6.65761e-09 -1.53013e-08 1.42007e-08 -3.75291e-09 9.82548e-10 -2.92283e-09 -6.22697e-09 6.19337e-09 -3.64615e-09 -2.22674e-08 1.99254e-08
894 0.73 410 0 1.2916e-08 -8.89689e-09 -1.50752e-08 1.78615e-08 -3.53236e-09 1.37049e-09 -2.94218e-09 -8.05718e-09 6.47115e-09 -5.29068e-09 -2.14957e-08 2.37309e-08
894 0.74 410 0 1.31062e-08 -1.1332e-08 -1.43822e-08 2.17723e-08 -3.26429e-09 1.72548e-09 -3.23636e-09 -1.01192e-08 6.57065e-09 -7.09057e-09 -2.02477e-08 2.76329e-08
894 0.75 410 0 1.30177e-08 -1.3953e-08 -1.31456e-08 2.59029e-08 -2.95087e-09 2.04046e-09 -3.87202e-09 -1.24022e-08 6.45699e-09 -9.04072e-09 -1.84787e-08 3.1582e-08
894 0.76 410 0 1.26041e-08 -1.67442e-08 -1.12844e-08 3.02094e-08 -2.59597e-09 2.30861e-09 -4.9214e-09 -1.48841e-08 6.09149e-09 -1.11317e-08 -1.6147e-08 3.55183e-08
894 0.77 410 0 1.18172e-08 -1.96827e-08 -8.70948e-09 3.46301e-08 -2.20246e-09 2.52233e-09 -6.46729e-09 -1.75294e-08 5.4307e-09 -1.3348e-08 -1.32119e-08 3.93704e-08
894 0.78 410 0 1.0603e-08 -2.27379e-08 -5.33199e-09 3.90846e-08 -1.77646e-09 2.6738e-09 -8.59489e-09 -2.02851e-08 4.42782e-09 -1.56673e-08 -9.6414e-09 4.30538e-08
894 0.79 410 0 8.90581e-09 -2.58682e-08 -1.06132e-09 4.3468e-08 -1.32465e-09 2.75565e-09 -1.13945e-08 -2.30768e-08 3.03189e-09 -1.80583e-08 -5.41113e-09 4.6471e-08
894 0.8 410 0 6.66762e-09 -2.90188e-08 4.19145e-09 4.76481e-08 -8.53458e-10 2.76161e-09 -1.49592e-08 -2.58047e-08 1.18859e-09 -2.04778e-08 -5.08906e-10 4.95105e-08
894 0.81 410 0 3.82934e-09 -3.21207e-08 1.05054e-08 5.14606e-08 -3.72214e-10 2.68507e-09 -1.93767e-08 -2.83391e-08 -1.15876e-09 -2.28699e-08 5.06093e-09 5.20475e-08
894 0.82 410 0 3.33259e-10 -3.50895e-08 1.79486e-08 5.4705e-08 1.10108e-10 2.51692e-09 -2.4731e-08 -3.05162e-08 -4.068e-09 -2.51627e-08 1.12744e-08 5.39448e-08
894 0.83 410 0 -3.87565e-09 -3.78186e-08 2.65623e-08 5.71416e-08 5.81039e-10 2.25084e-09 -3.10852e-08 -3.21319e-08 -7.5961e-09 -2.72639e-08 1.80809e-08 5.50548e-08
894 0.84 410 0 -8.84656e-09 -4.0179e-08 3.63551e-08 5.84886e-08 1.02865e-09 1.8797e-09 -3.84777e-08 -3.29396e-08 -1.17963e-08 -2.90595e-08 2.53978e-08 5.52235e-08
894 0.85 410 0 -1.46182e-08 -4.20149e-08 4.72871e-08 5.84214e-08 1.43696e-09 1.39608e-09 -4.69068e-08 -3.26467e-08 -1.67154e-08 -3.04066e-08 3.31076e-08 5.4296e-08
894 0.86 410 0 -2.12159e-08 -4.31398e-08 5.92531e-08 5.65757e-08 1.78877e-09 7.93217e-10 -5.63135e-08 -3.09165e-08 -2.23875e-08 -3.11326e-08 4.10482e-08 5.21239e-08
894 0.87 410 0 -2.86538e-08 -4.33583e-08 7.19969e-08 5.24593e-08 2.03177e-09 8.06982e-11 -6.65046e-08 -2.72782e-08 -2.88263e-08 -3.10465e-08 4.90124e-08 4.8606e-08
894 0.88 410 0 -3.68705e-08 -4.23378e-08 8.52869e-08 4.57463e-08 2.2083e-09 -7.83416e-10 -7.72953e-08 -2.14041e-08 -3.60094e-08 -2.98432e-08 5.67622e-08 4.36054e-08
894 0.89 410 0 -4.58151e-08 -3.97988e-08 9.8683e-08 3.60277e-08 2.2636e-09 -1.80806e-09 -8.83149e-08 -1.28955e-08 -4.39009e-08 -2.72364e-08 6.3997e-08 3.70636e-08
894 0.9 410 0 -5.53973e-08 -3.53813e-08 1.11602e-07 2.28986e-08 2.11941e-09 -3.01505e-09 -9.90556e-08 -1.33521e-09 -5.24225e-08 -2.2853e-08 7.03801e-08 2.89732e-08
894 0.91 410 0 -6.54375e-08 -2.85888e-08 1.23274e-07 5.97078e-09 1.67368e-09 -4.41692e-09 -1.0882e-07 1.37005e-08 -6.13966e-08 -1.61887e-08 7.55379e-08 1.94084e-08
894 0.92 410 0 -7.56171e-08 -1.87613e-08 1.32728e-07 -1.5008e-08 8.33572e-10 -6.02744e-09 -1.16702e-07 3.25123e-08 -7.05159e-08 -6.57579e-09 7.90755e-08 8.52873e-09
894 0.93 410 0 -8.53996e-08 -4.97868e-09 1.38773e-07 -4.01108e-08 -5.89737e-10 -7.84913e-09 -1.21565e-07 5.52351e-08 -7.92372e-08 6.92271e-09 8.05979e-08 -3.40399e-09
894 0.94 410 0 -9.3739e-08 1.41335e-08 1.40008e-07 -6.91401e-08 -2.91856e-09 -9.83333e-09 -1.22059e-07 8.17447e-08 -8.64856e-08 2.56981e-08 7.97279e-08 -1.6015e-08
894 0.95 410 0 -9.83116e-08 4.06669e-08 1.3493e-07 -1.01506e-07 -6.72002e-09 -1.17528e-08 -1.16723e-07 1.11533e-07 -8.98706e-08 5.18432e-08 7.61244e-08 -2.88047e-08
894 0.96 410 0 -9.33137e-08 7.72885e-08 1.22362e-07 -1.36269e-07 -1.29603e-08 -1.27663e-08 -1.04439e-07 1.43763e-07 -8.34562e-08 8.79653e-08 6.95026e-08 -4.11316e-08
894 0.97 410 0 -6.38811e-08 1.23064e-07 1.02547e-07 -1.73652e-07 -2.26376e-08 -1.00092e-08 -8.55549e-08 1.78855e-07 -5.21911e-08 1.32844e-07 5.9663e-08 -5.21688e-08
894 0.98 410 0 1.38639e-08 1.48711e-07 7.43476e-08 -2.24042e-07 -3.20052e-08 3.36714e-09 -5.88746e-08 2.27767e-07 2.75932e-08 1.56381e-07 4.65951e-08 -6.08813e-08
894 0.99 410 0 9.30145e-08 8.35735e-08 -6.35812e-09 -3.13137e-07 -2.36655e-08 2.38611e-08 2.10438e-08 3.16619e-07 1.07272e-07 8.78526e-08 3.02792e-08 -6.6364e-08
894 1 410 0 6.16506e-08 1.19997e-09 -5.86391e-06 -2.15545e-07 -6.2311e-11 2.81941e-08 5.88334e-06 2.15549e-07 7.82575e-08 1.21224e-09 3.59991e-11 -7.82789e-08
894 1.01 410 0 3.20173e-08 5.22266e-10 -1.4896e-07 7.81795e-10 7.39999e-11 1.37446e-08 1.6145e-07 -8.21493e-10 4.2486e-08 4.87552e-10 -1.36348e-10 -4.43195e-08
894 1.02 410 0 2.0684e-08 3.36924e-10 -9.69641e-08 6.04788e-10 8.33091e-11 1.07844e-08 1.08165e-07 -6.46437e-10 2.99156e-08 2.96226e-10 -1.42769e-10 -3.67169e-08
894 1.03 410 0 1.43504e-08 2.49525e-10 -7.27602e-08 5.05242e-10 8.51071e-11 9.20815e-09 8.30711e-08 -5.48578e-10 2.27925e-08 2.05182e-10 -1.45019e-10 -3.19153e-08
894 1.04 410 0 1.02791e-08 2.00439e-10 -5.84392e-08 4.40573e-10 8.5396e-11 8.23e-09 6.80679e-08 -4.85535e-10 1.81583e-08 1.53244e-10 -1.46156e-10 -2.8493e-08
894 1.05 410 0 7.44202e-09 1.70202e-10 -4.89396e-08 3.95729e-10 8.57521e-11 7.57627e-09 5.80218e-08 -4.42398e-10 1.49002e-08 1.20313e-10 -1.47277e-10 -2.59053e-08
894 1.06 410 0 5.35268e-09 1.50623e-10 -4.21971e-08 3.63247e-10 8.6185e-11 7.12324e-09 5.08318e-08 -4.11657e-10 1.24892e-08 9.82249e-11 -1.48624e-10 -2.38796e-08
894 1.07 410 0 3.7481e-09 1.37624e-10 -3.71945e-08 3.39559e-10 8.71319e-11 6.80569e-09 4.54587e-08 -3.89885e-10 1.06381e-08 8.25822e-11 -1.50586e-10 -2.22593e-08
894 1.08 410 0 2.47281e-09 1.2908e-10 -3.33682e-08 3.22603e-10 8.88284e-11 6.58625e-09 4.13248e-08 -3.75133e-10 9.17621e-09 7.10407e-11 -1.53444e-10 -2.09468e-08
894 1.09 410 0 1.42831e-09 1.23694e-10 -3.03804e-08 3.10674e-10 9.10125e-11 6.44288e-09 3.80831e-08 -3.65663e-10 7.99592e-09 6.24365e-11 -1.57145e-10 -1.9878e-08
894 1.1 410 0 5.48925e-10 1.20786e-10 -2.80159e-08 3.032e-10 9.39793e-11 6.36157e-09 3.55121e-08 -3.61052e-10 7.02542e-09 5.58314e-11 -1.62013e-10 -1.9009e-08
894 1.11 410 0 -2.11375e-10 1.20013e-10 -2.61324e-08 2.99867e-10 9.79682e-11 6.33389e-09 3.34653e-08 -3.61134e-10 6.21516e-09 5.06585e-11 -1.68361e-10 -1.83096e-08
894 1.12 410 0 -8.8658e-10 1.21061e-10 -2.46337e-08 3.00129e-10 1.02838e-10 6.3556e-09 3.18444e-08 -3.6538e-10 5.52988e-09 4.667e-11 -1.76228e-10 -1.77598e-08
894 1.13 410 0 -1.50279e-09 1.23954e-10 -2.34535e-08 3.04227e-10 1.08955e-10 6.42496e-09 3.0582e-08 -3.74251e-10 4.94359e-09 4.35712e-11 -1.86094e-10 -1.73463e-08
894 1.14 410 0 -2.08128e-09 1.28887e-10 -2.25465e-08 3.12675e-10 1.16763e-10 6.54274e-09 2.96337e-08 -3.88538e-10 4.43677e-09 4.11681e-11 -1.98598e-10 -1.70619e-08
894 1.15 410 0 -2.641e-09 1.35954e-10 -2.18846e-08 3.25625e-10 1.26367e-10 6.71278e-09 2.89736e-08 -4.08566e-10 3.99454e-09 3.9432e-11 -2.14117e-10 -1.69057e-08
894 1.16 410 0 -3.19969e-09 1.45692e-10 -2.1452e-08 3.44249e-10 1.38504e-10 6.94131e-09 2.85903e-08 -4.35984e-10 3.60513e-09 3.82626e-11 -2.33751e-10 -1.68819e-08
894 1.17 410 0 -3.7758e-09 1.58908e-10 -2.1246e-08 3.70204e-10 1.54146e-10 7.23823e-09 2.84876e-08 -4.73101e-10 3.2591e-09 3.76246e-11 -2.59002e-10 -1.70017e-08
894 1.18 410 0 -4.39067e-09 1.76514e-10 -2.12775e-08 4.05332e-10 1.7425e-10 7.61882e-09 2.86868e-08 -5.22504e-10 2.94873e-09 3.7583e-11 -2.91583e-10 -1.72855e-08
894 1.19 410 0 -5.07047e-09 2.00477e-10 -2.15732e-08 4.53665e-10 2.01057e-10 8.10509e-09 2.92297e-08 -5.89724e-10 2.66735e-09 3.81726e-11 -3.34965e-10 -1.77652e-08
894 1.2 410 0 -5.85109e-09 2.33356e-10 -2.21837e-08 5.20372e-10 2.37285e-10 8.73106e-09 3.01906e-08 -6.81906e-10 2.409e-09 3.95798e-11 -3.93703e-10 -1.84923e-08
894 1.21 410 0 -6.78412e-09 2.80305e-10 -2.31945e-08 6.15933e-10 2.88613e-10 9.54868e-09 3.16911e-08 -8.1343e-10 2.16783e-09 4.20414e-11 -4.76807e-10 -1.95477e-08
894 1.22 410 0 -7.95124e-09 3.49651e-10 -2.47531e-08 7.5716e-10 3.63995e-10 1.06437e-08 3.39385e-08 -1.00745e-09 1.93748e-09 4.60886e-11 -5.98901e-10 -2.10664e-08
894 1.23 410 0 -9.49059e-09 4.58738e-10 -2.71209e-08 9.79051e-10 4.82285e-10 1.21639e-08 3.72978e-08 -1.31212e-09 1.70977e-09 5.26737e-11 -7.90302e-10 -2.32836e-08
894 1.24 410 0 -1.16606e-08 6.45762e-10 -3.07987e-08 1.3584e-09 6.84955e-10 1.4389e-08 4.24659e-08 -1.83322e-09 1.47208e-09 6.38659e-11 -1.11774e-09 -2.6646e-08
894 1.25 410 0 -1.50132e-08 1.00803e-09 -3.68681e-08 2.09029e-09 1.07762e-09 1.79197e-08 5.09455e-08 -2.8399e-09 1.2004e-09 8.48126e-11 -1.75142e-09 -3.21144e-08
894 1.26 410 0 -2.0971e-08 1.87246e-09 -4.81297e-08 3.82796e-09 2.01579e-09 2.43073e-08 6.66266e-08 -5.23439e-09 8.36044e-10 1.3179e-10 -3.26282e-09 -4.21738e-08
894 1.27 410 0 -3.46445e-08 4.94043e-09 -7.4662e-08 9.95852e-09 5.35148e-09 3.91316e-08 1.03504e-07 -1.37023e-08 1.7378e-10 2.84889e-10 -8.6272e-09 -6.5763e-08
894 1.28 410 0 -9.30379e-08 3.96916e-08 -1.89385e-07 7.88945e-08 4.32282e-08 1.02819e-07 2.62887e-07 -1.09206e-07 -2.22651e-09 1.82207e-09 -6.94071e-08 -1.67634e-07
894 1.29 410 0 8.49844e-08 3.05848e-08 1.62541e-07 5.99587e-08 3.34694e-08 -9.16261e-08 -2.25595e-07 -8.34758e-08 4.88336e-09 1.0713e-09 -5.35251e-08 1.44143e-07
894 1.3 410 0 3.24749e-08 3.89775e-09 5.90377e-08 7.53592e-09 4.28272e-09 -3.44073e-08 -8.19843e-08 -1.055e-08 2.60933e-09 9.80952e-11 -6.82111e-09 5.25329e-08
894 1.31 410 0 1.95801e-08 1.37013e-09 3.38788e-08 2.61281e-09 1.51067e-09 -2.04057e-08 -4.70476e-08 -3.67746e-09 1.99969e-09 2.21674e-11 -2.39631e-09 3.02164e-08
894 1.32 410 0 1.38734e-08 6.72e-10 2.29012e-08 1.26403e-09 7.43077e-10 -1.42434e-08 -3.17924e-08 -1.78827e-09 1.69185e-09 5.40935e-12 -1.17388e-09 2.04592e-08
894 1.33 410 0 1.06581e-08 3.89678e-10 1.68234e-08 7.2304e-10 4.31896e-10 -1.07949e-08 -2.33397e-08 -1.028e-09 1.49167e-09 3.09978e-13 -6.79507e-10 1.50452e-08
894 1.34 410 0 8.59373e-09 2.49756e-10 1.29989e-08 4.57123e-10 2.77311e-10 -8.59782e-09 -1.80165e-08 -6.53042e-10 1.3436e-09 -1.4011e-12 -4.34485e-10 1.16304e-08
894 1.35 410 0 7.15518e-09 1.71317e-10 1.03919e-08 3.09319e-10 1.90458e-10 -7.07933e-09 -1.43852e-08 -4.43929e-10 1.22572e-09 -1.91194e-12 -2.97181e-10 9.29725e-09
894 1.36 410 0 6.09473e-09 1.23349e-10 8.51495e-09 2.19697e-10 1.37231e-10 -5.96952e-09 -1.17688e-08 -3.16709e-10 1.12747e-09 -1.95657e-12 -2.13248e-10 7.61358e-09
894 1.37 410 0 5.28038e-09 9.20823e-11 7.10863e-09 1.61779e-10 1.02467e-10 -5.12466e-09 -9.8073e-09 -2.34217e-10 1.04311e-09 -1.81273e-12 -1.58565e-10 6.34935e-09
894 1.38 410 0 4.63533e-09 7.07673e-11 6.02262e-09 1.22645e-10 7.87236e-11 -4.46127e-09 -8.29179e-09 -1.78297e-10 9.69181e-10 -1.6023e-12 -1.21327e-10 5.3711e-09
894 1.39 410 0 4.1118e-09 5.56628e-11 5.16376e-09 9.51566e-11 6.18673e-11 -3.92749e-09 -7.09279e-09 -1.38891e-10 9.03431e-10 -1.37411e-12 -9.49676e-11 4.59606e-09
894 1.4 410 0 3.67851e-09 4.46081e-11 4.47134e-09 7.52131e-11 4.9505e-11 -3.48945e-09 -6.12592e-09 -1.10211e-10 8.44323e-10 -1.14555e-12 -7.56946e-11 3.97023e-09
894 1.41 410 0 3.31415e-09 3.63389e-11 3.90422e-09 6.04326e-11 4.02414e-11 -3.12412e-09 -5.33392e-09 -8.88908e-11 7.90751e-10 -9.32406e-13 -6.1306e-11 3.45695e-09
894 1.42 410 0 3.00364e-09 3.00106e-11 3.4335e-09 4.9223e-11 3.3136e-11 -2.81524e-09 -4.67658e-09 -7.26744e-11 7.41882e-10 -7.32837e-13 -5.03139e-11 3.03046e-09
894 1.43 410 0 2.73601e-09 2.50723e-11 3.03831e-09 4.05527e-11 2.75724e-11 -2.55107e-09 -4.12485e-09 -6.00982e-11 6.97076e-10 -5.41093e-13 -4.175e-11 2.67211e-09
894 1.44 410 0 2.50313e-09 2.11692e-11 2.7033e-09 3.37657e-11 2.31591e-11 -2.32288e-09 -3.6573e-09 -5.02302e-11 6.55823e-10 -3.59924e-13 -3.50007e-11 2.36816e-09
894 1.45 410 0 2.29879e-09 1.80371e-11 2.41686e-09 2.83698e-11 1.95942e-11 -2.12407e-09 -3.25776e-09 -4.2371e-11 6.17708e-10 -1.78505e-13 -2.95985e-11 2.10822e-09
894 1.46 410 0 2.1182e-09 1.54945e-11 2.1701e-09 2.40301e-11 1.66681e-11 -1.94955e-09 -2.91381e-09 -3.60452e-11 5.82383e-10 1.41196e-14 -2.52252e-11 1.88429e-09
894 1.47 410 0 1.95757e-09 1.34068e-11 1.9561e-09 2.05005e-11 1.42123e-11 -1.79532e-09 -2.61579e-09 -3.09086e-11 5.49558e-10 2.41751e-13 -2.16455e-11 1.69015e-09
894 1.48 410 0 1.81391e-09 1.16767e-11 1.76939e-09 1.76033e-11 1.20781e-11 -1.65824e-09 -2.35604e-09 -2.67232e-11 5.18973e-10 5.54152e-13 -1.86889e-11 1.52088e-09
894 1.49 410 0 1.68477e-09 1.02304e-11 1.60562e-09 1.52045e-11 1.00582e-11 -1.53577e-09 -2.12847e-09 -2.33499e-11 4.9039e-10 1.1038e-12 -1.62262e-11 1.37254e-09
894 1.5 410 0 1.56817e-09 9.01197e-12 1.46127e-09 1.32032e-11 7.4571e-12 -1.42583e-09 -1.92814e-09 -2.09136e-11 4.6363e-10 2.65786e-12 -1.41596e-11 1.24194e-09
894 1.51 410 0 1.46247e-09 7.98034e-12 1.33347e-09 1.15222e-11 5.27621e-12 -1.31621e-09 -1.75553e-09 -1.88651e-11 4.51271e-10 3.98169e-12 -1.24133e-11 1.12648e-09
894 1.52 410 0 1.3663e-09 7.09562e-12 1.21985e-09 1.00995e-11 9.45169e-12 -1.2345e-09 -1.59494e-09 -1.45337e-11 4.18085e-10 -2.25016e-12 -1.09282e-11 1.02402e-09
894 1.53 410 0 1.27851e-09 6.33679e-12 1.11848e-09 8.88972e-12 7.84041e-12 -1.15361e-09 -1.4547e-09 -1.30538e-11 3.95259e-10 -1.29038e-12 -9.65846e-12 9.32782e-10
894 1.54 410 0 1.19813e-09 5.68115e-12 1.02771e-09 7.85485e-12 6.80355e-12 -1.07935e-09 -1.32961e-09 -1.1636e-11 3.74474e-10 -8.88522e-13 -8.56668e-12 8.51279e-10
894 1.55 410 0 1.12433e-09 5.11187e-12 9.46176e-10 6.96531e-12 6.00712e-12 -1.01133e-09 -1.21755e-09 -1.03716e-11 3.55082e-10 -6.6399e-13 -7.62362e-12 7.78258e-10
894 1.56 410 0 1.05641e-09 4.61508e-12 8.72725e-10 6.19705e-12 5.3542e-12 -9.4892e-10 -1.11686e-09 -9.26013e-12 3.36894e-10 -5.181e-13 -6.80526e-12 7.12661e-10
894 1.57 410 0 9.93754e-10 4.17967e-12 8.0637e-10 5.53059e-12 4.80251e-12 -8.91521e-10 -1.02615e-09 -8.28577e-12 3.19795e-10 -4.14376e-13 -6.0921e-12 6.53586e-10
894 1.58 410 0 9.35825e-10 3.7966e-12 7.46272e-10 4.95028e-12 4.32804e-12 -8.38614e-10 -9.44221e-10 -7.43153e-12 3.03699e-10 -3.35731e-13 -5.46842e-12 6.0026e-10
894 1.59 410 0 8.82163e-10 3.45818e-12 6.91709e-10 4.44335e-12 3.91548e-12 -7.89745e-10 -8.7006e-10 -6.68165e-12 2.8853e-10 -2.73791e-13 -4.92139e-12 5.5202e-10
894 1.6 410 0 8.32363e-10 3.15789e-12 6.42058e-10 3.99804e-12 3.55442e-12 -7.44515e-10 -8.02788e-10 -6.01985e-12 2.74223e-10 -2.24507e-13 -4.43882e-12 5.08293e-10
894 1.61 410 0 7.86067e-10 2.89074e-12 5.96782e-10 3.60608e-12 3.23606e-12 -7.02573e-10 -7.41642e-10 -5.43547e-12 2.60719e-10 -1.83793e-13 -4.01244e-12 4.6858e-10
894 1.62 410 0 7.42961e-10 2.65222e-12 5.55411e-10 3.26011e-12 2.95399e-12 -6.63613e-10 -6.85963e-10 -4.91829e-12 2.47964e-10 -1.49813e-13 -3.63473e-12 4.3245e-10
894 1.63 410 0 7.02766e-10 2.43862e-12 5.17537e-10 2.95349e-12 2.70303e-12 -6.27361e-10 -6.35171e-10 -4.45873e-12 2.35908e-10 -1.21156e-13 -3.29876e-12 3.99525e-10
894 1.64 410 0 6.65231e-10 2.24678e-12 4.82803e-10 2.6813e-12 2.47881e-12 -5.93578e-10 -5.88763e-10 -4.05002e-12 2.24508e-10 -9.66552e-14 -2.99954e-12 3.69473e-10
894 1.65 410 0 6.30136e-10 2.07405e-12 4.50893e-10 2.43889e-12 2.27777e-12 -5.62049e-10 -5.46292e-10 -3.68542e-12 2.13722e-10 -7.54668e-14 -2.73223e-12 3.42003e-10
894 1.66 410 0 5.97282e-10 1.91803e-12 4.21531e-10 2.22233e-12 2.09711e-12 -5.32583e-10 -5.07368e-10 -3.35905e-12 2.03511e-10 -5.73508e-14 -2.49266e-12 3.16858e-10
894 1.67 410 0 5.6649e-10 1.7768e-12 3.94471e-10 2.02862e-12 1.93413e-12 -5.0501e-10 -4.71645e-10 -3.06683e-12 1.9384e-10 -4.15175e-14 -2.27781e-12 2.93811e-10
894 1.68 410 0 5.37599e-10 1.64866e-12 3.69498e-10 1.85489e-12 1.78676e-12 -4.79176e-10 -4.38816e-10 -2.80444e-12 1.84676e-10 -2.76872e-14 -2.08458e-12 2.7266e-10
894 1.69 410 0 5.10464e-10 1.53213e-12 3.46417e-10 1.69875e-12 1.65316e-12 -4.54945e-10 -4.08608e-10 -2.56841e-12 1.75989e-10 -1.55489e-14 -1.91049e-12 2.53225e-10
894 1.7 410 0 4.84954e-10 1.42593e-12 3.25058e-10 1.55815e-12 1.53173e-12 -4.32191e-10 -3.80779e-10 -2.35574e-12 1.67751e-10 -4.82643e-15 -1.75338e-12 2.35349e-10
894 1.71 410 0 4.6095e-10 1.32893e-12 3.05266e-10 1.43132e-12 1.42113e-12 -4.10803e-10 -3.55111e-10 -2.16382e-12 1.59936e-10 4.65104e-15 -1.61137e-12 2.18887e-10
894 1.72 410 0 4.38342e-10 1.24016e-12 2.86905e-10 1.31674e-12 1.32017e-12 -3.90679e-10 -3.31412e-10 -1.9904e-12 1.52519e-10 1.30224e-14 -1.48284e-12 2.03712e-10
894 1.73 410 0 4.17033e-10 1.15877e-12 2.69851e-10 1.21306e-12 1.22783e-12 -3.71726e-10 -3.09508e-10 -1.83349e-12 1.45477e-10 2.04762e-14 -1.36637e-12 1.8971e-10
894 1.74 410 0 3.96931e-10 1.08401e-12 2.53994e-10 1.11916e-12 1.14319e-12 -3.53862e-10 -2.89242e-10 -1.69145e-12 1.38789e-10 2.71284e-14 -1.26076e-12 1.76779e-10
894 1.75 410 0 3.77955e-10 1.01525e-12 2.39234e-10 1.0341e-12 1.06551e-12 -3.37008e-10 -2.70474e-10 -1.56286e-12 1.32436e-10 3.30713e-14 -1.16501e-12 1.64825e-10
894 1.76 410 0 3.60028e-10 9.51829e-13 2.25481e-10 9.57262e-13 9.94116e-13 -3.21095e-10 -2.53078e-10 -1.44671e-12 1.26399e-10 3.83644e-14 -1.0784e-12 1.53766e-10
894 1.77 410 0 3.43081e-10 8.87279e-13 2.12672e-10 8.95689e-13 9.23173e-13 -3.06052e-10 -2.36976e-10 -1.35493e-12 1.20671e-10 4.25727e-14 -1.01188e-12 1.43553e-10
894 1.78 410 0 3.27049e-10 8.30902e-13 2.00703e-10 8.32874e-13 8.61346e-13 -2.91833e-10 -2.22003e-10 -1.26003e-12 1.15215e-10 4.52218e-14 -9.41824e-13 1.34074e-10
894 1.79 410 0 3.11874e-10 7.79154e-13 1.89518e-10 7.74269e-13 8.04978e-13 -2.78381e-10 -2.08087e-10 -1.1711e-12 1.10024e-10 4.70188e-14 -8.75962e-13 1.25281e-10
894 1.8 410 0 2.97503e-10 7.31497e-13 1.79058e-10 7.19851e-13 7.53375e-13 -2.65644e-10 -1.95143e-10 -1.0882e-12 1.05084e-10 4.81889e-14 -8.14406e-13 1.1712e-10
894 1.81 410 0 2.83883e-10 6.87385e-13 1.69266e-10 6.69623e-13 7.05879e-13 -2.53578e-10 -1.83096e-10 -1.01151e-12 1.00382e-10 4.88674e-14 -7.57376e-13 1.09541e-10
894 1.82 410 0 2.70971e-10 6.46518e-13 1.60094e-10 6.23261e-13 6.62099e-13 -2.4214e-10 -1.71876e-10 -9.40584e-13 9.59052e-11 4.91538e-14 -7.04549e-13 1.02498e-10
894 1.83 410 0 2.58721e-10 6.08619e-13 1.51496e-10 5.80463e-13 6.21698e-13 -2.3129e-10 -1.61419e-10 -8.75e-13 9.16425e-11 4.91128e-14 -6.55629e-13 9.59486e-11
894 1.84 410 0 2.47096e-10 5.73435e-13 1.43429e-10 5.40927e-13 5.84369e-13 -2.20994e-10 -1.51667e-10 -8.14326e-13 8.75824e-11 4.87918e-14 -6.1031e-13 8.98549e-11
894 1.85 410 0 2.36057e-10 5.40744e-13 1.35856e-10 5.04393e-13 5.49842e-13 -2.11218e-10 -1.42566e-10 -7.58194e-13 8.37143e-11 4.82419e-14 -5.68334e-13 8.41818e-11
894 1.86 410 0 2.2557e-10 5.10344e-13 1.28741e-10 4.70624e-13 5.17879e-13 -2.01931e-10 -1.34068e-10 -7.0627e-13 8.00283e-11 4.74943e-14 -5.29468e-13 7.88973e-11
894 1.87 410 0 2.15604e-10 4.82059e-13 1.22052e-10 4.39369e-13 4.88262e-13 -1.93104e-10 -1.26129e-10 -6.58184e-13 7.65152e-11 4.65948e-14 -4.93448e-13 7.3972e-11
894 1.88 410 0 2.06128e-10 4.55703e-13 1.15759e-10 4.10429e-13 4.60766e-13 -1.8471e-10 -1.18706e-10 -6.13635e-13 7.31659e-11 4.5593e-14 -4.60075e-13 6.93793e-11
894 1.89 410 0 1.97116e-10 4.30959e-13 1.09836e-10 3.83643e-13 4.35028e-13 -1.76726e-10 -1.11764e-10 -5.72336e-13 6.99721e-11 4.45522e-14 -4.29164e-13 6.50944e-11
894 1.9 410 0 1.8854e-10 4.07778e-13 1.04257e-10 3.58855e-13 4.10965e-13 -1.69127e-10 -1.05266e-10 -5.34133e-13 6.69263e-11 4.34962e-14 -4.00551e-13 6.10948e-11
894 1.91 410 0 1.80377e-10 3.86062e-13 9.89997e-11 3.35888e-13 3.88469e-13 -1.61893e-10 -9.91827e-11 -4.98761e-13 6.4021e-11 4.24264e-14 -3.74041e-13 5.73597e-11
894 1.92 410 0 1.72604e-10 3.65699e-13 9.40421e-11 3.14587e-13 3.67419e-13 -1.55002e-10 -9.34833e-11 -4.65981e-13 6.12493e-11 4.13467e-14 -3.49456e-13 5.387e-11
894 1.93 410 0 1.652e-10 3.4659e-13 8.93647e-11 2.94815e-13 3.47705e-13 -1.48436e-10 -8.81415e-11 -4.35576e-13 5.86044e-11 4.02603e-14 -3.26636e-13 5.06082e-11
894 1.94 410 0 1.58144e-10 3.28643e-13 8.49494e-11 2.76443e-13 3.2923e-13 -1.42177e-10 -8.31324e-11 -4.07347e-13 5.60801e-11 3.91706e-14 -3.05436e-13 4.75579e-11
894 1.95 410 0 1.51419e-10 3.11774e-13 8.07793e-11 2.59358e-13 3.119e-13 -1.3621e-10 -7.84331e-11 -3.81116e-13 5.36706e-11 3.80804e-14 -2.85724e-13 4.47044e-11
894 1.96 410 0 1.45007e-10 2.95907e-13 7.68389e-11 2.43453e-13 2.95634e-13 -1.30518e-10 -7.40225e-11 -3.56718e-13 5.13703e-11 3.69918e-14 -2.67378e-13 4.20338e-11
894 1.97 410 0 1.38891e-10 2.8097e-13 7.31137e-11 2.28634e-13 2.80356e-13 -1.25087e-10 -6.98812e-11 -3.34003e-13 4.91737e-11 3.59063e-14 -2.50285e-13 3.95334e-11
894 1.98 410 0 1.33057e-10 2.66899e-13 6.95904e-11 2.14809e-13 2.65995e-13 -1.19903e-10 -6.59909e-11 -3.12825e-13 4.7076e-11 3.48239e-14 -2.34338e-13 3.71915e-11
894 1.99 410 0 1.27488e-10 2.53634e-13 6.62564e-11 2.01888e-13 2.52491e-13 -1.14955e-10 -6.23351e-11 -2.93036e-13 4.50723e-11 3.37396e-14 -2.19421e-13 3.49973e-11
894 2 410 0 1.22173e-10 2.41124e-13 6.31002e-11 1.89741e-13 2.3981e-13 -1.10228e-10 -5.88982e-11 -2.74395e-13 4.31581e-11 3.26182e-14 -2.05336e-13 3.29405e-11
