894 0 210 0 0 0 0 0 -1.2164e-07 -9.4478e-08 -3.14574e-08 -7.9911e-08 8.04141e-08 1.21854e-07 0 0
894 0.01 210 0 6.12536e-10 1.78193e-09 3.73006e-10 7.72577e-10 -1.21635e-07 -9.44285e-08 -3.14678e-08 -7.98919e-08 8.04281e-08 1.21824e-07 -4.0127e-11 -1.63883e-10
894 0.02 210 0 1.22588e-09 3.56084e-09 7.46537e-10 1.5434e-09 -1.21617e-07 -9.428e-08 -3.14989e-08 -7.98347e-08 8.047e-08 1.21734e-07 -8.02639e-11 -3.27741e-10
894 0.03 210 0 1.84086e-09 5.3337e-09 1.12112e-09 2.3107e-09 -1.21588e-07 -9.40326e-08 -3.15506e-08 -7.97393e-08 8.05396e-08 1.21583e-07 -1.20421e-10 -4.91547e-10
894 0.04 210 0 2.45824e-09 7.09749e-09 1.49726e-09 3.07272e-09 -1.21547e-07 -9.36865e-08 -3.16228e-08 -7.96056e-08 8.06366e-08 1.21372e-07 -1.60612e-10 -6.55277e-10
894 0.05 210 0 3.07876e-09 8.84917e-09 1.87543e-09 3.8277e-09 -1.21493e-07 -9.32421e-08 -3.1715e-08 -7.94335e-08 8.07604e-08 1.21101e-07 -2.00841e-10 -8.18906e-10
894 0.06 210 0 3.70314e-09 1.05857e-08 2.2561e-09 4.57389e-09 -1.21424e-07 -9.26996e-08 -3.18269e-08 -7.92227e-08 8.09106e-08 1.20768e-07 -2.41133e-10 -9.82411e-10
894 0.07 210 0 4.33201e-09 1.23041e-08 2.63969e-09 5.30949e-09 -1.21341e-07 -9.20597e-08 -3.19581e-08 -7.89731e-08 8.10863e-08 1.20374e-07 -2.81494e-10 -1.14577e-09
894 0.08 210 0 4.96594e-09 1.40013e-08 3.02657e-09 6.03274e-09 -1.21242e-07 -9.13229e-08 -3.21079e-08 -7.86845e-08 8.12866e-08 1.19919e-07 -3.21935e-10 -1.30896e-09
894 0.09 210 0 5.60541e-09 1.56742e-08 3.41708e-09 6.74186e-09 -1.21126e-07 -9.04899e-08 -3.22757e-08 -7.83565e-08 8.15106e-08 1.19402e-07 -3.62479e-10 -1.47196e-09
894 0.1 210 0 6.2508e-09 1.73199e-08 3.81144e-09 7.43517e-09 -1.20991e-07 -8.95624e-08 -3.24603e-08 -7.79891e-08 8.17565e-08 1.18822e-07 -4.03143e-10 -1.63484e-09
894 0.11 210 0 6.90241e-09 1.89352e-08 4.20992e-09 8.11069e-09 -1.20834e-07 -8.85396e-08 -3.26617e-08 -7.75817e-08 8.2024e-08 1.18179e-07 -4.43947e-10 -1.79741e-09
894 0.12 210 0 7.56041e-09 2.0517e-08 4.61263e-09 8.76671e-09 -1.20655e-07 -8.74234e-08 -3.28785e-08 -7.7134e-08 8.23111e-08 1.17473e-07 -4.84908e-10 -1.95973e-09
894 0.13 210 0 8.22482e-09 2.20624e-08 5.0196e-09 9.40148e-09 -1.20452e-07 -8.62148e-08 -3.31097e-08 -7.66457e-08 8.26162e-08 1.16703e-07 -5.26065e-10 -2.1218e-09
894 0.14 210 0 8.89548e-09 2.35683e-08 5.43078e-09 1.00132e-08 -1.20221e-07 -8.49156e-08 -3.33541e-08 -7.61166e-08 8.29375e-08 1.15868e-07 -5.67415e-10 -2.2836e-09
894 0.15 210 0 9.57218e-09 2.5032e-08 5.84617e-09 1.06001e-08 -1.19962e-07 -8.35274e-08 -3.36105e-08 -7.5546e-08 8.32727e-08 1.14969e-07 -6.08977e-10 -2.44515e-09
894 0.16 210 0 1.02546e-08 2.64499e-08 6.26531e-09 1.11605e-08 -1.1967e-07 -8.20513e-08 -3.38772e-08 -7.49341e-08 8.36205e-08 1.14004e-07 -6.50931e-10 -2.60647e-09
894 0.17 210 0 1.09419e-08 2.78193e-08 6.68804e-09 1.16924e-08 -1.19345e-07 -8.04889e-08 -3.41535e-08 -7.428e-08 8.39783e-08 1.12973e-07 -6.93152e-10 -2.7674e-09
894 0.18 210 0 1.16335e-08 2.91373e-08 7.11384e-09 1.21941e-08 -1.18982e-07 -7.88428e-08 -3.44373e-08 -7.35837e-08 8.43435e-08 1.11875e-07 -7.35703e-10 -2.928e-09
894 0.19 210 0 1.23281e-08 3.04013e-08 7.54209e-09 1.26643e-08 -1.18579e-07 -7.71158e-08 -3.47267e-08 -7.28448e-08 8.47131e-08 1.10711e-07 -7.78701e-10 -3.08849e-09
894 0.2 210 0 1.30248e-08 3.16079e-08 7.97217e-09 1.31008e-08 -1.18133e-07 -7.53088e-08 -3.50207e-08 -7.20631e-08 8.50855e-08 1.09479e-07 -8.2213e-10 -3.24847e-09
894 0.21 210 0 1.37221e-08 3.27546e-08 8.40322e-09 1.35021e-08 -1.17642e-07 -7.34251e-08 -3.5317e-08 -7.12384e-08 8.5457e-08 1.0818e-07 -8.66084e-10 -3.40813e-09
894 0.22 210 0 1.44182e-08 3.38391e-08 8.83418e-09 1.3867e-08 -1.17102e-07 -7.14687e-08 -3.56132e-08 -7.03707e-08 8.58243e-08 1.06813e-07 -9.10618e-10 -3.56768e-09
894 0.23 210 0 1.51114e-08 3.48581e-08 9.26406e-09 1.41933e-08 -1.1651e-07 -6.94408e-08 -3.5908e-08 -6.94594e-08 8.61849e-08 1.05377e-07 -9.5581e-10 -3.72668e-09
894 0.24 210 0 1.57994e-08 3.58096e-08 9.69146e-09 1.44799e-08 -1.15862e-07 -6.73456e-08 -3.61988e-08 -6.8505e-08 8.65351e-08 1.03875e-07 -1.00172e-09 -3.88535e-09
894 0.25 210 0 1.64798e-08 3.66914e-08 1.01149e-08 1.47256e-08 -1.15157e-07 -6.51878e-08 -3.64828e-08 -6.75076e-08 8.68707e-08 1.02304e-07 -1.04845e-09 -4.04393e-09
894 0.26 210 0 1.71502e-08 3.75009e-08 1.0533e-08 1.49286e-08 -1.14391e-07 -6.29696e-08 -3.67586e-08 -6.6467e-08 8.7189e-08 1.00666e-07 -1.09602e-09 -4.20192e-09
894 0.27 210 0 1.78075e-08 3.82366e-08 1.09438e-08 1.50883e-08 -1.1356e-07 -6.06966e-08 -3.70228e-08 -6.5384e-08 8.74853e-08 9.89606e-08 -1.14462e-09 -4.35984e-09
894 0.28 210 0 1.84487e-08 3.88962e-08 1.13456e-08 1.52029e-08 -1.12663e-07 -5.83718e-08 -3.72735e-08 -6.42585e-08 8.77564e-08 9.71893e-08 -1.19425e-09 -4.51712e-09
894 0.29 210 0 1.90705e-08 3.94783e-08 1.17363e-08 1.52721e-08 -1.11695e-07 -5.6001e-08 -3.75075e-08 -6.30916e-08 8.79979e-08 9.53524e-08 -1.24522e-09 -4.67417e-09
894 0.3 210 0 1.96689e-08 3.99824e-08 1.21137e-08 1.52949e-08 -1.10656e-07 -5.35891e-08 -3.77226e-08 -6.18834e-08 8.8205e-08 9.34513e-08 -1.29724e-09 -4.8308e-09
894 0.31 210 0 2.02407e-08 4.04043e-08 1.24758e-08 1.52695e-08 -1.0954e-07 -5.11423e-08 -3.79152e-08 -6.06352e-08 8.83731e-08 9.14869e-08 -1.35095e-09 -4.98703e-09
894 0.32 210 0 2.07719e-08 4.07424e-08 1.28161e-08 1.51938e-08 -1.08343e-07 -4.86602e-08 -3.80803e-08 -5.93446e-08 8.84945e-08 8.94548e-08 -1.40442e-09 -5.14019e-09
894 0.33 210 0 2.12658e-08 4.09985e-08 1.31345e-08 1.50697e-08 -1.07066e-07 -4.61549e-08 -3.82166e-08 -5.80161e-08 8.85672e-08 8.7363e-08 -1.45905e-09 -5.29318e-09
894 0.34 210 0 2.17227e-08 4.11753e-08 1.34302e-08 1.48989e-08 -1.0571e-07 -4.36329e-08 -3.83236e-08 -5.66529e-08 8.85903e-08 8.52173e-08 -1.51603e-09 -5.44648e-09
894 0.35 210 0 2.21353e-08 4.12732e-08 1.36996e-08 1.46809e-08 -1.04273e-07 -4.11004e-08 -3.83971e-08 -5.52557e-08 8.85572e-08 8.30185e-08 -1.57464e-09 -5.59975e-09
894 0.36 210 0 2.2498e-08 4.12905e-08 1.3939e-08 1.44157e-08 -1.02752e-07 -3.85627e-08 -3.84341e-08 -5.3826e-08 8.84635e-08 8.07684e-08 -1.6355e-09 -5.75234e-09
894 0.37 210 0 2.28057e-08 4.12293e-08 1.41457e-08 1.41044e-08 -1.01147e-07 -3.60277e-08 -3.84318e-08 -5.2366e-08 8.8304e-08 7.84706e-08 -1.69844e-09 -5.90439e-09
894 0.38 210 0 2.30547e-08 4.10931e-08 1.4317e-08 1.37487e-08 -9.94597e-08 -3.35018e-08 -3.83879e-08 -5.08782e-08 8.80756e-08 7.61296e-08 -1.76392e-09 -6.05572e-09
894 0.39 210 0 2.32385e-08 4.08825e-08 1.44493e-08 1.33496e-08 -9.76887e-08 -3.09921e-08 -3.82994e-08 -4.93651e-08 8.77731e-08 7.37488e-08 -1.8319e-09 -6.20596e-09
894 0.4 210 0 2.33521e-08 4.05998e-08 1.45392e-08 1.2908e-08 -9.58342e-08 -2.85058e-08 -3.81629e-08 -4.78296e-08 8.73928e-08 7.13322e-08 -1.90241e-09 -6.35503e-09
894 0.41 210 0 2.339e-08 4.02497e-08 1.45835e-08 1.24266e-08 -9.38977e-08 -2.60512e-08 -3.79757e-08 -4.62749e-08 8.69301e-08 6.88851e-08 -1.97549e-09 -6.50333e-09
894 0.42 210 0 2.33476e-08 3.98355e-08 1.45793e-08 1.19074e-08 -9.18807e-08 -2.36355e-08 -3.77357e-08 -4.47046e-08 8.63815e-08 6.64125e-08 -2.05138e-09 -6.65048e-09
894 0.43 210 0 2.32196e-08 3.93615e-08 1.45234e-08 1.13531e-08 -8.97857e-08 -2.12661e-08 -3.74405e-08 -4.31223e-08 8.57437e-08 6.39202e-08 -2.13026e-09 -6.79638e-09
894 0.44 210 0 2.30015e-08 3.88327e-08 1.4413e-08 1.07667e-08 -8.76153e-08 -1.89504e-08 -3.70881e-08 -4.1532e-08 8.50135e-08 6.1414e-08 -2.2123e-09 -6.94084e-09
894 0.45 210 0 2.26899e-08 3.82529e-08 1.42459e-08 1.01508e-08 -8.53732e-08 -1.6697e-08 -3.66769e-08 -3.99377e-08 8.4188e-08 5.89006e-08 -2.29829e-09 -7.08339e-09
894 0.46 210 0 2.22779e-08 3.76318e-08 1.40178e-08 9.5105e-09 -8.30628e-08 -1.45105e-08 -3.62048e-08 -3.83443e-08 8.32649e-08 5.63861e-08 -2.38716e-09 -7.22513e-09
894 0.47 210 0 2.17638e-08 3.69749e-08 1.37275e-08 8.85007e-09 -8.06902e-08 -1.23993e-08 -3.56714e-08 -3.67561e-08 8.22425e-08 5.38783e-08 -2.47964e-09 -7.36437e-09
894 0.48 210 0 2.11438e-08 3.62891e-08 1.33727e-08 8.17341e-09 -7.82601e-08 -1.03699e-08 -3.50755e-08 -3.51781e-08 8.11191e-08 5.13843e-08 -2.57586e-09 -7.50146e-09
894 0.49 210 0 2.0415e-08 3.55824e-08 1.29515e-08 7.48538e-09 -7.57784e-08 -8.42872e-09 -3.44165e-08 -3.36153e-08 7.98939e-08 4.89118e-08 -2.67597e-09 -7.6362e-09
894 0.5 210 0 1.95764e-08 3.48638e-08 1.24635e-08 6.79165e-09 -7.32507e-08 -6.58034e-09 -3.36947e-08 -3.2073e-08 7.85674e-08 4.64682e-08 -2.78098e-09 -7.76885e-09
894 0.51 210 0 1.86235e-08 3.41404e-08 1.19056e-08 6.09643e-09 -7.06859e-08 -4.83251e-09 -3.29097e-08 -3.05563e-08 7.71378e-08 4.40623e-08 -2.88937e-09 -7.89812e-09
894 0.52 210 0 1.75566e-08 3.34226e-08 1.12779e-08 5.40614e-09 -6.80909e-08 -3.18899e-09 -3.20625e-08 -2.90708e-08 7.56073e-08 4.17021e-08 -3.00184e-09 -8.02434e-09
894 0.53 210 0 1.63758e-08 3.27196e-08 1.05806e-08 4.72644e-09 -6.54737e-08 -1.65415e-09 -3.11542e-08 -2.7622e-08 7.39771e-08 3.93959e-08 -3.11862e-09 -8.14716e-09
894 0.54 210 0 1.50811e-08 3.20419e-08 9.8139e-09 4.06387e-09 -6.28431e-08 -2.31944e-10 -3.01867e-08 -2.62155e-08 7.22493e-08 3.71522e-08 -3.23981e-09 -8.26661e-09
894 0.55 210 0 1.36718e-08 3.13947e-08 8.97722e-09 3.42152e-09 -6.02089e-08 1.07269e-09 -2.9161e-08 -2.48563e-08 7.04256e-08 3.49791e-08 -3.3654e-09 -8.38147e-09
894 0.56 210 0 1.21544e-08 3.07971e-08 8.07418e-09 2.81133e-09 -5.75787e-08 2.26239e-09 -2.80813e-08 -2.35507e-08 6.85123e-08 3.28851e-08 -3.49547e-09 -8.49267e-09
894 0.57 210 0 1.05298e-08 3.02548e-08 7.10514e-09 2.23668e-09 -5.4963e-08 3.33385e-09 -2.69498e-08 -2.23034e-08 6.65125e-08 3.08781e-08 -3.63003e-09 -8.59894e-09
894 0.58 210 0 8.8019e-09 2.97794e-08 6.0732e-09 1.70486e-09 -5.23719e-08 4.28621e-09 -2.57705e-08 -2.11201e-08 6.44311e-08 2.89665e-08 -3.76889e-09 -8.70068e-09
894 0.59 210 0 6.97612e-09 2.93799e-08 4.98095e-09 1.22133e-09 -4.98149e-08 5.11989e-09 -2.45469e-08 -2.00055e-08 6.2274e-08 2.71576e-08 -3.91227e-09 -8.79683e-09
894 0.6 210 0 5.05854e-09 2.90676e-08 3.8328e-09 7.93056e-10 -4.73023e-08 5.83607e-09 -2.32843e-08 -1.89645e-08 6.00476e-08 2.54592e-08 -4.05977e-09 -8.88779e-09
894 0.61 210 0 3.05587e-09 2.88523e-08 2.63298e-09 4.26002e-10 -4.48446e-08 6.43743e-09 -2.19876e-08 -1.80017e-08 5.77596e-08 2.38783e-08 -4.21134e-09 -8.97345e-09
894 0.62 210 0 9.82822e-10 2.87422e-08 1.39678e-09 1.26239e-10 -4.2462e-08 6.92193e-09 -2.06659e-08 -1.71236e-08 5.54279e-08 2.24224e-08 -4.36792e-09 -9.06405e-09
894 0.63 210 0 -1.16358e-09 2.87453e-08 1.17557e-10 -9.93671e-11 -4.0152e-08 7.29657e-09 -1.93225e-08 -1.63331e-08 5.30451e-08 2.1095e-08 -4.53451e-09 -9.14509e-09
894 0.64 210 0 -3.36471e-09 2.88764e-08 -1.19511e-09 -2.4491e-10 -3.79232e-08 7.56961e-09 -1.79649e-08 -1.56321e-08 5.06271e-08 1.99029e-08 -4.70585e-09 -9.21816e-09
894 0.65 210 0 -5.61397e-09 2.91395e-08 -2.53361e-09 -3.06053e-10 -3.5785e-08 7.74763e-09 -1.66e-08 -1.5024e-08 4.81812e-08 1.88492e-08 -4.88438e-09 -9.28407e-09
894 0.66 210 0 -7.89848e-09 2.95437e-08 -3.89482e-09 -2.81447e-10 -3.37486e-08 7.83487e-09 -1.52332e-08 -1.45102e-08 4.57189e-08 1.79416e-08 -5.0657e-09 -9.33993e-09
894 0.67 210 0 -1.02056e-08 3.00951e-08 -5.26717e-09 -1.64972e-10 -3.18213e-08 7.83975e-09 -1.38739e-08 -1.40934e-08 4.32508e-08 1.71819e-08 -5.25272e-09 -9.38735e-09
894 0.68 210 0 -1.25221e-08 3.08006e-08 -6.64241e-09 4.69769e-11 -3.00107e-08 7.77141e-09 -1.25301e-08 -1.37751e-08 4.07885e-08 1.65734e-08 -5.44498e-09 -9.426e-09
894 0.69 210 0 -1.48333e-08 3.16653e-08 -8.01135e-09 3.57239e-10 -2.8323e-08 7.63872e-09 -1.12101e-08 -1.35561e-08 3.83433e-08 1.61184e-08 -5.64257e-09 -9.45512e-09
894 0.7 210 0 -1.7129e-08 3.26911e-08 -9.36728e-09 7.65974e-10 -2.67703e-08 7.44913e-09 -9.92194e-09 -1.34371e-08 3.59262e-08 1.58201e-08 -5.84515e-09 -9.47371e-09
894 0.71 210 0 -1.93813e-08 3.38899e-08 -1.06984e-08 1.27801e-09 -2.53463e-08 7.21917e-09 -8.67342e-09 -1.3416e-08 3.35536e-08 1.56781e-08 -6.04944e-09 -9.48079e-09
894 0.72 210 0 -2.15826e-08 3.5259e-08 -1.19905e-08 1.89576e-09 -2.40594e-08 6.95777e-09 -7.47683e-09 -1.34945e-08 3.12338e-08 1.56912e-08 -6.26103e-09 -9.47859e-09
894 0.73 210 0 -2.37116e-08 3.68025e-08 -1.32381e-08 2.61672e-09 -2.2913e-08 6.6756e-09 -6.33816e-09 -1.36691e-08 2.89827e-08 1.58609e-08 -6.47506e-09 -9.46405e-09
894 0.74 210 0 -2.57506e-08 3.85227e-08 -1.44279e-08 3.44271e-09 -2.19067e-08 6.38694e-09 -5.26728e-09 -1.39388e-08 2.68125e-08 1.61855e-08 -6.69243e-09 -9.43873e-09
894 0.75 210 0 -2.76805e-08 4.04202e-08 -1.55489e-08 4.37297e-09 -2.10427e-08 6.10275e-09 -4.2735e-09 -1.43018e-08 2.47371e-08 1.66647e-08 -6.91355e-09 -9.4019e-09
894 0.76 210 0 -2.94864e-08 4.24933e-08 -1.65958e-08 5.40438e-09 -2.0331e-08 5.83531e-09 -3.36468e-09 -1.47555e-08 2.2772e-08 1.72996e-08 -7.13678e-09 -9.35102e-09
894 0.77 210 0 -3.11368e-08 4.47461e-08 -1.75477e-08 6.54135e-09 -1.97548e-08 5.59941e-09 -2.55273e-09 -1.52982e-08 2.09324e-08 1.80854e-08 -7.36463e-09 -9.28674e-09
894 0.78 210 0 -3.26168e-08 4.71746e-08 -1.83944e-08 7.78109e-09 -1.93192e-08 5.40738e-09 -1.84823e-09 -1.59279e-08 1.92321e-08 1.90212e-08 -7.5984e-09 -9.20815e-09
894 0.79 210 0 -3.38967e-08 4.97815e-08 -1.91226e-08 9.12404e-09 -1.90205e-08 5.27497e-09 -1.26148e-09 -1.66424e-08 1.76927e-08 2.01071e-08 -7.83539e-09 -9.1133e-09
894 0.8 210 0 -3.49395e-08 5.25643e-08 -1.9704e-08 1.05699e-08 -1.88573e-08 5.21392e-09 -8.14419e-10 -1.74397e-08 1.63405e-08 2.1341e-08 -8.07755e-09 -9.00141e-09
894 0.81 210 0 -3.57106e-08 5.55174e-08 -2.0119e-08 1.21119e-08 -1.88366e-08 5.24084e-09 -5.25877e-10 -1.8313e-08 1.52064e-08 2.27188e-08 -8.32235e-09 -8.87006e-09
894 0.82 210 0 -3.61784e-08 5.86332e-08 -2.03533e-08 1.37461e-08 -1.89273e-08 5.36355e-09 -4.0278e-10 -1.92569e-08 1.43038e-08 2.42308e-08 -8.57143e-09 -8.71776e-09
894 0.83 210 0 -3.6311e-08 6.1906e-08 -2.0389e-08 1.54684e-08 -1.91293e-08 5.6007e-09 -4.62877e-10 -2.02675e-08 1.36616e-08 2.58733e-08 -8.8239e-09 -8.54204e-09
894 0.84 210 0 -3.60644e-08 6.53301e-08 -2.02013e-08 1.72755e-08 -1.94317e-08 5.96714e-09 -7.27155e-10 -2.13408e-08 1.33128e-08 2.76414e-08 -9.07913e-09 -8.34021e-09
894 0.85 210 0 -3.53867e-08 6.88989e-08 -1.97606e-08 1.91645e-08 -1.98219e-08 6.47803e-09 -1.22105e-09 -2.24733e-08 1.32973e-08 2.95297e-08 -9.33614e-09 -8.10927e-09
894 0.86 210 0 -3.42219e-08 7.26059e-08 -1.90345e-08 2.11321e-08 -2.02936e-08 7.15911e-09 -1.97681e-09 -2.36612e-08 1.36651e-08 3.15326e-08 -9.59305e-09 -7.84545e-09
894 0.87 210 0 -3.24797e-08 7.64424e-08 -1.79698e-08 2.31761e-08 -2.08117e-08 8.01104e-09 -3.03548e-09 -2.49017e-08 1.44764e-08 3.36418e-08 -9.84905e-09 -7.545e-09
894 0.88 210 0 -3.00661e-08 8.03973e-08 -1.65101e-08 2.52922e-08 -2.13641e-08 9.05986e-09 -4.45258e-09 -2.61903e-08 1.58133e-08 3.58482e-08 -1.01012e-08 -7.20325e-09
894 0.89 210 0 -2.68483e-08 8.44557e-08 -1.45748e-08 2.74745e-08 -2.19257e-08 1.03275e-08 -6.30457e-09 -2.75199e-08 1.77857e-08 3.81375e-08 -1.03465e-08 -6.8146e-09
894 0.9 210 0 -2.26425e-08 8.85921e-08 -1.2051e-08 2.97112e-08 -2.24651e-08 1.18396e-08 -8.70016e-09 -2.88773e-08 2.05475e-08 4.04849e-08 -1.05809e-08 -6.37243e-09
894 0.91 210 0 -1.71907e-08 9.27613e-08 -8.77911e-09 3.1978e-08 -2.29428e-08 1.36431e-08 -1.17989e-08 -3.02327e-08 2.43234e-08 4.28423e-08 -1.07987e-08 -5.86809e-09
894 0.92 210 0 -1.00886e-08 9.68559e-08 -4.5072e-09 3.42146e-08 -2.33037e-08 1.57576e-08 -1.58449e-08 -3.15232e-08 2.945e-08 4.51124e-08 -1.09938e-08 -5.28987e-09
894 0.93 210 0 -7.29573e-10 1.00651e-07 1.14249e-09 3.62854e-08 -2.34708e-08 1.82661e-08 -2.12203e-08 -3.25973e-08 3.64585e-08 4.70756e-08 -1.11547e-08 -4.62052e-09
894 0.94 210 0 1.18682e-08 1.03599e-07 8.78192e-09 3.78555e-08 -2.33137e-08 2.12837e-08 -2.85429e-08 -3.30904e-08 4.62044e-08 4.82128e-08 -1.12613e-08 -3.83297e-09
894 0.95 210 0 2.92754e-08 1.04299e-07 1.93887e-08 3.80609e-08 -2.25609e-08 2.5017e-08 -3.88004e-08 -3.20665e-08 6.00579e-08 4.72055e-08 -1.12692e-08 -2.88431e-09
894 0.96 210 0 5.36639e-08 9.89165e-08 3.43166e-08 3.45282e-08 -2.05849e-08 2.97478e-08 -5.33293e-08 -2.69896e-08 7.98673e-08 4.04968e-08 -1.1068e-08 -1.71478e-09
894 0.97 210 0 8.50383e-08 7.70789e-08 5.35797e-08 2.083e-08 -1.5668e-08 3.55728e-08 -7.19469e-08 -1.10456e-08 1.05349e-07 1.85425e-08 -1.03658e-08 -3.25191e-10
894 0.98 210 0 1.03706e-07 2.09848e-08 6.4992e-08 -1.40831e-08 -4.30113e-09 3.97808e-08 -8.14055e-08 2.72527e-08 1.17919e-07 -3.47495e-08 -8.67332e-09 7.39822e-10
894 0.99 210 0 5.81066e-08 -3.83429e-08 3.65762e-08 -5.1044e-08 1.15809e-08 3.30783e-08 -4.78967e-08 6.71265e-08 7.01476e-08 -9.03597e-08 -6.88073e-09 9.20809e-11
894 1 210 0 -4.0565e-10 -1.43263e-08 -2.24203e-10 -3.68099e-08 4.65973e-08 2.47615e-10 1.47374e-10 6.00795e-08 -1.49269e-10 -8.28974e-08 -8.30196e-09 -5.50999e-11
894 1.01 210 0 -9.59598e-10 3.02645e-10 -5.76736e-10 -2.7047e-08 3.67003e-10 2.2887e-10 5.21301e-10 3.503e-08 -6.84945e-10 -4.24096e-08 -6.35478e-09 -6.19475e-11
894 1.02 210 0 -1.07236e-09 5.20386e-09 -6.4708e-10 -2.39959e-08 -6.81643e-09 3.11443e-10 5.72839e-10 2.85392e-08 -7.52794e-10 -3.17953e-08 -5.79123e-09 -6.46686e-11
894 1.03 210 0 -1.14684e-09 6.32845e-09 -6.93768e-10 -2.33388e-08 -1.18401e-08 3.82866e-10 6.0067e-10 2.53523e-08 -7.88004e-10 -2.60749e-08 -5.26777e-09 -6.64392e-11
894 1.04 210 0 -1.21544e-09 5.56586e-09 -7.37022e-10 -2.38785e-08 -1.60966e-08 4.52227e-10 6.24042e-10 2.37504e-08 -8.16603e-10 -2.26916e-08 -4.76205e-09 -6.83098e-11
894 1.05 210 0 -1.28976e-09 3.60589e-09 -7.84179e-10 -2.5178e-08 -2.00712e-08 5.25358e-10 6.4909e-10 2.30985e-08 -8.46497e-10 -2.06978e-08 -4.26346e-09 -7.07406e-11
894 1.06 210 0 -1.36866e-09 7.42735e-10 -8.34263e-10 -2.70501e-08 -2.40118e-08 5.99728e-10 6.75996e-10 2.31033e-08 -8.78638e-10 -1.96507e-08 -3.7646e-09 -7.34183e-11
894 1.07 210 0 -1.45829e-09 -2.88644e-09 -8.91153e-10 -2.94076e-08 -2.80673e-08 6.80336e-10 7.07254e-10 2.36115e-08 -9.15878e-10 -1.93143e-08 -3.25879e-09 -7.67916e-11
894 1.08 210 0 -1.56354e-09 -7.22999e-09 -9.5815e-10 -3.22174e-08 -3.23485e-08 7.71519e-10 7.44746e-10 2.45415e-08 -9.60168e-10 -1.95571e-08 -2.73953e-09 -8.10752e-11
894 1.09 210 0 -1.68218e-09 -1.22976e-08 -1.03362e-09 -3.54848e-08 -3.69598e-08 8.70925e-10 7.87729e-10 2.58547e-08 -1.01108e-09 -2.03095e-08 -2.20062e-09 -8.5994e-11
894 1.1 210 0 -1.82104e-09 -1.81291e-08 -1.12193e-09 -3.92345e-08 -4.19966e-08 9.8429e-10 8.38742e-10 2.75371e-08 -1.07133e-09 -2.15367e-08 -1.63509e-09 -9.20582e-11
894 1.11 210 0 -1.98718e-09 -2.47994e-08 -1.22773e-09 -4.35138e-08 -4.7562e-08 1.11759e-09 9.00342e-10 2.95955e-08 -1.14362e-09 -2.32323e-08 -1.03496e-09 -9.96334e-11
894 1.12 210 0 -2.18111e-09 -3.24264e-08 -1.35112e-09 -4.83966e-08 -5.37818e-08 1.27059e-09 9.72835e-10 3.20569e-08 -1.22866e-09 -2.54151e-08 -3.9124e-10 -1.08618e-10
894 1.13 210 0 -2.41373e-09 -4.11614e-08 -1.4991e-09 -5.3978e-08 -6.07991e-08 1.45211e-09 1.06022e-09 3.49641e-08 -1.33082e-09 -2.81236e-08 3.07214e-10 -1.19696e-10
894 1.14 210 0 -2.69927e-09 -5.12041e-08 -1.68084e-09 -6.03842e-08 -6.87896e-08 1.67355e-09 1.16774e-09 3.83802e-08 -1.45577e-09 -3.14199e-08 1.07413e-09 -1.33667e-10
894 1.15 210 0 -3.04622e-09 -6.28326e-08 -1.9015e-09 -6.77902e-08 -7.79884e-08 1.9408e-09 1.29868e-09 4.23974e-08 -1.60761e-09 -3.53988e-08 1.92688e-09 -1.50888e-10
894 1.16 210 0 -3.47943e-09 -7.64063e-08 -2.17691e-09 -7.64227e-08 -8.86913e-08 2.27341e-09 1.4622e-09 4.71387e-08 -1.79646e-09 -4.01896e-08 2.88814e-09 -1.72849e-10
894 1.17 210 0 -4.0334e-09 -9.24147e-08 -2.5291e-09 -8.65909e-08 -1.01296e-07 2.6985e-09 1.671e-09 5.27751e-08 -2.03632e-09 -4.59737e-08 3.98839e-09 -2.01417e-10
894 1.18 210 0 -4.74717e-09 -1.11549e-07 -2.98253e-09 -9.87303e-08 -1.16358e-07 3.24561e-09 1.93967e-09 5.95492e-08 -2.34389e-09 -5.30114e-08 5.26913e-09 -2.38782e-10
894 1.19 210 0 -5.70135e-09 -1.34776e-07 -3.58853e-09 -1.13452e-07 -1.34653e-07 3.97814e-09 2.29774e-09 6.78045e-08 -2.7517e-09 -6.16714e-08 6.78945e-09 -2.89523e-10
894 1.2 210 0 -7.00219e-09 -1.63543e-07 -4.41414e-09 -1.31667e-07 -1.57336e-07 4.97799e-09 2.78449e-09 7.80546e-08 -3.30384e-09 -7.25079e-08 8.63596e-09 -3.59536e-10
894 1.21 210 0 -8.86222e-09 -2.00045e-07 -5.59407e-09 -1.54763e-07 -1.86158e-07 6.41175e-09 3.47762e-09 9.10824e-08 -4.08602e-09 -8.63655e-08 1.09411e-08 -4.61176e-10
894 1.22 210 0 -1.16295e-08 -2.4786e-07 -7.34841e-09 -1.84996e-07 -2.23969e-07 8.55068e-09 4.50465e-09 1.08164e-07 -5.23977e-09 -1.04624e-07 1.3919e-08 -6.14082e-10
894 1.23 210 0 -1.60334e-08 -3.13149e-07 -1.01385e-08 -2.26256e-07 -2.75675e-07 1.19666e-08 6.13137e-09 1.315e-07 -7.05803e-09 -1.29661e-07 1.79395e-08 -8.60524e-10
894 1.24 210 0 -2.36967e-08 -4.07542e-07 -1.49908e-08 -2.8588e-07 -3.50533e-07 1.79346e-08 8.94738e-09 1.65244e-07 -1.0189e-08 -1.65969e-07 2.37e-08 -1.29456e-09
894 1.25 210 0 -3.8803e-08 -5.55986e-07 -2.45491e-08 -3.79611e-07 -4.684e-07 2.97468e-08 1.4469e-08 2.18305e-07 -1.62961e-08 -2.23182e-07 3.26946e-08 -2.16012e-09
894 1.26 210 0 -7.55649e-08 -8.22927e-07 -4.77939e-08 -5.48118e-07 -6.80577e-07 5.86206e-08 2.78291e-08 3.13705e-07 -3.09909e-08 -3.26193e-07 4.87873e-08 -4.29111e-09
894 1.27 210 0 -2.089e-07 -1.44028e-06 -1.32041e-07 -9.37744e-07 -1.1717e-06 1.63832e-07 7.5995e-08 5.34262e-07 -8.36641e-08 -5.64538e-07 8.58822e-08 -1.21105e-08
894 1.28 210 0 -1.75779e-06 -4.09457e-06 -1.10991e-06 -2.61259e-06 -3.28558e-06 1.39243e-06 6.31698e-07 1.48162e-06 -6.87404e-07 -1.58793e-06 2.45324e-07 -1.04098e-07
894 1.29 210 0 -1.41808e-06 3.96722e-06 -8.94189e-07 2.47498e-06 3.12978e-06 1.13369e-06 5.03566e-07 -1.39937e-06 -5.41418e-07 1.52865e-06 -2.37505e-07 -8.59079e-08
894 1.3 210 0 -1.89162e-07 1.6037e-06 -1.19057e-07 9.83104e-07 1.25121e-06 1.52493e-07 6.63607e-08 -5.53493e-07 -7.05167e-08 6.12682e-07 -9.61366e-08 -1.17131e-08
894 1.31 210 0 -6.95848e-08 1.02281e-06 -4.36975e-08 6.16445e-07 7.89469e-07 5.65236e-08 2.41182e-08 -3.45726e-07 -2.53266e-08 3.87931e-07 -6.12924e-08 -4.40605e-09
894 1.32 210 0 -3.57115e-08 7.66264e-07 -2.23663e-08 4.54492e-07 5.85679e-07 2.92105e-08 1.22279e-08 -2.53951e-07 -1.26884e-08 2.88731e-07 -4.58546e-08 -2.31273e-09
894 1.33 210 0 -2.16658e-08 6.22112e-07 -1.35276e-08 3.63476e-07 4.71293e-07 1.78335e-08 7.32819e-09 -2.02363e-07 -7.51442e-09 2.33016e-07 -3.7146e-08 -1.43479e-09
894 1.34 210 0 -1.45278e-08 5.29828e-07 -9.03912e-09 3.05195e-07 3.98168e-07 1.20277e-08 4.85259e-09 -1.69315e-07 -4.91693e-09 1.97359e-07 -3.15437e-08 -9.83755e-10
894 1.35 210 0 -1.0425e-08 4.65697e-07 -6.46093e-09 2.64684e-07 3.47439e-07 8.6767e-09 3.43776e-09 -1.46332e-07 -3.44227e-09 1.72586e-07 -2.76291e-08 -7.21507e-10
894 1.36 210 0 -7.85206e-09 4.18538e-07 -4.8453e-09 2.34886e-07 3.10212e-07 6.56772e-09 2.55498e-09 -1.29413e-07 -2.52804e-09 1.5437e-07 -2.47324e-08 -5.55186e-10
894 1.37 210 0 -6.1321e-09 3.82394e-07 -3.76606e-09 2.1204e-07 2.81746e-07 5.15406e-09 1.96701e-09 -1.16431e-07 -1.92262e-09 1.40408e-07 -2.24969e-08 -4.42849e-10
894 1.38 210 0 -4.92977e-09 3.53803e-07 -3.01208e-09 1.93962e-07 2.59289e-07 4.16336e-09 1.55728e-09 -1.06149e-07 -1.50324e-09 1.29361e-07 -2.07156e-08 -3.63358e-10
894 1.39 210 0 -4.05602e-09 3.30616e-07 -2.46451e-09 1.79296e-07 2.41129e-07 3.4427e-09 1.25969e-09 -9.77974e-08 -1.20009e-09 1.20399e-07 -1.92595e-08 -3.04886e-10
894 1.4 210 0 -3.39987e-09 3.11425e-07 -2.05362e-09 1.67154e-07 2.26147e-07 2.90273e-09 1.03513e-09 -9.08744e-08 -9.7172e-10 1.12977e-07 -1.80442e-08 -2.60594e-10
894 1.41 210 0 -2.8965e-09 2.95274e-07 -1.73852e-09 1.56932e-07 2.1358e-07 2.49014e-09 8.61354e-10 -8.50389e-08 -7.95131e-10 1.06728e-07 -1.70127e-08 -2.26143e-10
894 1.42 210 0 -2.50114e-09 2.81489e-07 -1.49114e-09 1.48205e-07 2.02893e-07 2.1697e-09 7.21967e-10 -8.00498e-08 -6.527e-10 1.0139e-07 -1.61242e-08 -1.98768e-10
894 1.43 210 0 -2.18399e-09 2.69579e-07 -1.29287e-09 1.40663e-07 1.93694e-07 1.9192e-09 6.05188e-10 -7.57326e-08 -5.31291e-10 9.67761e-08 -1.53492e-08 -1.76668e-10
894 1.44 210 0 -1.92634e-09 2.59182e-07 -1.13174e-09 1.34077e-07 1.85694e-07 1.72487e-09 5.03149e-10 -7.1959e-08 -4.22355e-10 9.27471e-08 -1.46661e-08 -1.58455e-10
894 1.45 210 0 -1.71315e-09 2.50023e-07 -9.98354e-10 1.28273e-07 1.78671e-07 1.5801e-09 4.06369e-10 -6.8632e-08 -3.13899e-10 8.91992e-08 -1.4058e-08 -1.4325e-10
894 1.46 210 0 -1.53379e-09 2.41889e-07 -8.8606e-10 1.23118e-07 1.72452e-07 1.48694e-09 3.0294e-10 -6.5679e-08 -1.896e-10 8.60555e-08 -1.35119e-08 -1.30376e-10
894 1.47 210 0 -1.37952e-09 2.34613e-07 -7.89226e-10 1.18505e-07 1.66896e-07 1.46516e-09 1.69041e-10 -6.30462e-08 -1.48878e-11 8.32609e-08 -1.3017e-08 -1.19375e-10
894 1.48 210 0 -1.24216e-09 2.28061e-07 -7.02603e-10 1.14351e-07 1.61878e-07 1.5867e-09 -5.88238e-11 -6.07001e-08 3.0516e-10 8.07857e-08 -1.25637e-08 -1.09963e-10
894 1.49 210 0 -1.1098e-09 2.22124e-07 -6.18169e-10 1.10584e-07 1.57272e-07 2.16746e-09 -6.36641e-10 -5.86301e-08 1.15656e-09 7.86329e-08 -1.21411e-08 -1.02537e-10
894 1.5 210 0 -9.44768e-10 2.16691e-07 -5.10589e-10 1.07131e-07 1.53418e-07 5.77005e-09 -3.58671e-09 -5.64634e-08 5.59988e-09 7.62631e-08 -1.17214e-08 -1.04623e-10
894 1.51 210 0 -1.18407e-09 2.11152e-07 -7.35447e-10 1.03589e-07 1.64703e-07 -7.90412e-08 6.2673e-08 -4.23933e-08 -9.46468e-08 5.58192e-08 -1.14631e-08 -4.76373e-10
894 1.52 210 0 -1.09938e-09 2.07255e-07 -6.35588e-10 1.01175e-07 1.43449e-07 3.36123e-09 -1.58554e-09 -5.53604e-08 2.60226e-09 7.60952e-08 -1.12283e-08 -1.18609e-10
894 1.53 210 0 -9.66508e-10 2.03091e-07 -5.44421e-10 9.85325e-08 1.42952e-07 1.62135e-09 -3.67219e-10 -5.18067e-08 7.24882e-10 7.14109e-08 -1.08938e-08 -9.35768e-11
894 1.54 210 0 -8.87018e-10 1.99222e-07 -4.92273e-10 9.60795e-08 1.40542e-07 1.12049e-09 -5.5555e-11 -5.00416e-08 2.3579e-10 6.93814e-08 -1.06022e-08 -8.41686e-11
894 1.55 210 0 -8.26117e-10 1.95625e-07 -4.5318e-10 9.38008e-08 1.38065e-07 9.02071e-10 5.49704e-11 -4.85964e-08 5.58953e-11 6.77893e-08 -1.03348e-08 -7.81413e-11
894 1.56 210 0 -7.75617e-10 1.92273e-07 -4.21065e-10 9.16778e-08 1.35708e-07 7.7884e-10 1.01546e-10 -4.72974e-08 -2.49526e-11 6.6377e-08 -1.00858e-08 -7.34751e-11
894 1.57 210 0 -7.32127e-10 1.89139e-07 -3.93656e-10 8.96943e-08 1.33496e-07 6.97357e-10 1.22532e-10 -4.60989e-08 -6.55124e-11 6.50796e-08 -9.85243e-09 -6.96021e-11
894 1.58 210 0 -6.9403e-10 1.86201e-07 -3.69711e-10 8.78359e-08 1.31426e-07 6.3768e-10 1.31761e-10 -4.49811e-08 -8.72485e-11 6.38708e-08 -9.63266e-09 -6.62429e-11
894 1.59 210 0 -6.60164e-10 1.8344e-07 -3.48552e-10 8.60902e-08 1.29487e-07 5.90863e-10 1.35179e-10 -4.39321e-08 -9.92688e-11 6.27361e-08 -9.42488e-09 -6.33475e-11
894 1.6 210 0 -6.29876e-10 1.80837e-07 -3.29661e-10 8.44465e-08 1.2767e-07 5.52885e-10 1.35171e-10 -4.29439e-08 -1.05456e-10 6.1666e-08 -9.22801e-09 -6.06872e-11
894 1.61 210 0 -6.02602e-10 1.78379e-07 -3.12675e-10 8.28952e-08 1.25963e-07 5.20878e-10 1.33454e-10 -4.20101e-08 -1.08486e-10 6.06532e-08 -9.041e-09 -5.82825e-11
894 1.62 210 0 -5.77886e-10 1.76053e-07 -2.97342e-10 8.14281e-08 1.24357e-07 4.9327e-10 1.3085e-10 -4.11254e-08 -1.0964e-10 5.96917e-08 -8.8629e-09 -5.61312e-11
894 1.63 210 0 -5.55421e-10 1.73845e-07 -2.83402e-10 8.00377e-08 1.22843e-07 4.69193e-10 1.27668e-10 -4.02853e-08 -1.09529e-10 5.87767e-08 -8.69304e-09 -5.41215e-11
894 1.64 210 0 -5.34893e-10 1.71747e-07 -2.70704e-10 7.87176e-08 1.21413e-07 4.47817e-10 1.24306e-10 -3.9486e-08 -1.08746e-10 5.7904e-08 -8.53069e-09 -5.23065e-11
894 1.65 210 0 -5.16081e-10 1.69749e-07 -2.59081e-10 7.74619e-08 1.2006e-07 4.28705e-10 1.20859e-10 -3.87241e-08 -1.07513e-10 5.707e-08 -8.37528e-09 -5.06245e-11
894 1.66 210 0 -4.9879e-10 1.67843e-07 -2.48411e-10 7.62654e-08 1.18777e-07 4.1154e-10 1.17376e-10 -3.79965e-08 -1.05948e-10 5.62713e-08 -8.22629e-09 -4.90339e-11
894 1.67 210 0 -4.82844e-10 1.66021e-07 -2.38587e-10 7.51235e-08 1.17559e-07 3.95939e-10 1.13999e-10 -3.73006e-08 -1.04281e-10 5.55053e-08 -8.08323e-09 -4.7574e-11
894 1.68 210 0 -4.6811e-10 1.64278e-07 -2.29512e-10 7.4032e-08 1.164e-07 3.8172e-10 1.10718e-10 -3.6634e-08 -1.02549e-10 5.47692e-08 -7.94569e-09 -4.61998e-11
894 1.69 210 0 -4.54461e-10 1.62606e-07 -2.21102e-10 7.29872e-08 1.15296e-07 3.68699e-10 1.07551e-10 -3.59945e-08 -1.00807e-10 5.40609e-08 -7.81329e-09 -4.48998e-11
894 1.7 210 0 -4.41784e-10 1.61e-07 -2.13286e-10 7.19856e-08 1.14242e-07 3.56718e-10 1.04506e-10 -3.53803e-08 -9.90955e-11 5.33783e-08 -7.68567e-09 -4.36628e-11
894 1.71 210 0 -4.29992e-10 1.59457e-07 -2.05997e-10 7.10242e-08 1.13235e-07 3.45653e-10 1.01578e-10 -3.47895e-08 -9.74413e-11 5.27196e-08 -7.56253e-09 -4.24722e-11
894 1.72 210 0 -4.1899e-10 1.5797e-07 -1.99175e-10 7.01002e-08 1.12271e-07 3.3539e-10 9.87703e-11 -3.42206e-08 -9.58601e-11 5.2083e-08 -7.44356e-09 -4.13272e-11
894 1.73 210 0 -4.08698e-10 1.56538e-07 -1.9277e-10 6.9211e-08 1.11348e-07 3.25839e-10 9.60666e-11 -3.36721e-08 -9.43551e-11 5.14672e-08 -7.3285e-09 -4.02015e-11
894 1.74 210 0 -3.99076e-10 1.55154e-07 -1.86717e-10 6.83543e-08 1.10461e-07 3.16916e-10 9.34536e-11 -3.31427e-08 -9.29644e-11 5.08707e-08 -7.21709e-09 -3.90754e-11
894 1.75 210 0 -3.90079e-10 1.53817e-07 -1.80954e-10 6.7528e-08 1.0961e-07 3.08552e-10 9.09122e-11 -3.26311e-08 -9.16986e-11 5.02922e-08 -7.10911e-09 -3.79174e-11
894 1.76 210 0 -3.81699e-10 1.52524e-07 -1.75331e-10 6.67302e-08 1.0879e-07 3.00611e-10 8.83717e-11 -3.21363e-08 -9.06865e-11 4.97305e-08 -7.00425e-09 -3.65337e-11
894 1.77 210 0 -3.72208e-10 1.51268e-07 -1.69706e-10 6.59579e-08 1.07996e-07 2.90645e-10 8.73277e-11 -3.16592e-08 -9.09923e-11 4.91876e-08 -6.90325e-09 -3.51616e-11
894 1.78 210 0 -3.63936e-10 1.50053e-07 -1.64754e-10 6.52114e-08 1.07232e-07 2.82958e-10 8.54852e-11 -3.11959e-08 -9.00011e-11 4.8658e-08 -6.8047e-09 -3.424e-11
894 1.79 210 0 -3.56287e-10 1.48872e-07 -1.60126e-10 6.44885e-08 1.06495e-07 2.76047e-10 8.35458e-11 -3.07465e-08 -8.88343e-11 4.81421e-08 -6.70889e-09 -3.3348e-11
894 1.8 210 0 -3.49179e-10 1.47726e-07 -1.55798e-10 6.3788e-08 1.05783e-07 2.69772e-10 8.15743e-11 -3.03102e-08 -8.75705e-11 4.76393e-08 -6.61567e-09 -3.24769e-11
894 1.81 210 0 -3.42503e-10 1.46611e-07 -1.5173e-10 6.31083e-08 1.05094e-07 2.63962e-10 7.9643e-11 -2.98865e-08 -8.62896e-11 4.71489e-08 -6.52496e-09 -3.16365e-11
894 1.82 210 0 -3.36221e-10 1.45526e-07 -1.479e-10 6.24485e-08 1.04426e-07 2.58565e-10 7.77589e-11 -2.94747e-08 -8.50103e-11 4.66703e-08 -6.43662e-09 -3.0822e-11
894 1.83 210 0 -3.30307e-10 1.44468e-07 -1.44289e-10 6.18073e-08 1.03778e-07 2.53538e-10 7.59278e-11 -2.90742e-08 -8.37481e-11 4.62028e-08 -6.35054e-09 -3.00309e-11
894 1.84 210 0 -3.24742e-10 1.43437e-07 -1.40886e-10 6.11838e-08 1.03149e-07 2.48855e-10 7.41562e-11 -2.86843e-08 -8.25112e-11 4.5746e-08 -6.26662e-09 -2.92665e-11
894 1.85 210 0 -3.19507e-10 1.42431e-07 -1.37671e-10 6.0577e-08 1.02538e-07 2.4448e-10 7.2445e-11 -2.83046e-08 -8.13151e-11 4.52992e-08 -6.18473e-09 -2.85241e-11
894 1.86 210 0 -3.14589e-10 1.41448e-07 -1.34623e-10 5.9986e-08 1.01943e-07 2.4038e-10 7.07976e-11 -2.79347e-08 -8.0175e-11 4.48619e-08 -6.10481e-09 -2.78071e-11
894 1.87 210 0 -3.09989e-10 1.40487e-07 -1.31712e-10 5.94101e-08 1.01364e-07 2.36543e-10 6.9203e-11 -2.75739e-08 -7.90983e-11 4.44338e-08 -6.02675e-09 -2.71146e-11
894 1.88 210 0 -3.05668e-10 1.39548e-07 -1.28908e-10 5.88484e-08 1.00799e-07 2.32943e-10 6.76604e-11 -2.7222e-08 -7.80713e-11 4.40145e-08 -5.95049e-09 -2.64657e-11
894 1.89 210 0 -3.01459e-10 1.38629e-07 -1.26303e-10 5.83003e-08 1.00248e-07 2.29524e-10 6.62165e-11 -2.68786e-08 -7.70158e-11 4.36035e-08 -5.87599e-09 -2.58838e-11
894 1.9 210 0 -2.97418e-10 1.37728e-07 -1.23826e-10 5.77651e-08 9.97106e-08 2.26263e-10 6.48347e-11 -2.65431e-08 -7.59925e-11 4.32003e-08 -5.80313e-09 -2.53237e-11
894 1.91 210 0 -2.93551e-10 1.36846e-07 -1.21455e-10 5.72421e-08 9.9185e-08 2.23153e-10 6.35043e-11 -2.62154e-08 -7.50084e-11 4.28048e-08 -5.73186e-09 -2.47798e-11
894 1.92 210 0 -2.89847e-10 1.3598e-07 -1.19183e-10 5.67309e-08 9.8671e-08 2.20186e-10 6.22215e-11 -2.5895e-08 -7.40605e-11 4.24164e-08 -5.66212e-09 -2.42508e-11
894 1.93 210 0 -2.86297e-10 1.35131e-07 -1.17003e-10 5.62308e-08 9.81679e-08 2.17353e-10 6.09829e-11 -2.55817e-08 -7.31461e-11 4.2035e-08 -5.59383e-09 -2.37355e-11
894 1.94 210 0 -2.82893e-10 1.34297e-07 -1.14909e-10 5.57414e-08 9.76751e-08 2.14648e-10 5.97851e-11 -2.52752e-08 -7.22629e-11 4.16602e-08 -5.52695e-09 -2.32327e-11
894 1.95 210 0 -2.79629e-10 1.33478e-07 -1.12897e-10 5.52622e-08 9.71921e-08 2.12063e-10 5.86246e-11 -2.49751e-08 -7.14087e-11 4.12918e-08 -5.46143e-09 -2.27408e-11
894 1.96 210 0 -2.76497e-10 1.32673e-07 -1.10959e-10 5.47927e-08 9.67182e-08 2.09593e-10 5.74977e-11 -2.46813e-08 -7.05817e-11 4.09295e-08 -5.39721e-09 -2.22579e-11
894 1.97 210 0 -2.73496e-10 1.31881e-07 -1.09092e-10 5.43325e-08 9.62531e-08 2.07235e-10 5.64004e-11 -2.43934e-08 -6.97804e-11 4.0573e-08 -5.33424e-09 -2.17817e-11
894 1.98 210 0 -2.70626e-10 1.31103e-07 -1.07288e-10 5.38812e-08 9.57963e-08 2.04988e-10 5.53268e-11 -2.41113e-08 -6.90035e-11 4.02222e-08 -5.27248e-09 -2.1308e-11
894 1.99 210 0 -2.67898e-10 1.30336e-07 -1.0554e-10 5.34385e-08 9.53472e-08 2.0286e-10 5.42659e-11 -2.38347e-08 -6.82504e-11 3.98768e-08 -5.21188e-09 -2.08278e-11
894 2 210 0 -2.65392e-10 1.29581e-07 -1.03824e-10 5.3004e-08 9.49056e-08 2.00909e-10 5.31746e-11 -2.35635e-08 -6.75235e-11 3.95367e-08 -5.15237e-09 -2.03037e-11
