894 0 280 0 5.96873e-20 1.65679e-21 1.36273e-07 2.41034e-09 0 0 0 0 0 0 3.46643e-08 -7.99709e-08
894 0.01 280 0 7.2206e-20 2.61776e-20 1.36268e-07 2.40975e-09 4.94644e-22 1.63701e-22 2.9751e-10 3.47099e-10 1.55517e-22 -2.22578e-22 3.46609e-08 -7.99668e-08
894 0.02 280 0 7.13642e-20 2.44279e-20 1.36251e-07 2.40802e-09 8.91155e-22 2.84905e-22 5.95191e-10 6.93894e-10 3.44792e-22 -4.43286e-22 3.46507e-08 -7.99546e-08
894 0.03 280 0 6.08275e-20 1.121e-20 1.36224e-07 2.40515e-09 1.06959e-21 4.08033e-23 8.93213e-10 1.04008e-09 3.50833e-22 -5.78101e-22 3.46336e-08 -7.99343e-08
894 0.04 280 0 8.14874e-20 1.7873e-20 1.36184e-07 2.40112e-09 2.21913e-21 2.23369e-22 1.1918e-09 1.38535e-09 6.56398e-22 -9.757e-22 3.46091e-08 -7.99042e-08
894 0.05 280 0 6.45435e-20 1.50327e-20 1.36135e-07 2.39614e-09 2.02874e-21 2.33947e-22 1.49102e-09 1.7294e-09 6.29201e-22 -9.92668e-22 3.45787e-08 -7.98675e-08
894 0.06 280 0 6.00376e-20 1.27875e-20 1.36075e-07 2.39021e-09 2.13436e-21 1.16128e-22 1.79108e-09 2.07191e-09 6.95906e-22 -1.14184e-21 3.45418e-08 -7.98226e-08
894 0.07 280 0 6.96452e-20 1.57895e-20 1.36005e-07 2.38341e-09 3.23163e-21 3.65142e-22 2.09212e-09 2.41259e-09 8.66699e-22 -1.52266e-21 3.44984e-08 -7.97695e-08
894 0.08 280 0 5.42942e-20 8.81837e-21 1.35924e-07 2.37627e-09 2.6643e-21 -1.14354e-22 2.39432e-09 2.7511e-09 5.85975e-22 -1.39553e-21 3.44489e-08 -7.97075e-08
894 0.09 280 0 7.32174e-20 1.13464e-20 1.35832e-07 2.36809e-09 4.52633e-21 -1.82555e-22 2.69779e-09 3.08715e-09 1.03422e-21 -1.90839e-21 3.43932e-08 -7.96377e-08
894 0.1 280 0 7.29014e-20 1.33984e-20 1.3573e-07 2.35942e-09 4.99932e-21 1.478e-22 3.00267e-09 3.42042e-09 1.14837e-21 -2.32817e-21 3.43316e-08 -7.95594e-08
894 0.11 280 0 6.48161e-20 1.8299e-20 1.35618e-07 2.35041e-09 4.4823e-21 1.13661e-21 3.3091e-09 3.75057e-09 1.50519e-21 -2.38766e-21 3.42644e-08 -7.94727e-08
894 0.12 280 0 6.92893e-20 2.12928e-20 1.35496e-07 2.34123e-09 5.24023e-21 1.23094e-21 3.61718e-09 4.0773e-09 1.82364e-21 -2.48535e-21 3.41918e-08 -7.93773e-08
894 0.13 280 0 7.63779e-20 1.91332e-20 1.35365e-07 2.33207e-09 6.49018e-21 1.45327e-21 3.92702e-09 4.40026e-09 2.13254e-21 -3.28977e-21 3.41141e-08 -7.92733e-08
894 0.14 280 0 6.53288e-20 1.02033e-20 1.35224e-07 2.32292e-09 6.1812e-21 -1.26061e-22 4.23875e-09 4.71926e-09 1.15039e-21 -2.99597e-21 3.40314e-08 -7.91611e-08
894 0.15 280 0 5.87639e-20 -2.51243e-21 1.35073e-07 2.31476e-09 5.69498e-21 -2.17382e-21 4.55263e-09 5.03364e-09 6.6262e-22 -2.81968e-21 3.39437e-08 -7.90374e-08
894 0.16 280 0 6.58761e-20 1.61365e-21 1.34913e-07 2.30691e-09 7.27949e-21 -1.31939e-21 4.86825e-09 5.3433e-09 9.84948e-22 -3.65526e-21 3.38526e-08 -7.8907e-08
894 0.17 280 0 7.03338e-20 2.02123e-20 1.34745e-07 2.29996e-09 8.08031e-21 2.04282e-21 5.1859e-09 5.64784e-09 2.55644e-21 -3.87475e-21 3.37579e-08 -7.87675e-08
894 0.18 280 0 7.27524e-20 1.64894e-20 1.34569e-07 2.29416e-09 8.96125e-21 1.05884e-21 5.5056e-09 5.9469e-09 2.36865e-21 -4.0743e-21 3.36598e-08 -7.86189e-08
894 0.19 280 0 7.08313e-20 8.23526e-21 1.34385e-07 2.28976e-09 9.44039e-21 -3.26e-22 5.82735e-09 6.24014e-09 1.83594e-21 -4.33823e-21 3.3559e-08 -7.84611e-08
894 0.2 280 0 6.60255e-20 3.12493e-22 1.34192e-07 2.28742e-09 1.05253e-20 -2.48805e-21 6.15148e-09 6.52709e-09 1.65578e-22 -4.23719e-21 3.34553e-08 -7.8292e-08
894 0.21 280 0 6.45592e-20 1.92581e-20 1.33994e-07 2.28669e-09 8.72056e-21 2.12837e-21 6.47728e-09 6.80758e-09 2.89593e-21 -4.16871e-21 3.33505e-08 -7.81156e-08
894 0.22 280 0 7.20612e-20 1.42185e-20 1.33788e-07 2.28821e-09 1.08752e-20 4.0842e-22 6.805e-09 7.08114e-09 2.66256e-21 -4.70532e-21 3.32445e-08 -7.79297e-08
894 0.23 280 0 6.16554e-20 1.36389e-20 1.33577e-07 2.29267e-09 9.84631e-21 5.62728e-22 7.13458e-09 7.34734e-09 1.97584e-21 -4.32143e-21 3.31381e-08 -7.77338e-08
894 0.24 280 0 7.29374e-20 2.22013e-20 1.33359e-07 2.29956e-09 1.30682e-20 3.35492e-21 7.46621e-09 7.60588e-09 2.82602e-21 -5.84865e-21 3.3031e-08 -7.75273e-08
894 0.25 280 0 7.06221e-20 1.73342e-20 1.33137e-07 2.30964e-09 1.19731e-20 2.2855e-21 7.79903e-09 7.85641e-09 3.51065e-21 -5.70491e-21 3.29255e-08 -7.73127e-08
894 0.26 280 0 7.14367e-20 9.15973e-21 1.32912e-07 2.32356e-09 1.32886e-20 -4.31168e-23 8.13322e-09 8.09843e-09 2.39748e-21 -6.12635e-21 3.28217e-08 -7.70879e-08
894 0.27 280 0 6.98783e-20 8.52697e-21 1.32682e-07 2.34085e-09 1.4231e-20 -5.13821e-22 8.4685e-09 8.33172e-09 1.89462e-21 -6.24374e-21 3.27202e-08 -7.6854e-08
894 0.28 280 0 7.51165e-20 1.36325e-20 1.32449e-07 2.36194e-09 1.61631e-20 1.0236e-21 8.8052e-09 8.55598e-09 2.63004e-21 -6.68062e-21 3.2621e-08 -7.66092e-08
894 0.29 280 0 7.49642e-20 1.37102e-20 1.32216e-07 2.38801e-09 1.66433e-20 9.19618e-22 9.14192e-09 8.7704e-09 2.80164e-21 -7.05111e-21 3.25271e-08 -7.63553e-08
894 0.3 280 0 6.06498e-20 1.75305e-21 1.3198e-07 2.41832e-09 1.30059e-20 -3.40226e-21 9.47927e-09 8.97485e-09 1.22917e-21 -5.37409e-21 3.24375e-08 -7.60908e-08
894 0.31 280 0 6.7896e-20 1.05786e-20 1.31745e-07 2.4539e-09 1.52007e-20 -7.70997e-22 9.81594e-09 9.16894e-09 2.51232e-21 -6.29545e-21 3.23549e-08 -7.58177e-08
894 0.32 280 0 6.11974e-20 -2.40311e-21 1.31511e-07 2.49424e-09 1.44873e-20 -4.8738e-21 1.01519e-08 9.35243e-09 5.01049e-22 -6.45252e-21 3.22795e-08 -7.55357e-08
894 0.33 280 0 5.85796e-20 3.36223e-22 1.31278e-07 2.54032e-09 1.41814e-20 -3.74724e-21 1.04871e-08 9.52461e-09 8.41267e-22 -6.1007e-21 3.22119e-08 -7.52424e-08
894 0.34 280 0 7.63637e-20 1.08527e-20 1.3105e-07 2.59156e-09 2.13565e-20 2.68355e-22 1.082e-08 9.68559e-09 2.41249e-21 -8.49673e-21 3.21546e-08 -7.4942e-08
894 0.35 280 0 6.30194e-20 6.28352e-21 1.30825e-07 2.6489e-09 1.63714e-20 -1.21901e-21 1.1151e-08 9.83455e-09 1.86774e-21 -7.46604e-21 3.21076e-08 -7.46309e-08
894 0.36 280 0 6.68436e-20 5.38065e-21 1.30608e-07 2.71138e-09 1.71254e-20 -2.97696e-21 1.14784e-08 9.97195e-09 2.72657e-21 -7.25789e-21 3.20733e-08 -7.43135e-08
894 0.37 280 0 6.68963e-20 1.80905e-20 1.30397e-07 2.78041e-09 1.79103e-20 2.93254e-21 1.18022e-08 1.00964e-08 3.90624e-21 -7.91416e-21 3.20525e-08 -7.39858e-08
894 0.38 280 0 8.95702e-20 3.74314e-20 1.30197e-07 2.85493e-09 2.60035e-20 1.24658e-20 1.21205e-08 1.02085e-08 8.38058e-21 -1.12476e-20 3.20475e-08 -7.36524e-08
894 0.39 280 0 6.56133e-20 6.24914e-21 1.30006e-07 2.93566e-09 1.97017e-20 -2.05585e-21 1.24335e-08 1.03073e-08 2.00181e-21 -7.84302e-21 3.20589e-08 -7.331e-08
894 0.4 280 0 6.93719e-20 1.01617e-20 1.29829e-07 3.02198e-09 2.3105e-20 2.13335e-22 1.27389e-08 1.03932e-08 1.80508e-21 -9.71248e-21 3.20897e-08 -7.29626e-08
894 0.41 280 0 6.79553e-20 1.11008e-20 1.29666e-07 3.11348e-09 2.16113e-20 1.08518e-21 1.30367e-08 1.04658e-08 3.36154e-21 -9.54325e-21 3.21399e-08 -7.26088e-08
894 0.42 280 0 7.33646e-20 3.21771e-20 1.2952e-07 3.21028e-09 2.49511e-20 1.21163e-20 1.33243e-08 1.05251e-08 6.34302e-21 -1.07471e-20 3.22133e-08 -7.22511e-08
894 0.43 280 0 7.01737e-20 7.55208e-21 1.29394e-07 3.31149e-09 2.42862e-20 -1.60114e-21 1.36019e-08 1.0571e-08 2.61396e-21 -9.71102e-21 3.23099e-08 -7.18888e-08
894 0.44 280 0 6.72267e-20 1.42322e-20 1.29288e-07 3.41695e-09 2.31526e-20 3.03384e-21 1.38668e-08 1.06033e-08 3.43796e-21 -1.03152e-20 3.24331e-08 -7.15237e-08
894 0.45 280 0 6.83601e-20 5.35271e-21 1.29207e-07 3.5252e-09 2.54057e-20 -3.48483e-21 1.41166e-08 1.06229e-08 1.40223e-21 -9.93841e-21 3.25851e-08 -7.11594e-08
894 0.46 280 0 7.16314e-20 3.59446e-21 1.29153e-07 3.63609e-09 2.91786e-20 -4.9751e-21 1.4351e-08 1.0629e-08 8.21106e-22 -1.01902e-20 3.27674e-08 -7.07939e-08
894 0.47 280 0 7.29942e-20 8.42695e-21 1.29128e-07 3.74802e-09 2.94052e-20 -2.53203e-21 1.45672e-08 1.06226e-08 2.10074e-21 -1.03628e-20 3.29825e-08 -7.04308e-08
894 0.48 280 0 7.0435e-20 1.12229e-20 1.29137e-07 3.85931e-09 2.89934e-20 -1.27404e-21 1.47633e-08 1.06044e-08 2.90605e-21 -9.45806e-21 3.32325e-08 -7.00723e-08
894 0.49 280 0 7.2542e-20 5.77021e-21 1.29182e-07 3.96864e-09 3.23221e-20 -3.71381e-21 1.49353e-08 1.05749e-08 1.21559e-21 -1.11754e-20 3.35214e-08 -6.97215e-08
894 0.5 280 0 6.16414e-20 3.83864e-21 1.29266e-07 4.07402e-09 2.60926e-20 -6.6145e-21 1.50827e-08 1.05348e-08 2.60591e-22 -8.51124e-21 3.38498e-08 -6.93788e-08
894 0.51 280 0 6.79917e-20 4.07547e-21 1.29394e-07 4.17295e-09 3.03123e-20 -5.8272e-21 1.52016e-08 1.04854e-08 9.20536e-22 -1.02965e-20 3.4221e-08 -6.90484e-08
894 0.52 280 0 8.57342e-20 2.73006e-20 1.29569e-07 4.26265e-09 4.11743e-20 9.38465e-21 1.52891e-08 1.04283e-08 6.36118e-21 -1.36084e-20 3.46377e-08 -6.87337e-08
894 0.53 280 0 6.33328e-20 1.3876e-21 1.29796e-07 4.3399e-09 3.10166e-20 -8.72727e-21 1.53421e-08 1.03651e-08 -9.34973e-22 -9.29046e-21 3.51022e-08 -6.84378e-08
894 0.54 280 0 8.2391e-20 -2.02998e-21 1.30079e-07 4.40101e-09 4.18587e-20 -1.0748e-20 1.53565e-08 1.02981e-08 7.00751e-22 -1.42106e-20 3.56175e-08 -6.81656e-08
894 0.55 280 0 5.78366e-20 3.45865e-21 1.30421e-07 4.44165e-09 2.64789e-20 -8.33351e-21 1.53287e-08 1.02299e-08 1.02336e-21 -7.39519e-21 3.6186e-08 -6.79214e-08
894 0.56 280 0 6.70641e-20 1.26858e-20 1.30829e-07 4.45701e-09 3.60361e-20 5.33247e-22 1.52543e-08 1.01634e-08 1.48612e-21 -1.1852e-20 3.68105e-08 -6.77098e-08
894 0.57 280 0 7.36697e-20 6.29883e-21 1.31307e-07 4.44095e-09 4.2915e-20 -6.95923e-21 1.51301e-08 1.01026e-08 -1.24254e-21 -1.24619e-20 3.74923e-08 -6.75372e-08
894 0.58 280 0 7.27157e-20 1.02215e-20 1.31858e-07 4.38778e-09 4.19178e-20 -4.31253e-21 1.49507e-08 1.0051e-08 1.14674e-21 -1.16402e-20 3.82346e-08 -6.74082e-08
894 0.59 280 0 6.92003e-20 4.44118e-22 1.32491e-07 4.28925e-09 4.02934e-20 -1.19821e-20 1.47105e-08 1.0015e-08 -1.4497e-21 -1.12819e-20 3.90396e-08 -6.73321e-08
894 0.6 280 0 7.28599e-20 1.16069e-20 1.33209e-07 4.13725e-09 4.44957e-20 -3.71926e-21 1.44047e-08 9.99991e-09 1.08207e-21 -1.19227e-20 3.99092e-08 -6.7315e-08
894 0.61 280 0 7.47107e-20 2.04313e-20 1.34017e-07 3.92225e-09 4.87657e-20 3.05116e-21 1.40298e-08 1.00122e-08 1.57409e-21 -1.25827e-20 4.08431e-08 -6.73644e-08
894 0.62 280 0 6.76872e-20 1.67711e-20 1.34921e-07 3.633e-09 4.11629e-20 -1.42203e-21 1.35771e-08 1.00613e-08 2.23937e-21 -9.47824e-21 4.18449e-08 -6.74913e-08
894 0.63 280 0 7.40086e-20 6.37816e-21 1.35925e-07 3.25751e-09 4.60451e-20 -9.7986e-21 1.30438e-08 1.01554e-08 1.99831e-21 -1.17163e-20 4.29131e-08 -6.77038e-08
894 0.64 280 0 5.94601e-20 -5.68327e-21 1.37035e-07 2.78154e-09 3.32445e-20 -2.21991e-20 1.24236e-08 1.0306e-08 -1.5489e-21 -7.51234e-21 4.40476e-08 -6.80131e-08
894 0.65 280 0 7.16302e-20 1.2649e-20 1.38257e-07 2.18895e-09 4.75929e-20 -7.46665e-21 1.17081e-08 1.05265e-08 1.47807e-21 -1.00037e-20 4.525e-08 -6.84318e-08
894 0.66 280 0 6.05741e-20 2.87794e-21 1.39593e-07 1.46244e-09 3.83741e-20 -1.9498e-20 1.08953e-08 1.08303e-08 -1.17626e-21 -5.09917e-21 4.65158e-08 -6.89709e-08
894 0.67 280 0 7.4506e-20 7.43227e-21 1.41045e-07 5.81987e-10 5.37847e-20 -1.4149e-20 9.98008e-09 1.12344e-08 -5.09104e-22 -1.08212e-20 4.78417e-08 -6.96443e-08
894 0.68 280 0 6.386e-20 2.46128e-21 1.42616e-07 -4.75153e-10 4.08488e-20 -1.91914e-20 8.95677e-09 1.17579e-08 -2.18427e-24 -7.43646e-21 4.92251e-08 -7.0466e-08
894 0.69 280 0 6.35143e-20 -2.10967e-21 1.4431e-07 -1.73472e-09 3.85905e-20 -2.17855e-20 7.81963e-09 1.24238e-08 1.41248e-21 -8.44031e-21 5.06613e-08 -7.14524e-08
894 0.7 280 0 6.34179e-20 4.74851e-21 1.46123e-07 -3.22402e-09 4.51004e-20 -1.79913e-20 6.56978e-09 1.32553e-08 -3.08771e-22 -7.68751e-21 5.21404e-08 -7.26179e-08
894 0.71 280 0 6.72169e-20 2.23062e-21 1.48055e-07 -4.97539e-09 4.95432e-20 -2.01582e-20 5.20256e-09 1.42829e-08 -4.50962e-22 -9.45563e-21 5.36557e-08 -7.39813e-08
894 0.72 280 0 6.57708e-20 -2.8908e-21 1.50099e-07 -7.0232e-09 4.32125e-20 -2.49943e-20 3.72208e-09 1.55371e-08 1.90777e-21 -9.49102e-21 5.51935e-08 -7.55588e-08
894 0.73 280 0 5.68166e-20 1.48332e-21 1.52245e-07 -9.40682e-09 3.42872e-20 -2.09643e-20 2.13048e-09 1.70543e-08 3.10571e-21 -5.69887e-21 5.6741e-08 -7.73682e-08
894 0.74 280 0 7.10552e-20 1.10123e-20 1.54485e-07 -1.21696e-08 5.34567e-20 -2.13236e-20 4.32778e-10 1.88774e-08 2.81332e-21 -5.32114e-21 5.82824e-08 -7.94299e-08
894 0.75 280 0 8.63195e-20 8.90566e-21 1.56797e-07 -1.53583e-08 7.79162e-20 -2.47847e-20 -1.35716e-09 2.10505e-08 -6.33711e-22 -1.20939e-20 5.97961e-08 -8.17605e-08
894 0.76 280 0 6.44238e-20 -3.32617e-22 1.59161e-07 -1.90273e-08 4.65539e-20 -2.85547e-20 -3.22583e-09 2.36282e-08 8.16686e-22 -8.05701e-21 6.12609e-08 -8.43806e-08
894 0.77 280 0 6.88428e-20 3.6315e-21 1.61547e-07 -2.32342e-08 5.56357e-20 -2.51236e-20 -5.15369e-09 2.66693e-08 2.5883e-21 -9.66047e-21 6.2652e-08 -8.73086e-08
894 0.78 280 0 5.83828e-20 -1.2661e-21 1.63913e-07 -2.80428e-08 3.89991e-20 -3.12794e-20 -7.10809e-09 3.02419e-08 3.13403e-21 -5.59249e-21 6.39375e-08 -9.05633e-08
894 0.79 280 0 7.84627e-20 5.88239e-21 1.662e-07 -3.35022e-08 6.31835e-20 -3.5968e-20 -9.01698e-09 3.43888e-08 3.72411e-21 -5.57092e-21 6.50591e-08 -9.41444e-08
894 0.8 280 0 9.0526e-20 2.13544e-21 1.68349e-07 -3.96971e-08 7.33034e-20 -3.9582e-20 -1.08448e-08 3.92023e-08 8.81521e-21 -1.10468e-20 6.59921e-08 -9.80718e-08
894 0.81 280 0 6.12016e-20 8.17216e-22 1.70288e-07 -4.67021e-08 4.68033e-20 -3.96153e-20 -1.25264e-08 4.47625e-08 1.51852e-22 -3.76063e-21 6.66929e-08 -1.02353e-07
894 0.82 280 0 8.73294e-20 3.70545e-21 1.71907e-07 -5.46016e-08 6.49243e-20 -3.61765e-20 -1.39583e-08 5.11613e-08 1.48436e-20 -9.66723e-21 6.71073e-08 -1.0699e-07
894 0.83 280 0 8.64379e-20 6.39801e-21 1.73067e-07 -6.34783e-08 6.75564e-20 -3.95604e-20 -1.50075e-08 5.84896e-08 1.27754e-20 -7.61901e-21 6.71771e-08 -1.11977e-07
894 0.84 280 0 8.18781e-20 -5.18871e-21 1.73752e-07 -7.33908e-08 7.57326e-20 -6.25002e-20 -1.56775e-08 6.68232e-08 -1.73773e-21 -9.31814e-21 6.68777e-08 -1.17319e-07
894 0.85 280 0 1.01968e-19 3.18335e-22 1.73721e-07 -8.445e-08 8.97715e-20 -5.4092e-20 -1.57249e-08 7.62853e-08 1.39328e-20 -1.47386e-20 6.61229e-08 -1.22991e-07
894 0.86 280 0 7.1447e-20 -1.06926e-22 1.72771e-07 -9.67452e-08 5.52153e-20 -5.39713e-20 -1.49514e-08 8.69852e-08 5.63486e-21 -4.46606e-21 6.4848e-08 -1.28966e-07
894 0.87 280 0 8.19226e-20 -1.21681e-20 1.70662e-07 -1.1036e-07 7.18835e-20 -7.17083e-20 -1.31172e-08 9.90277e-08 1.9067e-21 -1.38194e-20 6.29876e-08 -1.35204e-07
894 0.88 280 0 1.03613e-19 -9.83588e-21 1.67102e-07 -1.25374e-07 7.38573e-20 -5.08658e-20 -9.92767e-09 1.1252e-07 2.87743e-20 -2.31288e-20 6.04772e-08 -1.41652e-07
894 0.89 280 0 8.80065e-20 -8.85941e-21 1.61739e-07 -1.4186e-07 6.54288e-20 -6.35533e-20 -5.02255e-09 1.27566e-07 1.50713e-20 -1.57032e-20 5.72558e-08 -1.48243e-07
894 0.9 280 0 8.85424e-20 -1.17689e-20 1.54149e-07 -1.59876e-07 7.04543e-20 -7.44414e-20 2.03624e-09 1.44257e-07 1.23438e-20 -1.72166e-20 5.32713e-08 -1.54891e-07
894 0.91 280 0 7.85273e-20 -1.14365e-20 1.43809e-07 -1.79466e-07 5.47819e-20 -7.44848e-20 1.17941e-08 1.62678e-07 1.05644e-20 -1.26087e-20 4.84828e-08 -1.61494e-07
894 0.92 280 0 8.49354e-20 -1.53553e-20 1.30067e-07 -2.00655e-07 5.78508e-20 -7.71791e-20 2.49356e-08 1.82899e-07 1.52816e-20 -1.87505e-20 4.28681e-08 -1.67931e-07
894 0.93 280 0 9.38317e-20 -2.63192e-20 1.12094e-07 -2.23442e-07 7.41995e-20 -9.96694e-20 4.23328e-08 2.04968e-07 1.10324e-20 -2.95081e-20 3.64328e-08 -1.74057e-07
894 0.94 280 0 8.49592e-20 -2.48463e-20 8.87844e-08 -2.47804e-07 5.54817e-20 -8.59487e-20 6.51503e-08 2.28924e-07 1.43743e-20 -2.81399e-20 2.92193e-08 -1.79711e-07
894 0.95 280 0 9.36277e-20 -4.95235e-20 5.85871e-08 -2.73693e-07 6.89252e-20 -1.03079e-19 9.50151e-08 2.54788e-07 1.39862e-20 -5.41803e-20 2.1325e-08 -1.84702e-07
894 0.96 280 0 8.13806e-20 -7.66103e-20 1.91388e-08 -3.01045e-07 7.91577e-20 -9.86591e-20 1.34387e-07 2.82589e-07 1.56637e-21 -8.63275e-20 1.293e-08 -1.88808e-07
894 0.97 280 0 7.30217e-20 -4.65773e-20 -3.36256e-08 -3.298e-07 5.03349e-20 -1.17168e-19 1.87454e-07 3.12405e-07 -4.9796e-21 -4.89686e-20 4.35148e-09 -1.9175e-07
894 0.98 280 0 8.94182e-20 -1.53535e-20 -1.08182e-07 -3.59978e-07 4.02192e-20 -1.15934e-19 2.62839e-07 3.44496e-07 1.34248e-20 -1.98674e-20 -3.82284e-09 -1.93117e-07
894 0.99 280 0 3.99888e-20 -4.90409e-20 -2.29934e-07 -3.91947e-07 5.31773e-20 -1.18894e-19 3.86092e-07 3.79807e-07 -3.42078e-20 -5.72449e-20 -1.02558e-08 -1.92039e-07
894 1 280 0 8.30729e-20 -9.47338e-21 -6.09195e-06 -2.16916e-07 3.31007e-20 -8.28033e-20 6.24392e-06 2.16941e-07 2.20171e-20 -1.85385e-20 -5.95364e-11 -1.71832e-07
894 1.01 280 0 7.13109e-20 -8.27102e-21 -3.31614e-07 4.18821e-10 4.09941e-20 -1.21273e-19 5.07315e-07 -4.05481e-10 -7.8921e-21 -2.71314e-20 -9.30296e-11 -2.04595e-07
894 1.02 280 0 7.23511e-20 -9.13045e-21 -2.82171e-07 5.00874e-10 5.45541e-20 -9.89513e-20 4.71279e-07 -5.24152e-10 1.42128e-21 -3.7101e-20 -1.63091e-10 -2.21328e-07
894 1.03 280 0 7.85908e-20 -9.42892e-21 -2.74823e-07 6.27211e-10 6.21253e-20 -1.02335e-19 4.80257e-07 -7.04729e-10 2.62265e-21 -4.37126e-20 -2.61956e-10 -2.43924e-07
894 1.04 280 0 1.23726e-19 -2.61688e-21 -2.92902e-07 8.38293e-10 7.40345e-20 -8.27865e-20 5.20531e-07 -1.00658e-09 5.68631e-20 -4.62736e-20 -4.22206e-10 -2.76549e-07
894 1.05 280 0 1.32103e-19 -6.68165e-21 -3.39353e-07 1.23002e-09 8.91355e-20 -1.15671e-19 6.00112e-07 -1.57058e-09 4.49769e-20 -6.17074e-20 -7.18766e-10 -3.26983e-07
894 1.06 280 0 1.21052e-19 -1.46971e-20 -4.33698e-07 2.09946e-09 1.26274e-19 -1.56416e-19 7.50225e-07 -2.8359e-09 5.47318e-21 -9.58245e-20 -1.38403e-09 -4.1361e-07
894 1.07 280 0 2.39277e-19 7.24387e-21 -6.44019e-07 4.64341e-09 2.36995e-19 -3.981e-19 1.07523e-06 -6.58485e-09 -3.62732e-20 -1.49714e-19 -3.37114e-09 -5.93756e-07
894 1.08 280 0 1.03331e-18 3.5513e-20 -1.35144e-06 2.00245e-08 5.35401e-19 -5.99068e-19 2.15541e-06 -2.95839e-08 6.42095e-19 -3.29719e-19 -1.56859e-08 -1.18251e-06
894 1.09 280 0 -5.91637e-17 -4.50453e-18 1.06967e-05 1.23253e-06 -7.69773e-18 3.4809e-17 -1.61696e-05 -1.88096e-06 -3.72308e-17 7.20957e-19 -1.02236e-06 8.752e-06
894 1.1 280 0 -6.51539e-19 -1.66924e-21 1.09372e-06 1.22256e-08 -5.36483e-19 1.04656e-18 -1.55867e-06 -1.90952e-08 5.22168e-20 3.84459e-19 -1.05517e-08 8.27305e-07
894 1.11 280 0 -3.66956e-20 3.77723e-20 5.85987e-07 3.34114e-09 -2.83404e-19 2.42562e-19 -7.84167e-07 -5.292e-09 1.24813e-19 2.49153e-19 -2.95178e-09 4.058e-07
894 1.12 280 0 -8.64409e-20 1.09005e-20 4.06991e-07 1.54251e-09 -2.66766e-19 4.16663e-19 -5.10135e-07 -2.45447e-09 2.03958e-19 2.1219e-19 -1.37397e-09 2.5597e-07
894 1.13 280 0 -2.87562e-20 -8.28174e-22 3.16474e-07 8.94374e-10 -2.49268e-19 4.22137e-19 -3.71007e-07 -1.41719e-09 2.7563e-19 1.90152e-19 -7.92103e-10 1.79518e-07
894 1.14 280 0 -5.18553e-20 -1.18839e-20 2.62283e-07 5.91141e-10 -5.08285e-19 8.19373e-19 -2.87392e-07 -9.25201e-10 5.64031e-19 3.81418e-19 -5.14014e-10 1.3335e-07
894 1.15 280 0 2.68e-17 -1.21538e-17 2.26443e-07 4.25872e-10 -3.3868e-18 1.53648e-17 -2.31901e-07 -6.53543e-10 4.30119e-17 -1.11234e-17 -3.59474e-10 1.0258e-07
894 1.16 280 0 -1.35161e-21 -2.94255e-21 2.01115e-07 3.27496e-10 3.34445e-19 -3.55839e-19 -1.92578e-07 -4.89747e-10 -2.98634e-19 -2.71312e-19 -2.66013e-10 8.06985e-08
894 1.17 280 0 6.81028e-21 1.35275e-21 1.8234e-07 2.62603e-10 1.37885e-19 -2.34677e-19 -1.63371e-07 -3.80556e-10 -1.97589e-19 -1.1027e-19 -2.0329e-10 6.44037e-08
894 1.18 280 0 1.1045e-20 2.06796e-21 1.67912e-07 2.18933e-10 7.80125e-20 -2.23759e-19 -1.40906e-07 -3.06222e-10 -1.88066e-19 -6.15436e-20 -1.60616e-10 5.18495e-08
894 1.19 280 0 1.51168e-20 1.3901e-21 1.56503e-07 1.87679e-10 4.76778e-20 -1.53451e-19 -1.23145e-07 -2.52511e-10 -1.26316e-19 -3.79016e-20 -1.29734e-10 4.19175e-08
894 1.2 280 0 1.95967e-20 9.18221e-22 1.47269e-07 1.64549e-10 3.0675e-20 -1.24256e-19 -1.08789e-07 -2.12414e-10 -9.89261e-20 -2.44875e-20 -1.0667e-10 3.38936e-08
894 1.21 280 0 1.50194e-20 1.59746e-21 1.39652e-07 1.47296e-10 3.0585e-20 -1.15804e-19 -9.69764e-08 -1.82229e-10 -9.71997e-20 -2.40633e-20 -8.94186e-11 2.73007e-08
894 1.22 280 0 1.57783e-20 1.0286e-21 1.33263e-07 1.33547e-10 1.87228e-20 -1.18942e-19 -8.71062e-08 -1.58048e-10 -1.01266e-19 -1.48127e-20 -7.55358e-11 2.18061e-08
894 1.23 280 0 1.92329e-20 9.22639e-22 1.27829e-07 1.23109e-10 1.7591e-20 -6.72819e-20 -7.87542e-08 -1.39503e-10 -5.04544e-20 -1.40862e-20 -6.50747e-11 1.7174e-08
894 1.24 280 0 2.31736e-20 8.39794e-22 1.23149e-07 1.14648e-10 1.38247e-20 -8.13266e-20 -7.16075e-08 -1.24385e-10 -6.08015e-20 -1.10893e-20 -5.65776e-11 1.32292e-08
894 1.25 280 0 2.27816e-20 7.026e-22 1.19075e-07 1.077e-10 1.12175e-20 -6.41532e-20 -6.54331e-08 -1.11904e-10 -4.56966e-20 -8.96683e-21 -4.95953e-11 9.84098e-09
894 1.26 280 0 2.55597e-20 6.37729e-22 1.15492e-07 1.02237e-10 8.10861e-21 -8.47803e-20 -6.00541e-08 -1.01964e-10 -6.28137e-20 -6.3383e-21 -4.41749e-11 6.91007e-09
894 1.27 280 0 2.43242e-20 4.39295e-22 1.12315e-07 9.76424e-11 7.23895e-21 -7.29164e-20 -5.53324e-08 -9.35493e-11 -5.31474e-20 -5.88102e-21 -3.96082e-11 4.35812e-09
894 1.28 280 0 2.0703e-20 8.19537e-22 1.09474e-07 9.40027e-11 6.60055e-21 -5.80667e-20 -5.11606e-08 -8.67473e-11 -4.26316e-20 -4.96714e-21 -3.60237e-11 2.12428e-09
894 1.29 280 0 2.79745e-20 5.94334e-22 1.06917e-07 9.13736e-11 5.48409e-21 -5.86996e-20 -4.74529e-08 -8.1571e-11 -3.61097e-20 -4.25934e-21 -3.34637e-11 1.5984e-10
894 1.3 280 0 2.70373e-20 5.95003e-22 1.04599e-07 8.97952e-11 4.47864e-21 -5.73878e-20 -4.41404e-08 -7.79915e-11 -3.62586e-20 -3.34453e-21 -3.19124e-11 -1.57456e-09
894 1.31 280 0 2.83656e-20 4.99577e-22 1.02486e-07 8.88912e-11 3.34869e-21 -5.02029e-20 -4.11672e-08 -7.54532e-11 -2.74793e-20 -2.40849e-21 -3.09601e-11 -3.11111e-09
894 1.32 280 0 2.39257e-20 4.37076e-22 1.00545e-07 8.52457e-11 2.88647e-21 -4.50917e-20 -3.84804e-08 -6.93644e-11 -2.74993e-20 -2.07113e-21 -2.72948e-11 -4.48123e-09
894 1.33 280 0 3.02372e-20 2.76437e-22 9.87546e-08 8.20332e-11 2.5498e-21 -6.14928e-20 -3.60465e-08 -6.40262e-11 -3.88872e-20 -2.04622e-21 -2.40985e-11 -5.70352e-09
894 1.34 280 0 3.07076e-20 3.39803e-22 9.7096e-08 7.91783e-11 2.63686e-21 -5.99722e-20 -3.38335e-08 -5.93118e-11 -3.632e-20 -2.06315e-21 -2.12913e-11 -6.79658e-09
894 1.35 280 0 2.71108e-20 3.83882e-22 9.55523e-08 7.66218e-11 2.18204e-21 -4.34028e-20 -3.18142e-08 -5.51208e-11 -2.2985e-20 -1.59601e-21 -1.881e-11 -7.77613e-09
894 1.36 280 0 2.79416e-20 2.52671e-22 9.41095e-08 7.43162e-11 1.71823e-21 -4.35943e-20 -2.99659e-08 -5.13727e-11 -2.24459e-20 -1.28677e-21 -1.66037e-11 -8.65553e-09
894 1.37 280 0 2.99419e-20 2.86887e-22 9.27559e-08 7.22236e-11 1.43939e-21 -5.03911e-20 -2.82691e-08 -4.80021e-11 -2.70381e-20 -9.91318e-22 -1.46314e-11 -9.4462e-09
894 1.38 280 0 2.98616e-20 2.75099e-22 9.14813e-08 7.03132e-11 1.13597e-21 -4.65775e-20 -2.6707e-08 -4.49559e-11 -2.38415e-20 -7.08464e-22 -1.28598e-11 -1.01579e-08
894 1.39 280 0 3.23296e-20 1.7518e-22 9.02771e-08 6.85596e-11 9.0531e-22 -5.27276e-20 -2.52653e-08 -4.21902e-11 -2.7744e-20 -6.17462e-22 -1.12611e-11 -1.07992e-08
894 1.4 280 0 2.79351e-20 2.12413e-22 8.91358e-08 6.6942e-11 1.30927e-21 -4.15474e-20 -2.39314e-08 -3.96683e-11 -2.03095e-20 -1.05833e-21 -9.81254e-12 -1.13774e-08
894 1.41 280 0 3.0497e-20 2.13422e-22 8.80509e-08 6.54427e-11 4.55242e-22 -4.30058e-20 -2.26946e-08 -3.73595e-11 -1.94942e-20 -1.38858e-22 -8.49467e-12 -1.1899e-08
894 1.42 280 0 3.09684e-20 2.33788e-22 8.70169e-08 6.40471e-11 4.62417e-22 -4.6893e-20 -2.15454e-08 -3.52375e-11 -2.34903e-20 -1.45125e-22 -7.29098e-12 -1.23694e-08
894 1.43 280 0 2.8256e-20 -1.79332e-23 8.60287e-08 6.27424e-11 3.5096e-22 -4.12454e-20 -2.04754e-08 -3.32795e-11 -2.03821e-20 -3.68488e-22 -6.18695e-12 -1.27938e-08
894 1.44 280 0 3.16904e-20 7.21188e-24 8.50822e-08 6.15172e-11 4.11089e-22 -4.84637e-20 -1.94774e-08 -3.14647e-11 -2.48017e-20 -4.02577e-22 -5.16924e-12 -1.31765e-08
894 1.45 280 0 2.78573e-20 1.11922e-23 8.41735e-08 6.03618e-11 2.03155e-23 -3.55778e-20 -1.85448e-08 -2.97753e-11 -1.39628e-20 3.04572e-24 -4.22615e-12 -1.35213e-08
