894 0 450 0 9.51283e-21 -1.26204e-20 1.55703e-08 8.73599e-09 0 0 0 0 0 0 1.94864e-08 4.74636e-09
894 0.01 450 0 4.75411e-23 -1.13367e-20 1.55703e-08 8.73047e-09 4.04625e-23 -6.73912e-23 -1.93381e-10 -1.36482e-11 -5.6907e-23 -6.36301e-23 1.94843e-08 4.74055e-09
894 0.02 450 0 4.73378e-21 -1.68121e-20 1.557e-08 8.71392e-09 1.77045e-22 -2.67622e-22 -3.86717e-10 -2.703e-11 -1.3114e-22 -1.28503e-22 1.9478e-08 4.72315e-09
894 0.03 450 0 8.64589e-21 -1.63332e-20 1.55696e-08 8.68634e-09 3.63459e-22 -3.56938e-22 -5.79964e-10 -3.9879e-11 -1.69649e-22 -2.40949e-22 1.94675e-08 4.69416e-09
894 0.04 450 0 1.9287e-21 -6.22024e-21 1.55688e-08 8.64774e-09 2.44009e-22 -8.15979e-23 -7.73074e-10 -5.19292e-11 -1.91184e-22 -2.40955e-22 1.94527e-08 4.65363e-09
894 0.05 450 0 3.95918e-21 -1.33407e-20 1.55677e-08 8.59814e-09 4.14341e-22 -4.45604e-22 -9.65996e-10 -6.29152e-11 -3.08407e-22 -3.54372e-22 1.94335e-08 4.60158e-09
894 0.06 450 0 1.03631e-20 -1.69923e-20 1.5566e-08 8.53755e-09 8.39792e-22 -7.19694e-22 -1.15868e-09 -7.25719e-11 -3.435e-22 -5.27798e-22 1.94097e-08 4.53809e-09
894 0.07 450 0 2.73829e-21 -9.93125e-21 1.55636e-08 8.46601e-09 4.62722e-22 -3.89406e-22 -1.35105e-09 -8.06353e-11 -3.64992e-22 -4.58889e-22 1.93811e-08 4.46322e-09
894 0.08 450 0 8.3081e-21 -1.71062e-20 1.55599e-08 8.38341e-09 9.40949e-22 -9.33053e-22 -1.54304e-09 -8.68202e-11 -4.56922e-22 -7.15719e-22 1.93473e-08 4.37679e-09
894 0.09 450 0 4.48512e-21 -7.46522e-21 1.55554e-08 8.29004e-09 7.62056e-22 -2.54197e-22 -1.7346e-09 -9.09072e-11 -4.17925e-22 -6.2971e-22 1.93086e-08 4.27944e-09
894 0.1 450 0 4.38894e-21 -1.02836e-20 1.55494e-08 8.18583e-09 8.72599e-22 -5.89989e-22 -1.92564e-09 -9.26171e-11 -5.52276e-22 -6.96057e-22 1.92644e-08 4.17101e-09
894 0.11 450 0 5.10216e-21 -1.57751e-20 1.55417e-08 8.07083e-09 9.64106e-22 -1.3108e-21 -2.11606e-09 -9.16923e-11 -6.50979e-22 -7.56207e-22 1.92144e-08 4.05166e-09
894 0.12 450 0 3.62399e-21 -1.42285e-20 1.55318e-08 7.94512e-09 9.99295e-22 -1.27995e-21 -2.30576e-09 -8.78781e-11 -7.99638e-22 -7.55494e-22 1.91582e-08 3.92154e-09
894 0.13 450 0 1.48072e-21 -1.078e-20 1.55188e-08 7.80715e-09 6.98979e-22 -9.81537e-22 -2.49459e-09 -8.0658e-11 -7.25182e-22 -7.0367e-22 1.90959e-08 3.78066e-09
894 0.14 450 0 5.41673e-21 -1.50328e-20 1.55038e-08 7.66042e-09 1.28744e-21 -1.42674e-21 -2.68252e-09 -7.0279e-11 -8.01409e-22 -1.10125e-21 1.90266e-08 3.62953e-09
894 0.15 450 0 8.8439e-21 -1.03533e-20 1.5485e-08 7.50303e-09 1.93873e-21 -8.59054e-22 -2.86926e-09 -5.62401e-11 -7.65064e-22 -1.21131e-21 1.89494e-08 3.46808e-09
894 0.16 450 0 7.20078e-21 -1.12423e-20 1.54627e-08 7.33547e-09 1.65378e-21 -9.7233e-22 -3.05477e-09 -3.83703e-11 -6.90284e-22 -1.30985e-21 1.88647e-08 3.297e-09
894 0.17 450 0 4.84133e-22 -1.41082e-20 1.5436e-08 7.15781e-09 7.94896e-22 -1.80728e-21 -3.23883e-09 -1.64015e-11 -1.08753e-21 -9.7226e-22 1.87716e-08 3.11637e-09
894 0.18 450 0 2.57482e-21 -1.12593e-20 1.54045e-08 6.97023e-09 1.27095e-21 -1.32792e-21 -3.42125e-09 9.8886e-12 -1.06173e-21 -1.1413e-21 1.86696e-08 2.92652e-09
894 0.19 450 0 3.42114e-21 -9.25906e-21 1.53669e-08 6.77139e-09 1.37546e-21 -9.12765e-22 -3.60176e-09 4.10937e-11 -9.33282e-22 -1.29042e-21 1.85587e-08 2.72769e-09
894 0.2 450 0 5.42069e-21 -5.48736e-21 1.53235e-08 6.56462e-09 1.79618e-21 1.46627e-22 -3.78016e-09 7.67265e-11 -7.45379e-22 -1.70393e-21 1.8437e-08 2.52036e-09
894 0.21 450 0 2.64987e-21 -1.6423e-20 1.52738e-08 6.34879e-09 1.60677e-21 -2.76393e-21 -3.95626e-09 1.17237e-10 -1.57399e-21 -1.29953e-21 1.83051e-08 2.30531e-09
894 0.22 450 0 4.31998e-21 -1.15042e-20 1.52167e-08 6.12418e-09 2.14569e-21 -1.70291e-21 -4.12973e-09 1.62848e-10 -1.47957e-21 -1.46115e-21 1.81618e-08 2.08286e-09
894 0.23 450 0 4.18253e-21 -1.38786e-20 1.51504e-08 5.88956e-09 2.22873e-21 -2.33554e-21 -4.30011e-09 2.1422e-10 -1.67472e-21 -1.54385e-21 1.80067e-08 1.85326e-09
894 0.24 450 0 -1.34081e-21 -1.28699e-20 1.50763e-08 5.64858e-09 7.32487e-22 -2.45213e-21 -4.46734e-09 2.70505e-10 -1.59559e-21 -1.11259e-21 1.7839e-08 1.61779e-09
894 0.25 450 0 1.08969e-21 -1.41922e-20 1.49926e-08 5.40014e-09 1.55817e-21 -3.0102e-21 -4.63094e-09 3.323e-10 -1.84965e-21 -1.20594e-21 1.76579e-08 1.37685e-09
894 0.26 450 0 3.0961e-21 -7.51768e-21 1.48974e-08 5.14327e-09 2.17365e-21 -1.20926e-21 -4.79034e-09 4.00244e-10 -1.5825e-21 -1.40352e-21 1.74629e-08 1.13098e-09
894 0.27 450 0 2.62734e-21 -8.89268e-21 1.47919e-08 4.88169e-09 2.0776e-21 -1.32116e-21 -4.94544e-09 4.73313e-10 -1.63261e-21 -1.71525e-21 1.72531e-08 8.81549e-10
894 0.28 450 0 1.50263e-22 -6.58587e-21 1.46745e-08 4.61463e-09 1.51912e-21 -9.19658e-22 -5.09574e-09 5.52126e-10 -1.72953e-21 -1.43372e-21 1.7028e-08 6.29099e-10
894 0.29 450 0 -4.6335e-24 -9.04758e-21 1.45428e-08 4.34129e-09 1.61053e-21 -1.82427e-21 -5.24038e-09 6.37144e-10 -1.99158e-21 -1.40749e-21 1.67865e-08 3.74777e-10
894 0.3 450 0 4.63997e-21 -1.04977e-20 1.43983e-08 4.0656e-09 3.40646e-21 -2.05011e-21 -5.3793e-09 7.27192e-10 -2.30564e-21 -2.02787e-21 1.65281e-08 1.19985e-10
894 0.31 450 0 1.6004e-21 -1.29548e-20 1.42387e-08 3.78706e-09 2.5899e-21 -3.20838e-21 -5.51168e-09 8.22789e-10 -2.62742e-21 -1.70277e-21 1.62516e-08 -1.34379e-10
894 0.32 450 0 5.62219e-21 -1.42086e-20 1.4063e-08 3.5054e-09 3.56904e-21 -3.29385e-21 -5.63707e-09 9.24255e-10 -2.2761e-21 -2.40079e-21 1.59575e-08 -3.86665e-10
894 0.33 450 0 2.03355e-21 -1.2276e-20 1.3871e-08 3.22468e-09 2.82409e-21 -3.18567e-21 -5.75481e-09 1.03031e-09 -2.71968e-21 -1.85685e-21 1.56437e-08 -6.35659e-10
894 0.34 450 0 -1.69372e-21 -6.8117e-21 1.36612e-08 2.94345e-09 1.49822e-21 -1.36409e-21 -5.86434e-09 1.14173e-09 -2.44117e-21 -1.5086e-21 1.53108e-08 -8.79473e-10
894 0.35 450 0 1.76243e-21 -1.39541e-20 1.34333e-08 2.666e-09 2.80603e-21 -4.24401e-21 -5.96493e-09 1.25703e-09 -2.89466e-21 -1.74276e-21 1.49571e-08 -1.11666e-09
894 0.36 450 0 3.43207e-21 -1.18717e-20 1.31868e-08 2.39254e-09 3.99973e-21 -3.98102e-21 -6.05619e-09 1.37637e-09 -3.23997e-21 -1.54227e-21 1.45832e-08 -1.34531e-09
894 0.37 450 0 -1.46537e-21 -1.76666e-20 1.2919e-08 2.12366e-09 1.88391e-21 -6.82438e-21 -6.13682e-09 1.49969e-09 -3.6098e-21 -9.76575e-22 1.41879e-08 -1.56311e-09
894 0.38 450 0 -9.33409e-21 -1.49415e-20 1.26315e-08 1.86391e-09 -1.48981e-21 -6.66194e-21 -6.20674e-09 1.62506e-09 -3.52606e-21 2.86046e-22 1.37711e-08 -1.768e-09
894 0.39 450 0 -5.12745e-22 -1.27738e-20 1.23215e-08 1.61297e-09 2.58401e-21 -4.38397e-21 -6.26469e-09 1.75308e-09 -3.54671e-21 -1.72124e-21 1.33325e-08 -1.95768e-09
894 0.4 450 0 -1.62314e-21 -1.16214e-20 1.19902e-08 1.37576e-09 1.73137e-21 -4.71519e-21 -6.31035e-09 1.88143e-09 -3.23555e-21 -9.66597e-22 1.28718e-08 -2.1297e-09
894 0.41 450 0 -3.64411e-21 -1.3097e-20 1.16361e-08 1.15217e-09 1.10118e-21 -6.39341e-21 -6.34297e-09 2.01039e-09 -3.84106e-21 -1.50216e-22 1.23899e-08 -2.28118e-09
894 0.42 450 0 -9.80175e-21 -1.74514e-20 1.12589e-08 9.46538e-10 -1.9283e-21 -8.9613e-21 -6.36165e-09 2.13808e-09 -4.22347e-21 6.28512e-22 1.18861e-08 -2.40941e-09
894 0.43 450 0 -1.79172e-21 -1.1589e-20 1.08595e-08 7.62877e-10 2.35399e-21 -5.27898e-21 -6.36612e-09 2.26258e-09 -3.99835e-21 -9.82558e-22 1.13612e-08 -2.51179e-09
894 0.44 450 0 -4.44563e-21 -1.48504e-20 1.04363e-08 6.0224e-10 6.87767e-22 -7.96715e-21 -6.35542e-09 2.38332e-09 -4.21228e-21 1.08522e-23 1.08159e-08 -2.58425e-09
894 0.45 450 0 -1.34765e-21 -1.04717e-20 9.99164e-09 4.70277e-10 2.6723e-21 -5.56067e-21 -6.32962e-09 2.49726e-09 -4.14341e-21 -5.43713e-22 1.02514e-08 -2.62403e-09
894 0.46 450 0 -2.68229e-21 -5.63385e-21 9.52376e-09 3.68744e-10 2.42959e-21 -3.18612e-21 -6.28762e-09 2.60383e-09 -4.1684e-21 -3.8353e-22 9.66858e-09 -2.62728e-09
894 0.47 450 0 -4.33735e-21 -7.90504e-21 9.03465e-09 3.0272e-10 1.34107e-21 -5.0163e-21 -6.22955e-09 2.70004e-09 -4.33414e-21 2.02752e-22 9.06922e-09 -2.59046e-09
894 0.48 450 0 -5.12025e-21 -8.87645e-21 8.52636e-09 2.77432e-10 1.34287e-21 -5.80295e-21 -6.15553e-09 2.78292e-09 -4.85707e-21 3.26189e-22 8.45517e-09 -2.51029e-09
894 0.49 450 0 -4.61569e-21 -6.84752e-21 7.99888e-09 2.95556e-10 1.12139e-21 -4.7442e-21 -6.06528e-09 2.85071e-09 -4.32549e-21 3.46605e-22 7.82914e-09 -2.3818e-09
894 0.5 450 0 -3.65352e-21 -1.05999e-20 7.45518e-09 3.62889e-10 2.13426e-21 -7.27059e-21 -5.95939e-09 2.89986e-09 -5.16287e-21 3.22779e-22 7.1939e-09 -2.20144e-09
894 0.51 450 0 -5.16116e-21 -7.52169e-21 6.89795e-09 4.84504e-10 1.08171e-21 -6.42976e-21 -5.83858e-09 2.92708e-09 -4.93696e-21 1.25617e-21 6.55288e-09 -1.96512e-09
894 0.52 450 0 -1.37995e-20 -7.8923e-21 6.33117e-09 6.66707e-10 -4.96296e-21 -7.70392e-21 -5.70413e-09 2.92802e-09 -4.65504e-21 3.01204e-21 5.90994e-09 -1.66891e-09
894 0.53 450 0 -5.15214e-21 -9.4024e-21 5.75715e-09 9.13051e-10 1.34466e-21 -6.9303e-21 -5.55683e-09 2.90048e-09 -5.40684e-21 3.7606e-22 5.26969e-09 -1.30849e-09
894 0.54 450 0 -1.67679e-21 4.17327e-22 5.18198e-09 1.23011e-09 2.65293e-21 -3.29573e-21 -5.39943e-09 2.83918e-09 -3.77999e-21 2.39452e-21 4.63796e-09 -8.79527e-10
894 0.55 450 0 -5.08981e-21 -7.46723e-21 4.61106e-09 1.62375e-09 1.27827e-21 -8.31642e-21 -5.2343e-09 2.73988e-09 -5.49794e-21 2.34653e-21 4.02051e-09 -3.78338e-10
894 0.56 450 0 -9.91149e-21 -9.30344e-21 4.05079e-09 2.10025e-09 -3.39892e-21 -9.38108e-21 -5.06451e-09 2.59773e-09 -4.77529e-21 2.78418e-21 3.42392e-09 1.99021e-10
894 0.57 450 0 -7.50985e-21 -6.45787e-21 3.50949e-09 2.66448e-09 -1.36055e-21 -6.77406e-21 -4.89448e-09 2.4085e-09 -4.6748e-21 1.85787e-21 2.85635e-09 8.55189e-10
894 0.58 450 0 -8.85938e-21 -2.80838e-21 2.99571e-09 3.32355e-09 -3.00833e-21 -6.47555e-21 -4.72901e-09 2.16612e-09 -4.13022e-21 3.97782e-21 2.32613e-09 1.59443e-09
894 0.59 450 0 -5.6088e-21 -7.41182e-22 2.52029e-09 4.08196e-09 -4.9525e-22 -5.17992e-21 -4.57449e-09 1.86617e-09 -4.03548e-21 3.70125e-21 1.84326e-09 2.41839e-09
894 0.6 450 0 -1.01066e-20 -4.03751e-21 2.09465e-09 4.9458e-09 -4.57593e-21 -7.75119e-21 -4.43775e-09 1.50303e-09 -4.13146e-21 4.28819e-21 1.41785e-09 3.32947e-09
894 0.61 450 0 -1.56379e-20 -3.85071e-21 1.73235e-09 5.9191e-09 -9.60545e-21 -7.60025e-21 -4.32733e-09 1.0722e-09 -3.83953e-21 5.11707e-21 1.06155e-09 4.3281e-09
894 0.62 450 0 -1.53608e-20 -3.8903e-21 1.44895e-09 7.00647e-09 -9.45799e-21 -8.78085e-21 -4.25375e-09 5.68184e-10 -4.18686e-21 5.91247e-21 7.87476e-10 5.41513e-09
894 0.63 450 0 -1.09033e-20 1.12769e-21 1.2608e-09 8.20998e-09 -6.04012e-21 -5.84027e-21 -4.22813e-09 -1.24141e-11 -3.54677e-21 6.21119e-21 6.09247e-10 6.58939e-09
894 0.64 450 0 -3.22751e-21 -2.8061e-21 1.18827e-09 9.53262e-09 1.04927e-21 -1.001e-20 -4.26444e-09 -6.74381e-10 -4.71754e-21 5.43876e-21 5.41246e-10 7.84744e-09
894 0.65 450 0 -1.30143e-20 -1.07431e-21 1.25252e-09 1.0975e-08 -8.61248e-21 -7.70423e-21 -4.37842e-09 -1.42094e-09 -3.72082e-21 6.46691e-21 5.99859e-10 9.18653e-09
894 0.66 450 0 -9.26057e-21 -7.75344e-22 1.47649e-09 1.25341e-08 -3.65598e-21 -8.36707e-21 -4.58726e-09 -2.25241e-09 -5.15505e-21 6.29867e-21 8.01807e-10 1.06002e-08
894 0.67 450 0 -1.03678e-20 3.20032e-21 1.88737e-09 1.4206e-08 -7.36592e-21 -4.97619e-21 -4.91153e-09 -3.1693e-09 -2.67981e-21 7.0587e-21 1.16435e-09 1.20789e-08
894 0.68 450 0 -8.3773e-21 4.71907e-22 2.51308e-09 1.59843e-08 -6.09814e-21 -8.86067e-21 -5.37369e-09 -4.16976e-09 -3.06672e-21 7.61962e-21 1.70655e-09 1.36138e-08
894 0.69 450 0 -5.18911e-21 8.72533e-22 3.38528e-09 1.78584e-08 -5.4001e-21 -9.4447e-21 -5.99917e-09 -5.24937e-09 -1.57041e-21 8.05196e-21 2.44704e-09 1.51908e-08
894 0.7 450 0 -8.636e-21 4.66014e-21 4.5378e-09 1.9813e-08 -8.84539e-21 -5.08233e-21 -6.81593e-09 -6.3999e-09 -9.6715e-22 8.37763e-21 3.40459e-09 1.67919e-08
894 0.71 450 0 -7.87246e-21 3.11272e-21 6.00618e-09 2.18274e-08 -9.02869e-21 -6.20641e-21 -7.85483e-09 -7.60858e-09 -7.15059e-22 8.00636e-21 4.59921e-09 1.83977e-08
894 0.72 450 0 -4.44056e-21 4.89257e-21 7.82885e-09 2.38755e-08 -7.79381e-21 -7.15025e-21 -9.14928e-09 -8.85849e-09 7.70889e-22 9.66872e-21 6.04908e-09 1.99832e-08
894 0.73 450 0 -8.70535e-21 3.05116e-21 1.00457e-08 2.59248e-08 -1.16071e-20 -8.90331e-21 -1.0735e-08 -1.01274e-08 -3.82454e-22 1.0182e-20 7.77161e-09 2.15201e-08
894 0.74 450 0 -1.11481e-20 9.59128e-21 1.26982e-08 2.79321e-08 -1.37199e-20 -4.07166e-22 -1.26508e-08 -1.13837e-08 4.55979e-22 9.90044e-21 9.78357e-09 2.29746e-08
894 0.75 450 0 -5.81027e-21 1.3083e-20 1.58286e-08 2.98469e-08 -1.2713e-20 6.11389e-21 -1.49366e-08 -1.25894e-08 4.6856e-21 8.19308e-21 1.20978e-08 2.43075e-08
894 0.76 450 0 -2.06271e-21 7.59564e-21 1.94791e-08 3.16066e-08 -1.14622e-20 -2.1892e-21 -1.76347e-08 -1.36957e-08 5.19373e-21 9.0334e-21 1.47262e-08 2.54763e-08
894 0.77 450 0 -3.48337e-21 1.35326e-20 2.36909e-08 3.31368e-08 -1.38813e-20 6.4977e-21 -2.07874e-08 -1.46432e-08 6.94133e-21 8.99181e-21 1.76748e-08 2.64315e-08
894 0.78 450 0 -1.74893e-21 1.00869e-20 2.85009e-08 3.43459e-08 -1.22964e-20 -1.09035e-21 -2.44359e-08 -1.53558e-08 5.88162e-21 1.07463e-20 2.09457e-08 2.71179e-08
894 0.79 450 0 -2.70246e-21 1.20317e-20 3.3924e-08 3.51176e-08 -1.26349e-20 4.31837e-21 -2.85982e-08 -1.57288e-08 6.02563e-21 9.20678e-21 2.45187e-08 2.74632e-08
894 0.8 450 0 4.51402e-21 1.89452e-20 3.99931e-08 3.53362e-08 -9.63593e-21 1.05246e-20 -3.33159e-08 -1.56653e-08 1.12267e-20 1.07291e-20 2.83862e-08 2.74107e-08
894 0.81 450 0 1.17984e-21 8.10221e-21 4.6714e-08 3.4857e-08 -1.29319e-20 3.20639e-21 -3.86053e-08 -1.50368e-08 8.71983e-21 6.985e-21 3.252e-08 2.68907e-08
894 0.82 450 0 2.39144e-21 1.91116e-20 5.40802e-08 3.35127e-08 -1.4299e-20 1.12016e-20 -4.44736e-08 -1.3691e-08 1.18833e-20 1.205e-20 3.68816e-08 2.58292e-08
894 0.83 450 0 4.62825e-21 1.78172e-20 6.20608e-08 3.11138e-08 -1.2459e-20 1.47313e-20 -5.09066e-08 -1.14529e-08 1.3184e-20 9.16637e-21 4.14159e-08 2.41507e-08
894 0.84 450 0 1.02891e-20 5.53043e-21 7.05945e-08 2.74433e-08 -4.98715e-21 1.1634e-20 -5.78636e-08 -8.11805e-09 1.31372e-20 -7.99025e-22 4.6052e-08 2.17797e-08
894 0.85 450 0 1.42874e-20 1.85025e-20 7.95827e-08 2.22616e-08 -4.14289e-21 2.40429e-20 -6.52695e-08 -3.45627e-09 1.86803e-20 4.19145e-21 5.06987e-08 1.86443e-08
894 0.86 450 0 9.96097e-21 6.4365e-21 8.88788e-08 1.52995e-08 -8.02088e-21 1.3015e-20 -7.30042e-08 2.79549e-09 1.46147e-20 4.22616e-22 5.52451e-08 1.4678e-08
894 0.87 450 0 1.81009e-20 2.55647e-21 9.82711e-08 6.2658e-09 7.97354e-22 1.6209e-20 -8.08858e-08 1.09266e-08 1.80411e-20 -5.83982e-21 5.95554e-08 9.82771e-09
894 0.88 450 0 2.50114e-20 1.75679e-20 1.07473e-07 -5.15644e-09 -2.2322e-21 2.70714e-20 -8.86589e-08 2.12584e-08 2.80209e-20 3.26038e-21 6.34712e-08 4.05529e-09
894 0.89 450 0 1.962e-20 4.68724e-21 1.16097e-07 -1.93047e-08 -4.26204e-22 2.22407e-20 -9.59687e-08 3.41397e-08 2.14439e-20 -5.78785e-21 6.68096e-08 -2.65331e-09
894 0.9 450 0 2.35394e-20 1.29111e-21 1.23621e-07 -3.65309e-08 1.00911e-20 2.4082e-20 -1.02323e-07 4.99403e-08 2.11876e-20 -1.09437e-20 6.93621e-08 -1.02773e-08
894 0.91 450 0 2.04201e-20 -6.28047e-21 1.29329e-07 -5.72029e-08 8.53464e-21 1.81686e-20 -1.07035e-07 6.90542e-08 1.82644e-20 -1.45643e-20 7.09004e-08 -1.87524e-08
894 0.92 450 0 2.48425e-20 -8.15441e-21 1.32501e-07 -8.15775e-08 1.531e-20 2.07207e-20 -1.09414e-07 9.17799e-08 2.06801e-20 -1.83111e-20 7.1199e-08 -2.79922e-08
894 0.93 450 0 2.79307e-20 -1.56213e-20 1.31922e-07 -1.10032e-07 3.14774e-20 1.90326e-20 -1.08259e-07 1.18537e-07 1.81495e-20 -2.74341e-20 6.9987e-08 -3.78143e-08
894 0.94 450 0 2.20705e-20 -1.88003e-20 1.26063e-07 -1.42851e-07 2.30897e-20 1.7571e-20 -1.02049e-07 1.49666e-07 1.60235e-20 -2.77293e-20 6.70069e-08 -4.79698e-08
894 0.95 450 0 2.98465e-20 -3.30154e-20 1.12807e-07 -1.80253e-07 3.84265e-20 1.40079e-20 -8.86562e-08 1.85447e-07 1.88192e-20 -4.30473e-20 6.20112e-08 -5.81135e-08
894 0.96 450 0 2.77307e-20 -5.16947e-20 8.90342e-08 -2.22362e-07 4.58686e-20 1.84896e-20 -6.49305e-08 2.26076e-07 1.64936e-20 -6.30946e-20 5.47799e-08 -6.77776e-08
894 0.97 450 0 6.47127e-22 -4.27664e-20 4.9646e-08 -2.69172e-07 4.08704e-20 -4.86553e-21 -2.57162e-08 2.71617e-07 -1.05499e-20 -4.77095e-20 4.5142e-08 -7.63283e-08
894 0.98 450 0 -6.71954e-21 -2.1854e-20 -1.53393e-08 -3.20487e-07 3.65143e-20 -1.06615e-20 3.90676e-08 3.21943e-07 -1.57768e-20 -2.5927e-20 3.30039e-08 -8.287e-08
894 0.99 450 0 -2.16068e-20 -4.11373e-20 -1.33978e-07 -3.75816e-07 4.90849e-20 -2.1906e-20 1.57644e-07 3.76615e-07 -3.26983e-20 -4.54487e-20 1.83789e-08 -8.59487e-08
894 1 450 0 -1.69741e-20 -1.37057e-20 -6.01632e-06 -2.1707e-07 2.77964e-20 -2.22643e-20 6.04106e-06 2.17079e-07 -1.93356e-20 -1.63994e-20 2.97376e-12 -8.25579e-08
894 1.01 450 0 -1.7614e-20 -8.75882e-21 -2.48044e-07 1.91222e-10 1.98484e-20 -2.88728e-20 2.72425e-07 -2.0258e-10 -2.65309e-20 -1.50888e-20 -5.12982e-11 -7.08921e-08
894 1.02 450 0 -1.29572e-20 -8.27941e-21 -1.90703e-07 2.10217e-10 2.31253e-20 -1.8477e-20 2.16306e-07 -2.3044e-10 -1.99481e-20 -1.70438e-20 -7.23262e-11 -6.9241e-08
894 1.03 450 0 -1.43362e-20 -7.4184e-21 -1.68075e-07 2.47895e-10 2.38232e-20 -1.64448e-20 1.9573e-07 -2.79947e-10 -2.14231e-20 -1.75377e-20 -1.00168e-10 -7.09275e-08
894 1.04 450 0 -1.05978e-21 -5.06116e-21 -1.61124e-07 3.15372e-10 2.59241e-20 -7.83057e-21 1.92017e-07 -3.6602e-10 -4.88004e-21 -1.70676e-20 -1.43724e-10 -7.59647e-08
894 1.05 450 0 -5.01715e-21 -6.48306e-21 -1.66667e-07 4.42595e-10 2.88524e-20 -1.6383e-20 2.028e-07 -5.27012e-10 -1.33966e-20 -2.08124e-20 -2.22109e-10 -8.58023e-08
894 1.06 450 0 -2.29184e-20 -9.39173e-21 -1.88869e-07 7.23656e-10 3.81675e-20 -2.1967e-20 2.34234e-07 -8.83047e-10 -3.50701e-20 -2.95062e-20 -3.93564e-10 -1.04577e-07
894 1.07 450 0 -2.34785e-20 -4.29547e-21 -2.47305e-07 1.53042e-09 6.70166e-20 -7.6006e-20 3.12141e-07 -1.91095e-09 -6.60189e-20 -4.09986e-20 -8.91517e-10 -1.45685e-07
894 1.08 450 0 1.55251e-19 -3.78146e-22 -4.55776e-07 6.29049e-09 1.42537e-19 -1.03125e-19 5.84718e-07 -8.02875e-09 1.04344e-19 -8.15482e-20 -3.89051e-09 -2.83314e-07
894 1.09 450 0 -1.34093e-17 -8.78964e-19 3.15998e-06 3.67315e-07 -1.82491e-18 7.74927e-18 -4.11582e-06 -4.78732e-07 -9.70026e-18 1.44801e-19 -2.39511e-07 2.05923e-06
894 1.1 450 0 -7.09804e-20 8.86277e-21 2.82764e-07 3.43682e-09 -1.2535e-19 2.00642e-19 -3.73534e-07 -4.56911e-09 4.67668e-20 8.64778e-20 -2.34923e-09 1.92155e-07
894 1.11 450 0 1.87917e-20 1.00548e-20 1.32567e-07 8.80519e-10 -6.41237e-20 2.82904e-20 -1.77442e-07 -1.19302e-09 3.83461e-20 5.16445e-20 -6.27961e-10 9.35286e-08
894 1.12 450 0 -2.52923e-22 4.15067e-21 8.06386e-08 3.787e-10 -5.63667e-20 6.12832e-20 -1.09267e-07 -5.22365e-10 3.97239e-20 4.14684e-20 -2.80645e-10 5.88425e-08
894 1.13 450 0 4.02005e-21 1.56974e-21 5.50029e-08 2.03322e-10 -4.89775e-20 5.17988e-20 -7.53855e-08 -2.85242e-10 3.92733e-20 3.47784e-20 -1.5603e-10 4.13762e-08
894 1.14 450 0 -9.90847e-22 8.96507e-22 4.00692e-08 1.23747e-10 -9.50519e-20 9.74329e-20 -5.55031e-08 -1.76403e-10 6.62806e-20 6.68458e-20 -9.80411e-11 3.09842e-08
894 1.15 450 0 1.36174e-18 1.53533e-17 3.04826e-08 8.16927e-11 -1.01336e-18 1.67247e-18 -4.2641e-08 -1.18222e-10 2.76011e-18 1.83741e-17 -6.6642e-11 2.41675e-08
894 1.16 450 0 9.07766e-22 4.97353e-22 2.392e-08 5.73767e-11 5.63694e-20 1.94288e-21 -3.37662e-08 -8.41869e-11 2.38602e-21 -4.05368e-20 -4.80797e-11 1.93995e-08
894 1.17 450 0 8.30911e-22 7.58724e-22 1.92155e-08 4.18601e-11 2.195e-20 -7.26655e-21 -2.73532e-08 -6.22379e-11 -4.53746e-21 -1.55066e-20 -3.59558e-11 1.59082e-08
894 1.18 450 0 9.67361e-22 7.06185e-22 1.57247e-08 3.17121e-11 1.18162e-20 -1.13785e-20 -2.25563e-08 -4.77164e-11 -7.62949e-21 -8.18988e-21 -2.78679e-11 1.32635e-08
894 1.19 450 0 8.4419e-22 5.10098e-22 1.30628e-08 2.46715e-11 6.9659e-21 -4.65882e-21 -1.88697e-08 -3.75341e-11 -2.72141e-21 -4.8316e-21 -2.21427e-11 1.12061e-08
894 1.2 450 0 7.10361e-22 3.59528e-22 1.09882e-08 1.96203e-11 4.11383e-21 -2.1049e-21 -1.59738e-08 -3.01531e-11 -9.08177e-22 -2.84178e-21 -1.79559e-11 9.57137e-09
894 1.21 450 0 3.70547e-22 4.11514e-22 9.34178e-09 1.59531e-11 3.89597e-21 -4.11391e-21 -1.3658e-08 -2.47338e-11 -2.95652e-21 -2.66981e-21 -1.48655e-11 8.24981e-09
894 1.22 450 0 1.19384e-22 2.89529e-22 8.01495e-09 1.31306e-11 2.36972e-21 -4.05608e-21 -1.17778e-08 -2.05279e-11 -3.29719e-21 -1.61178e-21 -1.2441e-11 7.16575e-09
894 1.23 450 0 2.20943e-22 2.89755e-22 6.93182e-09 1.10306e-11 2.09249e-21 2.36877e-23 -1.02318e-08 -1.73586e-11 2.51398e-22 -1.41026e-21 -1.06134e-11 6.26572e-09
894 1.24 450 0 2.85516e-22 2.3892e-22 6.03745e-09 9.37583e-12 1.61917e-21 -9.06084e-22 -8.94635e-09 -1.48389e-11 -4.8833e-22 -1.09651e-21 -9.15008e-12 5.51049e-09
894 1.25 450 0 1.03063e-22 2.01041e-22 5.29161e-09 8.05371e-12 1.25811e-21 -1.45616e-22 -7.86707e-09 -1.28081e-11 -3.96546e-23 -8.49145e-22 -7.96272e-12 4.87096e-09
894 1.26 450 0 1.91295e-22 1.68264e-22 4.66418e-09 7.02265e-12 8.99894e-22 -1.52159e-21 -6.95325e-09 -1.12037e-11 -1.18943e-21 -5.88722e-22 -7.02568e-12 4.32511e-09
894 1.27 450 0 1.16795e-22 1.41618e-22 4.13218e-09 6.17379e-12 7.48286e-22 -8.24354e-22 -6.1736e-09 -9.87245e-12 -6.58925e-22 -4.9668e-22 -6.24244e-12 3.85589e-09
894 1.28 450 0 1.17037e-23 1.43838e-22 3.67794e-09 5.4955e-12 6.34913e-22 -3.00533e-22 -5.50395e-09 -8.79446e-12 -3.10186e-22 -4.00636e-22 -5.60845e-12 3.45002e-09
894 1.29 450 0 1.16482e-22 1.12977e-22 3.28764e-09 4.97041e-12 5.00709e-22 3.97374e-23 -4.92532e-09 -7.94227e-12 1.3891e-22 -3.21804e-22 -5.11089e-12 3.09701e-09
894 1.3 450 0 8.92186e-23 1.08173e-22 2.95037e-09 4.57956e-12 4.39589e-22 -9.66412e-23 -4.42262e-09 -7.28676e-12 -2.56402e-23 -2.76648e-22 -4.73317e-12 2.78844e-09
894 1.31 450 0 7.71407e-23 8.50112e-23 2.65739e-09 4.27207e-12 3.10692e-22 3.05792e-22 -3.98373e-09 -6.75729e-12 3.54632e-22 -1.87328e-22 -4.42815e-12 2.51751e-09
894 1.32 450 0 -6.30749e-23 6.56631e-23 2.40126e-09 3.76796e-12 2.16911e-22 3.08877e-22 -3.59828e-09 -5.97948e-12 1.81308e-22 -1.24128e-22 -3.93338e-12 2.27826e-09
894 1.33 450 0 9.06651e-23 5.13396e-23 2.17657e-09 3.33995e-12 2.07603e-22 -3.73058e-22 -3.25868e-09 -5.31535e-12 -3.07216e-22 -1.36305e-22 -3.50899e-12 2.06642e-09
894 1.34 450 0 1.21257e-22 5.19949e-23 1.97865e-09 2.97385e-12 1.8099e-22 -3.38622e-22 -2.95831e-09 -4.74427e-12 -2.3115e-22 -1.11223e-22 -3.14242e-12 1.87819e-09
894 1.35 450 0 -4.0895e-23 4.61064e-23 1.80362e-09 2.6586e-12 1.52885e-22 3.04393e-22 -2.6917e-09 -4.25003e-12 2.15431e-22 -9.30877e-23 -2.82378e-12 1.71041e-09
894 1.36 450 0 -2.834e-23 4.29701e-23 1.64827e-09 2.38548e-12 1.3542e-22 2.6373e-22 -2.45427e-09 -3.81982e-12 1.95583e-22 -8.12457e-23 -2.54522e-12 1.5604e-09
894 1.37 450 0 6.49552e-23 3.48314e-23 1.50991e-09 2.14754e-12 9.99421e-23 -5.69286e-23 -2.24216e-09 -3.44336e-12 -1.44345e-23 -5.64169e-23 -2.30044e-12 1.42591e-09
894 1.38 450 0 1.43297e-23 2.98375e-23 1.3863e-09 1.9392e-12 8.01549e-23 9.76323e-23 -2.05215e-09 -3.11235e-12 8.36172e-23 -4.31821e-23 -2.08433e-12 1.30504e-09
894 1.39 450 0 9.52701e-23 2.60552e-23 1.27552e-09 1.75593e-12 6.8753e-23 -1.61115e-22 -1.88146e-09 -2.82004e-12 -8.68246e-23 -3.73829e-23 -1.89272e-12 1.19614e-09
894 1.4 450 0 -1.55302e-23 2.09108e-23 1.17597e-09 1.59403e-12 6.45825e-23 1.39403e-22 -1.72775e-09 -2.56084e-12 9.40046e-23 -4.08395e-23 -1.72215e-12 1.09781e-09
894 1.41 450 0 1.54844e-23 1.93053e-23 1.08626e-09 1.45043e-12 4.08191e-23 1.33843e-22 -1.58901e-09 -2.33015e-12 1.32174e-22 -1.74902e-23 -1.56975e-12 1.00883e-09
894 1.42 450 0 3.56205e-23 1.44534e-23 1.00521e-09 1.32259e-12 2.58024e-23 -1.62791e-23 -1.4635e-09 -2.1241e-12 -8.68519e-24 -7.92424e-24 -1.43312e-12 9.28174e-10
894 1.43 450 0 -9.17441e-24 8.17243e-24 9.3182e-10 1.20835e-12 2.43634e-23 6.6244e-23 -1.34972e-09 -1.9394e-12 2.66045e-23 -1.57813e-23 -1.31019e-12 8.54916e-10
894 1.44 450 0 6.20093e-23 3.55988e-24 8.65202e-10 1.10589e-12 1.34135e-23 -1.2927e-22 -1.24638e-09 -1.77325e-12 -9.69019e-23 -9.94577e-24 -1.19919e-12 7.88266e-10
894 1.45 450 0 -3.75628e-23 7.16934e-25 8.04601e-10 1.01365e-12 -7.37132e-25 2.34979e-22 -1.15234e-09 -1.62326e-12 1.87465e-22 1.94853e-24 -1.0986e-12 7.2753e-10
