894 0 340 0 -1.82766e-09 1.2791e-08 -1.62527e-08 -6.02315e-09 0 0 0 0 0 0 -1.96819e-08 -6.88071e-09
894 0.01 340 0 -1.83515e-09 1.28003e-08 -1.62561e-08 -6.01511e-09 7.74415e-10 -8.46801e-10 5.92053e-10 -1.17122e-10 -7.47874e-10 6.89209e-10 -1.96797e-08 -6.87546e-09
894 0.02 340 0 -1.8575e-09 1.28284e-08 -1.6266e-08 -5.99092e-09 1.54627e-09 -1.69424e-09 1.18352e-09 -2.35176e-10 -1.49384e-09 1.37964e-09 -1.96731e-08 -6.85971e-09
894 0.03 340 0 -1.89465e-09 1.28752e-08 -1.62824e-08 -5.95068e-09 2.31301e-09 -2.54297e-09 1.77382e-09 -3.5509e-10 -2.23598e-09 2.0725e-09 -1.96622e-08 -6.83351e-09
894 0.04 340 0 -1.94637e-09 1.29408e-08 -1.63051e-08 -5.89426e-09 3.07206e-09 -3.39359e-09 2.36235e-09 -4.77792e-10 -2.97237e-09 2.769e-09 -1.96467e-08 -6.79682e-09
894 0.05 340 0 -2.01214e-09 1.30256e-08 -1.63339e-08 -5.82149e-09 3.82087e-09 -4.24666e-09 2.94851e-09 -6.04198e-10 -3.70106e-09 3.4703e-09 -1.96266e-08 -6.74973e-09
894 0.06 340 0 -2.09189e-09 1.31293e-08 -1.6368e-08 -5.73223e-09 4.55685e-09 -5.10275e-09 3.53166e-09 -7.35202e-10 -4.42016e-09 4.17751e-09 -1.96026e-08 -6.69175e-09
894 0.07 340 0 -2.18437e-09 1.32529e-08 -1.6408e-08 -5.62672e-09 5.27748e-09 -5.96231e-09 4.11118e-09 -8.71719e-10 -5.12757e-09 4.89179e-09 -1.95728e-08 -6.62407e-09
894 0.08 340 0 -2.28833e-09 1.33957e-08 -1.64531e-08 -5.50375e-09 5.98017e-09 -6.82577e-09 4.68647e-09 -1.01468e-09 -5.82133e-09 5.61404e-09 -1.95368e-08 -6.54742e-09
894 0.09 340 0 -2.40469e-09 1.35593e-08 -1.65024e-08 -5.36483e-09 6.66234e-09 -7.69342e-09 5.25673e-09 -1.16484e-09 -6.49937e-09 6.34547e-09 -1.94965e-08 -6.4595e-09
894 0.1 340 0 -2.53152e-09 1.37437e-08 -1.65556e-08 -5.20885e-09 7.32144e-09 -8.56547e-09 5.82127e-09 -1.32308e-09 -7.15959e-09 7.08686e-09 -1.94506e-08 -6.36162e-09
894 0.11 340 0 -2.66797e-09 1.39491e-08 -1.6612e-08 -5.03585e-09 7.95489e-09 -9.44211e-09 6.37937e-09 -1.49022e-09 -7.79987e-09 7.83909e-09 -1.93988e-08 -6.25396e-09
894 0.12 340 0 -2.81316e-09 1.41757e-08 -1.66704e-08 -4.8453e-09 8.56006e-09 -1.03233e-08 6.93017e-09 -1.66703e-09 -8.41811e-09 8.60283e-09 -1.93416e-08 -6.13608e-09
894 0.13 340 0 -2.965e-09 1.44244e-08 -1.67307e-08 -4.63755e-09 9.13456e-09 -1.1209e-08 7.47295e-09 -1.85428e-09 -9.01193e-09 9.37883e-09 -1.92769e-08 -6.00933e-09
894 0.14 340 0 -3.12163e-09 1.46949e-08 -1.6792e-08 -4.41126e-09 9.67578e-09 -1.2099e-08 8.0069e-09 -2.05281e-09 -9.57913e-09 1.01674e-08 -1.92043e-08 -5.87455e-09
894 0.15 340 0 -3.2832e-09 1.49887e-08 -1.68528e-08 -4.16814e-09 1.01812e-08 -1.29927e-08 8.53091e-09 -2.26305e-09 -1.01174e-08 1.09693e-08 -1.91252e-08 -5.72968e-09
894 0.16 340 0 -3.44762e-09 1.53055e-08 -1.69119e-08 -3.90689e-09 1.06482e-08 -1.38897e-08 9.04405e-09 -2.48574e-09 -1.06244e-08 1.17846e-08 -1.90392e-08 -5.57553e-09
894 0.17 340 0 -3.61216e-09 1.56461e-08 -1.69688e-08 -3.62781e-09 1.10747e-08 -1.47893e-08 9.54543e-09 -2.72147e-09 -1.10976e-08 1.26136e-08 -1.89441e-08 -5.4136e-09
894 0.18 340 0 -3.77458e-09 1.60098e-08 -1.70223e-08 -3.32989e-09 1.1458e-08 -1.56906e-08 1.00341e-08 -2.97089e-09 -1.15346e-08 1.34559e-08 -1.88393e-08 -5.24488e-09
894 0.19 340 0 -3.93481e-09 1.63983e-08 -1.70702e-08 -3.01444e-09 1.17957e-08 -1.65923e-08 1.05086e-08 -3.23417e-09 -1.1933e-08 1.43116e-08 -1.87269e-08 -5.06678e-09
894 0.2 340 0 -4.08881e-09 1.68114e-08 -1.7112e-08 -2.68107e-09 1.20858e-08 -1.74934e-08 1.0968e-08 -3.51186e-09 -1.22899e-08 1.51805e-08 -1.86039e-08 -4.88219e-09
894 0.21 340 0 -4.23457e-09 1.72478e-08 -1.71456e-08 -2.32894e-09 1.23258e-08 -1.83923e-08 1.14111e-08 -3.80438e-09 -1.26033e-08 1.60615e-08 -1.84705e-08 -4.69147e-09
894 0.22 340 0 -4.37002e-09 1.771e-08 -1.717e-08 -1.95983e-09 1.25139e-08 -1.92873e-08 1.18366e-08 -4.1117e-09 -1.287e-08 1.69544e-08 -1.83263e-08 -4.49418e-09
894 0.23 340 0 -4.49295e-09 1.81962e-08 -1.71829e-08 -1.57316e-09 1.26479e-08 -2.01765e-08 1.2243e-08 -4.43404e-09 -1.30878e-08 1.7858e-08 -1.81714e-08 -4.29085e-09
894 0.24 340 0 -4.59884e-09 1.87059e-08 -1.71834e-08 -1.16871e-09 1.27261e-08 -2.10578e-08 1.26293e-08 -4.77168e-09 -1.32539e-08 1.87707e-08 -1.80027e-08 -4.08442e-09
894 0.25 340 0 -4.68712e-09 1.92403e-08 -1.71687e-08 -7.47994e-10 1.27467e-08 -2.19286e-08 1.29937e-08 -5.12413e-09 -1.33658e-08 1.96916e-08 -1.78231e-08 -3.87229e-09
894 0.26 340 0 -4.75347e-09 1.97981e-08 -1.71379e-08 -3.11267e-10 1.27081e-08 -2.27867e-08 1.33351e-08 -5.49146e-09 -1.34206e-08 2.06188e-08 -1.76295e-08 -3.65747e-09
894 0.27 340 0 -4.79471e-09 2.0377e-08 -1.70884e-08 1.41588e-10 1.26091e-08 -2.36292e-08 1.36518e-08 -5.87343e-09 -1.34164e-08 2.15497e-08 -1.7422e-08 -3.44094e-09
894 0.28 340 0 -4.80842e-09 2.09786e-08 -1.70186e-08 6.08234e-10 1.24486e-08 -2.44529e-08 1.39422e-08 -6.26932e-09 -1.335e-08 2.24831e-08 -1.72002e-08 -3.22252e-09
894 0.29 340 0 -4.79075e-09 2.15991e-08 -1.6926e-08 1.0891e-09 1.22255e-08 -2.5255e-08 1.42049e-08 -6.67883e-09 -1.32196e-08 2.34153e-08 -1.69634e-08 -3.00435e-09
894 0.3 340 0 -4.73931e-09 2.22395e-08 -1.68088e-08 1.58167e-09 1.19392e-08 -2.60316e-08 1.44381e-08 -7.10085e-09 -1.30225e-08 2.43444e-08 -1.6712e-08 -2.78605e-09
894 0.31 340 0 -4.65329e-09 2.28974e-08 -1.66674e-08 2.08607e-09 1.15882e-08 -2.67793e-08 1.46409e-08 -7.53521e-09 -1.27567e-08 2.52671e-08 -1.64432e-08 -2.57149e-09
894 0.32 340 0 -4.52733e-09 2.35863e-08 -1.6497e-08 2.6038e-09 1.11714e-08 -2.74885e-08 1.48098e-08 -7.98047e-09 -1.24173e-08 2.61801e-08 -1.61586e-08 -2.36248e-09
894 0.33 340 0 -4.35712e-09 2.4289e-08 -1.6296e-08 3.13082e-09 1.06907e-08 -2.81599e-08 1.49445e-08 -8.43566e-09 -1.2005e-08 2.70787e-08 -1.58567e-08 -2.1592e-09
894 0.34 340 0 -4.13681e-09 2.49953e-08 -1.60606e-08 3.6615e-09 1.01489e-08 -2.87923e-08 1.50437e-08 -8.89862e-09 -1.15194e-08 2.79589e-08 -1.55383e-08 -1.96087e-09
894 0.35 340 0 -3.86449e-09 2.57081e-08 -1.57898e-08 4.19428e-09 9.54633e-09 -2.93799e-08 1.51054e-08 -9.36766e-09 -1.09579e-08 2.88169e-08 -1.5203e-08 -1.76974e-09
894 0.36 340 0 -3.53755e-09 2.64232e-08 -1.54814e-08 4.72848e-09 8.88359e-09 -2.99179e-08 1.51283e-08 -9.84144e-09 -1.03199e-08 2.96471e-08 -1.48504e-08 -1.58868e-09
894 0.37 340 0 -3.15353e-09 2.71398e-08 -1.51336e-08 5.26014e-09 8.16265e-09 -3.04017e-08 1.51106e-08 -1.03175e-08 -9.60391e-09 3.04455e-08 -1.44812e-08 -1.41826e-09
894 0.38 340 0 -2.70748e-09 2.78485e-08 -1.47442e-08 5.78626e-09 7.38699e-09 -3.08284e-08 1.50516e-08 -1.07937e-08 -8.81053e-09 3.12056e-08 -1.4094e-08 -1.26195e-09
894 0.39 340 0 -2.19805e-09 2.85485e-08 -1.4312e-08 6.30391e-09 6.55862e-09 -3.11922e-08 1.49496e-08 -1.12676e-08 -7.93892e-09 3.19224e-08 -1.36899e-08 -1.12112e-09
894 0.4 340 0 -1.62291e-09 2.92349e-08 -1.38355e-08 6.80911e-09 5.68071e-09 -3.14894e-08 1.48034e-08 -1.17364e-08 -6.98936e-09 3.25903e-08 -1.3269e-08 -9.98017e-10
894 0.41 340 0 -9.80134e-10 2.99037e-08 -1.3313e-08 7.29762e-09 4.7574e-09 -3.1715e-08 1.4612e-08 -1.21967e-08 -5.96258e-09 3.32036e-08 -1.28327e-08 -8.94072e-10
894 0.42 340 0 -2.6706e-10 3.05463e-08 -1.27437e-08 7.76584e-09 3.79289e-09 -3.18661e-08 1.43749e-08 -1.26461e-08 -4.86019e-09 3.37551e-08 -1.23803e-08 -8.13159e-10
894 0.43 340 0 5.17398e-10 3.11581e-08 -1.21268e-08 8.20889e-09 2.79208e-09 -3.19384e-08 1.40913e-08 -1.30806e-08 -3.68377e-09 3.42388e-08 -1.19134e-08 -7.56799e-10
894 0.44 340 0 1.37407e-09 3.17328e-08 -1.14616e-08 8.62163e-09 1.76019e-09 -3.19286e-08 1.37608e-08 -1.34967e-08 -2.43571e-09 3.46484e-08 -1.14331e-08 -7.27546e-10
894 0.45 340 0 2.30095e-09 3.22636e-08 -1.07496e-08 8.99909e-09 7.02029e-10 -3.18339e-08 1.33835e-08 -1.38907e-08 -1.11927e-09 3.49777e-08 -1.09407e-08 -7.27677e-10
894 0.46 340 0 3.30385e-09 3.2743e-08 -9.98786e-09 9.33547e-09 -3.73781e-10 -3.1651e-08 1.2959e-08 -1.42579e-08 2.62771e-10 3.5219e-08 -1.04381e-08 -7.6014e-10
894 0.47 340 0 4.379e-09 3.3164e-08 -9.1783e-09 9.62496e-09 -1.46198e-09 -3.13779e-08 1.24877e-08 -1.45941e-08 1.70554e-09 3.53662e-08 -9.9276e-09 -8.26755e-10
894 0.48 340 0 5.52582e-09 3.35188e-08 -8.32275e-09 9.86171e-09 -2.55484e-09 -3.10129e-08 1.1971e-08 -1.48949e-08 3.20491e-09 3.54128e-08 -9.4104e-09 -9.31203e-10
894 0.49 340 0 6.74215e-09 3.37996e-08 -7.42258e-09 1.00394e-08 -3.64507e-09 -3.0555e-08 1.14098e-08 -1.51554e-08 4.75502e-09 3.53523e-08 -8.88955e-09 -1.07546e-09
894 0.5 340 0 8.02591e-09 3.39964e-08 -6.47963e-09 1.01504e-08 -4.72443e-09 -3.00052e-08 1.08057e-08 -1.53706e-08 6.34894e-09 3.51785e-08 -8.36849e-09 -1.26135e-09
894 0.51 340 0 9.37321e-09 3.41053e-08 -5.4977e-09 1.01901e-08 -5.78571e-09 -2.93606e-08 1.01607e-08 -1.55356e-08 7.98165e-09 3.48853e-08 -7.84945e-09 -1.49269e-09
894 0.52 340 0 1.07805e-08 3.41158e-08 -4.47989e-09 1.01507e-08 -6.81992e-09 -2.86237e-08 9.47722e-09 -1.56451e-08 9.64473e-09 3.44669e-08 -7.33661e-09 -1.77105e-09
894 0.53 340 0 1.22427e-08 3.40183e-08 -3.43055e-09 1.0025e-08 -7.8193e-09 -2.77969e-08 8.75852e-09 -1.56937e-08 1.13296e-08 3.39175e-08 -6.83381e-09 -2.09834e-09
894 0.54 340 0 1.37544e-08 3.38083e-08 -2.35474e-09 9.80599e-09 -8.77462e-09 -2.68815e-08 8.00788e-09 -1.56757e-08 1.30283e-08 3.32334e-08 -6.34626e-09 -2.47649e-09
894 0.55 340 0 1.53068e-08 3.34786e-08 -1.2601e-09 9.48822e-09 -9.67912e-09 -2.58795e-08 7.22992e-09 -1.55859e-08 1.4732e-08 3.24096e-08 -5.87772e-09 -2.90822e-09
894 0.56 340 0 1.68972e-08 3.30146e-08 -1.50758e-10 9.06181e-09 -1.05214e-08 -2.47996e-08 6.42953e-09 -1.54183e-08 1.64289e-08 3.14409e-08 -5.43392e-09 -3.39388e-09
894 0.57 340 0 1.85156e-08 3.24147e-08 9.64294e-10 8.5212e-09 -1.12944e-08 -2.3644e-08 5.61201e-09 -1.51671e-08 1.81099e-08 3.03258e-08 -5.02144e-09 -3.93491e-09
894 0.58 340 0 2.01523e-08 3.16686e-08 2.07571e-09 7.85961e-09 -1.19903e-08 -2.24198e-08 4.78423e-09 -1.4827e-08 1.97629e-08 2.90598e-08 -4.6451e-09 -4.53232e-09
894 0.59 340 0 2.17981e-08 3.07729e-08 3.1739e-09 7.07057e-09 -1.26019e-08 -2.11326e-08 3.95302e-09 -1.43922e-08 2.13778e-08 2.76424e-08 -4.31311e-09 -5.1863e-09
894 0.6 340 0 2.34413e-08 2.97179e-08 4.24717e-09 6.14716e-09 -1.31222e-08 -1.97917e-08 3.12705e-09 -1.38572e-08 2.29411e-08 2.60706e-08 -4.03126e-09 -5.89695e-09
894 0.61 340 0 2.50704e-08 2.84995e-08 5.28348e-09 5.08337e-09 -1.35444e-08 -1.84048e-08 2.31529e-09 -1.32163e-08 2.44405e-08 2.43444e-08 -3.80799e-09 -6.66339e-09
894 0.62 340 0 2.66729e-08 2.71129e-08 6.26896e-09 3.8749e-09 -1.3863e-08 -1.6981e-08 1.52796e-09 -1.24648e-08 2.58635e-08 2.24636e-08 -3.65186e-09 -7.48419e-09
894 0.63 340 0 2.82336e-08 2.55548e-08 7.1877e-09 2.5176e-09 -1.4074e-08 -1.55299e-08 7.76738e-10 -1.15984e-08 2.71963e-08 2.04296e-08 -3.57154e-09 -8.35644e-09
894 0.64 340 0 2.97429e-08 2.3817e-08 8.02442e-09 1.0072e-09 -1.41705e-08 -1.40666e-08 7.4229e-11 -1.06132e-08 2.84261e-08 1.82434e-08 -3.57619e-09 -9.27705e-09
894 0.65 340 0 3.1183e-08 2.18974e-08 8.76026e-09 -6.59625e-10 -1.41512e-08 -1.26018e-08 -5.65214e-10 -9.50522e-09 2.95379e-08 1.59079e-08 -3.67561e-09 -1.02415e-08
894 0.66 340 0 3.25396e-08 1.97957e-08 9.37486e-09 -2.4824e-09 -1.40133e-08 -1.11462e-08 -1.12635e-09 -8.27242e-09 3.05189e-08 1.34263e-08 -3.87908e-09 -1.12442e-08
894 0.67 340 0 3.37942e-08 1.7507e-08 9.84646e-09 -4.46314e-09 -1.37573e-08 -9.71438e-09 -1.59142e-09 -6.91228e-09 3.13533e-08 1.08014e-08 -4.19659e-09 -1.2278e-08
894 0.68 340 0 3.49312e-08 1.50336e-08 1.0152e-08 -6.59856e-09 -1.33817e-08 -8.3187e-09 -1.94176e-09 -5.42458e-09 3.20272e-08 8.03958e-09 -4.63989e-09 -1.3335e-08
894 0.69 340 0 3.5931e-08 1.23725e-08 1.02648e-08 -8.88566e-09 -1.28895e-08 -6.97408e-09 -2.15585e-09 -3.81015e-09 3.25249e-08 5.14488e-09 -5.21773e-09 -1.44043e-08
894 0.7 340 0 3.67734e-08 9.52866e-09 1.01581e-08 -1.13164e-08 -1.22834e-08 -5.69046e-09 -2.21114e-09 -2.07177e-09 3.2831e-08 2.12397e-09 -5.94249e-09 -1.54749e-08
894 0.71 340 0 3.74407e-08 6.49719e-09 9.80089e-09 -1.38841e-08 -1.15668e-08 -4.48959e-09 -2.08122e-09 -2.1423e-10 3.29296e-08 -1.01645e-09 -6.82198e-09 -1.65312e-08
894 0.72 340 0 3.79082e-08 3.28172e-09 9.16183e-09 -1.65748e-08 -1.07473e-08 -3.38316e-09 -1.7386e-09 1.75462e-09 3.2803e-08 -4.26965e-09 -7.86743e-09 -1.75576e-08
894 0.73 340 0 3.8154e-08 -1.13138e-10 8.20504e-09 -1.93715e-08 -9.83115e-09 -2.38513e-09 -1.15241e-09 3.8238e-09 3.24342e-08 -7.62682e-09 -9.08541e-09 -1.8534e-08
894 0.74 340 0 3.81508e-08 -3.68468e-09 6.8958e-09 -2.22515e-08 -8.82824e-09 -1.51106e-09 -2.90006e-10 5.97727e-09 3.18025e-08 -1.10795e-08 -1.04863e-08 -1.94397e-08
894 0.75 340 0 3.78693e-08 -7.43023e-09 5.19458e-09 -2.51875e-08 -7.75101e-09 -7.75257e-10 8.84317e-10 8.19494e-09 3.08868e-08 -1.46202e-08 -1.2074e-08 -2.02492e-08
894 0.76 340 0 3.72802e-08 -1.13365e-08 3.06008e-09 -2.81427e-08 -6.60819e-09 -1.8716e-10 2.40917e-09 1.04502e-08 2.96641e-08 -1.82358e-08 -1.38507e-08 -2.09343e-08
894 0.77 340 0 3.63471e-08 -1.54048e-08 4.52377e-10 -3.10761e-08 -5.41828e-09 2.31504e-10 4.32457e-09 1.27087e-08 2.81071e-08 -2.1917e-08 -1.58179e-08 -2.14641e-08
894 0.78 340 0 3.50293e-08 -1.96218e-08 -2.67241e-09 -3.39344e-08 -4.19662e-09 4.70953e-10 6.67328e-09 1.4928e-08 2.6185e-08 -2.565e-08 -1.797e-08 -2.18038e-08
894 0.79 340 0 3.32798e-08 -2.39738e-08 -6.35594e-09 -3.66528e-08 -2.96128e-09 5.1711e-10 9.49885e-09 1.70539e-08 2.38606e-08 -2.94182e-08 -2.02983e-08 -2.19162e-08
894 0.8 340 0 3.10422e-08 -2.84455e-08 -1.06379e-08 -3.91537e-08 -1.73446e-09 3.56358e-10 1.28441e-08 1.90193e-08 2.10899e-08 -3.32031e-08 -2.27881e-08 -2.17619e-08
894 0.81 340 0 2.82509e-08 -3.30101e-08 -1.55556e-08 -4.13446e-08 -5.37267e-10 -2.07753e-11 1.67508e-08 2.07441e-08 1.78189e-08 -3.69789e-08 -2.54156e-08 -2.12996e-08
894 0.82 340 0 2.48469e-08 -3.76318e-08 -2.11679e-08 -4.31542e-08 6.11872e-10 -6.40392e-10 2.12729e-08 2.21823e-08 1.39969e-08 -4.07034e-08 -2.81319e-08 -2.04973e-08
894 0.83 340 0 2.07274e-08 -4.22736e-08 -2.74738e-08 -4.43866e-08 1.68222e-09 -1.52149e-09 2.64429e-08 2.31273e-08 9.54532e-09 -4.43558e-08 -3.09145e-08 -1.92975e-08
894 0.84 340 0 1.57741e-08 -4.68689e-08 -3.44782e-08 -4.49051e-08 2.63027e-09 -2.67174e-09 3.22731e-08 2.34498e-08 4.35933e-09 -4.78609e-08 -3.37122e-08 -1.76643e-08
894 0.85 340 0 9.85104e-09 -5.13219e-08 -4.218e-08 -4.45398e-08 3.41238e-09 -4.10901e-09 3.87734e-08 2.2985e-08 -1.67978e-09 -5.11247e-08 -3.64578e-08 -1.55656e-08
894 0.86 340 0 2.79552e-09 -5.54871e-08 -5.05593e-08 -4.30889e-08 3.98059e-09 -5.85042e-09 4.59379e-08 2.15319e-08 -8.71673e-09 -5.40075e-08 -3.9072e-08 -1.29757e-08
894 0.87 340 0 -5.58692e-09 -5.91604e-08 -5.95791e-08 -4.03247e-08 4.25868e-09 -7.92256e-09 5.37439e-08 1.88563e-08 -1.6923e-08 -5.63035e-08 -4.14633e-08 -9.88136e-09
894 0.88 340 0 -1.55245e-08 -6.20399e-08 -6.91755e-08 -3.59788e-08 4.11395e-09 -1.03664e-08 6.21389e-08 1.46881e-08 -2.64901e-08 -5.77123e-08 -4.35315e-08 -6.29368e-09
894 0.89 340 0 -2.72517e-08 -6.36733e-08 -7.92154e-08 -2.96926e-08 3.46491e-09 -1.31946e-08 7.10079e-08 8.65204e-09 -3.763e-08 -5.78104e-08 -4.51694e-08 -2.23438e-09
894 0.9 340 0 -4.10194e-08 -6.33843e-08 -8.95221e-08 -2.10446e-08 2.14667e-09 -1.64369e-08 8.01834e-08 3.02166e-10 -5.05611e-08 -5.59397e-08 -4.62667e-08 2.24673e-09
894 0.91 340 0 -5.70331e-08 -6.01393e-08 -9.98316e-08 -9.48407e-09 -7.66812e-11 -2.01192e-08 8.94021e-08 -1.09456e-08 -6.54517e-08 -5.1091e-08 -4.6717e-08 7.0724e-09
894 0.92 340 0 -7.53246e-08 -5.23528e-08 -1.09727e-07 5.74336e-09 -3.57546e-09 -2.42485e-08 9.82309e-08 -2.58934e-08 -8.22832e-08 -4.17067e-08 -4.64262e-08 1.21381e-08
894 0.93 340 0 -9.54282e-08 -3.74996e-08 -1.18482e-07 2.57504e-08 -8.92682e-09 -2.87636e-08 1.05901e-07 -4.57138e-08 -1.00524e-07 -2.53053e-08 -4.53226e-08 1.7314e-08
894 0.94 340 0 -1.15523e-07 -1.15477e-08 -1.24665e-07 5.22456e-08 -1.71009e-08 -3.33966e-08 1.10881e-07 -7.21911e-08 -1.18252e-07 2.07643e-09 -4.33696e-08 2.24563e-08
894 0.95 340 0 -1.30044e-07 3.17846e-08 -1.25053e-07 8.78479e-08 -2.97605e-08 -3.7239e-08 1.09738e-07 -1.08022e-07 -1.29737e-07 4.65813e-08 -4.05775e-08 2.74355e-08
894 0.96 340 0 -1.22846e-07 1.00151e-07 -1.11566e-07 1.35721e-07 -4.95831e-08 -3.7325e-08 9.39225e-08 -1.56365e-07 -1.18574e-07 1.15518e-07 -3.69927e-08 3.22126e-08
894 0.97 340 0 -5.05397e-08 1.87594e-07 -6.37605e-08 1.93202e-07 -7.85654e-08 -2.43486e-08 4.20572e-08 -2.13998e-07 -4.11821e-08 2.01954e-07 -3.25276e-08 3.70067e-08
894 0.98 340 0 1.48246e-07 1.92192e-07 4.8457e-08 2.16694e-07 -1.02093e-07 2.1483e-08 -7.64999e-08 -2.34602e-07 1.62414e-07 2.01965e-07 -2.60947e-08 4.21569e-08
894 0.99 340 0 2.71449e-07 -1.02159e-07 1.50228e-07 1.13784e-07 -6.79546e-08 8.09916e-08 -1.81556e-07 -1.22865e-07 2.85257e-07 -9.89037e-08 -1.55127e-08 4.52754e-08
894 1 340 0 -5.70654e-06 -2.16975e-07 9.85321e-08 1.1038e-10 -2.12249e-10 8.15884e-08 -1.29127e-07 -1.4369e-10 -5.69265e-06 -2.16949e-07 -3.27723e-11 4.63956e-08
894 1.01 340 0 -5.86789e-08 9.24086e-11 5.40794e-08 4.91501e-11 -8.67987e-11 4.4674e-08 -7.59409e-08 -6.76225e-11 -4.95029e-08 1.19772e-10 -5.11897e-12 3.08775e-08
894 1.02 340 0 -3.8382e-08 4.30649e-11 3.64293e-08 2.70973e-11 -6.88472e-11 3.60159e-08 -5.58862e-08 -4.34424e-11 -3.0031e-08 6.93184e-11 -4.61112e-12 2.65193e-08
894 1.03 340 0 -3.25642e-08 1.87674e-11 2.6163e-08 1.6217e-11 -6.03887e-11 3.14811e-08 -4.40797e-08 -3.15119e-11 -2.4586e-08 4.45115e-11 -4.34004e-12 2.36402e-08
894 1.04 340 0 -3.0499e-08 4.03455e-12 1.93147e-08 9.6191e-12 -5.53069e-11 2.87939e-08 -3.61383e-08 -2.42589e-11 -2.26494e-08 2.94657e-11 -4.20373e-12 2.15189e-08
894 1.05 340 0 -2.98856e-08 -5.76775e-12 1.43663e-08 5.18887e-12 -5.11585e-11 2.71405e-08 -3.03785e-08 -1.91683e-11 -2.20043e-08 1.90905e-11 -4.1515e-12 1.98696e-08
894 1.06 340 0 -2.99867e-08 -1.31238e-11 1.05866e-08 1.96895e-12 -4.92121e-11 2.61493e-08 -2.59864e-08 -1.57582e-11 -2.19539e-08 1.18195e-11 -4.15387e-12 1.85464e-08
894 1.07 340 0 -3.05124e-08 -1.89516e-11 7.57325e-09 -5.41907e-13 -4.7986e-11 2.56232e-08 -2.25124e-08 -1.31797e-11 -2.22307e-08 6.187e-12 -4.20086e-12 1.74637e-08
894 1.08 340 0 -3.13362e-08 -2.34924e-11 5.08414e-09 -2.49132e-12 -4.66391e-11 2.54506e-08 -1.96853e-08 -1.10585e-11 -2.27202e-08 1.58935e-12 -4.28266e-12 1.65677e-08
894 1.09 340 0 -3.24039e-08 -2.80093e-11 2.96255e-09 -4.28874e-12 -4.67174e-11 2.55687e-08 -1.73311e-08 -9.47364e-12 -2.33724e-08 -2.35582e-12 -4.42016e-12 1.58228e-08
894 1.1 340 0 -3.36953e-08 -3.2262e-11 1.10142e-09 -5.92382e-12 -4.7195e-11 2.59403e-08 -1.53318e-08 -8.14338e-12 -2.41674e-08 -5.90877e-12 -4.59954e-12 1.52043e-08
894 1.11 340 0 -3.5211e-08 -3.59587e-11 -5.76627e-10 -7.31561e-12 -4.74236e-11 2.65472e-08 -1.36041e-08 -6.95247e-12 -2.51028e-08 -9.12409e-12 -4.80713e-12 1.46954e-08
894 1.12 340 0 -3.69688e-08 -4.04578e-11 -2.13117e-09 -8.88677e-12 -4.89616e-11 2.73875e-08 -1.20873e-08 -5.97121e-12 -2.61876e-08 -1.24688e-11 -5.10096e-12 1.4285e-08
894 1.13 340 0 -3.89975e-08 -4.53697e-11 -3.61041e-09 -1.0537e-11 -5.10773e-11 2.84694e-08 -1.07352e-08 -5.07961e-12 -2.74398e-08 -1.59475e-11 -5.46876e-12 1.3966e-08
894 1.14 340 0 -4.13397e-08 -5.01062e-11 -5.05631e-09 -1.20836e-11 -5.30309e-11 2.9813e-08 -9.51131e-09 -4.22418e-12 -2.88861e-08 -1.93905e-11 -5.88233e-12 1.3735e-08
894 1.15 340 0 -4.40576e-08 -5.64807e-11 -6.50935e-09 -1.40887e-11 -5.66228e-11 3.14547e-08 -8.38594e-09 -3.42036e-12 -3.05654e-08 -2.35739e-11 -6.45289e-12 1.35928e-08
894 1.16 340 0 -4.72331e-08 -6.39983e-11 -8.01071e-09 -1.64033e-11 -6.11737e-11 3.34449e-08 -7.3332e-09 -2.60275e-12 -3.25292e-08 -2.83882e-11 -7.16708e-12 1.35435e-08
894 1.17 340 0 -5.09788e-08 -7.22637e-11 -9.60676e-09 -1.88896e-11 -6.6195e-11 3.5857e-08 -6.32929e-09 -1.75121e-12 -3.48486e-08 -3.37315e-11 -8.01685e-12 1.35958e-08
894 1.18 340 0 -5.54552e-08 -8.37406e-11 -1.13547e-08 -2.23044e-11 -7.38234e-11 3.87984e-08 -5.35046e-09 -7.94591e-13 -3.76242e-08 -4.08341e-11 -9.19649e-12 1.3765e-08
894 1.19 340 0 -6.0887e-08 -9.72914e-11 -1.33285e-08 -2.62767e-11 -8.28483e-11 4.24217e-08 -4.37061e-09 2.87442e-13 -4.09973e-08 -4.92787e-11 -1.06617e-11 1.40747e-08
894 1.2 340 0 -6.76117e-08 -1.17149e-10 -1.56329e-08 -3.20758e-11 -9.66498e-11 4.69584e-08 -3.35806e-09 1.68177e-12 -4.51794e-08 -6.13761e-11 -1.27997e-11 1.45623e-08
894 1.21 340 0 -7.61419e-08 -1.42648e-10 -1.84219e-08 -3.94591e-11 -1.14355e-10 5.27614e-08 -2.27019e-09 3.43439e-12 -5.0492e-08 -7.7008e-11 -1.56393e-11 1.52865e-08
894 1.22 340 0 -8.73151e-08 -1.826e-10 -2.19427e-08 -5.1023e-11 -1.4258e-10 6.04097e-08 -1.04351e-09 6.03121e-12 -5.74603e-08 -1.01286e-10 -2.00804e-11 1.63453e-08
894 1.23 340 0 -1.02576e-07 -2.44861e-10 -2.6617e-08 -6.90071e-11 -1.86658e-10 7.09034e-08 4.26579e-10 1.00266e-11 -6.69897e-08 -1.3919e-10 -2.70899e-11 1.79092e-08
894 1.24 340 0 -1.24662e-07 -3.46864e-10 -3.32398e-08 -9.83905e-11 -2.58685e-10 8.61387e-08 2.33294e-09 1.65723e-11 -8.07961e-08 -2.01613e-10 -3.87574e-11 2.03034e-08
894 1.25 340 0 -1.59478e-07 -5.50716e-10 -4.35209e-08 -1.57185e-10 -4.0266e-10 1.10208e-07 5.08559e-09 2.97104e-11 -1.0258e-07 -3.26611e-10 -6.21943e-11 2.42311e-08
894 1.26 340 0 -2.22466e-07 -1.02748e-09 -6.19278e-08 -2.94654e-10 -7.37966e-10 1.53818e-07 9.75118e-09 6.08484e-11 -1.4202e-07 -6.20581e-10 -1.17619e-10 3.15339e-08
894 1.27 340 0 -3.71116e-07 -2.77136e-09 -1.05083e-07 -7.98102e-10 -1.95929e-09 2.56825e-07 2.02904e-08 1.76835e-10 -2.35145e-07 -1.70137e-09 -3.21964e-10 4.90716e-08
894 1.28 340 0 -1.15118e-06 -2.55735e-08 -3.30768e-07 -7.38821e-09 -1.78332e-08 7.97602e-07 7.42783e-08 1.72835e-09 -7.23989e-07 -1.59279e-08 -3.02166e-09 1.41974e-07
894 1.29 340 0 1.01521e-06 -1.92728e-08 2.9541e-07 -5.58202e-09 -1.32852e-08 -7.04428e-07 -7.46224e-08 1.36102e-09 6.33759e-07 -1.21539e-08 -2.31932e-09 -1.16734e-07
894 1.3 340 0 3.49037e-07 -2.18214e-09 1.0267e-07 -6.33148e-10 -1.49037e-09 -2.42594e-07 -2.85047e-08 1.58918e-10 2.16296e-07 -1.39044e-09 -2.67914e-10 -3.74105e-08
894 1.31 340 0 2.09479e-07 -7.52592e-10 6.21955e-08 -2.18616e-10 -5.10545e-10 -1.45869e-07 -1.86664e-08 5.58337e-11 1.28869e-07 -4.83443e-10 -9.44e-11 -2.09188e-08
894 1.32 340 0 1.48983e-07 -3.68912e-10 4.45887e-08 -1.07178e-10 -2.49275e-10 -1.03955e-07 -1.4287e-08 2.74881e-11 9.09921e-08 -2.38283e-10 -4.73714e-11 -1.38537e-08
894 1.33 340 0 1.15191e-07 -2.11381e-10 3.47115e-08 -6.13954e-11 -1.42702e-10 -8.05521e-08 -1.176e-08 1.56114e-11 6.98507e-08 -1.36884e-10 -2.78116e-11 -9.96773e-09
894 1.34 340 0 9.36143e-08 -1.35106e-10 2.83739e-08 -3.91848e-11 -9.14448e-11 -6.56145e-08 -1.00866e-08 9.7076e-12 5.63643e-08 -8.74118e-11 -1.8254e-11 -7.53228e-09
894 1.35 340 0 7.86412e-08 -9.13803e-11 2.39531e-08 -2.64586e-11 -6.22577e-11 -5.52525e-08 -8.87929e-09 6.26653e-12 4.70164e-08 -5.88204e-11 -1.26873e-11 -5.87824e-09
894 1.36 340 0 6.76403e-08 -6.47847e-11 2.06874e-08 -1.87124e-11 -4.4632e-11 -4.76417e-08 -7.95609e-09 4.12279e-12 4.01577e-08 -4.12748e-11 -9.2566e-12 -4.69203e-09
894 1.37 340 0 5.92145e-08 -4.80366e-11 1.81724e-08 -1.38213e-11 -3.36462e-11 -4.18139e-08 -7.21993e-09 2.71447e-12 3.49126e-08 -3.00888e-11 -7.07947e-12 -3.8073e-09
894 1.38 340 0 5.25535e-08 -3.63113e-11 1.61734e-08 -1.04045e-11 -2.6019e-11 -3.72074e-08 -6.61432e-09 1.71072e-12 3.07732e-08 -2.21694e-11 -5.52267e-12 -3.12772e-09
894 1.39 340 0 4.71545e-08 -2.80042e-11 1.45444e-08 -7.98446e-12 -2.06799e-11 -3.34739e-08 -6.10398e-09 9.70712e-13 2.74246e-08 -1.64728e-11 -4.40194e-12 -2.59363e-09
894 1.4 340 0 4.26893e-08 -2.21924e-11 1.31901e-08 -6.28525e-12 -1.70414e-11 -3.03859e-08 -5.66567e-09 4.01327e-13 2.46608e-08 -1.23681e-11 -3.61339e-12 -2.16613e-09
894 1.41 340 0 3.89345e-08 -1.76989e-11 1.20456e-08 -4.97765e-12 -1.4282e-11 -2.77888e-08 -5.2835e-09 -5.86397e-14 2.2342e-08 -9.11917e-12 -2.98718e-12 -1.81887e-09
894 1.42 340 0 3.57326e-08 -1.42866e-11 1.1065e-08 -3.98535e-12 -1.22721e-11 -2.55736e-08 -4.94611e-09 -4.50138e-13 2.03693e-08 -6.54247e-12 -2.50351e-12 -1.5333e-09
894 1.43 340 0 3.29695e-08 -1.17374e-11 1.0215e-08 -3.24147e-12 -1.09076e-11 -2.36611e-08 -4.64521e-09 -8.14294e-13 1.86714e-08 -4.44988e-12 -2.13949e-12 -1.29606e-09
894 1.44 340 0 3.05608e-08 -9.66931e-12 9.47084e-09 -2.64181e-12 -9.9154e-12 -2.1993e-08 -4.37456e-09 -1.16376e-12 1.71953e-08 -2.60606e-12 -1.83519e-12 -1.09727e-09
894 1.45 340 0 2.84421e-08 -8.02908e-12 8.81374e-09 -2.16702e-12 -9.32127e-12 -2.05248e-08 -4.12936e-09 -1.53776e-12 1.59006e-08 -9.06181e-13 -1.58945e-12 -9.29458e-10
894 1.46 340 0 2.65639e-08 -6.70043e-12 8.22911e-09 -1.78361e-12 -9.11547e-12 -1.92222e-08 -3.90587e-09 -1.98028e-12 1.47564e-08 8.07586e-13 -1.38607e-12 -7.86923e-10
894 1.47 340 0 2.48875e-08 -5.62974e-12 7.70552e-09 -1.4752e-12 -9.41638e-12 -1.80584e-08 -3.70113e-09 -2.57323e-12 1.37384e-08 2.75597e-12 -1.21912e-12 -6.65201e-10
894 1.48 340 0 2.33818e-08 -4.75319e-12 7.23383e-09 -1.22356e-12 -1.05193e-11 -1.70118e-08 -3.51281e-09 -3.49313e-12 1.28275e-08 5.38891e-12 -1.0793e-12 -5.60771e-10
894 1.49 340 0 2.20221e-08 -4.03071e-12 6.80669e-09 -1.01679e-12 -1.34366e-11 -1.60647e-08 -3.33915e-09 -5.27067e-12 1.20086e-08 9.98786e-12 -9.61589e-13 -4.70821e-10
894 1.5 340 0 2.07881e-08 -3.42856e-12 6.41807e-09 -8.45059e-13 -2.35038e-11 -1.52009e-08 -3.17973e-09 -1.06285e-11 1.1272e-08 2.30473e-11 -8.61906e-13 -3.93083e-10
894 1.51 340 0 1.96632e-08 -3.01506e-12 6.06304e-09 -7.42824e-13 4.22937e-10 -1.48303e-08 -2.81924e-09 2.15863e-10 1.00982e-08 -5.15595e-10 -7.55783e-13 -3.2572e-10
894 1.52 340 0 1.86334e-08 -2.5076e-12 5.73736e-09 -5.85421e-13 1.65257e-11 -1.37171e-08 -2.879e-09 9.31872e-12 9.95966e-09 -2.39271e-11 -7.00548e-13 -2.67158e-10
894 1.53 340 0 1.76873e-08 -2.14829e-12 5.43766e-09 -4.84549e-13 7.50768e-12 -1.30513e-08 -2.74987e-09 4.59385e-12 9.40214e-09 -1.24921e-11 -6.36913e-13 -2.16188e-10
894 1.54 340 0 1.68152e-08 -1.84481e-12 5.16097e-09 -4.00019e-13 4.54682e-12 -1.24393e-08 -2.62737e-09 2.96728e-12 8.88682e-09 -8.4566e-12 -5.81312e-13 -1.7174e-10
894 1.55 340 0 1.60086e-08 -1.58453e-12 4.90479e-09 -3.28119e-13 3.12495e-12 -1.18731e-08 -2.51195e-09 2.13995e-12 8.4113e-09 -6.34384e-12 -5.32431e-13 -1.3293e-10
894 1.56 340 0 1.52606e-08 -1.36163e-12 4.66695e-09 -2.67206e-13 2.31488e-12 -1.13475e-08 -2.40318e-09 1.63867e-12 7.97168e-09 -5.02555e-12 -4.89173e-13 -9.90131e-11
894 1.57 340 0 1.45651e-08 -1.16967e-12 4.44562e-09 -2.15179e-13 1.80457e-12 -1.0858e-08 -2.30058e-09 1.3024e-12 7.56435e-09 -4.11519e-12 -4.51035e-13 -6.93552e-11
894 1.58 340 0 1.39167e-08 -1.0015e-12 4.23917e-09 -1.70359e-13 1.46121e-12 -1.04009e-08 -2.20366e-09 1.06072e-12 7.18607e-09 -3.44187e-12 -4.16341e-13 -4.34158e-11
894 1.59 340 0 1.33109e-08 -8.54273e-13 4.04622e-09 -1.31759e-13 1.21416e-12 -9.97318e-09 -2.11201e-09 8.76894e-13 6.83403e-09 -2.91533e-12 -3.84532e-13 -2.0731e-11
894 1.6 340 0 1.27436e-08 -7.29117e-13 3.86551e-09 -9.92415e-14 1.03689e-12 -9.57196e-09 -2.02523e-09 7.37445e-13 6.50573e-09 -2.50681e-12 -3.57089e-13 -9.03613e-13
894 1.61 340 0 1.22115e-08 -6.1872e-13 3.69598e-09 -7.11733e-14 9.02975e-13 -9.19486e-09 -1.94296e-09 6.26216e-13 6.199e-09 -2.17268e-12 -3.31906e-13 1.64112e-11
894 1.62 340 0 1.17113e-08 -5.22255e-13 3.53666e-09 -4.71644e-14 7.97144e-13 -8.83977e-09 -1.8649e-09 5.35156e-13 5.91189e-09 -1.89302e-12 -3.08629e-13 3.15127e-11
894 1.63 340 0 1.12405e-08 -4.37647e-13 3.3867e-09 -2.66194e-14 7.15244e-13 -8.50478e-09 -1.79075e-09 4.61208e-13 5.64272e-09 -1.6605e-12 -2.87682e-13 4.46592e-11
894 1.64 340 0 1.07964e-08 -3.63102e-13 3.24535e-09 -9.05409e-15 6.47501e-13 -8.18825e-09 -1.72025e-09 3.98805e-13 5.38996e-09 -1.45988e-12 -2.68039e-13 5.60781e-11
894 1.65 340 0 1.0377e-08 -2.96708e-13 3.11192e-09 6.01958e-15 5.92043e-13 -7.88869e-09 -1.65316e-09 3.46266e-13 5.15226e-09 -1.28637e-12 -2.49695e-13 6.59667e-11
894 1.66 340 0 9.9803e-09 -2.39099e-13 2.98581e-09 1.86307e-14 5.46626e-13 -7.60478e-09 -1.58928e-09 3.02571e-13 4.92841e-09 -1.13861e-12 -2.3311e-13 7.44991e-11
894 1.67 340 0 9.6046e-09 -1.87852e-13 2.86648e-09 2.9269e-14 5.07088e-13 -7.33533e-09 -1.52838e-09 2.6479e-13 4.71733e-09 -1.00729e-12 -2.17226e-13 8.18284e-11
894 1.68 340 0 9.24834e-09 -1.42546e-13 2.75342e-09 3.80647e-14 4.73003e-13 -7.07928e-09 -1.47031e-09 2.32486e-13 4.51805e-09 -8.9162e-13 -2.02057e-13 8.8089e-11
894 1.69 340 0 8.9101e-09 -1.02458e-13 2.6462e-09 4.52079e-14 4.43131e-13 -6.83567e-09 -1.41488e-09 2.04789e-13 4.32968e-09 -7.88969e-13 -1.87557e-13 9.33997e-11
894 1.7 340 0 8.58861e-09 -6.6751e-14 2.54441e-09 5.08707e-14 4.16338e-13 -6.60362e-09 -1.36194e-09 1.80886e-13 4.15144e-09 -6.96612e-13 -1.73379e-13 9.78659e-11
894 1.71 340 0 8.28271e-09 -3.52008e-14 2.44767e-09 5.50954e-14 3.91842e-13 -6.38235e-09 -1.31136e-09 1.60293e-13 3.9826e-09 -6.133e-13 -1.59403e-13 1.01581e-10
894 1.72 340 0 7.99136e-09 -7.59892e-15 2.35566e-09 5.79624e-14 3.68705e-13 -6.17114e-09 -1.263e-09 1.42469e-13 3.8225e-09 -5.3748e-13 -1.4561e-13 1.04627e-10
894 1.73 340 0 7.7136e-09 1.66523e-14 2.26807e-09 5.95219e-14 3.46502e-13 -5.96935e-09 -1.21673e-09 1.27123e-13 3.67056e-09 -4.67716e-13 -1.3178e-13 1.07078e-10
894 1.74 340 0 7.44854e-09 3.78863e-14 2.18461e-09 5.96402e-14 3.24355e-13 -5.77637e-09 -1.17244e-09 1.13783e-13 3.52623e-09 -4.02381e-13 -1.17326e-13 1.09e-10
894 1.75 340 0 7.19541e-09 5.65255e-14 2.10503e-09 5.80516e-14 3.01322e-13 -5.59166e-09 -1.13003e-09 1.02113e-13 3.389e-09 -3.39641e-13 -1.01745e-13 1.10451e-10
894 1.76 340 0 6.95345e-09 7.23646e-14 2.02909e-09 5.30391e-14 2.72906e-13 -5.41473e-09 -1.08939e-09 9.12733e-14 3.25843e-09 -2.74092e-13 -8.17599e-14 1.11481e-10
894 1.77 340 0 6.72201e-09 7.06871e-14 1.95655e-09 5.52063e-14 1.59778e-13 -5.24497e-09 -1.0505e-09 1.85401e-14 3.13433e-09 -1.10776e-13 -7.5407e-14 1.12108e-10
894 1.78 340 0 6.50045e-09 6.7751e-14 1.88725e-09 5.28905e-14 1.11942e-13 -5.08218e-09 -1.01317e-09 -4.77492e-15 3.01593e-09 -4.35561e-14 -6.93646e-14 1.12427e-10
894 1.79 340 0 6.2882e-09 6.28041e-14 1.82098e-09 4.94745e-14 7.73638e-14 -4.92591e-09 -9.77371e-10 -1.83591e-14 2.90301e-09 9.91549e-16 -6.34355e-14 1.12458e-10
894 1.8 340 0 6.08474e-09 5.67542e-14 1.75759e-09 4.55378e-14 5.11262e-14 -4.77578e-09 -9.43012e-10 -2.62726e-14 2.79525e-09 3.13296e-14 -5.75739e-14 1.12232e-10
894 1.81 340 0 5.88957e-09 5.033e-14 1.6969e-09 4.14719e-14 3.15009e-14 -4.63147e-09 -9.10027e-10 -3.02934e-14 2.69234e-09 5.10087e-14 -5.19024e-14 1.11779e-10
894 1.82 340 0 5.70226e-09 4.3994e-14 1.63876e-09 3.7473e-14 1.692e-14 -4.49267e-09 -8.78351e-10 -3.16929e-14 2.59402e-09 6.30541e-14 -4.6443e-14 1.11125e-10
894 1.83 340 0 5.52237e-09 3.74632e-14 1.58305e-09 3.33544e-14 4.5551e-15 -4.35908e-09 -8.47923e-10 -3.18623e-14 2.50003e-09 7.12322e-14 -4.10098e-14 1.10294e-10
894 1.84 340 0 5.34952e-09 3.14407e-14 1.52962e-09 2.94163e-14 -4.63408e-15 -4.23044e-09 -8.18684e-10 -3.0829e-14 2.41013e-09 7.51693e-14 -3.58126e-14 1.09308e-10
894 1.85 340 0 5.18334e-09 2.60729e-14 1.47837e-09 2.56297e-14 -1.13219e-14 -4.1065e-09 -7.9058e-10 -2.89841e-14 2.32409e-09 7.61354e-14 -3.07675e-14 1.08186e-10
894 1.86 340 0 5.02349e-09 2.13822e-14 1.42918e-09 2.19731e-14 -1.61433e-14 -3.98703e-09 -7.63558e-10 -2.67588e-14 2.24171e-09 7.51306e-14 -2.59239e-14 1.06946e-10
894 1.87 340 0 4.86967e-09 1.76637e-14 1.38194e-09 1.86095e-14 -1.89468e-14 -3.87182e-09 -7.3757e-10 -2.4359e-14 2.16279e-09 7.24676e-14 -2.15137e-14 1.05603e-10
894 1.88 340 0 4.72157e-09 1.50125e-14 1.33656e-09 1.57855e-14 -1.99347e-14 -3.76065e-09 -7.12571e-10 -2.22192e-14 2.08716e-09 6.87069e-14 -1.8047e-14 1.04172e-10
894 1.89 340 0 4.57892e-09 1.29584e-14 1.29295e-09 1.42375e-14 -1.93708e-14 -3.65335e-09 -6.88515e-10 -2.05695e-14 2.01465e-09 6.37263e-14 -1.64287e-14 1.02665e-10
894 1.9 340 0 4.44145e-09 1.10993e-14 1.25101e-09 1.28834e-14 -1.86298e-14 -3.54972e-09 -6.65363e-10 -1.8995e-14 1.9451e-09 5.88021e-14 -1.50032e-14 1.01094e-10
894 1.91 340 0 4.30893e-09 9.41543e-15 1.21068e-09 1.1577e-14 -1.77798e-14 -3.44962e-09 -6.43073e-10 -1.74339e-14 1.87835e-09 5.39666e-14 -1.35983e-14 9.94705e-11
894 1.92 340 0 4.18112e-09 7.88753e-15 1.17187e-09 1.03143e-14 -1.68178e-14 -3.35288e-09 -6.21609e-10 -1.58775e-14 1.81427e-09 4.91798e-14 -1.22178e-14 9.78025e-11
894 1.93 340 0 4.05782e-09 6.50082e-15 1.13452e-09 9.09138e-15 -1.57403e-14 -3.25936e-09 -6.00936e-10 -1.43184e-14 1.75273e-09 4.44079e-14 -1.08624e-14 9.60988e-11
894 1.94 340 0 3.93882e-09 5.24348e-15 1.09855e-09 7.90324e-15 -1.45423e-14 -3.16891e-09 -5.8102e-10 -1.27487e-14 1.6936e-09 3.96182e-14 -9.52984e-15 9.4367e-11
894 1.95 340 0 3.82392e-09 4.10583e-15 1.06391e-09 6.74369e-15 -1.32147e-14 -3.08141e-09 -5.6183e-10 -1.11583e-14 1.63678e-09 3.47732e-14 -8.21467e-15 9.26138e-11
894 1.96 340 0 3.71296e-09 3.07964e-15 1.03053e-09 5.604e-15 -1.17404e-14 -2.99674e-09 -5.43335e-10 -9.53268e-15 1.58215e-09 2.98217e-14 -6.90711e-15 9.08453e-11
894 1.97 340 0 3.60576e-09 2.15762e-15 9.98357e-10 4.47068e-15 -1.0087e-14 -2.91477e-09 -5.25507e-10 -7.84753e-15 1.52961e-09 2.46826e-14 -5.59026e-15 8.9067e-11
894 1.98 340 0 3.50217e-09 1.33317e-15 9.67341e-10 3.31961e-15 -8.18605e-15 -2.8354e-09 -5.08318e-10 -6.05624e-15 1.47907e-09 1.92026e-14 -4.2321e-15 8.72835e-11
894 1.99 340 0 3.40202e-09 6.00701e-16 9.37429e-10 2.09426e-15 -5.85349e-15 -2.75852e-09 -4.91742e-10 -4.0419e-15 1.43043e-09 1.29971e-14 -2.75474e-15 8.54994e-11
894 2 340 0 3.30518e-09 -3.39682e-19 9.08577e-10 5.21048e-18 -2.08136e-17 -2.68404e-09 -4.75756e-10 -1.20052e-17 1.38361e-09 4.05617e-17 -7.67121e-18 8.37196e-11
