894 0 420 0 6.32895e-21 -1.51625e-20 1.87375e-08 4.82654e-09 0 0 0 0 0 0 2.22328e-08 -1.85351e-09
894 0.01 420 0 -3.14231e-21 -1.02767e-20 1.87355e-08 4.82151e-09 1.86741e-23 -7.96733e-23 -2.04245e-10 7.31262e-11 -7.32585e-23 -3.94226e-23 2.22287e-08 -1.85798e-09
894 0.02 420 0 -9.84583e-22 -1.70979e-20 1.87296e-08 4.80642e-09 7.54306e-23 -3.22566e-22 -4.08337e-10 1.4648e-10 -1.66902e-22 -7.08903e-23 2.22162e-08 -1.8714e-09
894 0.03 420 0 3.49337e-21 -1.85304e-20 1.87198e-08 4.78129e-09 2.40814e-22 -4.8829e-22 -6.12122e-10 2.20287e-10 -2.44461e-22 -1.70466e-22 2.21954e-08 -1.89373e-09
894 0.04 420 0 8.13194e-22 -5.87449e-21 1.87058e-08 4.74617e-09 2.41222e-22 -1.72241e-22 -8.15445e-10 2.94774e-10 -2.56522e-22 -1.5103e-22 2.21663e-08 -1.9249e-09
894 0.05 420 0 4.21878e-23 -1.37894e-20 1.86877e-08 4.7011e-09 2.66741e-22 -5.94816e-22 -1.01815e-09 3.70165e-10 -4.09357e-22 -2.23203e-22 2.21286e-08 -1.96485e-09
894 0.06 420 0 4.8093e-21 -1.98063e-20 1.86654e-08 4.64616e-09 5.87921e-22 -1.03173e-21 -1.22007e-09 4.4668e-10 -5.14682e-22 -3.81302e-22 2.20824e-08 -2.01345e-09
894 0.07 420 0 2.54625e-22 -1.01489e-20 1.86387e-08 4.58143e-09 3.58192e-22 -5.63614e-22 -1.42105e-09 5.2454e-10 -4.90145e-22 -3.06479e-22 2.20274e-08 -2.07059e-09
894 0.08 420 0 2.98776e-21 -1.9369e-20 1.8607e-08 4.50706e-09 6.35995e-22 -1.28789e-21 -1.62087e-09 6.03971e-10 -6.91108e-22 -5.31521e-22 2.19633e-08 -2.13624e-09
894 0.09 420 0 2.85313e-21 -8.07601e-21 1.85709e-08 4.42308e-09 7.31509e-22 -5.26063e-22 -1.81943e-09 6.85161e-10 -6.04926e-22 -4.49137e-22 2.18904e-08 -2.20994e-09
894 0.1 420 0 1.98939e-21 -1.09473e-20 1.85298e-08 4.32969e-09 7.31522e-22 -8.96706e-22 -2.01651e-09 7.68327e-10 -7.41318e-22 -4.77529e-22 2.18083e-08 -2.29162e-09
894 0.11 420 0 1.76251e-22 -1.67675e-20 1.84835e-08 4.22704e-09 5.05586e-22 -1.66437e-21 -2.21192e-09 8.53668e-10 -8.71381e-22 -4.84873e-22 2.17168e-08 -2.38104e-09
894 0.12 420 0 -9.65077e-22 -1.44834e-20 1.84317e-08 4.11532e-09 5.3296e-22 -1.62474e-21 -2.40547e-09 9.41378e-10 -1.01375e-21 -4.17702e-22 2.16155e-08 -2.47792e-09
894 0.13 420 0 -1.18161e-21 -1.02737e-20 1.8374e-08 3.99474e-09 4.16944e-22 -1.22018e-21 -2.59693e-09 1.03164e-09 -8.92529e-22 -3.96594e-22 2.15043e-08 -2.58197e-09
894 0.14 420 0 1.71985e-21 -1.59672e-20 1.83096e-08 3.86454e-09 9.59311e-22 -1.86587e-21 -2.7861e-09 1.1249e-09 -1.14229e-21 -8.02704e-22 2.13833e-08 -2.69263e-09
894 0.15 420 0 7.17914e-21 -1.30857e-20 1.82389e-08 3.72705e-09 1.87516e-21 -1.62304e-21 -2.97268e-09 1.22084e-09 -1.14387e-21 -9.45354e-22 2.12511e-08 -2.81009e-09
894 0.16 420 0 5.0472e-21 -1.30898e-20 1.81617e-08 3.58144e-09 1.55184e-21 -1.59678e-21 -3.15654e-09 1.31981e-09 -1.1083e-21 -1.05304e-21 2.11083e-08 -2.93345e-09
894 0.17 420 0 -2.83413e-21 -1.31848e-20 1.80773e-08 3.42811e-09 3.40509e-22 -2.05838e-21 -3.33737e-09 1.42197e-09 -1.33359e-21 -5.48516e-22 2.09544e-08 -3.0624e-09
894 0.18 420 0 7.92397e-23 -1.12692e-20 1.79853e-08 3.26743e-09 9.9105e-22 -1.77608e-21 -3.51492e-09 1.52746e-09 -1.38091e-21 -7.22825e-22 2.0789e-08 -3.19643e-09
894 0.19 420 0 1.75378e-21 -9.58017e-21 1.78851e-08 3.09979e-09 1.27404e-21 -1.40504e-21 -3.68889e-09 1.63639e-09 -1.30751e-21 -9.24843e-22 2.06118e-08 -3.33501e-09
894 0.2 420 0 5.40603e-21 -7.10449e-21 1.77752e-08 2.92463e-09 2.16644e-21 -5.62454e-22 -3.85884e-09 1.7492e-09 -1.27118e-21 -1.47291e-21 2.04222e-08 -3.47727e-09
894 0.21 420 0 -2.3559e-21 -1.65601e-20 1.76575e-08 2.74449e-09 6.85266e-22 -3.35239e-21 -4.02474e-09 1.86529e-09 -1.95843e-21 -6.74565e-22 2.02202e-08 -3.6231e-09
894 0.22 420 0 1.36656e-21 -1.22523e-20 1.75303e-08 2.55889e-09 1.69185e-21 -2.52253e-21 -4.18614e-09 1.98504e-09 -1.91024e-21 -8.57123e-22 2.00053e-08 -3.77153e-09
894 0.23 420 0 4.41277e-22 -1.4763e-20 1.73927e-08 2.36852e-09 1.53568e-21 -3.16843e-21 -4.3426e-09 2.1085e-09 -2.1167e-21 -9.19574e-22 1.97768e-08 -3.92189e-09
894 0.24 420 0 -4.66398e-21 -1.14152e-20 1.72441e-08 2.17279e-09 -1.61785e-23 -2.6091e-21 -4.49385e-09 2.23601e-09 -1.8223e-21 -5.33593e-22 1.9535e-08 -4.07281e-09
894 0.25 420 0 -2.64219e-21 -1.36384e-20 1.70854e-08 1.97464e-09 6.32858e-22 -3.52868e-21 -4.6396e-09 2.36681e-09 -2.11621e-21 -4.89272e-22 1.92791e-08 -4.22424e-09
894 0.26 420 0 1.80651e-21 -8.28944e-21 1.69148e-08 1.7739e-09 1.93057e-21 -2.08162e-21 -4.77927e-09 2.50123e-09 -1.9279e-21 -8.30909e-22 1.90085e-08 -4.37492e-09
894 0.27 420 0 1.08566e-21 -9.32511e-21 1.67325e-08 1.57121e-09 1.88674e-21 -2.12712e-21 -4.91267e-09 2.63913e-09 -2.08682e-21 -1.10953e-21 1.87235e-08 -4.52368e-09
894 0.28 420 0 -4.26366e-22 -6.12708e-21 1.6537e-08 1.36661e-09 1.55206e-21 -1.50372e-21 -5.03925e-09 2.78091e-09 -2.08705e-21 -8.28725e-22 1.84238e-08 -4.66932e-09
894 0.29 420 0 -1.03034e-21 -8.48712e-21 1.63288e-08 1.16325e-09 1.44483e-21 -2.4544e-21 -5.15849e-09 2.92536e-09 -2.31667e-21 -7.00448e-22 1.81082e-08 -4.81102e-09
894 0.3 420 0 3.20994e-21 -1.20487e-20 1.61073e-08 9.60972e-10 3.25069e-21 -3.44834e-21 -5.27018e-09 3.07272e-09 -2.91175e-21 -1.27616e-21 1.77774e-08 -4.94726e-09
894 0.31 420 0 -1.31138e-21 -1.29665e-20 1.58707e-08 7.60251e-10 1.81998e-21 -4.19e-21 -5.37349e-09 3.2232e-09 -3.09121e-21 -7.61863e-22 1.74306e-08 -5.07632e-09
894 0.32 420 0 2.72473e-21 -1.57827e-20 1.56209e-08 5.6411e-10 2.92923e-21 -4.64781e-21 -5.46845e-09 3.37549e-09 -2.98787e-21 -1.63849e-21 1.70681e-08 -5.19752e-09
894 0.33 420 0 -4.38139e-23 -1.27072e-20 1.53558e-08 3.73264e-10 2.30793e-21 -4.30608e-21 -5.55421e-09 3.52963e-09 -3.25353e-21 -9.68736e-22 1.66894e-08 -5.30893e-09
894 0.34 420 0 -2.42501e-21 -5.60168e-21 1.50752e-08 1.87913e-10 1.34043e-21 -1.87837e-21 -5.63044e-09 3.68564e-09 -2.71793e-21 -6.45543e-22 1.62952e-08 -5.40845e-09
894 0.35 420 0 -1.55226e-21 -1.42546e-20 1.47795e-08 1.20216e-11 1.62328e-21 -5.29239e-21 -5.69666e-09 3.84194e-09 -3.30602e-21 -7.72338e-22 1.58846e-08 -5.49517e-09
894 0.36 420 0 1.15744e-21 -1.27739e-20 1.4468e-08 -1.55e-10 3.02886e-21 -5.57113e-21 -5.7525e-09 3.99905e-09 -3.56435e-21 -4.09795e-22 1.54589e-08 -5.5667e-09
894 0.37 420 0 -6.13455e-21 -1.65682e-20 1.41409e-08 -3.0888e-10 -1.82737e-22 -7.52754e-21 -5.79736e-09 4.15486e-09 -3.76654e-21 2.94058e-22 1.50172e-08 -5.62129e-09
894 0.38 420 0 -1.35588e-20 -1.03973e-20 1.37976e-08 -4.49917e-10 -3.79579e-21 -5.86376e-21 -5.83093e-09 4.30973e-09 -3.0977e-21 1.61652e-21 1.45609e-08 -5.65638e-09
894 0.39 420 0 -3.1197e-21 -1.25238e-20 1.34391e-08 -5.73626e-10 1.57293e-21 -5.54357e-21 -5.85278e-09 4.46159e-09 -4.00475e-21 -5.23355e-22 1.40899e-08 -5.67054e-09
894 0.4 420 0 -3.906e-21 -1.09058e-20 1.30644e-08 -6.79728e-10 5.48156e-22 -5.40395e-21 -5.86244e-09 4.61044e-09 -3.36916e-21 3.67844e-23 1.36052e-08 -5.66066e-09
894 0.41 420 0 -6.45809e-21 -1.17703e-20 1.26757e-08 -7.64208e-10 -6.88066e-22 -6.863e-21 -5.86015e-09 4.75402e-09 -3.67343e-21 1.04597e-21 1.31082e-08 -5.62532e-09
894 0.42 420 0 -1.50038e-20 -1.34869e-20 1.22715e-08 -8.2568e-10 -5.10622e-21 -8.14966e-21 -5.84498e-09 4.89199e-09 -3.70751e-21 2.07503e-21 1.25992e-08 -5.56097e-09
894 0.43 420 0 -4.1212e-21 -1.06861e-20 1.18546e-08 -8.59978e-10 9.58882e-22 -6.2168e-21 -5.81739e-09 5.02199e-09 -4.08928e-21 3.60333e-22 1.208e-08 -5.46632e-09
894 0.44 420 0 -8.01246e-21 -1.31989e-20 1.14242e-08 -8.65639e-10 -1.70754e-21 -8.33122e-21 -5.77695e-09 5.14308e-09 -3.96745e-21 1.37605e-21 1.15523e-08 -5.33717e-09
894 0.45 420 0 -3.15666e-21 -1.01322e-20 1.09836e-08 -8.3829e-10 1.29622e-21 -6.73597e-21 -5.72441e-09 5.25257e-09 -4.11248e-21 7.12921e-22 1.10183e-08 -5.17214e-09
894 0.46 420 0 -2.63842e-21 -4.88886e-21 1.05323e-08 -7.75691e-10 1.97039e-21 -4.2585e-21 -5.65925e-09 5.3495e-09 -4.01676e-21 8.54815e-22 1.04795e-08 -4.96724e-09
894 0.47 420 0 -5.51434e-21 -6.44179e-21 1.00735e-08 -6.73896e-10 8.32698e-23 -5.63091e-21 -5.58236e-09 5.43119e-09 -4.07075e-21 1.5466e-21 9.93901e-09 -4.72024e-09
894 0.48 420 0 -7.06532e-21 -7.23914e-21 9.61025e-09 -5.28759e-10 -4.67561e-22 -6.39548e-21 -5.49467e-09 5.49497e-09 -4.5051e-21 1.82499e-21 9.39962e-09 -4.4291e-09
894 0.49 420 0 -5.17325e-21 -5.5862e-21 9.14379e-09 -3.37821e-10 5.8477e-23 -5.35828e-21 -5.39672e-09 5.539e-09 -3.92762e-21 1.57186e-21 8.86487e-09 -4.08934e-09
894 0.5 420 0 -5.40782e-21 -9.85763e-21 8.67833e-09 -9.66727e-11 3.06087e-22 -8.48917e-21 -5.29002e-09 5.56024e-09 -4.87398e-21 1.90788e-21 8.33855e-09 -3.69897e-09
894 0.51 420 0 -5.80908e-21 -6.20477e-21 8.21858e-09 1.99259e-10 -4.09746e-22 -7.17944e-21 -5.17651e-09 5.55523e-09 -4.27786e-21 2.69443e-21 7.82501e-09 -3.25574e-09
894 0.52 420 0 -1.56376e-20 -2.96899e-21 7.76743e-09 5.52445e-10 -7.5288e-21 -5.84869e-21 -5.05767e-09 5.52214e-09 -3.33285e-21 4.46161e-21 7.3291e-09 -2.75613e-09
894 0.53 420 0 -6.59552e-21 -8.26109e-21 7.3307e-09 9.67752e-10 -3.06281e-22 -7.74743e-21 -4.93602e-09 5.45726e-09 -5.14027e-21 1.86752e-21 6.85583e-09 -2.19827e-09
894 0.54 420 0 2.43859e-22 6.16104e-22 6.9148e-09 1.44863e-09 2.27071e-21 -4.4623e-21 -4.81524e-09 5.35711e-09 -2.68047e-21 3.32044e-21 6.41201e-09 -1.57977e-09
894 0.55 420 0 -6.34615e-21 -6.627e-21 6.52631e-09 1.99908e-09 -1.05315e-21 -9.37885e-21 -4.69874e-09 5.21839e-09 -4.65112e-21 3.94807e-21 6.00389e-09 -8.98874e-10
894 0.56 420 0 -1.18834e-20 -6.49864e-21 6.17282e-09 2.62315e-09 -6.29931e-21 -8.44938e-21 -4.59076e-09 5.03739e-09 -3.62222e-21 4.07044e-21 5.63857e-09 -1.53776e-10
894 0.57 420 0 -8.28412e-21 -4.41897e-21 5.86326e-09 3.32303e-09 -3.08879e-21 -6.43218e-21 -4.49661e-09 4.81146e-09 -3.84779e-21 2.96688e-21 5.32423e-09 6.55589e-10
894 0.58 420 0 -8.76567e-21 -4.86945e-22 5.60737e-09 4.1031e-09 -4.77857e-21 -5.70696e-21 -4.42245e-09 4.5361e-09 -2.68209e-21 4.96647e-21 5.06965e-09 1.53098e-09
894 0.59 420 0 -4.50769e-21 1.32195e-22 5.41628e-09 4.9646e-09 -1.5816e-21 -5.53962e-21 -4.37546e-09 4.20896e-09 -2.71157e-21 4.55834e-21 4.88439e-09 2.47115e-09
894 0.6 420 0 -1.04298e-20 -1.25086e-21 5.3021e-09 5.91036e-09 -6.6934e-21 -6.44991e-21 -4.36352e-09 3.82649e-09 -2.64009e-21 5.26265e-21 4.77835e-09 3.47568e-09
894 0.61 420 0 -1.60172e-20 4.38413e-22 5.27836e-09 6.94062e-09 -1.17618e-20 -4.77771e-21 -4.39582e-09 3.38672e-09 -2.12363e-21 6.00659e-21 4.76226e-09 4.54188e-09
894 0.62 420 0 -1.5714e-20 9.26103e-23 5.36055e-09 8.05581e-09 -1.18385e-20 -6.36375e-21 -4.48368e-09 2.88712e-09 -2.36304e-21 6.98006e-21 4.8484e-09 5.66723e-09
894 0.63 420 0 -9.45838e-21 3.84855e-21 5.56513e-09 9.25435e-09 -7.32794e-21 -4.47926e-21 -4.63895e-09 2.32675e-09 -1.5388e-21 7.07558e-21 5.04877e-09 6.84691e-09
894 0.64 420 0 -2.92728e-21 -2.82047e-21 5.90925e-09 1.05327e-08 -1.55468e-21 -1.12716e-20 -4.87439e-09 1.70609e-09 -2.99419e-21 6.61666e-21 5.37587e-09 8.07513e-09
894 0.65 420 0 -1.21421e-20 2.13975e-21 6.41507e-09 1.18879e-08 -1.05629e-20 -5.70968e-21 -5.20717e-09 1.02435e-09 -1.52767e-21 7.39916e-21 5.84412e-09 9.34433e-09
894 0.66 420 0 -8.45129e-21 7.47947e-22 7.10313e-09 1.33118e-08 -5.66076e-21 -8.20746e-21 -5.65363e-09 2.85324e-10 -3.29939e-21 7.48045e-21 6.46707e-09 1.06447e-08
894 0.67 420 0 -8.74357e-21 5.53509e-21 7.9954e-09 1.47934e-08 -8.41954e-21 -3.23023e-21 -6.23156e-09 -5.05301e-10 -6.64558e-22 7.5462e-21 7.25833e-09 1.19642e-08
894 0.68 420 0 -7.45481e-21 1.66609e-21 9.11879e-09 1.63216e-08 -8.39536e-21 -8.09151e-21 -6.96353e-09 -1.34212e-09 -8.75215e-22 8.22218e-21 8.23335e-09 1.32895e-08
894 0.69 420 0 -4.29559e-21 1.28411e-21 1.05005e-08 1.78798e-08 -7.95775e-21 -8.91559e-21 -7.87258e-09 -2.21517e-09 6.78322e-22 8.28719e-21 9.40613e-09 1.46032e-08
894 0.7 420 0 -6.6241e-21 5.90685e-21 1.21662e-08 1.94455e-08 -1.01161e-20 -3.37082e-21 -8.98154e-09 -3.1095e-09 1.44715e-21 8.28428e-21 1.07896e-08 1.58856e-08
894 0.71 420 0 -6.40404e-21 4.49947e-21 1.41472e-08 2.09929e-08 -1.05804e-20 -4.24026e-21 -1.03187e-08 -4.00761e-09 1.55485e-21 7.91859e-21 1.2398e-08 1.71138e-08
894 0.72 420 0 -2.25462e-21 5.08244e-21 1.64729e-08 2.24896e-08 -9.64541e-21 -5.9515e-21 -1.19114e-08 -4.88615e-09 3.60034e-21 9.21047e-21 1.42425e-08 1.82608e-08
894 0.73 420 0 -7.63263e-21 4.08633e-21 1.91744e-08 2.38972e-08 -1.43964e-20 -6.8759e-21 -1.37893e-08 -5.71698e-09 2.3723e-21 1.00911e-20 1.63332e-08 1.92975e-08
894 0.74 420 0 -8.02456e-21 1.17934e-20 2.22824e-08 2.51676e-08 -1.38238e-20 2.4371e-21 -1.59831e-08 -6.46255e-09 3.27475e-21 9.756e-21 1.86783e-08 2.01887e-08
894 0.75 420 0 -2.14744e-21 1.4256e-20 2.58246e-08 2.62451e-08 -1.08712e-20 9.49338e-21 -1.85217e-08 -7.07875e-09 6.85545e-21 6.63054e-21 2.12815e-08 2.08969e-08
894 0.76 420 0 2.93862e-22 7.08264e-21 2.98313e-08 2.70639e-08 -1.23224e-20 -1.34519e-22 -2.14379e-08 -7.51205e-09 7.70689e-21 7.468e-21 2.41456e-08 2.138e-08
894 0.77 420 0 -2.67202e-23 1.35067e-20 3.43261e-08 2.75467e-08 -1.25547e-20 9.26521e-21 -2.47602e-08 -7.69823e-09 9.30397e-21 7.08868e-21 2.72666e-08 2.15922e-08
894 0.78 420 0 8.00582e-22 9.40367e-21 3.93289e-08 2.76015e-08 -1.30815e-20 8.72049e-22 -2.85154e-08 -7.55782e-09 8.53883e-21 9.16323e-21 3.06362e-08 2.14817e-08
894 0.79 420 0 1.89907e-22 1.23981e-20 4.48317e-08 2.71178e-08 -1.17936e-20 6.97267e-21 -3.26995e-08 -6.98889e-09 8.19198e-21 7.80259e-21 3.42199e-08 2.0986e-08
894 0.8 420 0 9.39259e-21 1.75206e-20 5.0846e-08 2.59814e-08 -7.04853e-21 1.28558e-20 -3.73361e-08 -5.89269e-09 1.41044e-20 7.66762e-21 3.80021e-08 2.00557e-08
894 0.81 420 0 2.91722e-21 6.81701e-21 5.73565e-08 2.40564e-08 -1.26309e-20 5.46938e-21 -4.24222e-08 -4.14528e-09 1.02026e-20 4.6763e-21 4.19449e-08 1.86318e-08
894 0.82 420 0 6.69722e-21 1.84759e-20 6.43304e-08 2.1187e-08 -1.21655e-20 1.45383e-20 -4.79405e-08 -1.60137e-09 1.48616e-20 9.33471e-21 4.60004e-08 1.66537e-08
894 0.83 420 0 9.2203e-21 1.67683e-20 7.17105e-08 1.72008e-08 -9.29473e-21 1.75876e-20 -5.38512e-08 1.9023e-09 1.59424e-20 6.16889e-21 5.01057e-08 1.40624e-08
894 0.84 420 0 1.22636e-20 3.30751e-21 7.94104e-08 1.19032e-08 -1.6578e-21 1.31577e-20 -6.00882e-08 6.55371e-09 1.32716e-20 -4.15736e-21 5.41846e-08 1.08004e-08
894 0.85 420 0 1.87543e-20 1.62413e-20 8.7304e-08 5.08328e-09 1.44362e-21 2.57934e-20 -6.65479e-08 1.256e-08 2.02075e-20 2.02413e-22 5.81425e-08 6.81776e-09
894 0.86 420 0 1.16771e-20 4.19651e-21 9.52205e-08 -3.49221e-09 -5.41388e-21 1.45776e-20 -7.3084e-08 2.01548e-08 1.51169e-20 -2.77147e-21 6.18693e-08 2.07132e-09
894 0.87 420 0 1.88727e-20 -1.0052e-21 1.02926e-07 -1.40703e-08 4.69755e-21 1.62776e-20 -7.9489e-08 2.95896e-08 1.68506e-20 -9.82356e-21 6.52346e-08 -3.4663e-09
894 0.88 420 0 2.91925e-20 1.3213e-20 1.10113e-07 -2.69164e-08 3.15907e-21 2.85093e-20 -8.54815e-08 4.11403e-08 2.973e-20 -2.38736e-21 6.80901e-08 -9.80554e-09
894 0.89 420 0 2.10996e-20 1.51089e-21 1.16379e-07 -4.23071e-08 3.91627e-21 2.29176e-20 -9.06849e-08 5.51004e-08 2.10934e-20 -9.80961e-21 7.02705e-08 -1.69328e-08
894 0.9 420 0 2.4782e-20 -3.05184e-21 1.21157e-07 -6.05346e-08 1.52333e-20 2.2629e-20 -9.45523e-08 7.17829e-08 2.00647e-20 -1.55008e-20 7.15893e-08 -2.47947e-08
894 0.91 420 0 1.93075e-20 -9.67029e-21 1.23954e-07 -8.17836e-08 1.21045e-20 1.66502e-20 -9.66202e-08 9.14096e-08 1.55782e-20 -1.78897e-20 7.18762e-08 -3.33334e-08
894 0.92 420 0 2.42977e-20 -1.21015e-20 1.23854e-07 -1.06367e-07 1.94148e-20 1.87283e-20 -9.59818e-08 1.14329e-07 1.83716e-20 -2.22638e-20 7.0912e-08 -4.24124e-08
894 0.93 420 0 2.71174e-20 -2.01456e-20 1.19769e-07 -1.34509e-07 3.65177e-20 1.45052e-20 -9.15569e-08 1.40812e-07 1.48288e-20 -3.15408e-20 6.84925e-08 -5.18475e-08
894 0.94 420 0 2.05342e-20 -2.25298e-20 1.10252e-07 -1.66394e-07 2.6682e-20 1.48041e-20 -8.18936e-08 1.71097e-07 1.2937e-20 -3.13648e-20 6.44217e-08 -6.13895e-08
894 0.95 420 0 2.76796e-20 -3.82146e-20 9.33047e-08 -2.02141e-07 4.26168e-20 9.00453e-21 -6.49698e-08 2.05365e-07 1.45056e-20 -4.79797e-20 5.85246e-08 -7.0707e-08
894 0.96 420 0 2.36491e-20 -5.74964e-20 6.59695e-08 -2.41783e-07 5.05727e-20 1.3109e-20 -3.77882e-08 2.43713e-07 1.02892e-20 -6.88137e-20 5.06638e-08 -7.93658e-08
894 0.97 420 0 -2.93505e-21 -4.52263e-20 2.33805e-08 -2.8523e-07 4.25022e-20 -1.02094e-20 4.58596e-09 2.8612e-07 -1.57272e-20 -4.98777e-20 4.07638e-08 -8.6791e-08
894 0.98 420 0 -8.03305e-21 -2.21406e-20 -4.41059e-08 -3.3223e-07 3.80478e-20 -1.50644e-20 7.19018e-08 3.32407e-07 -1.84763e-20 -2.63173e-20 2.88469e-08 -9.21797e-08
894 0.99 420 0 -2.58615e-20 -4.25184e-20 -1.63976e-07 -3.82279e-07 4.94926e-20 -2.65336e-20 1.91813e-07 3.82143e-07 -3.82851e-20 -4.69302e-20 1.51057e-08 -9.42163e-08
894 1 420 0 -1.42864e-20 -1.3766e-20 -6.04475e-06 -2.17067e-07 2.82743e-20 -2.80913e-20 6.07334e-06 2.17073e-07 -1.75664e-20 -1.69934e-20 -6.13771e-12 -8.86626e-08
894 1.01 420 0 -1.93663e-20 -9.46042e-21 -2.72817e-07 2.13224e-10 2.22499e-20 -3.24344e-20 3.02716e-07 -2.26901e-10 -3.00601e-20 -1.68975e-20 -5.85573e-11 -8.14168e-08
894 1.02 420 0 -1.47484e-20 -9.14275e-21 -2.15036e-07 2.39632e-10 2.66025e-20 -2.14723e-20 2.47002e-07 -2.64411e-10 -2.32544e-20 -1.96148e-20 -8.44503e-11 -8.13403e-08
894 1.03 420 0 -1.6443e-20 -8.34434e-21 -1.93173e-07 2.8742e-10 2.79375e-20 -1.93896e-20 2.2818e-07 -3.27318e-10 -2.52142e-20 -2.05995e-20 -1.1908e-10 -8.47835e-08
894 1.04 420 0 -8.38519e-22 -5.70497e-21 -1.88222e-07 3.7099e-10 3.08757e-20 -9.3308e-21 2.2778e-07 -4.34933e-10 -5.67123e-21 -2.04307e-20 -1.7352e-10 -9.21442e-08
894 1.05 420 0 -5.65707e-21 -7.39253e-21 -1.97555e-07 5.27444e-10 3.49523e-20 -1.99472e-20 2.44288e-07 -6.35398e-10 -1.60934e-20 -2.52028e-20 -2.71872e-10 -1.05425e-07
894 1.06 420 0 -2.71736e-20 -1.10031e-20 -2.26899e-07 8.72732e-10 4.67875e-20 -2.69873e-20 2.86096e-07 -1.07899e-09 -4.25631e-20 -3.62398e-20 -4.87821e-10 -1.29992e-07
894 1.07 420 0 -2.69299e-20 -4.97682e-21 -3.00872e-07 1.86651e-09 8.30918e-20 -9.44843e-20 3.86162e-07 -2.36437e-09 -8.10381e-20 -5.15214e-20 -1.11793e-09 -1.83024e-07
894 1.08 420 0 1.9551e-19 3.47974e-22 -5.61199e-07 7.75432e-09 1.78504e-19 -1.3067e-19 7.32066e-07 -1.00519e-08 1.28653e-19 -1.03514e-19 -4.93168e-09 -3.5945e-07
894 1.09 420 0 -1.70836e-17 -1.13171e-18 3.93611e-06 4.57468e-07 -2.32272e-18 9.91337e-18 -5.21128e-06 -6.06154e-07 -1.2166e-17 2.01796e-19 -3.06721e-07 2.63679e-06
894 1.1 420 0 -9.3461e-20 1.07901e-20 3.56179e-07 4.32324e-09 -1.60479e-19 2.57823e-19 -4.78026e-07 -5.84797e-09 6.09266e-20 1.11954e-19 -3.03765e-09 2.48194e-07
894 1.11 420 0 2.40604e-20 1.28471e-20 1.68819e-07 1.11846e-09 -8.29387e-20 3.6655e-20 -2.29404e-07 -1.54287e-09 4.96602e-20 6.75234e-20 -8.19476e-10 1.21802e-07
894 1.12 420 0 -7.97409e-22 5.24602e-21 1.03794e-07 4.85653e-10 -7.36171e-20 8.02735e-20 -1.4265e-07 -6.82341e-10 5.23226e-20 5.475e-20 -3.69467e-10 7.72319e-08
894 1.13 420 0 5.10329e-21 2.11611e-21 7.15462e-08 2.63212e-10 -6.4708e-20 6.86268e-20 -9.93457e-08 -3.76224e-10 5.24332e-20 4.66671e-20 -2.07149e-10 5.47142e-08
894 1.14 420 0 -1.73183e-21 7.47734e-22 5.26649e-08 1.61696e-10 -1.26748e-19 1.31055e-19 -7.38105e-08 -2.34865e-10 8.99873e-20 8.98776e-20 -1.3122e-10 4.12666e-08
894 1.15 420 0 -4.19405e-18 -5.76395e-18 4.04784e-08 1.07735e-10 -1.52397e-18 2.33554e-18 -5.72061e-08 -1.58844e-10 -3.14023e-18 -5.54231e-18 -8.98936e-11 3.24098e-08
894 1.16 420 0 1.08653e-21 6.43808e-22 3.20891e-08 7.63636e-11 7.63389e-20 2.47941e-21 -4.56878e-08 -1.1412e-10 2.90337e-21 -5.56149e-20 -6.53467e-11 2.61884e-08
894 1.17 420 0 1.45605e-21 1.01907e-21 2.60401e-08 5.62223e-11 2.99989e-20 -1.01884e-20 -3.73188e-08 -8.50997e-11 -6.17469e-21 -2.14702e-20 -4.9227e-11 2.16129e-08
894 1.18 420 0 1.29128e-21 8.69775e-22 2.1525e-08 4.29802e-11 1.63753e-20 -1.60539e-20 -3.10241e-08 -6.57946e-11 -1.10688e-20 -1.16119e-20 -3.8426e-11 1.81313e-08
894 1.19 420 0 1.25633e-21 7.03526e-22 1.80614e-08 3.3741e-11 9.66574e-21 -6.92025e-21 -2.6159e-08 -5.21808e-11 -4.15965e-21 -6.78164e-21 -3.07435e-11 1.54106e-08
894 1.2 420 0 1.09101e-21 4.93644e-22 1.53455e-08 2.70753e-11 5.77465e-21 -3.38397e-21 -2.23159e-08 -4.22568e-11 -1.60217e-21 -4.04048e-21 -2.5099e-11 1.32389e-08
894 1.21 420 0 5.57223e-22 5.74704e-22 1.31768e-08 2.22124e-11 5.51214e-21 -6.03912e-21 -1.92253e-08 -3.4934e-11 -4.43126e-21 -3.82325e-21 -2.0917e-11 1.14752e-08
894 1.22 420 0 2.00605e-22 4.06293e-22 1.14183e-08 1.84467e-11 3.38475e-21 -6.08346e-21 -1.67019e-08 -2.9217e-11 -5.02022e-21 -2.33128e-21 -1.76188e-11 1.00218e-08
894 1.23 420 0 3.83325e-22 3.89528e-22 9.97382e-09 1.56342e-11 3.00411e-21 -1.26968e-22 -1.46154e-08 -2.48915e-11 2.38125e-22 -2.07499e-21 -1.51269e-11 8.80957e-09
894 1.24 420 0 4.88307e-22 3.31113e-22 8.77357e-09 1.34068e-11 2.34336e-21 -1.54653e-21 -1.28706e-08 -2.14352e-11 -8.96679e-22 -1.61801e-21 -1.31235e-11 7.78773e-09
894 1.25 420 0 2.15675e-22 2.8183e-22 7.76631e-09 1.16181e-11 1.83588e-21 -3.55516e-22 -1.13976e-08 -1.86358e-11 -1.59178e-22 -1.26196e-21 -1.14917e-11 6.91851e-09
894 1.26 420 0 3.58876e-22 2.36773e-22 6.91358e-09 1.02197e-11 1.32905e-21 -2.48505e-21 -1.01434e-08 -1.64174e-11 -1.94653e-21 -8.9044e-22 -1.02026e-11 6.17328e-09
894 1.27 420 0 2.54343e-22 2.03818e-22 6.18592e-09 9.06329e-12 1.09814e-21 -1.42394e-21 -9.06746e-09 -1.45685e-11 -1.12397e-21 -7.38083e-22 -9.12136e-12 5.52977e-09
894 1.28 420 0 7.19914e-23 2.10559e-22 5.56061e-09 8.13816e-12 9.41126e-22 -5.94458e-22 -8.13822e-09 -1.30682e-11 -5.81755e-22 -6.00878e-22 -8.24621e-12 4.97069e-09
894 1.29 420 0 2.80624e-22 1.62681e-22 5.01986e-09 7.42504e-12 7.35763e-22 -1.23384e-22 -7.33088e-09 -1.1884e-11 1.20392e-22 -4.78864e-22 -7.563e-12 4.48229e-09
894 1.3 420 0 2.23113e-22 1.63818e-22 4.54954e-09 6.90157e-12 6.68609e-22 -3.20714e-22 -6.62568e-09 -1.09799e-11 -1.43305e-22 -4.23987e-22 -7.0512e-12 4.05352e-09
894 1.31 420 0 2.15544e-22 1.29482e-22 4.13832e-09 6.49558e-12 4.84016e-22 3.05532e-22 -6.00666e-09 -1.0255e-11 4.66904e-22 -2.97387e-22 -6.64263e-12 3.67543e-09
894 1.32 420 0 -2.74008e-23 9.54873e-23 3.77643e-09 5.77878e-12 3.33535e-22 3.5731e-22 -5.46005e-09 -9.13528e-12 2.10453e-22 -1.98124e-22 -5.93302e-12 3.34008e-09
894 1.33 420 0 2.28618e-22 8.0936e-23 3.45687e-09 5.16671e-12 3.29859e-22 -7.54179e-22 -4.97587e-09 -8.17435e-12 -5.89356e-22 -2.18147e-22 -5.32172e-12 3.04189e-09
894 1.34 420 0 2.83905e-22 7.93243e-23 3.17349e-09 4.64015e-12 2.90715e-22 -7.15133e-22 -4.54534e-09 -7.34377e-12 -4.75943e-22 -1.84959e-22 -4.79139e-12 2.77583e-09
894 1.35 420 0 1.68473e-23 6.75963e-23 2.92121e-09 4.18405e-12 2.31053e-22 3.66118e-22 -4.16116e-09 -6.62125e-12 2.95944e-22 -1.42985e-22 -4.32838e-12 2.53768e-09
894 1.36 420 0 3.89066e-23 6.58135e-23 2.69578e-09 3.78655e-12 2.14494e-22 2.9343e-22 -3.81721e-09 -5.98906e-12 2.53126e-22 -1.31805e-22 -3.92182e-12 2.32388e-09
894 1.37 420 0 1.94711e-22 5.45274e-23 2.49365e-09 3.43818e-12 1.62662e-22 -2.39862e-22 -3.50834e-09 -5.43298e-12 -1.02692e-22 -9.47069e-23 -3.56295e-12 2.13143e-09
894 1.38 420 0 1.11285e-22 4.8898e-23 2.31183e-09 3.13129e-12 1.37078e-22 1.50886e-23 -3.23019e-09 -4.94148e-12 6.26553e-23 -7.72775e-23 -3.24469e-12 1.95776e-09
894 1.39 420 0 2.45171e-22 4.2204e-23 2.14777e-09 2.85968e-12 1.09886e-22 -4.09005e-22 -2.97903e-09 -4.50516e-12 -2.13869e-22 -5.87973e-23 -2.96121e-12 1.80066e-09
894 1.4 420 0 4.72272e-23 3.05727e-23 1.99931e-09 2.61825e-12 1.01536e-22 1.24922e-22 -2.75168e-09 -4.11623e-12 1.10012e-22 -6.72233e-23 -2.70771e-12 1.65825e-09
894 1.41 420 0 1.09708e-22 3.24163e-23 1.86461e-09 2.40277e-12 6.85609e-23 9.84288e-23 -2.54541e-09 -3.76825e-12 1.70704e-22 -2.94771e-23 -2.48017e-12 1.5289e-09
894 1.42 420 0 1.3555e-22 2.23782e-23 1.74207e-09 2.20972e-12 4.04818e-23 -1.41351e-22 -2.35785e-09 -3.45578e-12 -7.35852e-23 -1.26151e-23 -2.27521e-12 1.41118e-09
894 1.43 420 0 5.92945e-23 1.07242e-23 1.63031e-09 2.03612e-12 3.32707e-23 1.26351e-23 -2.18696e-09 -3.17419e-12 6.99155e-24 -2.16484e-23 -2.08994e-12 1.30385e-09
894 1.44 420 0 1.83588e-22 4.28335e-24 1.52816e-09 1.87941e-12 2.09172e-23 -3.31677e-22 -2.03095e-09 -2.91951e-12 -2.20379e-22 -1.72031e-23 -1.92183e-12 1.20584e-09
894 1.45 420 0 1.00578e-23 1.25224e-24 1.43458e-09 1.7374e-12 -1.24097e-24 3.04268e-22 -1.88826e-09 -2.68831e-12 2.86415e-22 3.36548e-24 -1.7687e-12 1.1162e-09
