894 0 460 0 -6.52811e-09 1.21089e-09 2.40253e-21 -1.29862e-20 0 0 0 0 0 0 -1.65057e-21 -1.62744e-20
894 0.01 460 0 -6.53314e-09 1.21127e-09 -4.11128e-21 -9.68627e-21 4.30527e-10 7.27278e-12 4.37132e-23 1.04412e-22 -4.51445e-10 -6.25177e-11 -7.4843e-21 -9.33817e-21
894 0.02 460 0 -6.54822e-09 1.21241e-09 3.51731e-22 -1.51944e-20 8.60356e-10 1.36009e-11 -9.49631e-23 3.93798e-22 -9.02523e-10 -1.24023e-10 3.74355e-21 -1.95687e-20
894 0.03 460 0 -6.57333e-09 1.21439e-09 3.42591e-21 -1.44972e-20 1.28878e-09 1.80443e-11 -1.77526e-22 4.95729e-22 -1.35286e-09 -1.83506e-10 4.26722e-21 -1.73006e-20
894 0.04 460 0 -6.60841e-09 1.21735e-09 -3.69722e-21 -6.13188e-21 1.7151e-09 1.96717e-11 1.44397e-22 2.90085e-22 -1.80208e-09 -2.3996e-10 -6.61585e-21 -6.60313e-21
894 0.05 460 0 -6.65338e-09 1.22147e-09 -6.7597e-22 -1.38143e-20 2.13858e-09 1.75655e-11 1.16353e-24 7.76246e-22 -2.24979e-09 -2.92387e-10 -2.22866e-21 -1.57197e-20
894 0.06 460 0 -6.70816e-09 1.22697e-09 1.52963e-21 -1.54916e-20 2.5585e-09 1.0826e-11 -3.10819e-22 9.76059e-22 -2.69558e-09 -3.39795e-10 5.35746e-21 -1.81912e-20
894 0.07 460 0 -6.77262e-09 1.23413e-09 -2.81606e-21 -1.07264e-20 2.9741e-09 -1.42336e-12 2.75261e-22 8.46304e-22 -3.139e-09 -3.81207e-10 -7.24331e-21 -1.05085e-20
894 0.08 460 0 -6.84666e-09 1.24272e-09 1.06802e-21 -1.57977e-20 3.38464e-09 -2.00225e-11 -2.971e-22 1.49084e-21 -3.57964e-09 -4.15715e-10 5.56676e-22 -1.961e-20
894 0.09 460 0 -6.93e-09 1.25424e-09 -2.08474e-21 -9.08449e-21 3.78925e-09 -4.58052e-11 5.42154e-23 9.5545e-22 -4.01692e-09 -4.42264e-10 -3.53442e-21 -8.26186e-21
894 0.1 460 0 -7.0225e-09 1.26855e-09 1.06042e-22 -8.22056e-21 4.18714e-09 -7.95414e-11 6.02432e-23 1.16342e-21 -4.45037e-09 -4.59977e-10 -6.13697e-21 -1.08184e-20
894 0.11 460 0 -7.12428e-09 1.2864e-09 7.8195e-22 -1.43788e-20 4.57742e-09 -1.21803e-10 -2.50335e-22 1.72845e-21 -4.87945e-09 -4.68169e-10 5.22721e-22 -1.53007e-20
894 0.12 460 0 -7.2343e-09 1.30772e-09 -4.01326e-22 -1.47504e-20 4.95927e-09 -1.73586e-10 -2.06206e-22 1.87265e-21 -5.30346e-09 -4.65547e-10 2.79716e-22 -1.44035e-20
894 0.13 460 0 -7.35262e-09 1.33336e-09 -2.3357e-21 -1.06562e-20 5.33174e-09 -2.35375e-10 3.16422e-22 1.70594e-21 -5.72178e-09 -4.51463e-10 -4.57031e-21 -1.16368e-20
894 0.14 460 0 -7.48003e-09 1.364e-09 5.92298e-22 -1.46103e-20 5.69377e-09 -3.07654e-10 -3.47518e-22 2.64204e-21 -6.13375e-09 -4.25162e-10 -1.898e-21 -1.74362e-20
894 0.15 460 0 -7.61387e-09 1.39947e-09 1.98256e-21 -7.59338e-21 6.04464e-09 -3.9108e-10 -1.44812e-22 1.55837e-21 -6.53859e-09 -3.85875e-10 -4.71298e-21 -8.71591e-21
894 0.16 460 0 -7.75469e-09 1.44168e-09 2.02443e-22 -1.01397e-20 6.38311e-09 -4.86027e-10 -1.68297e-22 2.29442e-21 -6.93537e-09 -3.32727e-10 -4.39099e-21 -1.47962e-20
894 0.17 460 0 -7.90237e-09 1.49094e-09 -2.00615e-21 -1.37593e-20 6.70811e-09 -5.92593e-10 2.36789e-22 2.74982e-21 -7.32339e-09 -2.65473e-10 -2.3483e-21 -1.55883e-20
894 0.18 460 0 -8.05562e-09 1.54751e-09 -3.0024e-21 -1.00167e-20 7.01866e-09 -7.11507e-10 3.68939e-22 2.23534e-21 -7.70151e-09 -1.82859e-10 -4.56462e-21 -1.1374e-20
894 0.19 460 0 -8.21413e-09 1.61233e-09 -1.75452e-21 -8.9756e-21 7.3136e-09 -8.42712e-10 3.42665e-22 2.31821e-21 -8.06882e-09 -8.46439e-11 -5.74697e-21 -1.07253e-20
894 0.2 460 0 -8.37729e-09 1.68553e-09 -5.92565e-22 -4.10688e-21 7.59186e-09 -9.86272e-10 5.15206e-22 1.10335e-21 -8.42435e-09 2.95228e-11 -1.09224e-20 -2.12059e-21
894 0.21 460 0 -8.5444e-09 1.76916e-09 -3.54358e-21 -1.4545e-20 7.852e-09 -1.14188e-09 4.37931e-22 3.70077e-21 -8.76688e-09 1.59905e-10 -2.85712e-21 -1.80884e-20
894 0.22 460 0 -8.714e-09 1.86306e-09 -3.24959e-21 -1.10427e-20 8.09306e-09 -1.30991e-09 3.73343e-22 2.55582e-21 -9.09507e-09 3.07462e-10 -2.93219e-21 -1.04375e-20
894 0.23 460 0 -8.8856e-09 1.9675e-09 -9.52623e-22 -1.181e-20 8.31387e-09 -1.48983e-09 1.71068e-22 2.90904e-21 -9.40791e-09 4.71896e-10 -4.47876e-21 -1.0709e-20
894 0.24 460 0 -9.05786e-09 2.08435e-09 -3.13901e-21 -1.17287e-20 8.51298e-09 -1.68122e-09 5.66893e-22 3.67237e-21 -9.70379e-09 6.53611e-10 -5.85545e-21 -1.34171e-20
894 0.25 460 0 -9.23007e-09 2.21377e-09 -2.84857e-21 -1.32478e-20 8.68919e-09 -1.88322e-09 3.868e-22 4.31696e-21 -9.98162e-09 8.52013e-10 -2.96658e-21 -1.63208e-20
894 0.26 460 0 -9.40051e-09 2.35562e-09 -1.66865e-21 -5.34093e-21 8.84159e-09 -2.09577e-09 9.15476e-22 1.52151e-21 -1.02398e-08 1.06772e-09 -7.0384e-21 -2.44724e-21
894 0.27 460 0 -9.56781e-09 2.51174e-09 -3.19186e-21 -7.10109e-21 8.96864e-09 -2.31772e-09 1.45911e-21 2.41569e-21 -1.04767e-08 1.30036e-09 -9.99894e-21 -5.64298e-21
894 0.28 460 0 -9.73204e-09 2.68229e-09 -3.99637e-21 -6.05549e-21 9.06903e-09 -2.54752e-09 1.66134e-21 1.70206e-21 -1.06911e-08 1.54878e-09 -9.43217e-21 -2.32442e-21
894 0.29 460 0 -9.8891e-09 2.86661e-09 -3.61034e-21 -9.0091e-21 9.14232e-09 -2.78511e-09 1.58642e-21 3.04958e-21 -1.08812e-08 1.81346e-09 -9.3754e-21 -7.62793e-21
894 0.3 460 0 -1.00383e-08 3.06648e-09 -8.20423e-22 -9.02844e-21 9.18688e-09 -3.02861e-09 9.12628e-22 2.93941e-21 -1.10451e-08 2.09343e-09 -8.92193e-21 -6.03044e-21
894 0.31 460 0 -1.01786e-08 3.28088e-09 -4.05592e-21 -1.16725e-20 9.20189e-09 -3.27622e-09 1.57126e-21 4.46085e-21 -1.1182e-08 2.38694e-09 -8.87748e-21 -1.22947e-20
894 0.32 460 0 -1.03071e-08 3.51119e-09 -3.8914e-22 -1.10716e-20 9.18641e-09 -3.52692e-09 2.63335e-22 5.12868e-21 -1.12892e-08 2.69431e-09 -7.51469e-21 -1.43008e-20
894 0.33 460 0 -1.04228e-08 3.75604e-09 -6.22494e-22 -9.46622e-21 9.13965e-09 -3.77826e-09 1.62524e-21 4.68917e-21 -1.1366e-08 3.01287e-09 -1.1579e-20 -9.39952e-21
894 0.34 460 0 -1.05228e-08 4.01663e-09 -4.71155e-21 -7.54188e-21 9.06094e-09 -4.02887e-09 2.50469e-21 3.07442e-21 -1.14099e-08 3.34257e-09 -1.12414e-20 -5.16434e-21
894 0.35 460 0 -1.06058e-08 4.29115e-09 -2.51729e-21 -1.10888e-20 8.94976e-09 -4.27598e-09 1.55874e-21 4.93969e-21 -1.14202e-08 3.68031e-09 -9.80221e-21 -1.14633e-20
894 0.36 460 0 -1.06697e-08 4.5808e-09 -2.50617e-21 -9.40954e-21 8.80561e-09 -4.51757e-09 1.46194e-21 3.80961e-21 -1.13945e-08 4.02547e-09 -7.52755e-21 -6.81051e-21
894 0.37 460 0 -1.07112e-08 4.88273e-09 -5.72741e-21 -1.5087e-20 8.62864e-09 -4.75117e-09 2.71016e-21 6.57458e-21 -1.13322e-08 4.37476e-09 -8.23032e-21 -1.47076e-20
894 0.38 460 0 -1.0728e-08 5.19776e-09 -1.24118e-20 -1.29623e-20 8.41878e-09 -4.97444e-09 4.08587e-21 5.76406e-21 -1.12308e-08 4.72712e-09 -6.0812e-21 -1.61818e-20
894 0.39 460 0 -1.07188e-08 5.52303e-09 -4.89033e-21 -8.84636e-21 8.17627e-09 -5.18413e-09 2.75076e-21 4.80531e-21 -1.10904e-08 5.07849e-09 -1.07782e-20 -9.20162e-21
894 0.4 460 0 -1.06805e-08 5.8581e-09 -6.50376e-21 -1.0137e-20 7.90193e-09 -5.378e-09 3.84663e-21 4.68884e-21 -1.09088e-08 5.42736e-09 -1.1927e-20 -6.71463e-21
894 0.41 460 0 -1.06108e-08 6.20112e-09 -5.4382e-21 -1.2993e-20 7.59605e-09 -5.55233e-09 3.56821e-21 6.54866e-21 -1.06856e-08 5.76958e-09 -1.14076e-20 -1.07854e-20
894 0.42 460 0 -1.05078e-08 6.54949e-09 -1.25571e-20 -1.61256e-20 7.26054e-09 -5.70504e-09 5.821e-21 7.44807e-21 -1.04199e-08 6.10276e-09 -1.11928e-20 -1.58558e-20
894 0.43 460 0 -1.03703e-08 6.90104e-09 -8.06239e-21 -9.24204e-21 6.89622e-09 -5.83199e-09 4.10986e-21 4.74905e-21 -1.0112e-08 6.42216e-09 -1.10086e-20 -7.87107e-21
894 0.44 460 0 -1.01939e-08 7.25301e-09 -9.01489e-21 -1.18072e-20 6.50564e-09 -5.93148e-09 5.66484e-21 5.82777e-21 -9.76041e-09 6.72548e-09 -1.40455e-20 -1.00926e-20
894 0.45 460 0 -9.97744e-09 7.60235e-09 -4.69069e-21 -7.37458e-21 6.09034e-09 -5.99939e-09 4.09839e-21 4.0372e-21 -9.36587e-09 7.00749e-09 -1.26711e-20 -4.35862e-21
894 0.46 460 0 -9.72e-09 7.94502e-09 -4.60063e-21 -5.85767e-21 5.65346e-09 -6.03348e-09 4.44149e-21 2.60523e-21 -8.92921e-09 7.26445e-09 -1.29258e-20 9.68242e-22
894 0.47 460 0 -9.41921e-09 8.27813e-09 -7.41562e-21 -6.8567e-21 5.19823e-09 -6.03113e-09 6.0153e-21 3.66222e-21 -8.45055e-09 7.49272e-09 -1.38147e-20 -1.53942e-21
894 0.48 460 0 -9.07535e-09 8.59705e-09 -8.80146e-21 -7.25114e-21 4.72751e-09 -5.98879e-09 6.16838e-21 3.11322e-21 -7.93226e-09 7.68652e-09 -1.28723e-20 -1.50252e-21
894 0.49 460 0 -8.68534e-09 8.89697e-09 -6.9526e-21 -6.39133e-21 4.24562e-09 -5.90513e-09 5.84918e-21 3.8715e-21 -7.37505e-09 7.84213e-09 -1.28668e-20 -8.05915e-22
894 0.5 460 0 -8.24955e-09 9.17341e-09 -5.1064e-21 -8.43524e-21 3.75683e-09 -5.77778e-09 5.73061e-21 4.23759e-21 -6.78146e-09 7.95477e-09 -1.43877e-20 -1.81422e-22
894 0.51 460 0 -7.76787e-09 9.42124e-09 -7.64186e-21 -6.6786e-21 3.26589e-09 -5.60505e-09 7.62925e-21 4.06377e-21 -6.15424e-09 8.01981e-09 -1.73911e-20 1.49198e-22
894 0.52 460 0 -7.24033e-09 9.63557e-09 -1.60317e-20 -8.09576e-21 2.77836e-09 -5.38592e-09 9.84713e-21 4.24066e-21 -5.49627e-09 8.03318e-09 -1.61861e-20 -4.99553e-21
894 0.53 460 0 -6.6701e-09 9.80987e-09 -7.37121e-21 -7.12632e-21 2.29908e-09 -5.11908e-09 7.38133e-21 4.32261e-21 -4.81319e-09 7.98919e-09 -1.5479e-20 -1.01898e-21
894 0.54 460 0 -6.05535e-09 9.9384e-09 -4.43018e-21 -2.0175e-21 1.83419e-09 -4.80493e-09 6.12055e-21 6.15344e-22 -4.10743e-09 7.88412e-09 -1.07549e-20 7.04567e-21
894 0.55 460 0 -5.39981e-09 1.00153e-08 -7.87769e-21 -5.72559e-21 1.38994e-09 -4.44386e-09 7.33935e-21 1.41841e-21 -3.38498e-09 7.71377e-09 -1.2795e-20 5.79687e-21
894 0.56 460 0 -4.70708e-09 1.00342e-08 -1.21201e-20 -5.98987e-21 9.72788e-10 -4.03736e-09 9.42275e-21 2.6674e-21 -2.65205e-09 7.47443e-09 -1.63387e-20 -2.32027e-22
894 0.57 460 0 -3.98053e-09 9.98978e-09 -1.02345e-20 -4.28479e-21 5.89329e-10 -3.58676e-09 9.48425e-21 2.9513e-21 -1.91481e-09 7.16246e-09 -1.58413e-20 6.92089e-22
894 0.58 460 0 -3.22422e-09 9.87478e-09 -1.15526e-20 -3.03164e-21 2.46224e-10 -3.0962e-09 9.9719e-21 5.09342e-23 -1.18024e-09 6.77523e-09 -1.42871e-20 6.65061e-21
894 0.59 460 0 -2.44324e-09 9.68371e-09 -9.23803e-21 -1.78069e-21 -4.98013e-11 -2.56892e-09 1.03893e-20 -1.85905e-21 -4.55791e-10 6.31006e-09 -1.4275e-20 1.07234e-20
894 0.6 460 0 -1.64524e-09 9.41097e-09 -1.14578e-20 -3.7417e-21 -2.9219e-10 -2.01036e-09 9.56328e-21 4.7005e-22 2.4935e-10 5.76571e-09 -1.26223e-20 4.79756e-21
894 0.61 460 0 -8.37817e-10 9.05181e-09 -1.72111e-20 -1.32811e-21 -4.7452e-10 -1.42615e-09 1.36044e-20 -1.4461e-21 9.26012e-10 5.14129e-09 -1.90241e-20 5.21361e-21
894 0.62 460 0 -2.80154e-11 8.59963e-09 -1.68406e-20 -2.70411e-21 -5.91712e-10 -8.24271e-10 1.49719e-20 -6.21843e-22 1.5652e-09 4.43632e-09 -2.03162e-20 6.97564e-21
894 0.63 460 0 7.75006e-10 8.05215e-09 -1.36965e-20 -7.04219e-22 -6.3701e-10 -2.13047e-10 1.39888e-20 -2.16128e-21 2.15746e-09 3.65313e-09 -1.74235e-20 9.42777e-21
894 0.64 460 0 1.55957e-09 7.40611e-09 -6.61896e-21 -1.23065e-21 -6.06359e-10 3.98063e-10 8.64551e-21 -3.10032e-21 2.69123e-09 2.79382e-09 -1.09817e-20 1.25906e-20
894 0.65 460 0 2.31525e-09 6.6577e-09 -1.27899e-20 4.3406e-22 -4.97198e-10 9.97227e-10 1.17945e-20 -3.08951e-21 3.15617e-09 1.8618e-09 -1.42031e-20 9.56311e-21
894 0.66 460 0 3.03076e-09 5.80748e-09 -1.05755e-20 9.01876e-22 -3.05384e-10 1.57253e-09 1.20579e-20 -4.45873e-21 3.54232e-09 8.6322e-10 -1.42753e-20 1.31786e-20
894 0.67 460 0 3.69196e-09 4.85532e-09 -1.20476e-20 3.96744e-21 -3.05856e-11 2.11066e-09 1.1795e-20 -7.70822e-21 3.83777e-09 -1.95563e-10 -1.29805e-20 1.45653e-20
894 0.68 460 0 4.28577e-09 3.80215e-09 -9.00369e-21 2.79878e-21 3.25164e-10 2.5961e-09 1.05184e-20 -6.77037e-21 4.03214e-09 -1.30589e-09 -1.08129e-20 1.56463e-20
894 0.69 460 0 4.79802e-09 2.65345e-09 -7.08115e-21 2.60814e-21 7.60064e-10 3.0133e-09 8.36288e-21 -7.58698e-21 4.11533e-09 -2.45614e-09 -6.02348e-21 1.49725e-20
894 0.7 460 0 5.21357e-09 1.41561e-09 -1.33581e-20 5.06873e-21 1.26905e-09 3.34565e-09 1.34259e-20 -1.08473e-20 4.07731e-09 -3.63333e-09 -1.15838e-20 1.81528e-20
894 0.71 460 0 5.52034e-09 9.59246e-11 -9.74713e-21 4.4296e-21 1.84498e-09 3.57482e-09 9.70815e-21 -8.62129e-21 3.91154e-09 -4.82243e-09 -7.4668e-21 1.3717e-20
894 0.72 460 0 5.70157e-09 -1.29488e-09 -8.81198e-21 4.6012e-21 2.47468e-09 3.68265e-09 9.70231e-21 -1.11587e-20 3.60903e-09 -6.00624e-09 -7.16675e-21 1.85309e-20
894 0.73 460 0 5.74448e-09 -2.73872e-09 -1.01942e-20 1.973e-21 3.14513e-09 3.65108e-09 1.14674e-20 -9.0815e-21 3.16515e-09 -7.16198e-09 -8.45975e-21 1.65215e-20
894 0.74 460 0 5.63705e-09 -4.22274e-09 -1.20141e-20 9.72978e-21 3.83574e-09 3.4606e-09 1.24902e-20 -1.61563e-20 2.57784e-09 -8.26906e-09 -9.53949e-21 2.10824e-20
894 0.75 460 0 5.36965e-09 -5.72091e-09 -9.84527e-21 1.44168e-20 4.52631e-09 3.09375e-09 7.28151e-21 -1.91286e-20 1.84842e-09 -9.29815e-09 -4.73965e-21 2.00044e-20
894 0.76 460 0 4.93777e-09 -7.20974e-09 -8.11137e-21 8.84834e-21 5.18697e-09 2.53314e-09 5.9914e-21 -1.6884e-20 9.83511e-10 -1.02212e-08 -1.22605e-21 2.07126e-20
894 0.77 460 0 4.34372e-09 -8.65392e-09 -1.15323e-20 1.39848e-20 5.78891e-09 1.76397e-09 9e-21 -2.34343e-20 -3.09095e-12 -1.1002e-08 -3.63918e-21 2.49953e-20
894 0.78 460 0 3.59405e-09 -1.0026e-08 -8.28291e-21 1.03591e-20 6.29003e-09 7.71498e-10 7.09743e-21 -2.08952e-20 -1.091e-09 -1.16088e-08 -2.67174e-21 2.38103e-20
894 0.79 460 0 2.64255e-09 -1.13091e-08 -5.11331e-21 1.2801e-20 6.61755e-09 -4.54496e-10 3.19011e-21 -1.90614e-20 -2.28192e-09 -1.20135e-08 2.53936e-22 1.80505e-20
894 0.8 460 0 1.5425e-09 -1.24381e-08 -3.9195e-23 1.86816e-20 6.73345e-09 -1.91252e-09 -6.14191e-21 -2.63336e-20 -3.52028e-09 -1.21643e-08 7.55434e-21 2.58021e-20
894 0.81 460 0 3.20739e-10 -1.33623e-08 -3.51988e-21 1.38636e-20 6.56982e-09 -3.5956e-09 9.78799e-23 -2.26633e-20 -4.75729e-09 -1.20172e-08 2.89071e-21 2.20185e-20
894 0.82 460 0 -9.74167e-10 -1.40323e-08 -1.77558e-21 1.27399e-20 6.05256e-09 -5.48801e-09 -4.25346e-21 -2.10076e-20 -5.9215e-09 -1.15301e-08 5.83563e-21 1.95713e-20
894 0.83 460 0 -2.27463e-09 -1.43916e-08 1.73857e-21 1.66214e-20 5.09549e-09 -7.55745e-09 -9.36967e-21 -2.30082e-20 -6.92047e-09 -1.06609e-08 9.29168e-21 2.13872e-20
894 0.84 460 0 -3.48012e-09 -1.43925e-08 4.89141e-21 1.48426e-20 3.60381e-09 -9.75447e-09 -1.38253e-20 -1.85337e-20 -7.62784e-09 -9.37825e-09 1.31005e-20 1.22231e-20
894 0.85 460 0 -4.45461e-09 -1.3992e-08 7.89659e-21 1.69728e-20 1.47057e-09 -1.20007e-08 -2.05052e-20 -1.95974e-20 -7.88064e-09 -7.66503e-09 1.64805e-20 1.65508e-20
894 0.86 460 0 -5.00708e-09 -1.31734e-08 5.41422e-21 1.42093e-20 -1.4155e-09 -1.41865e-08 -1.47143e-20 -1.93994e-20 -7.46117e-09 -5.53478e-09 1.3697e-20 1.48907e-20
894 0.87 460 0 -4.88417e-09 -1.19573e-08 1.29539e-20 1.15914e-20 -5.17026e-09 -1.61528e-08 -2.61035e-20 -1.23274e-20 -6.09073e-09 -3.05076e-09 1.96818e-20 8.30639e-21
894 0.88 460 0 -3.75465e-09 -1.0448e-08 1.21131e-20 1.18465e-20 -9.90252e-09 -1.76815e-08 -2.65461e-20 -1.34806e-20 -3.41616e-09 -3.69922e-10 2.08659e-20 1.47685e-20
894 0.89 460 0 -1.19891e-09 -8.88186e-09 1.17164e-20 1.14559e-20 -1.56945e-08 -1.84767e-08 -2.56719e-20 -1.03367e-20 9.96682e-10 2.20473e-09 1.8666e-20 9.23424e-21
894 0.9 460 0 3.28972e-09 -7.70898e-09 2.04229e-20 8.85763e-21 -2.25653e-08 -1.81469e-08 -3.49842e-20 -5.54099e-21 7.65421e-09 4.13758e-09 2.32781e-20 8.23717e-21
894 0.91 460 0 1.0235e-08 -7.76147e-09 2.05594e-20 2.36649e-21 -3.03725e-08 -1.62241e-08 -3.51558e-20 9.61339e-22 1.70524e-08 4.48562e-09 2.37494e-20 3.37047e-21
894 0.92 460 0 2.02007e-08 -1.0261e-08 2.39939e-20 -1.83417e-21 -3.90159e-08 -1.2036e-08 -3.89586e-20 8.16922e-21 2.97107e-08 1.95368e-09 2.63194e-20 1.89228e-21
894 0.93 460 0 3.33172e-08 -1.73572e-08 2.67995e-20 -5.17134e-21 -4.78313e-08 -4.90454e-09 -4.00266e-20 1.8136e-20 4.56444e-08 -5.74352e-09 2.76599e-20 -2.9962e-21
894 0.94 460 0 4.88684e-08 -3.21067e-08 1.98588e-20 -9.03356e-21 -5.57827e-08 5.79373e-09 -3.19216e-20 2.12216e-20 6.39567e-08 -2.17489e-08 2.26727e-20 -5.57231e-21
894 0.95 460 0 6.43242e-08 -5.85238e-08 1.85475e-20 -1.45464e-20 -6.12623e-08 2.03223e-08 -2.68172e-20 3.45939e-20 8.18608e-08 -5.00874e-08 2.37866e-20 -9.37141e-21
894 0.96 460 0 7.3937e-08 -1.01016e-07 8.89984e-21 -1.65609e-20 -6.21599e-08 3.81017e-08 -1.14935e-20 3.86611e-20 9.33077e-08 -9.503e-08 2.35804e-20 -1.26045e-20
894 0.97 460 0 6.69834e-08 -1.62869e-07 3.10921e-21 -2.5915e-20 -5.6341e-08 5.71473e-08 1.22183e-21 4.7933e-20 8.73273e-08 -1.59517e-07 1.61759e-20 -1.87133e-20
894 0.98 460 0 2.5207e-08 -2.43877e-07 -1.13845e-21 -2.36887e-20 -4.26618e-08 7.3786e-08 8.64533e-21 3.8274e-20 4.5639e-08 -2.428e-07 7.14289e-21 -1.48452e-20
894 0.99 460 0 -8.83076e-08 -3.38282e-07 -3.97147e-21 -1.59209e-20 -2.22141e-08 8.29607e-08 1.12435e-20 2.83705e-20 -6.83136e-08 -3.3853e-07 1.43359e-20 -1.79331e-20
894 1 460 0 -5.99452e-06 -2.16905e-07 -1.20636e-20 -1.14472e-20 -6.08894e-11 7.53487e-08 2.2367e-20 1.75588e-20 -5.97481e-06 -2.16903e-07 3.97225e-21 -5.89965e-21
894 1.01 460 0 -2.51896e-07 3.36226e-10 -8.0658e-21 -8.30521e-21 9.93978e-12 6.80216e-08 1.69581e-20 1.37981e-20 -2.30357e-07 3.30646e-10 6.46461e-21 -1.2998e-20
894 1.02 460 0 -2.09341e-07 3.55253e-10 -6.03768e-21 -6.36673e-21 4.08935e-11 6.84351e-08 1.06886e-20 1.11933e-20 -1.85648e-07 3.40966e-10 6.67984e-21 -1.06195e-20
894 1.03 460 0 -1.9991e-07 4.11378e-10 -6.68312e-21 -5.72017e-21 7.70806e-11 7.27452e-08 1.19859e-20 1.02117e-20 -1.73096e-07 3.84419e-10 6.84509e-21 -1.21086e-20
894 1.04 460 0 -2.0742e-07 5.21357e-10 -8.49831e-23 -4.37211e-21 1.31111e-10 8.1184e-08 8.26088e-22 8.18046e-21 -1.76008e-07 4.73468e-10 6.40375e-21 -5.08725e-21
894 1.05 460 0 -2.31722e-07 7.36752e-10 -3.50126e-21 -5.74602e-21 2.27632e-10 9.57828e-08 6.08883e-21 1.02109e-20 -1.93166e-07 6.49454e-10 7.77428e-21 -8.52845e-21
894 1.06 460 0 -2.82892e-07 1.22332e-09 -1.5401e-20 -7.71259e-21 4.41905e-10 1.22118e-07 2.50697e-20 1.33862e-20 -2.32069e-07 1.04562e-09 1.03496e-20 -2.10339e-20
894 1.07 460 0 -3.98029e-07 2.64599e-09 -2.09965e-20 -1.84172e-21 1.07419e-09 1.78108e-07 3.55599e-20 6.62016e-21 -3.21745e-07 2.1955e-09 9.59337e-21 -2.92345e-20
894 1.08 460 0 -7.86235e-07 1.11871e-08 1.36427e-19 2.77302e-21 4.97077e-09 3.6278e-07 -1.84549e-19 3.99366e-21 -6.26891e-07 9.02324e-09 1.45136e-20 7.93305e-20
894 1.09 460 0 5.82847e-06 6.75141e-07 -1.24302e-17 -8.47658e-19 3.21155e-07 -2.76214e-06 1.59353e-17 1.03212e-18 4.58779e-06 5.30749e-07 3.89919e-19 -7.70163e-18
894 1.1 460 0 5.56284e-07 6.55335e-09 -7.62145e-20 5.74085e-21 3.2678e-09 -2.69981e-07 8.71556e-20 -1.24441e-20 4.32546e-07 5.04482e-09 -1.54451e-20 -1.86255e-20
894 1.11 460 0 2.77556e-07 1.74732e-09 1.56167e-20 7.7821e-21 8.93322e-10 -1.37622e-07 -2.07796e-20 -1.19782e-20 2.13317e-07 1.3269e-09 -1.03895e-20 1.6792e-20
894 1.12 460 0 1.79294e-07 7.83763e-10 -9.70677e-22 3.11797e-21 3.97969e-10 -9.06514e-08 -6.8718e-22 -5.23686e-21 1.36266e-07 5.95123e-10 -5.52417e-21 5.88442e-21
894 1.13 460 0 1.29606e-07 4.39579e-10 3.03059e-21 1.02592e-21 2.07309e-10 -6.67153e-08 -4.76898e-21 -2.07422e-21 9.74484e-08 3.43582e-10 -2.7909e-21 5.89663e-21
894 1.14 460 0 9.98664e-08 2.79784e-10 -1.24971e-22 1.56936e-21 8.95574e-11 -5.22703e-08 -1.23822e-21 -2.6184e-21 7.43091e-08 2.47654e-10 -3.03363e-21 4.68293e-21
894 1.15 460 0 8.02082e-08 1.93374e-10 -1.79503e-18 8.46102e-20 -1.35897e-09 -4.21719e-08 2.06106e-18 -9.41512e-20 5.94117e-08 1.17784e-09 -6.0496e-20 -1.26792e-18
894 1.16 460 0 6.6331e-08 1.41944e-10 1.99734e-21 6.34551e-22 1.50656e-10 -3.57539e-08 -2.20942e-21 -1.13882e-21 4.83992e-08 4.98688e-11 -1.55911e-21 1.75469e-21
894 1.17 460 0 5.60605e-08 1.08351e-10 9.96047e-22 6.92998e-22 9.57623e-11 -3.06363e-08 -1.32933e-21 -1.09233e-21 4.05147e-08 5.12333e-11 -1.38815e-21 1.55547e-21
894 1.18 460 0 4.81864e-08 8.57365e-11 1.08902e-21 6.24484e-22 7.09505e-11 -2.66744e-08 -1.52129e-21 -9.32568e-22 3.45019e-08 4.36138e-11 -1.18286e-21 2.13698e-21
894 1.19 460 0 4.19798e-08 6.95992e-11 1.16832e-21 5.11259e-22 5.57627e-11 -2.35233e-08 -1.39418e-21 -7.46627e-22 2.97865e-08 3.64371e-11 -9.65421e-22 1.48545e-21
894 1.2 460 0 3.69775e-08 5.7682e-11 1.12051e-21 4.52279e-22 4.53305e-11 -2.09611e-08 -1.19439e-21 -6.16784e-22 2.60054e-08 3.0618e-11 -7.93331e-22 1.15748e-21
894 1.21 460 0 3.28715e-08 4.87316e-11 3.11512e-22 3.078e-22 3.76821e-11 -1.88397e-08 -6.65945e-22 -4.69247e-22 2.29178e-08 2.61562e-11 -6.98937e-22 1.43216e-21
894 1.22 460 0 2.94489e-08 4.16655e-11 2.56352e-22 2.76493e-22 3.18915e-11 -1.70563e-08 -5.30079e-22 -3.88601e-22 2.03573e-08 2.24717e-11 -5.58191e-22 1.38715e-21
894 1.23 460 0 2.65589e-08 3.61725e-11 2.33067e-22 2.19959e-22 2.73155e-11 -1.55376e-08 -3.46369e-22 -3.22267e-22 1.82066e-08 1.96993e-11 -5.08018e-22 5.04581e-22
894 1.24 460 0 2.40907e-08 3.17016e-11 3.96006e-22 1.87274e-22 2.36501e-11 -1.42298e-08 -4.53661e-22 -2.71424e-22 1.63795e-08 1.74173e-11 -4.37088e-22 6.91246e-22
894 1.25 460 0 2.19622e-08 2.80092e-11 1.42436e-22 1.65335e-22 2.06593e-11 -1.30928e-08 -2.04195e-22 -2.32192e-22 1.48121e-08 1.55202e-11 -3.84383e-22 4.06357e-22
894 1.26 460 0 2.01109e-08 2.49644e-11 2.67529e-22 1.47798e-22 1.81449e-11 -1.20959e-08 -3.53946e-22 -1.96562e-22 1.34561e-08 1.40153e-11 -3.22815e-22 7.95331e-22
894 1.27 460 0 1.84883e-08 2.23675e-11 2.22735e-22 1.22475e-22 1.60324e-11 -1.12152e-08 -2.91449e-22 -1.61493e-22 1.2274e-08 1.27171e-11 -2.79504e-22 6.60387e-22
894 1.28 460 0 1.70566e-08 2.01514e-11 6.70762e-23 1.12712e-22 1.42053e-11 -1.0432e-08 -1.9681e-22 -1.4907e-22 1.12365e-08 1.16443e-11 -2.54479e-22 5.23327e-22
894 1.29 460 0 1.57856e-08 1.82362e-11 2.35404e-22 9.63801e-23 1.25759e-11 -9.73131e-09 -1.89195e-22 -1.21016e-22 1.03205e-08 1.07767e-11 -2.16216e-22 2.66257e-22
894 1.3 460 0 1.4651e-08 1.6542e-11 1.76378e-22 8.61825e-23 1.10803e-11 -9.10101e-09 -1.71705e-22 -1.12706e-22 9.5074e-09 1.00732e-11 -2.00416e-22 2.84389e-22
894 1.31 460 0 1.36332e-08 1.49968e-11 2.06378e-22 7.77571e-23 9.71535e-12 -8.53123e-09 -1.5463e-22 -9.23742e-23 8.78205e-09 9.44392e-12 -1.65531e-22 8.82473e-23
894 1.32 460 0 1.27159e-08 1.36052e-11 4.21749e-23 6.45943e-23 8.8681e-12 -8.01436e-09 -8.26951e-23 -6.80622e-23 8.13145e-09 8.50554e-12 -1.31655e-22 1.4667e-22
894 1.33 460 0 1.18859e-08 1.23951e-11 1.57099e-22 5.72639e-23 8.1247e-12 -7.54332e-09 -1.75953e-22 -6.42171e-23 7.54594e-09 7.69641e-12 -1.2636e-22 4.46786e-22
894 1.34 460 0 1.1132e-08 1.13356e-11 1.93861e-22 5.38265e-23 7.46893e-12 -7.11245e-09 -1.64227e-22 -5.98577e-23 7.01703e-09 6.99318e-12 -1.13934e-22 3.76519e-22
894 1.35 460 0 1.04449e-08 1.04022e-11 2.9681e-23 4.60453e-23 6.88762e-12 -6.71702e-09 -2.50036e-23 -5.10236e-23 6.53759e-09 6.37765e-12 -9.94938e-23 3.24236e-23
894 1.36 460 0 9.81662e-09 9.57533e-12 3.72124e-23 4.23566e-23 6.36995e-12 -6.35297e-09 -3.85558e-23 -4.71511e-23 6.10159e-09 5.83543e-12 -9.01552e-23 4.11539e-23
894 1.37 460 0 9.24045e-09 8.8392e-12 1.31068e-22 3.6243e-23 5.907e-12 -6.01687e-09 -9.66406e-23 -3.80238e-23 5.70394e-09 5.35504e-12 -7.55898e-23 2.03668e-22
894 1.38 460 0 8.7106e-09 8.18082e-12 8.12243e-23 3.21338e-23 5.49136e-12 -5.70574e-09 -5.21005e-23 -3.33849e-23 5.34026e-09 4.92723e-12 -6.62934e-23 1.04545e-22
894 1.39 460 0 8.22211e-09 7.5895e-12 1.57292e-22 2.84496e-23 5.11681e-12 -5.41703e-09 -1.09497e-22 -2.85959e-23 5.0068e-09 4.54445e-12 -5.72199e-23 2.22655e-22
894 1.4 460 0 7.77068e-09 7.05637e-12 2.47468e-23 2.50995e-23 4.77812e-12 -5.14851e-09 -2.13328e-23 -2.72547e-23 4.70033e-09 4.20048e-12 -5.17714e-23 6.82044e-23
894 1.41 460 0 7.35256e-09 6.57399e-12 7.79579e-23 2.1297e-23 4.47086e-12 -4.89824e-09 -3.18329e-23 -2.19919e-23 4.41803e-09 3.89017e-12 -4.17606e-23 1.95137e-23
894 1.42 460 0 6.9645e-09 6.13606e-12 9.00452e-23 1.67727e-23 4.19128e-12 -4.66452e-09 -6.77392e-23 -1.58765e-23 4.15746e-09 3.60916e-12 -3.22397e-23 1.50298e-22
894 1.43 460 0 6.60363e-09 5.73722e-12 3.51957e-23 1.12329e-23 3.93615e-12 -4.44585e-09 -3.67243e-23 -9.35665e-24 3.91648e-09 3.35378e-12 -2.27895e-23 9.4644e-23
894 1.44 460 0 6.26744e-09 5.37286e-12 9.16748e-23 6.28209e-24 3.70274e-12 -4.24091e-09 -7.1305e-23 -4.11594e-24 3.69321e-09 3.1208e-12 -1.36314e-23 2.0878e-22
894 1.45 460 0 5.9537e-09 5.03907e-12 1.58274e-23 -8.14504e-26 3.48875e-12 -4.04853e-09 1.4799e-23 9.81841e-25 3.48599e-09 2.9075e-12 -2.29981e-25 -7.01569e-23
