894 0 540 0 0 0 0 0 2.29214e-08 2.41893e-08 -3.88557e-22 1.19223e-22 -1.8474e-08 -2.67878e-08 0 0
894 0.01 540 0 -1.92174e-10 -3.06346e-10 -2.79479e-23 5.48425e-23 2.29248e-08 2.41722e-08 -7.56527e-23 1.22424e-21 -1.84804e-08 -2.67736e-08 -2.38879e-23 5.85879e-23
894 0.02 540 0 -3.8485e-10 -6.117e-10 -2.36758e-22 7.54065e-23 2.2935e-08 2.41207e-08 -1.10587e-21 -6.59842e-22 -1.84995e-08 -2.6731e-08 -2.98096e-22 4.59676e-23
894 0.03 540 0 -5.78524e-10 -9.15071e-10 -3.83933e-22 5.42451e-23 2.29516e-08 2.4035e-08 -1.08299e-21 -1.0804e-21 -1.85313e-08 -2.66599e-08 -4.31505e-22 4.45386e-23
894 0.04 540 0 -7.73679e-10 -1.21546e-09 -6.62322e-23 1.4024e-22 2.29746e-08 2.3915e-08 2.32433e-22 6.23197e-22 -1.85755e-08 -2.65604e-08 -3.63977e-23 1.87091e-22
894 0.05 540 0 -9.70782e-10 -1.51187e-09 -4.81809e-22 1.91493e-22 2.30034e-08 2.37609e-08 -8.65827e-22 -3.44649e-23 -1.86317e-08 -2.64323e-08 -4.95523e-22 1.93674e-22
894 0.06 540 0 -1.17028e-09 -1.8033e-09 -8.50431e-22 1.39161e-22 2.30375e-08 2.35727e-08 -1.10318e-21 -1.89529e-21 -1.86995e-08 -2.62756e-08 -9.86329e-22 3.48603e-23
894 0.07 540 0 -1.37257e-09 -2.08873e-09 -3.54377e-22 2.98096e-22 2.30763e-08 2.33505e-08 2.10006e-24 6.39499e-22 -1.87783e-08 -2.60902e-08 -2.78998e-22 3.71908e-22
894 0.08 540 0 -1.57807e-09 -2.36718e-09 -1.02895e-21 2.78455e-22 2.31192e-08 2.30942e-08 -1.08606e-21 -5.31739e-22 -1.88676e-08 -2.58757e-08 -1.21522e-21 2.71506e-22
894 0.09 540 0 -1.78707e-09 -2.63756e-09 -4.2835e-22 2.49671e-22 2.31651e-08 2.28045e-08 3.20462e-22 2.37861e-22 -1.89664e-08 -2.56327e-08 -3.58509e-22 2.65356e-22
894 0.1 540 0 -1.99986e-09 -2.89887e-09 -5.60368e-22 1.89154e-22 2.32132e-08 2.24815e-08 -2.1716e-22 1.16308e-21 -1.90741e-08 -2.53607e-08 -5.88836e-22 3.76867e-22
894 0.11 540 0 -2.21669e-09 -3.15008e-09 -1.21981e-21 3.99699e-22 2.32623e-08 2.21253e-08 -6.68482e-22 -4.07285e-22 -1.91895e-08 -2.50596e-08 -1.27763e-21 2.90896e-22
894 0.12 540 0 -2.43772e-09 -3.39012e-09 -1.32642e-21 4.20707e-22 2.33114e-08 2.17362e-08 -1.24745e-22 -6.30083e-22 -1.93118e-08 -2.47294e-08 -1.35355e-21 2.55706e-22
894 0.13 540 0 -2.66307e-09 -3.61797e-09 -7.78158e-22 6.35952e-22 2.33591e-08 2.13147e-08 -3.46985e-22 6.0951e-22 -1.94398e-08 -2.43701e-08 -7.49272e-22 5.88082e-22
894 0.14 540 0 -2.89265e-09 -3.8325e-09 -1.51937e-21 4.85026e-22 2.34038e-08 2.08614e-08 -3.91578e-22 1.22579e-22 -1.95719e-08 -2.39817e-08 -1.69838e-21 5.79544e-22
894 0.15 540 0 -3.12668e-09 -4.03283e-09 -8.78673e-22 8.62938e-23 2.34446e-08 2.0376e-08 -1.40643e-23 3.91168e-22 -1.97075e-08 -2.35637e-08 -8.07276e-22 4.88741e-22
894 0.16 540 0 -3.36483e-09 -4.21774e-09 -1.22434e-21 4.56259e-22 2.34796e-08 1.986e-08 -8.4799e-22 2.42209e-22 -1.98445e-08 -2.31168e-08 -1.41826e-21 7.55865e-22
894 0.17 540 0 -3.60692e-09 -4.38626e-09 -1.62663e-21 8.77786e-22 2.35072e-08 1.93137e-08 -8.5741e-22 -3.03454e-22 -1.99817e-08 -2.26409e-08 -1.60094e-21 7.22693e-22
894 0.18 540 0 -3.85264e-09 -4.53734e-09 -1.11172e-21 7.9624e-22 2.35258e-08 1.8738e-08 -6.33492e-24 1.34923e-22 -2.01173e-08 -2.2136e-08 -1.12923e-21 7.74068e-22
894 0.19 540 0 -4.10157e-09 -4.66998e-09 -9.18795e-22 7.19403e-22 2.35335e-08 1.81337e-08 -2.19975e-22 6.30511e-22 -2.02496e-08 -2.16026e-08 -8.77934e-22 8.90632e-22
894 0.2 540 0 -4.35326e-09 -4.78324e-09 2.02987e-22 1.50517e-22 2.35285e-08 1.75015e-08 6.14619e-22 1.9523e-21 -2.03769e-08 -2.10404e-08 6.18973e-22 8.91198e-22
894 0.21 540 0 -4.60692e-09 -4.87604e-09 -2.35169e-21 1.40143e-21 2.3509e-08 1.68432e-08 -6.35101e-22 -6.87024e-22 -2.04971e-08 -2.04506e-08 -2.72155e-21 1.2069e-21
894 0.22 540 0 -4.86187e-09 -4.94753e-09 -1.79844e-21 9.09969e-22 2.3473e-08 1.61597e-08 3.36174e-22 -7.77122e-22 -2.06084e-08 -1.98333e-08 -1.8261e-21 7.06034e-22
894 0.23 540 0 -5.11733e-09 -4.9969e-09 -1.91757e-21 7.88762e-22 2.34186e-08 1.54521e-08 4.00724e-22 2.58561e-22 -2.07087e-08 -1.91888e-08 -1.78861e-21 9.39336e-22
894 0.24 540 0 -5.37212e-09 -5.02321e-09 -1.2804e-21 1.31696e-21 2.3344e-08 1.47227e-08 -4.45455e-22 7.34369e-22 -2.07959e-08 -1.85185e-08 -1.34172e-21 1.51084e-21
894 0.25 540 0 -5.62521e-09 -5.02578e-09 -2.46681e-21 1.52527e-21 2.32471e-08 1.39728e-08 -5.19717e-22 -5.62135e-22 -2.08678e-08 -1.78231e-08 -2.7031e-21 1.51588e-21
894 0.26 540 0 -5.87548e-09 -5.00401e-09 -4.50994e-22 5.10809e-22 2.31259e-08 1.32039e-08 6.87688e-22 9.61717e-22 -2.09222e-08 -1.7103e-08 1.19866e-22 6.78615e-22
894 0.27 540 0 -6.12132e-09 -4.95722e-09 -8.29995e-22 9.69618e-22 2.29788e-08 1.2419e-08 7.59774e-22 1.08828e-21 -2.09569e-08 -1.63603e-08 -3.77574e-22 1.34287e-21
894 0.28 540 0 -6.36115e-09 -4.88497e-09 -2.17746e-22 9.37496e-22 2.28038e-08 1.16201e-08 8.42118e-22 1.27979e-21 -2.09695e-08 -1.55962e-08 4.18943e-22 9.14762e-22
894 0.29 540 0 -6.59389e-09 -4.78707e-09 -9.23362e-22 1.31158e-21 2.25991e-08 1.08088e-08 5.44469e-22 1.06715e-21 -2.09579e-08 -1.48114e-08 -4.17108e-22 1.6543e-21
894 0.3 540 0 -6.81736e-09 -4.66317e-09 -2.0107e-21 8.75698e-22 2.23633e-08 9.98875e-09 1.19701e-21 8.79742e-22 -2.09199e-08 -1.40087e-08 -1.30127e-21 1.38478e-21
894 0.31 540 0 -7.03e-09 -4.51336e-09 -2.67844e-21 1.98704e-21 2.20947e-08 9.16206e-09 6.01986e-22 -3.58911e-23 -2.08531e-08 -1.31892e-08 -2.4544e-21 2.38072e-21
894 0.32 540 0 -7.22957e-09 -4.33767e-09 -2.89122e-21 1.46207e-21 2.17921e-08 8.33252e-09 -1.65216e-23 4.31445e-22 -2.07555e-08 -1.23559e-08 -2.79988e-21 2.44315e-21
894 0.33 540 0 -7.41435e-09 -4.13651e-09 -2.23174e-21 1.29221e-21 2.14541e-08 7.50254e-09 9.98022e-22 1.38141e-21 -2.06248e-08 -1.15105e-08 -1.55714e-21 2.36211e-21
894 0.34 540 0 -7.58193e-09 -3.91036e-09 -6.25061e-22 1.531e-21 2.10801e-08 6.67633e-09 6.62137e-22 1.06537e-21 -2.04592e-08 -1.06564e-08 1.07386e-22 1.80681e-21
894 0.35 540 0 -7.73047e-09 -3.66004e-09 -2.81156e-21 2.163e-21 2.06691e-08 5.85666e-09 4.95354e-22 3.54406e-22 -2.02568e-08 -9.79564e-09 -2.21623e-21 2.96072e-21
894 0.36 540 0 -7.85716e-09 -3.3865e-09 -2.91666e-21 1.7624e-21 2.02209e-08 5.04821e-09 1.51814e-21 -2.01754e-22 -2.00158e-08 -8.93235e-09 -2.06029e-21 2.08759e-21
894 0.37 540 0 -7.96066e-09 -3.09106e-09 -4.40201e-21 4.04336e-21 1.97349e-08 4.25376e-09 1.14297e-21 -1.33469e-21 -1.97348e-08 -8.06879e-09 -4.20105e-21 3.89021e-21
894 0.38 540 0 -8.03812e-09 -2.77522e-09 -2.70634e-21 5.33753e-21 1.92119e-08 3.47823e-09 -3.9789e-22 -2.4851e-21 -1.94126e-08 -7.2095e-09 -3.53986e-21 3.91553e-21
894 0.39 540 0 -8.08776e-09 -2.44082e-09 -2.54414e-21 2.76033e-21 1.86518e-08 2.72498e-09 9.93178e-22 1.69828e-22 -1.9048e-08 -6.35755e-09 -2.18864e-21 3.12212e-21
894 0.4 540 0 -8.10727e-09 -2.08997e-09 -1.85814e-21 2.95215e-21 1.80559e-08 1.99855e-09 1.22911e-21 -2.73064e-22 -1.86403e-08 -5.5174e-09 -9.10566e-22 3.13903e-21
894 0.41 540 0 -8.09444e-09 -1.72512e-09 -3.36702e-21 4.06443e-21 1.74257e-08 1.30352e-09 1.77403e-21 -5.47382e-22 -1.81893e-08 -4.69367e-09 -2.54001e-21 4.29234e-21
894 0.42 540 0 -8.04781e-09 -1.34897e-09 -3.92711e-21 7.42211e-21 1.67626e-08 6.43373e-10 9.71436e-22 -2.70776e-21 -1.76947e-08 -3.89009e-09 -4.42385e-21 6.20533e-21
894 0.43 540 0 -7.96595e-09 -9.64805e-10 -2.42549e-21 4.32001e-21 1.60685e-08 1.80381e-11 1.07109e-21 -1.06375e-21 -1.71592e-08 -3.10928e-09 -2.07974e-21 3.96122e-21
894 0.44 540 0 -7.84839e-09 -5.75899e-10 -3.13897e-21 5.6242e-21 1.53454e-08 -5.70775e-10 8.70652e-22 -1.59548e-21 -1.65842e-08 -2.3543e-09 -2.23194e-21 5.68203e-21
894 0.45 540 0 -7.69169e-09 -1.85697e-10 -2.13612e-21 2.80777e-21 1.45984e-08 -1.10715e-09 1.42108e-21 1.1785e-22 -1.59666e-08 -1.63677e-09 -5.60021e-22 3.30969e-21
894 0.46 540 0 -7.49613e-09 2.01826e-10 -5.83271e-22 1.67539e-21 1.383e-08 -1.59255e-09 1.97649e-21 1.10008e-21 -1.53097e-08 -9.58469e-10 1.22618e-21 1.79351e-21
894 0.47 540 0 -7.26064e-09 5.82494e-10 -8.44811e-22 3.24571e-21 1.30453e-08 -2.02113e-09 1.97219e-21 -3.56324e-22 -1.46153e-08 -3.25722e-10 5.75652e-22 3.21274e-21
894 0.48 540 0 -6.98529e-09 9.51655e-10 -1.45473e-21 4.74785e-21 1.22491e-08 -2.39202e-09 1.75336e-21 -1.15943e-21 -1.38874e-08 2.57732e-10 -3.50704e-22 3.83091e-21
894 0.49 540 0 -6.67069e-09 1.30498e-09 -4.11067e-22 2.89883e-21 1.14467e-08 -2.70058e-09 2.14907e-21 -4.09791e-22 -1.31289e-08 7.86383e-10 9.21845e-22 2.91547e-21
894 0.5 540 0 -6.31829e-09 1.63735e-09 -2.10364e-21 3.68394e-21 1.06433e-08 -2.94857e-09 2.67784e-21 -4.70976e-22 -1.23459e-08 1.25765e-09 8.68183e-22 3.78301e-21
894 0.51 540 0 -5.92931e-09 1.94395e-09 -9.16078e-22 4.15069e-21 9.8458e-09 -3.13242e-09 2.64453e-21 -7.74502e-22 -1.15426e-08 1.66633e-09 1.64755e-21 4.60075e-21
894 0.52 540 0 -5.50559e-09 2.21997e-09 4.87915e-23 9.41946e-21 9.06114e-09 -3.2495e-09 7.23024e-22 -3.97707e-21 -1.07237e-08 2.00782e-09 3.84564e-23 7.81473e-21
894 0.53 540 0 -5.05073e-09 2.46027e-09 -9.12361e-22 4.74738e-21 8.29544e-09 -3.30342e-09 2.18408e-21 -1.01481e-21 -9.89724e-09 2.28073e-09 1.16665e-21 4.5891e-21
894 0.54 540 0 -4.56812e-09 2.66018e-09 1.31153e-22 -3.46906e-22 7.55722e-09 -3.29258e-09 2.83676e-21 4.22804e-22 -9.06993e-09 2.48093e-09 2.70494e-21 -6.49201e-22
894 0.55 540 0 -4.06171e-09 2.81528e-09 -1.12957e-21 4.75426e-21 6.85412e-09 -3.21731e-09 2.76138e-21 -1.87693e-21 -8.24849e-09 2.606e-09 1.94437e-21 2.97266e-21
894 0.56 540 0 -3.53756e-09 2.92132e-09 6.00386e-22 7.64801e-21 6.19272e-09 -3.0833e-09 9.54351e-22 -2.7279e-21 -7.44245e-09 2.65624e-09 2.08051e-21 6.32331e-21
894 0.57 540 0 -3.0004e-09 2.9742e-09 7.18029e-22 5.01678e-21 5.58284e-09 -2.89153e-09 1.32302e-21 -2.05627e-21 -6.66002e-09 2.62982e-09 2.44275e-21 4.37185e-21
894 0.58 540 0 -2.45841e-09 2.97129e-09 1.61337e-21 4.70814e-21 5.03011e-09 -2.6491e-09 1.67259e-21 -2.65841e-21 -5.9113e-09 2.52888e-09 3.52332e-21 3.08699e-21
894 0.59 540 0 -1.91793e-09 2.90981e-09 1.35541e-21 2.80868e-21 4.54407e-09 -2.35971e-09 2.20163e-21 -1.70659e-21 -5.20554e-09 2.35412e-09 4.10066e-21 1.17129e-21
894 0.6 540 0 -1.38814e-09 2.78842e-09 1.67341e-21 6.30137e-21 4.12998e-09 -2.03298e-09 1.0632e-21 -3.38153e-21 -4.55344e-09 2.11006e-09 2.90174e-21 3.94624e-21
894 0.61 540 0 -8.76949e-10 2.60641e-09 5.46886e-21 9.87651e-21 3.79577e-09 -1.67537e-09 -1.54742e-21 -4.87177e-21 -3.96433e-09 1.80054e-09 5.92409e-21 7.39971e-21
894 0.62 540 0 -3.9496e-10 2.36472e-09 5.53948e-21 1.11259e-20 3.5464e-09 -1.29847e-09 -1.51789e-21 -6.18578e-21 -3.44996e-09 1.4326e-09 7.23418e-21 7.73318e-21
894 0.63 540 0 4.84074e-11 2.06537e-09 4.88644e-21 7.04246e-21 3.38717e-09 -9.12454e-10 -4.72459e-22 -5.0368e-21 -3.01975e-09 1.01394e-09 6.35494e-21 4.74062e-21
894 0.64 540 0 4.43323e-10 1.71189e-09 5.34694e-22 5.01882e-21 3.32201e-09 -5.28997e-10 2.61073e-21 -3.59822e-21 -2.68273e-09 5.54286e-10 3.41722e-21 1.37797e-21
894 0.65 540 0 7.784e-10 1.31017e-09 5.08103e-21 6.82219e-21 3.3521e-09 -1.62527e-10 -1.05344e-21 -4.64247e-21 -2.44904e-09 6.57285e-11 6.22853e-21 3.56181e-21
894 0.66 540 0 1.04376e-09 8.67215e-10 4.05155e-21 5.5283e-21 3.47886e-09 1.72731e-10 1.63421e-22 -4.50152e-21 -2.32657e-09 -4.38058e-10 6.01018e-21 2.05727e-21
894 0.67 540 0 1.22941e-09 3.92122e-10 6.61414e-21 5.04012e-21 3.70105e-09 4.60405e-10 -1.42262e-21 -4.24939e-21 -2.3224e-09 -9.40795e-10 7.11873e-21 1.82599e-21
894 0.68 540 0 1.32581e-09 -1.0281e-10 4.74009e-21 4.83925e-21 4.01479e-09 6.85923e-10 -5.93786e-22 -4.79338e-21 -2.44149e-09 -1.42522e-09 6.47132e-21 5.47616e-22
894 0.69 540 0 1.32474e-09 -6.03897e-10 3.8156e-21 4.25952e-21 4.41408e-09 8.32128e-10 -9.57033e-22 -4.92588e-21 -2.68709e-09 -1.87119e-09 4.70935e-21 -2.61658e-22
894 0.7 540 0 1.21926e-09 -1.095e-09 8.31208e-21 4.96062e-21 4.89019e-09 8.81089e-10 -3.75536e-21 -5.23583e-21 -3.06013e-09 -2.25618e-09 8.04961e-21 1.79302e-22
894 0.71 540 0 1.00403e-09 -1.55668e-09 7.06329e-21 4.2928e-21 5.43209e-09 8.16457e-10 -3.08787e-21 -4.66206e-21 -3.5591e-09 -2.55627e-09 5.88481e-21 3.13505e-22
894 0.72 540 0 6.76587e-10 -1.96758e-09 7.79196e-21 4.30328e-21 6.02457e-09 6.21294e-10 -3.70291e-21 -5.23318e-21 -4.17818e-09 -2.74534e-09 7.14616e-21 -1.04038e-21
894 0.73 540 0 2.37496e-10 -2.30427e-09 9.1389e-21 5.9713e-21 6.64864e-09 2.80515e-10 -5.23192e-21 -5.80666e-21 -4.90714e-09 -2.79657e-09 7.60505e-21 -4.01524e-22
894 0.74 540 0 -3.09275e-10 -2.53933e-09 1.38483e-20 1.80303e-21 7.28302e-09 -2.21202e-10 -9.7327e-21 -3.29843e-21 -5.73286e-09 -2.68007e-09 1.0829e-20 -2.5553e-21
894 0.75 540 0 -9.54854e-10 -2.64526e-09 1.31533e-20 -1.39387e-21 7.90154e-09 -8.94708e-10 -8.87341e-21 -1.05359e-21 -6.63421e-09 -2.3669e-09 8.82128e-21 -3.73041e-21
894 0.76 540 0 -1.68549e-09 -2.59132e-09 9.17716e-21 1.47771e-21 8.47442e-09 -1.74997e-09 -6.33549e-21 -3.18841e-21 -7.58639e-09 -1.82712e-09 5.41362e-21 -4.15919e-21
894 0.77 540 0 -2.48201e-09 -2.34777e-09 1.46269e-20 -2.71977e-21 8.96681e-09 -2.79159e-09 -1.25186e-20 8.47794e-22 -8.55575e-09 -1.03232e-09 9.87108e-21 -6.79012e-21
894 0.78 540 0 -3.31708e-09 -1.88049e-09 1.10556e-20 -8.70874e-22 9.34053e-09 -4.02123e-09 -9.54836e-21 -7.38558e-22 -9.50253e-09 4.6838e-11 7.43682e-21 -5.50903e-21
894 0.79 540 0 -4.1389e-09 -1.14536e-09 1.23776e-20 -4.14156e-21 9.55876e-09 -5.4354e-09 -1.0185e-20 1.33844e-21 -1.03677e-08 1.44638e-09 6.32855e-21 -5.16451e-21
894 0.8 540 0 -4.90671e-09 -1.21888e-10 1.58565e-20 -1.30395e-20 9.57531e-09 -7.02029e-09 -1.36204e-20 6.61241e-21 -1.10935e-08 3.17989e-09 8.04675e-21 -1.11249e-20
894 0.81 540 0 -5.55731e-09 1.21648e-09 9.74356e-21 -2.00484e-21 9.34043e-09 -8.75611e-09 -9.19344e-21 7.34493e-22 -1.16041e-08 5.2625e-09 3.98721e-21 -5.40529e-21
894 0.82 540 0 -6.01531e-09 2.89023e-09 1.38042e-20 -1.20843e-20 8.8062e-09 -1.06121e-08 -1.26711e-20 8.08522e-21 -1.18126e-08 7.70059e-09 6.21088e-21 -9.6325e-21
894 0.83 540 0 -6.18791e-09 4.9086e-09 1.30176e-20 -1.3357e-20 7.9211e-09 -1.25445e-08 -1.22419e-20 8.86499e-21 -1.1615e-08 1.04858e-08 4.13986e-21 -9.77509e-21
894 0.84 540 0 -5.96302e-09 7.26726e-09 8.16514e-21 -1.1579e-20 6.63671e-09 -1.44968e-08 -9.91101e-21 7.23457e-21 -1.08917e-08 1.35933e-08 1.0952e-21 -6.52855e-21
894 0.85 540 0 -5.21015e-09 9.93735e-09 9.94838e-21 -2.48715e-20 4.90756e-09 -1.63922e-08 -1.19037e-20 1.89942e-20 -9.50545e-09 1.69693e-08 1.85137e-21 -1.31994e-20
894 0.86 540 0 -3.77562e-09 1.28597e-08 7.4719e-21 -8.84882e-21 2.69747e-09 -1.8137e-08 -8.83284e-21 7.00629e-21 -7.30169e-09 2.05268e-08 -8.71682e-23 -5.46864e-21
894 0.87 540 0 -1.48676e-09 1.59269e-08 1.91988e-21 -1.54777e-20 -1.6248e-11 -1.9611e-08 -6.12993e-21 1.29169e-20 -4.11067e-09 2.4126e-08 -2.83225e-21 -7.57863e-21
894 0.88 540 0 1.84375e-09 1.89682e-08 8.23992e-22 -2.71992e-20 -3.23152e-09 -2.06708e-08 -4.22535e-21 2.42383e-20 2.44052e-10 2.75609e-08 -3.26387e-21 -1.22774e-20
894 0.89 540 0 6.40537e-09 2.17235e-08 1.32651e-21 -2.22645e-20 -6.91009e-09 -2.11469e-08 -4.20622e-21 2.13788e-20 5.93169e-09 3.05336e-08 -2.11096e-21 -8.83536e-21
894 0.9 540 0 1.23642e-08 2.38092e-08 -4.81043e-21 -2.30918e-20 -1.09591e-08 -2.08447e-08 2.37914e-21 2.35283e-20 1.30857e-08 3.26208e-08 -4.88441e-21 -9.13356e-21
894 0.91 540 0 1.98067e-08 2.46899e-08 -6.8668e-21 -1.76589e-20 -1.52053e-08 -1.95606e-08 4.1394e-21 1.95914e-20 2.17443e-08 3.3251e-08 -5.25821e-21 -5.93386e-21
894 0.92 540 0 2.86483e-08 2.3652e-08 -1.24734e-20 -2.14217e-20 -1.93657e-08 -1.7108e-08 1.2084e-20 2.38894e-20 3.17558e-08 3.16829e-08 -6.65682e-21 -7.03365e-21
894 0.93 540 0 3.84442e-08 1.98238e-08 -2.54426e-20 -2.48483e-20 -2.30081e-08 -1.33716e-08 2.52084e-20 2.71126e-20 4.25935e-08 2.70325e-08 -9.45792e-21 -7.29723e-21
894 0.94 540 0 4.8441e-08 1.22961e-08 -2.06371e-20 -1.64572e-20 -2.56047e-08 -8.39663e-09 2.16849e-20 1.99617e-20 5.33742e-08 1.84144e-08 -7.64087e-21 -4.09751e-21
894 0.95 540 0 5.70022e-08 3.03309e-10 -3.29781e-20 -1.27207e-20 -2.64984e-08 -2.52395e-09 3.47578e-20 1.5886e-20 6.23579e-08 5.14119e-09 -1.00127e-20 -3.20996e-21
894 0.96 540 0 6.17584e-08 -1.61567e-08 -3.66382e-20 -1.10417e-20 -2.51304e-08 3.48792e-09 3.88752e-20 1.42763e-20 6.70888e-08 -1.26514e-08 -8.48282e-21 -1.35452e-21
894 0.97 540 0 5.98915e-08 -3.56082e-08 -3.50177e-20 2.25404e-21 -2.13358e-08 8.44796e-09 4.01615e-20 -9.42187e-22 6.47324e-08 -3.33046e-08 -7.89682e-21 8.70889e-22
894 0.98 540 0 4.91253e-08 -5.44936e-08 -3.54378e-20 5.25737e-21 -1.56824e-08 1.09827e-08 4.08064e-20 -5.91153e-21 5.30937e-08 -5.3096e-08 -6.1433e-21 -3.60951e-22
894 0.99 540 0 2.91399e-08 -6.71639e-08 -4.27325e-20 1.82063e-20 -9.49422e-09 9.99976e-09 4.69462e-20 -2.08581e-20 3.19645e-08 -6.63409e-08 -6.18637e-21 5.29568e-22
894 1 540 0 7.47964e-11 -6.66826e-08 -2.50442e-20 3.24795e-20 1.60163e-09 5.73908e-11 2.78848e-20 -3.19877e-20 8.2383e-11 -6.78291e-08 -6.61934e-22 3.97555e-23
894 1.01 540 0 -5.37095e-12 -4.9167e-08 -1.53147e-20 2.71387e-20 -1.09086e-08 1.03556e-11 1.7741e-20 -3.03122e-20 -2.75692e-12 -4.64124e-08 -5.15086e-21 -3.30066e-21
894 1.02 540 0 -2.55369e-11 -4.61161e-08 -1.48474e-20 1.77736e-20 -1.31199e-08 1.40074e-11 1.72711e-20 -2.05489e-20 -2.11326e-11 -4.22887e-08 -4.59583e-21 -4.15259e-21
894 1.03 540 0 -4.69631e-11 -4.63787e-08 -1.48537e-20 1.58942e-20 -1.52228e-08 2.08036e-11 1.74659e-20 -1.8333e-20 -3.98535e-11 -4.15208e-08 -4.73234e-21 -5.03642e-21
894 1.04 540 0 -7.73202e-11 -4.93499e-08 -1.6007e-20 9.02109e-21 -1.78708e-08 3.24179e-11 1.9147e-20 -1.12951e-20 -6.57103e-11 -4.32593e-08 -3.36113e-21 -6.32226e-21
894 1.05 540 0 -1.2991e-10 -5.5795e-08 -1.75204e-20 1.61312e-20 -2.17475e-08 5.40919e-11 2.10599e-20 -1.94689e-20 -1.09883e-10 -4.79892e-08 -6.68222e-21 -7.54602e-21
894 1.06 540 0 -2.44319e-10 -6.84171e-08 -2.18108e-20 2.31795e-20 -2.82608e-08 1.02818e-10 2.63368e-20 -2.73117e-20 -2.05213e-10 -5.78327e-08 -9.65692e-21 -1.0163e-20
894 1.07 540 0 -5.76009e-10 -9.62421e-08 -3.52127e-20 5.30797e-20 -4.16858e-08 2.47917e-10 4.3028e-20 -6.4482e-20 -4.79393e-10 -8.00589e-08 -2.60365e-20 -1.78581e-20
894 1.08 540 0 -2.58812e-09 -1.89497e-07 -7.30961e-20 7.35548e-20 -8.54115e-08 1.15091e-09 8.99722e-20 -9.34692e-20 -2.12831e-09 -1.55296e-07 -4.205e-20 -3.94998e-20
894 1.09 540 0 -1.62526e-07 1.39732e-06 9.19305e-19 -4.02659e-18 6.51616e-07 7.60587e-08 -1.14194e-18 5.02403e-18 -1.31201e-07 1.12923e-06 2.39508e-18 5.2996e-19
894 1.1 540 0 -1.6087e-09 1.32484e-07 6.02831e-20 -1.31924e-19 6.3643e-08 8.22524e-10 -7.50945e-20 1.64999e-19 -1.25462e-09 1.05664e-07 7.76227e-20 3.59696e-20
894 1.11 540 0 -4.28066e-10 6.55976e-08 3.10686e-20 -3.00088e-20 3.23447e-08 2.60131e-10 -3.89774e-20 3.80812e-20 -3.07679e-10 5.16717e-08 1.827e-20 1.93824e-20
894 1.12 540 0 -1.85679e-10 4.202e-08 2.55141e-20 -4.13214e-20 2.12012e-08 1.60643e-10 -3.22121e-20 5.28806e-20 -1.0259e-10 3.27147e-08 2.69298e-20 1.66119e-20
894 1.13 540 0 -9.41058e-11 3.01051e-08 1.93569e-20 -3.42203e-20 1.54929e-08 1.72996e-10 -2.4854e-20 4.43891e-20 8.39073e-12 2.31883e-08 2.30175e-20 1.31492e-20
894 1.14 540 0 -3.91912e-11 2.29822e-08 4.33405e-20 -7.11196e-20 1.19723e-08 4.39864e-10 -5.47337e-20 9.22527e-20 2.50957e-10 1.75683e-08 5.00934e-20 3.02378e-20
894 1.15 540 0 5.84313e-10 1.80352e-08 -4.42123e-19 -4.2678e-18 1.33411e-07 1.60474e-07 5.0955e-19 5.10786e-18 1.11189e-07 -7.16528e-08 2.99299e-18 -3.03193e-19
894 1.16 540 0 -6.45881e-11 1.49654e-08 -2.43008e-20 1.27417e-20 8.0109e-09 4.1968e-10 3.11344e-20 -1.69271e-20 2.23567e-10 1.12519e-08 -9.04251e-21 -1.79632e-20
894 1.17 540 0 -4.00145e-11 1.25228e-08 -9.48945e-21 8.88778e-21 6.89417e-09 1.07253e-10 1.21534e-20 -1.20415e-20 3.20678e-11 9.26375e-09 -6.89902e-21 -7.19494e-21
894 1.18 540 0 -2.89605e-11 1.06547e-08 -5.0939e-21 7.59135e-21 5.96191e-09 5.03833e-11 6.52844e-21 -1.02238e-20 4.08616e-12 7.79904e-09 -6.06978e-21 -3.96193e-21
894 1.19 540 0 -2.22563e-11 9.18714e-09 -3.06947e-21 3.88051e-21 5.21323e-09 3.01567e-11 3.92071e-21 -5.08729e-21 -2.89752e-12 6.66056e-09 -3.06538e-21 -2.42553e-21
894 1.2 540 0 -1.77026e-11 8.00863e-09 -2.07231e-21 2.09511e-21 4.60321e-09 2.0453e-11 2.59107e-21 -2.67897e-21 -4.80178e-12 5.75329e-09 -1.61941e-21 -1.65146e-21
894 1.21 540 0 -1.44052e-11 7.04508e-09 -1.34906e-21 2.54603e-21 4.09814e-09 1.487e-11 1.77889e-21 -3.64418e-21 -5.16667e-12 5.01661e-09 -2.3234e-21 -1.13265e-21
894 1.22 540 0 -1.19396e-11 6.24537e-09 -9.64916e-22 2.30781e-21 3.67422e-09 1.14054e-11 1.23191e-21 -3.16554e-21 -4.93242e-12 4.40909e-09 -2.09919e-21 -7.99554e-22
894 1.23 540 0 -1.00181e-11 5.57307e-09 -7.18945e-22 5.79914e-22 3.31386e-09 8.97525e-12 9.46837e-22 -9.47127e-22 -4.56569e-12 3.90167e-09 -5.97411e-22 -6.21717e-22
894 1.24 540 0 -8.49976e-12 5.00166e-09 -5.48687e-22 6.57944e-22 3.00442e-09 7.24506e-12 7.24601e-22 -9.20401e-22 -4.14072e-12 3.47308e-09 -6.08817e-22 -4.82909e-22
894 1.25 540 0 -7.27798e-12 4.51134e-09 -4.17503e-22 3.78071e-22 2.73623e-09 5.96161e-12 5.51331e-22 -6.27506e-22 -3.72146e-12 3.10759e-09 -4.12877e-22 -3.70886e-22
894 1.26 540 0 -6.26683e-12 4.08705e-09 -3.28605e-22 7.85887e-22 2.50187e-09 4.94575e-12 4.24899e-22 -1.07916e-21 -3.34531e-12 2.79329e-09 -7.62179e-22 -2.91427e-22
894 1.27 540 0 -5.42981e-12 3.71718e-09 -2.57043e-22 4.87876e-22 2.29567e-09 4.15334e-12 3.33727e-22 -6.94064e-22 -2.99904e-12 2.52097e-09 -4.95936e-22 -2.30737e-22
894 1.28 540 0 -4.71821e-12 3.39261e-09 -2.08262e-22 3.26261e-22 2.11304e-09 3.50009e-12 2.73412e-22 -5.31732e-22 -2.69229e-12 2.28348e-09 -3.92857e-22 -1.89777e-22
894 1.29 540 0 -4.09632e-12 3.1061e-09 -1.63436e-22 1.09177e-22 1.95037e-09 2.93721e-12 2.11114e-22 -1.64586e-22 -2.42188e-12 2.07513e-09 -1.01602e-22 -1.48433e-22
894 1.3 540 0 -3.53869e-12 2.85182e-09 -1.38577e-22 1.48717e-22 1.80473e-09 2.43682e-12 1.84437e-22 -2.19082e-22 -2.17975e-12 1.89136e-09 -1.61864e-22 -1.3026e-22
894 1.31 540 0 -3.04143e-12 2.62504e-09 -1.08849e-22 1.21684e-23 1.67371e-09 2.00308e-12 1.39533e-22 -2.30917e-23 -1.95575e-12 1.72849e-09 -6.95652e-24 -9.9786e-23
894 1.32 540 0 -2.72594e-12 2.42206e-09 -8.20245e-23 4.87873e-23 1.5556e-09 1.80667e-12 9.8825e-23 -1.12466e-22 -1.74041e-12 1.58347e-09 -9.34453e-23 -7.22459e-23
894 1.33 540 0 -2.45268e-12 2.23956e-09 -7.1141e-23 1.82286e-22 1.44857e-09 1.6349e-12 9.05844e-23 -2.7253e-22 -1.55555e-12 1.45386e-09 -2.09182e-22 -6.61897e-23
894 1.34 540 0 -2.21473e-12 2.07488e-09 -5.98732e-23 1.44862e-22 1.35122e-09 1.48416e-12 7.60357e-23 -2.01637e-22 -1.39578e-12 1.3376e-09 -1.48608e-22 -5.58066e-23
894 1.35 540 0 -2.00649e-12 1.92578e-09 -4.96062e-23 -1.60964e-23 1.26242e-09 1.35141e-12 6.35999e-23 -8.8103e-24 -1.25684e-12 1.23297e-09 -7.98045e-24 -4.67688e-23
894 1.36 540 0 -1.82341e-12 1.79038e-09 -4.22997e-23 -1.32824e-23 1.18117e-09 1.23407e-12 5.47138e-23 -7.59351e-24 -1.13536e-12 1.1385e-09 -9.45732e-24 -4.03837e-23
894 1.37 540 0 -1.66176e-12 1.66705e-09 -3.32399e-23 5.15978e-23 1.10664e-09 1.12998e-12 4.17422e-23 -7.6866e-23 -1.02864e-12 1.05297e-09 -5.72987e-23 -3.10654e-23
894 1.38 540 0 -1.51846e-12 1.55444e-09 -2.83283e-23 1.23594e-23 1.0381e-09 1.03732e-12 3.56685e-23 -2.66354e-23 -9.34457e-13 9.75323e-10 -2.13974e-23 -2.66922e-23
894 1.39 540 0 -1.39095e-12 1.45135e-09 -2.26776e-23 6.59102e-23 9.74918e-10 9.54556e-13 2.81766e-23 -8.49084e-23 -8.51007e-13 9.04665e-10 -6.53098e-23 -2.11962e-23
894 1.4 540 0 -1.2771e-12 1.35678e-09 -2.06291e-23 -7.22547e-24 9.16563e-10 8.80385e-13 2.69462e-23 -1.68359e-23 -7.7679e-13 8.40217e-10 -1.0648e-23 -2.03417e-23
894 1.41 540 0 -1.17511e-12 1.26983e-09 -1.58491e-23 -9.1567e-24 8.62556e-10 8.13709e-13 2.01523e-23 1.0676e-23 -7.10557e-13 7.8131e-10 8.81636e-24 -1.52811e-23
894 1.42 540 0 -1.08345e-12 1.18973e-09 -1.15874e-23 2.87134e-23 8.12483e-10 7.53597e-13 1.41426e-23 -4.35402e-23 -6.51258e-13 7.27359e-10 -3.88643e-23 -1.07809e-23
894 1.43 540 0 -1.00086e-12 1.11581e-09 -7.93697e-24 7.09221e-24 7.65978e-10 6.99254e-13 9.41501e-24 -2.71569e-23 -5.98005e-13 6.77855e-10 -2.32624e-23 -7.17004e-24
894 1.44 540 0 -9.26234e-13 1.04747e-09 -4.23436e-24 4.10151e-23 7.22718e-10 6.50006e-13 4.59522e-24 -6.34194e-23 -5.50042e-13 6.32354e-10 -5.10886e-23 -3.47541e-24
894 1.45 540 0 -8.58651e-13 9.84196e-10 7.12451e-26 -3.20354e-23 6.82418e-10 6.05293e-13 -4.17643e-25 4.10954e-23 -5.06727e-13 5.90463e-10 3.11258e-23 3.46703e-25
