894 0 572.5 0 1.13782e-20 4.04259e-21 -4.33567e-09 1.33128e-08 0 0 0 0 0 0 -2.2093e-09 1.45544e-08
894 0.01 572.5 0 1.00044e-20 -2.41772e-21 -4.32989e-09 1.33128e-08 4.9769e-23 1.3891e-23 2.48481e-11 -1.32308e-10 5.5592e-23 -4.98425e-23 -2.20324e-09 1.45529e-08
894 0.02 572.5 0 1.50444e-20 1.79082e-21 -4.31256e-09 1.33126e-08 2.17724e-22 1.15797e-22 4.94312e-11 -2.64613e-10 1.10327e-22 -1.15274e-22 -2.18508e-09 1.45485e-08
894 0.03 572.5 0 1.42447e-20 4.00625e-21 -4.28367e-09 1.33122e-08 2.75815e-22 2.13454e-22 7.34841e-11 -3.9691e-10 1.97484e-22 -1.40359e-22 -2.15481e-09 1.4541e-08
894 0.04 572.5 0 6.21558e-21 -1.19064e-21 -4.24323e-09 1.33116e-08 5.63388e-23 9.51269e-23 9.67417e-11 -5.29192e-10 2.14915e-22 -1.66548e-22 -2.11248e-09 1.45304e-08
894 0.05 572.5 0 1.17534e-20 4.83258e-23 -4.19124e-09 1.33105e-08 3.39778e-22 1.95594e-22 1.18939e-10 -6.61448e-10 2.95839e-22 -2.6004e-22 -2.05811e-09 1.45165e-08
894 0.06 572.5 0 1.45986e-20 5.70399e-21 -4.12772e-09 1.33089e-08 5.53469e-22 5.28813e-22 1.3981e-10 -7.93662e-10 4.26283e-22 -2.76448e-22 -1.99174e-09 1.44992e-08
894 0.07 572.5 0 8.86675e-21 -1.10835e-21 -4.05268e-09 1.33064e-08 2.78616e-22 1.75523e-22 1.5909e-10 -9.25812e-10 3.88339e-22 -3.22991e-22 -1.91345e-09 1.44782e-08
894 0.08 572.5 0 1.47673e-20 3.54259e-21 -3.966e-09 1.33027e-08 7.32227e-22 5.43397e-22 1.76495e-10 -1.05785e-09 5.66617e-22 -3.86755e-22 -1.82306e-09 1.44531e-08
894 0.09 572.5 0 7.15483e-21 4.2274e-22 -3.86798e-09 1.32978e-08 1.82811e-22 3.28677e-22 1.91796e-10 -1.18976e-09 5.31654e-22 -3.48225e-22 -1.72115e-09 1.4424e-08
894 0.1 572.5 0 9.44757e-21 4.71893e-23 -3.75853e-09 1.32913e-08 4.55126e-22 4.10255e-22 2.04713e-10 -1.3215e-09 5.81391e-22 -5.04707e-22 -1.60757e-09 1.43903e-08
894 0.11 572.5 0 1.35769e-20 1.3626e-21 -3.63768e-09 1.32828e-08 9.8988e-22 5.44696e-22 2.14983e-10 -1.45298e-09 6.37831e-22 -5.67092e-22 -1.48245e-09 1.43517e-08
894 0.12 572.5 0 1.2166e-20 4.28816e-22 -3.50549e-09 1.32718e-08 9.61353e-22 5.65969e-22 2.22343e-10 -1.58415e-09 6.28771e-22 -6.80345e-22 -1.34595e-09 1.43077e-08
894 0.13 572.5 0 9.7849e-21 -1.58596e-21 -3.36204e-09 1.32579e-08 7.32869e-22 2.97494e-22 2.26535e-10 -1.7149e-09 6.36959e-22 -6.58652e-22 -1.19822e-09 1.42579e-08
894 0.14 572.5 0 1.35042e-20 1.23564e-21 -3.20745e-09 1.32408e-08 1.16997e-21 6.86047e-22 2.27285e-10 -1.84517e-09 8.89919e-22 -7.20602e-22 -1.03939e-09 1.4202e-08
894 0.15 572.5 0 9.3124e-21 3.0695e-21 -3.04164e-09 1.32194e-08 6.5303e-22 1.0108e-21 2.24336e-10 -1.97472e-09 9.48132e-22 -6.82304e-22 -8.6965e-10 1.41388e-08
894 0.16 572.5 0 1.05331e-20 2.05762e-21 -2.86506e-09 1.31937e-08 8.19174e-22 8.09462e-22 2.17492e-10 -2.10352e-09 1.05212e-21 -6.45703e-22 -6.89611e-10 1.40684e-08
894 0.17 572.5 0 1.22974e-20 -2.24053e-21 -2.67773e-09 1.31629e-08 1.38032e-21 3.08607e-22 2.06479e-10 -2.23137e-09 8.45468e-22 -9.52763e-22 -4.99362e-10 1.399e-08
894 0.18 572.5 0 1.01821e-20 -8.25024e-22 -2.47985e-09 1.31264e-08 1.02199e-21 5.98146e-22 1.91061e-10 -2.35807e-09 9.71942e-22 -9.45879e-22 -2.99253e-10 1.39029e-08
894 0.19 572.5 0 8.61899e-21 -9.23437e-22 -2.27168e-09 1.30834e-08 7.23962e-22 5.11782e-22 1.71011e-10 -2.48342e-09 1.05946e-21 -8.63556e-22 -8.96803e-11 1.38065e-08
894 0.2 572.5 0 4.94909e-21 1.97832e-22 -2.05339e-09 1.30329e-08 -1.55682e-22 6.97922e-22 1.46073e-10 -2.60712e-09 1.2799e-21 -7.20002e-22 1.29102e-10 1.36997e-08
894 0.21 572.5 0 1.3987e-20 -7.11805e-22 -1.82553e-09 1.29747e-08 2.10154e-21 8.5058e-22 1.16128e-10 -2.72902e-09 1.08496e-21 -1.35413e-21 3.56185e-10 1.35824e-08
894 0.22 572.5 0 1.00392e-20 4.40741e-22 -1.58837e-09 1.29078e-08 1.26056e-21 1.15505e-21 8.09496e-11 -2.84876e-09 1.19961e-21 -1.27627e-21 5.91198e-10 1.34535e-08
894 0.23 572.5 0 1.13242e-20 -7.16917e-24 -1.34229e-09 1.28309e-08 1.70931e-21 1.16208e-21 4.03254e-11 -2.96595e-09 1.16671e-21 -1.45293e-21 8.33676e-10 1.33119e-08
894 0.24 572.5 0 1.10067e-20 -4.15309e-21 -1.08797e-09 1.27439e-08 1.90783e-21 1.08091e-22 -5.79962e-12 -3.08038e-09 8.93256e-22 -1.48047e-21 1.08253e-09 1.31574e-08
894 0.25 572.5 0 1.23819e-20 -2.37122e-21 -8.25926e-10 1.26453e-08 2.36022e-21 6.48759e-22 -5.75884e-11 -3.19159e-09 9.95664e-22 -1.64603e-21 1.33715e-09 1.29888e-08
894 0.26 572.5 0 6.49866e-21 -1.21931e-21 -5.5676e-10 1.25342e-08 7.80874e-22 9.73924e-22 -1.15174e-10 -3.29907e-09 1.12286e-21 -1.47106e-21 1.59679e-09 1.28051e-08
894 0.27 572.5 0 7.61518e-21 -1.73162e-21 -2.81385e-10 1.241e-08 9.26607e-22 8.49183e-22 -1.78519e-10 -3.40252e-09 1.33015e-21 -1.5398e-21 1.86014e-09 1.26058e-08
894 0.28 572.5 0 5.43692e-21 -3.30424e-21 -5.32519e-13 1.22717e-08 4.94503e-22 4.93231e-22 -2.47749e-10 -3.50145e-09 1.15242e-21 -1.60598e-21 2.12644e-09 1.23902e-08
894 0.29 572.5 0 7.58111e-21 -3.56184e-21 2.84752e-10 1.21176e-08 1.30382e-21 5.4246e-22 -3.22745e-10 -3.5951e-09 1.07335e-21 -1.86443e-21 2.39427e-09 1.21566e-08
894 0.3 572.5 0 8.49593e-21 -4.00405e-22 5.73326e-10 1.19475e-08 1.39469e-21 1.6859e-21 -4.03395e-10 -3.68317e-09 1.5001e-21 -2.03821e-21 2.66218e-09 1.19051e-08
894 0.31 572.5 0 1.06615e-20 -2.69878e-21 8.64044e-10 1.17598e-08 2.38543e-21 1.08558e-21 -4.89637e-10 -3.76486e-09 1.25462e-21 -2.32653e-21 2.92897e-09 1.16342e-08
894 0.32 572.5 0 1.20365e-20 -3.39142e-22 1.15548e-09 1.15541e-08 2.5643e-21 1.56637e-21 -5.81177e-10 -3.83976e-09 1.74027e-21 -2.08591e-21 3.19281e-09 1.13438e-08
894 0.33 572.5 0 9.81947e-21 -3.28692e-21 1.44616e-09 1.1329e-08 2.33349e-21 9.87957e-22 -6.778e-10 -3.907e-09 1.24721e-21 -2.50077e-21 3.45217e-09 1.10325e-08
894 0.34 572.5 0 5.30354e-21 -5.41869e-21 1.73439e-09 1.1084e-08 8.51462e-22 1.86047e-22 -7.79061e-10 -3.96614e-09 1.04137e-21 -2.32565e-21 3.70496e-09 1.07005e-08
894 0.35 572.5 0 1.1155e-20 -3.14612e-21 2.01832e-09 1.08177e-08 3.16616e-21 9.59521e-22 -8.84555e-10 -4.01624e-09 1.14442e-21 -2.59097e-21 3.94932e-09 1.03464e-08
894 0.36 572.5 0 9.34403e-21 -1.3512e-21 2.29609e-09 1.05301e-08 2.86889e-21 1.93367e-21 -9.93767e-10 -4.0569e-09 1.003e-21 -2.79408e-21 4.1831e-09 9.97065e-09
894 0.37 572.5 0 1.37421e-20 -5.14872e-21 2.56517e-09 1.02196e-08 5.13773e-21 4.12862e-22 -1.10583e-09 -4.08705e-09 4.82582e-22 -3.13217e-21 4.40359e-09 9.57206e-09
894 0.38 572.5 0 1.1781e-20 -1.01065e-20 2.82334e-09 9.8863e-09 4.92781e-21 -1.72543e-21 -1.21999e-09 -4.10629e-09 -2.14572e-22 -3.09045e-21 4.60836e-09 9.15122e-09
894 0.39 572.5 0 9.89191e-21 -4.73395e-21 3.06788e-09 9.52925e-09 3.1849e-21 7.46425e-22 -1.33533e-09 -4.11366e-09 1.08274e-21 -3.14873e-21 4.79477e-09 8.70755e-09
894 0.4 572.5 0 8.28945e-21 -5.68012e-21 3.29598e-09 9.14845e-09 3.3597e-21 1.58782e-22 -1.45072e-09 -4.10865e-09 2.99512e-22 -3.04623e-21 4.95987e-09 8.2416e-09
894 0.41 572.5 0 9.53368e-21 -7.58279e-21 3.50467e-09 8.74416e-09 4.62129e-21 -5.5415e-22 -1.56488e-09 -4.09081e-09 -3.11597e-22 -3.43065e-21 5.10059e-09 7.75413e-09
894 0.42 572.5 0 1.26428e-20 -1.14141e-20 3.69048e-09 8.31592e-09 6.57007e-21 -2.55018e-21 -1.67637e-09 -4.05928e-09 -8.90515e-22 -3.58931e-21 5.21373e-09 7.24532e-09
894 0.43 572.5 0 8.29338e-21 -5.86741e-21 3.85017e-09 7.86459e-09 3.65364e-21 4.08075e-22 -1.78373e-09 -4.01379e-09 3.54482e-22 -3.57377e-21 5.29616e-09 6.71654e-09
894 0.44 572.5 0 1.01712e-20 -8.13299e-21 3.97959e-09 7.39079e-09 5.57946e-21 -9.74214e-22 -1.88477e-09 -3.95398e-09 -5.90865e-22 -3.66805e-21 5.34378e-09 6.16914e-09
894 0.45 572.5 0 6.93232e-21 -5.61307e-21 4.07513e-09 6.89606e-09 3.82183e-21 4.7273e-22 -1.97768e-09 -3.87987e-09 -2.18514e-22 -3.64395e-21 5.35328e-09 5.60524e-09
894 0.46 572.5 0 2.84379e-21 -6.29617e-21 4.13232e-09 6.38138e-09 1.90357e-21 4.67584e-22 -2.06011e-09 -3.79115e-09 -3.79827e-22 -3.75067e-21 5.32082e-09 5.02652e-09
894 0.47 572.5 0 4.44591e-21 -7.67173e-21 4.14691e-09 5.84912e-09 3.25841e-21 -5.25794e-22 -2.12964e-09 -3.68823e-09 -8.89258e-22 -3.77442e-21 5.2426e-09 4.43598e-09
894 0.48 572.5 0 4.91419e-21 -7.99754e-21 4.11462e-09 5.30191e-09 3.71797e-21 -5.42869e-22 -2.18378e-09 -3.5716e-09 -1.01645e-21 -4.02949e-21 5.11511e-09 3.83683e-09
894 0.49 572.5 0 3.4641e-21 -7.7312e-21 4.03029e-09 4.74297e-09 3.04486e-21 -7.2583e-22 -2.21921e-09 -3.44219e-09 -1.09272e-21 -3.7625e-21 4.93385e-09 3.23296e-09
894 0.5 572.5 0 5.78386e-21 -7.63818e-21 3.88937e-09 4.17623e-09 4.71367e-21 -4.63786e-22 -2.23304e-09 -3.30122e-09 -1.28362e-21 -4.23934e-21 4.69537e-09 2.6288e-09
894 0.51 572.5 0 3.08196e-21 -8.61487e-21 3.68705e-09 3.60641e-09 4.0028e-21 -1.27333e-21 -2.22196e-09 -3.15041e-09 -2.11169e-21 -4.03562e-21 4.39602e-09 2.0295e-09
894 0.52 572.5 0 2.94781e-21 -1.40618e-20 3.41853e-09 3.03905e-09 4.62949e-21 -5.36772e-21 -2.18251e-09 -2.992e-09 -3.18893e-21 -3.58427e-21 4.03238e-09 1.44091e-09
894 0.53 572.5 0 4.40265e-21 -8.81602e-21 3.07911e-09 2.48032e-09 4.27727e-21 -1.23418e-21 -2.11121e-09 -2.82853e-09 -1.52226e-21 -4.43892e-21 3.60145e-09 8.69284e-10
894 0.54 572.5 0 -2.44384e-21 -4.08213e-21 2.66431e-09 1.93835e-09 1.99969e-21 6.02982e-22 -2.0042e-09 -2.66412e-09 -3.0211e-21 -3.07009e-21 3.10017e-09 3.22795e-10
894 0.55 572.5 0 2.0398e-21 -7.80078e-21 2.16997e-09 1.42144e-09 4.81706e-21 -1.1725e-21 -1.85793e-09 -2.5028e-09 -3.14648e-21 -4.0948e-21 2.52648e-09 -1.90625e-10
894 0.56 572.5 0 3.09414e-21 -1.1451e-20 1.59205e-09 9.39239e-10 5.43601e-21 -4.67966e-21 -1.66862e-09 -2.34964e-09 -3.44695e-21 -3.50119e-21 1.8786e-09 -6.62002e-10
894 0.57 572.5 0 1.3563e-21 -9.80748e-21 9.28367e-10 5.03005e-10 3.72276e-21 -3.28552e-21 -1.43344e-09 -2.2109e-09 -2.81506e-21 -3.60995e-21 1.15646e-09 -1.08114e-09
894 0.58 572.5 0 -1.99433e-21 -9.24374e-21 1.73148e-10 1.06913e-10 3.23046e-21 -4.05672e-21 -1.1472e-09 -2.0837e-09 -4.44614e-21 -2.6538e-21 3.65054e-10 -1.44553e-09
894 0.59 572.5 0 -3.58151e-21 -6.68555e-21 -6.72294e-10 -2.11815e-10 2.32968e-21 -2.20087e-21 -8.08757e-10 -1.98919e-09 -4.4414e-21 -2.59323e-21 -5.01503e-10 -1.73274e-09
894 0.6 572.5 0 -1.39673e-21 -1.03485e-20 -1.60847e-09 -4.40448e-10 3.7701e-21 -5.51326e-21 -4.15725e-10 -1.93557e-09 -4.69168e-21 -2.51138e-21 -1.44004e-09 -1.93139e-09
894 0.61 572.5 0 -3.13406e-21 -1.41066e-20 -2.63299e-09 -5.62382e-10 2.58429e-21 -9.05227e-21 3.25509e-11 -1.93376e-09 -5.33614e-21 -2.04261e-21 -2.44573e-09 -2.02836e-09
894 0.62 572.5 0 -3.78462e-21 -1.4098e-20 -3.74293e-09 -5.6107e-10 2.70299e-21 -9.42346e-21 5.36544e-10 -1.99543e-09 -5.90902e-21 -1.96703e-21 -3.51221e-09 -2.01e-09
894 0.63 572.5 0 -6.49919e-21 -9.51678e-21 -4.9317e-09 -4.14712e-10 1.34317e-21 -6.32712e-21 1.09438e-09 -2.13567e-09 -6.18531e-21 -1.4184e-21 -4.63177e-09 -1.86119e-09
894 0.64 572.5 0 -2.28131e-21 -4.60677e-21 -6.19101e-09 -1.06787e-10 5.61692e-21 -1.83282e-21 1.7028e-09 -2.36679e-09 -6.11104e-21 -2.32755e-21 -5.79238e-09 -1.56908e-09
894 0.65 572.5 0 -5.16251e-21 -1.08293e-20 -7.50889e-09 3.90291e-10 2.19723e-21 -8.43343e-21 2.35652e-09 -2.70921e-09 -6.31131e-21 -1.09288e-21 -6.98296e-09 -1.11631e-09
894 0.66 572.5 0 -5.59437e-21 -8.26515e-21 -8.86954e-09 1.09566e-09 2.93111e-21 -5.08714e-21 3.04691e-09 -3.17824e-09 -6.7765e-21 -2.14669e-21 -8.18578e-09 -4.89805e-10
894 0.67 572.5 0 -8.40392e-21 -7.10387e-21 -1.02515e-08 2.03697e-09 2.33996e-22 -6.74092e-21 3.76159e-09 -3.79557e-09 -6.91057e-21 1.37037e-22 -9.38245e-09 3.25506e-10
894 0.68 572.5 0 -6.22675e-21 -6.70927e-21 -1.16307e-08 3.23798e-09 2.65597e-21 -6.8773e-21 4.48581e-09 -4.58142e-09 -7.24387e-21 3.30594e-23 -1.05506e-08 1.34314e-09
894 0.69 572.5 0 -5.76619e-21 -4.09193e-21 -1.29762e-08 4.72104e-09 3.13668e-21 -6.39579e-21 5.1994e-09 -5.55534e-09 -7.19169e-21 1.3279e-21 -1.16633e-08 2.57397e-09
894 0.7 572.5 0 -9.86239e-21 -4.67865e-21 -1.42495e-08 6.51233e-09 -1.23849e-21 -7.43306e-21 5.87611e-09 -6.74062e-09 -7.2509e-21 2.14481e-21 -1.26911e-08 4.02792e-09
894 0.71 572.5 0 -7.96405e-21 -4.63126e-21 -1.54062e-08 8.63105e-09 -6.10143e-23 -7.8668e-21 6.4844e-09 -8.15647e-09 -6.85042e-21 2.18332e-21 -1.35989e-08 5.71156e-09
894 0.72 572.5 0 -8.38824e-21 -1.00783e-21 -1.6393e-08 1.10982e-08 4.82568e-22 -7.09984e-21 6.9852e-09 -9.8241e-09 -7.44611e-21 4.13939e-21 -1.43491e-08 7.62786e-09
894 0.73 572.5 0 -9.1156e-21 -4.60327e-21 -1.71497e-08 1.39249e-08 1.02357e-22 -9.97221e-21 7.3331e-09 -1.17578e-08 -8.24883e-21 3.39466e-21 -1.48993e-08 9.77408e-09
894 0.74 572.5 0 -1.41162e-20 -3.48088e-21 -1.76039e-08 1.71221e-08 -6.6334e-21 -8.74576e-21 7.47143e-09 -1.3973e-08 -7.4857e-21 4.1717e-21 -1.52033e-08 1.21433e-08
894 0.75 572.5 0 -1.3439e-20 1.91404e-21 -1.76762e-08 2.06854e-08 -9.90288e-21 -6.25019e-21 7.33667e-09 -1.64731e-08 -4.69391e-21 6.89527e-21 -1.52113e-08 1.47191e-08
894 0.76 572.5 0 -9.01234e-21 3.04991e-21 -1.72753e-08 2.46067e-08 -4.58488e-21 -7.32947e-21 6.85369e-09 -1.92598e-08 -4.96951e-21 7.71075e-21 -1.48712e-08 1.74797e-08
894 0.77 572.5 0 -1.37307e-20 4.87129e-21 -1.63009e-08 2.88599e-08 -1.18688e-20 -5.43036e-21 5.93808e-09 -2.23206e-08 -4.07672e-21 8.89875e-21 -1.41292e-08 2.03917e-08
894 0.78 572.5 0 -1.10396e-20 4.98927e-21 -1.46404e-08 3.34033e-08 -6.36821e-21 -6.72102e-21 4.49223e-09 -2.56301e-08 -5.7507e-21 9.04092e-21 -1.29292e-08 2.34112e-08
894 0.79 572.5 0 -1.13471e-20 4.86512e-21 -1.21737e-08 3.81558e-08 -9.18927e-21 -5.58849e-21 2.40819e-09 -2.9126e-08 -4.31749e-21 8.56568e-21 -1.12156e-08 2.64671e-08
894 0.8 572.5 0 -1.1463e-20 1.32021e-20 -8.7779e-09 4.30354e-08 -1.18376e-20 -7.66833e-22 -4.2474e-10 -3.27495e-08 -2.31017e-21 1.28253e-20 -8.9414e-09 2.94956e-08
894 0.81 572.5 0 -7.00782e-21 7.28029e-21 -4.32434e-09 4.79181e-08 -9.18068e-21 -4.90207e-21 -4.12642e-09 -3.64029e-08 -1.13831e-21 1.00749e-20 -6.06411e-09 3.24076e-08
894 0.82 572.5 0 -1.23868e-20 1.22723e-20 1.31733e-09 5.26424e-08 -1.42583e-20 -2.64355e-21 -8.82242e-09 -3.99543e-08 -2.55497e-21 1.36557e-20 -2.54937e-09 3.50987e-08
894 0.83 572.5 0 -9.73321e-21 1.42381e-20 8.26822e-09 5.7001e-08 -1.53145e-20 6.83369e-22 -1.46336e-08 -4.3229e-08 3.4728e-22 1.37337e-20 1.62124e-09 3.74461e-08
894 0.84 572.5 0 1.55699e-21 1.10533e-20 1.66375e-08 6.07356e-08 -1.01996e-20 3.23189e-21 -2.16746e-08 -4.60033e-08 7.18065e-21 8.95745e-21 6.44905e-09 3.93111e-08
894 0.85 572.5 0 -3.22853e-21 1.99246e-20 2.65061e-08 6.35299e-08 -1.6557e-20 1.00311e-20 -3.00383e-08 -4.79966e-08 7.24619e-21 1.41975e-20 1.19082e-08 4.05385e-08
894 0.86 572.5 0 1.71418e-21 1.20548e-20 3.79176e-08 6.50006e-08 -1.2052e-20 3.85442e-21 -3.97881e-08 -4.88621e-08 8.02493e-21 1.00807e-20 1.79437e-08 4.09605e-08
894 0.87 572.5 0 8.60282e-21 1.36024e-20 5.08533e-08 6.46931e-08 -9.30107e-21 9.6881e-21 -5.09328e-08 -4.81795e-08 1.33233e-20 8.41906e-21 2.44598e-08 4.04001e-08
894 0.88 572.5 0 4.85086e-21 2.58399e-20 6.52144e-08 6.20748e-08 -1.58434e-20 1.47769e-20 -6.34104e-08 -4.54472e-08 1.38439e-20 1.81594e-20 3.13163e-08 3.8678e-08
894 0.89 572.5 0 9.11646e-21 1.53236e-20 8.0786e-08 5.65295e-08 -1.23744e-20 1.35133e-20 -7.70513e-08 -4.00744e-08 1.55345e-20 9.32954e-21 3.83193e-08 3.56213e-08
894 0.9 572.5 0 1.4967e-20 1.48452e-20 9.71959e-08 4.73603e-08 -6.31575e-21 2.03256e-20 -9.15368e-08 -3.1381e-08 1.90982e-20 5.55149e-21 4.52128e-08 3.10767e-08
894 0.91 572.5 0 1.68633e-20 7.90254e-21 1.13866e-07 3.37881e-08 -3.2919e-21 1.67151e-20 -1.06349e-07 -1.85929e-08 1.89775e-20 8.92644e-22 5.16754e-08 2.49256e-08
894 0.92 572.5 0 2.13017e-20 7.74876e-21 1.29931e-07 1.49572e-08 4.18197e-22 2.13728e-20 -1.20688e-07 -8.45373e-10 2.25071e-20 -1.19971e-21 5.73143e-08 1.7106e-08
894 0.93 572.5 0 2.67788e-20 2.27101e-21 1.44128e-07 -1.00523e-08 1.199e-20 2.69595e-20 -1.33354e-07 2.28075e-08 2.44369e-20 -9.37168e-21 6.1664e-08 7.64159e-09
894 0.94 572.5 0 2.44033e-20 -2.66949e-21 1.54631e-07 -4.21845e-08 8.64443e-21 2.20792e-20 -1.42583e-07 5.33553e-08 2.30897e-20 -1.11764e-20 6.41978e-08 -3.32895e-09
894 0.95 572.5 0 3.48015e-20 -1.22699e-20 1.58989e-07 -8.22824e-08 2.0888e-20 2.52166e-20 -1.45976e-07 9.17097e-08 3.00864e-20 -2.26098e-20 6.43302e-08 -1.55354e-08
894 0.96 572.5 0 3.82881e-20 -2.75758e-20 1.53294e-07 -1.31295e-07 2.56927e-20 3.02275e-20 -1.39655e-07 1.38903e-07 3.34392e-20 -3.86551e-20 6.14123e-08 -2.84666e-08
894 0.97 572.5 0 1.39603e-20 -3.23824e-20 1.31329e-07 -1.89993e-07 3.17811e-20 1.00534e-20 -1.174e-07 1.95808e-07 6.97369e-21 -3.82939e-20 5.47744e-08 -4.13223e-08
894 0.98 572.5 0 6.28997e-22 -2.01472e-20 8.13845e-08 -2.58959e-07 3.12593e-20 2.40597e-21 -6.7448e-08 2.63107e-07 -5.26276e-21 -2.44765e-20 4.37309e-08 -5.2849e-08
894 0.99 572.5 0 -8.69106e-21 -3.5339e-20 -2.75349e-08 -3.38524e-07 4.29362e-20 -6.86658e-21 4.13453e-08 3.41189e-07 -1.61538e-20 -3.93913e-20 2.75131e-08 -6.09421e-08
894 1 572.5 0 -1.7508e-20 -1.22417e-20 -5.90852e-06 -2.17052e-07 2.61978e-20 -1.79775e-20 5.92397e-06 2.17064e-07 -1.87431e-20 -1.37017e-20 2.74955e-11 -6.50086e-08
894 1.01 572.5 0 -1.14531e-20 -6.1003e-21 -1.68303e-07 1.2548e-10 1.27795e-20 -1.87853e-20 1.80286e-07 -1.31041e-10 -1.64805e-20 -9.62235e-21 -3.07678e-11 -4.26022e-08
894 1.02 572.5 0 -7.11751e-21 -5.18773e-21 -1.16634e-07 1.25415e-10 1.34344e-20 -1.09881e-20 1.28252e-07 -1.3475e-10 -1.07582e-20 -9.72744e-21 -3.96293e-11 -3.78317e-08
894 1.03 572.5 0 -7.40775e-21 -4.28003e-21 -9.4967e-08 1.37439e-10 1.27972e-20 -9.0485e-21 1.06752e-07 -1.51392e-10 -1.09105e-20 -9.21075e-21 -5.1057e-11 -3.59938e-08
894 1.04 572.5 0 -2.21881e-22 -2.91664e-21 -8.51394e-08 1.64269e-10 1.29826e-20 -4.06489e-21 9.76153e-08 -1.85147e-10 -1.95436e-21 -8.42216e-21 -6.88271e-11 -3.62071e-08
894 1.05 572.5 0 -2.26965e-21 -3.39942e-21 -8.29846e-08 2.18051e-10 1.36565e-20 -7.89938e-21 9.68959e-08 -2.5113e-10 -5.93441e-21 -9.67197e-21 -1.00582e-10 -3.86877e-08
894 1.06 572.5 0 -1.02577e-20 -4.5877e-21 -8.90733e-08 3.38797e-10 1.71049e-20 -1.00166e-20 1.05796e-07 -3.98361e-10 -1.54765e-20 -1.29958e-20 -1.69336e-10 -4.4836e-08
894 1.07 572.5 0 -1.10238e-20 -2.3591e-21 -1.10897e-07 6.83181e-10 2.84873e-20 -3.23496e-20 1.33859e-07 -8.19194e-10 -2.80026e-20 -1.69432e-20 -3.65769e-10 -5.96231e-08
894 1.08 572.5 0 6.3481e-20 -1.15089e-21 -1.94902e-07 2.68456e-09 5.77868e-20 -4.12167e-20 2.38893e-07 -3.28024e-09 4.52963e-20 -3.20318e-20 -1.52646e-09 -1.11023e-07
894 1.09 572.5 0 -5.15442e-18 -3.30218e-19 1.29163e-06 1.50175e-07 -7.03302e-19 2.92653e-18 -1.60649e-06 -1.86856e-07 -3.90302e-18 3.75278e-20 -9.00835e-08 7.74631e-07
894 1.1 572.5 0 -2.56167e-20 3.76553e-21 1.10685e-07 1.34838e-09 -4.67698e-20 7.46134e-20 -1.3961e-07 -1.70719e-09 1.55066e-20 3.12001e-20 -8.48708e-10 6.95344e-08
894 1.11 572.5 0 6.55115e-21 3.67734e-21 4.97724e-08 3.3197e-10 -2.30182e-20 1.04753e-20 -6.36289e-08 -4.27441e-10 1.34488e-20 1.78816e-20 -2.18289e-10 3.26161e-08
894 1.12 572.5 0 1.97671e-23 1.53727e-21 2.9077e-08 1.37361e-10 -1.93861e-20 2.11932e-20 -3.76552e-08 -1.79739e-10 1.32084e-20 1.37767e-20 -9.40098e-11 1.98058e-08
894 1.13 572.5 0 1.43643e-21 6.46352e-22 1.90689e-08 7.10208e-11 -1.61272e-20 1.72963e-20 -2.50033e-08 -9.43849e-11 1.27258e-20 1.11e-20 -5.04331e-11 1.34604e-08
894 1.14 572.5 0 -4.13846e-23 3.77838e-22 1.33687e-08 4.1662e-11 -3.01741e-20 3.16759e-20 -1.77403e-08 -5.62003e-11 2.09489e-20 2.04312e-20 -3.0614e-11 9.75394e-09
894 1.15 572.5 0 -7.77452e-19 -1.39605e-19 9.79536e-09 2.65284e-11 -3.07378e-19 5.39405e-19 -1.31492e-08 -3.63029e-11 -5.25201e-19 4.79946e-20 -2.01245e-11 7.37005e-09
894 1.16 572.5 0 5.72283e-22 2.32592e-22 7.40837e-09 1.79831e-11 1.67412e-20 4.65065e-22 -1.00561e-08 -2.49439e-11 9.86843e-22 -1.14729e-20 -1.40543e-11 5.73651e-09
894 1.17 572.5 0 2.21133e-22 2.33484e-22 5.73944e-09 1.267e-11 6.28468e-21 -2.19558e-21 -7.87464e-09 -1.78082e-11 -1.32388e-21 -4.25147e-21 -1.01829e-11 4.5654e-09
894 1.18 572.5 0 2.70216e-22 1.99317e-22 4.53192e-09 9.27409e-12 3.26332e-21 -3.13481e-21 -6.28248e-09 -1.31971e-11 -1.99647e-21 -2.17258e-21 -7.65232e-12 3.69712e-09
894 1.19 572.5 0 2.20628e-22 1.50793e-22 3.63431e-09 6.97446e-12 1.8563e-21 -1.21458e-21 -5.08859e-09 -1.00422e-11 -6.58638e-22 -1.22328e-21 -5.89953e-12 3.03617e-09
894 1.2 572.5 0 1.60516e-22 1.0246e-22 2.95237e-09 5.36377e-12 1.05362e-21 -4.66797e-22 -4.17365e-09 -7.80998e-12 -1.73091e-22 -6.90639e-22 -4.6449e-12 2.52234e-09
894 1.21 572.5 0 9.94998e-23 1.10259e-22 2.42487e-09 4.21919e-12 9.73125e-22 -1.04972e-21 -3.45979e-09 -6.20669e-12 -7.09497e-22 -6.35343e-22 -3.73571e-12 2.11595e-09
894 1.22 572.5 0 3.34258e-23 7.82377e-23 2.01053e-09 3.36071e-12 5.7341e-22 -9.51666e-22 -2.89428e-09 -4.99355e-12 -7.304e-22 -3.67252e-22 -3.03901e-12 1.78981e-09
894 1.23 572.5 0 4.23826e-23 7.1789e-23 1.68084e-09 2.7331e-12 4.91386e-22 -1.82006e-23 -2.44052e-09 -4.09639e-12 3.7635e-23 -3.16188e-22 -2.52105e-12 1.52487e-09
894 1.24 572.5 0 5.19096e-23 5.94159e-23 1.41551e-09 2.24956e-12 3.6919e-22 -1.78002e-22 -2.07228e-09 -3.39894e-12 -8.70981e-23 -2.3628e-22 -2.1144e-12 1.30734e-09
894 1.25 572.5 0 1.3374e-23 4.83192e-23 1.19982e-09 1.87163e-12 2.757e-22 -3.60717e-23 -1.7705e-09 -2.84903e-12 -1.23918e-23 -1.75397e-22 -1.79072e-12 1.12709e-09
894 1.26 572.5 0 2.94483e-23 3.86441e-23 1.02297e-09 1.58105e-12 1.94339e-22 -2.91667e-22 -1.52106e-09 -2.42139e-12 -2.20732e-22 -1.20662e-22 -1.53792e-12 9.76513e-10
894 1.27 572.5 0 1.56413e-23 3.17865e-23 8.76798e-10 1.34673e-12 1.53205e-22 -1.45028e-22 -1.31327e-09 -2.07386e-12 -1.11198e-22 -9.54416e-23 -1.33046e-12 8.49816e-10
894 1.28 572.5 0 -9.78516e-25 3.04604e-23 7.55135e-10 1.16155e-12 1.29791e-22 -5.58685e-23 -1.13898e-09 -1.79619e-12 -5.28245e-23 -7.82381e-23 -1.16388e-12 7.42532e-10
894 1.29 572.5 0 7.60838e-24 2.31078e-23 6.5323e-10 1.01775e-12 9.72678e-23 3.03339e-23 -9.91892e-10 -1.57738e-12 3.65735e-23 -5.9422e-23 -1.03245e-12 6.51168e-10
894 1.3 572.5 0 5.18442e-24 2.25848e-23 5.6738e-10 9.07958e-13 8.65651e-23 -1.12978e-24 -8.67057e-10 -1.40705e-12 4.33875e-24 -5.14538e-23 -9.30226e-13 5.72959e-10
894 1.31 572.5 0 1.28674e-24 1.69738e-23 4.94673e-10 8.19706e-13 5.87941e-23 7.05176e-23 -7.60569e-10 -1.26824e-12 6.77783e-23 -3.34759e-23 -8.46318e-13 5.05698e-10
894 1.32 572.5 0 -1.88864e-23 1.17922e-23 4.32727e-10 7.01321e-13 3.71303e-23 6.28826e-23 -6.69207e-10 -1.0923e-12 3.5102e-23 -2.00575e-23 -7.33457e-13 4.47535e-10
894 1.33 572.5 0 4.94531e-24 1.01198e-23 3.79754e-10 6.03127e-13 3.77213e-23 -4.43755e-23 -5.90544e-10 -9.45362e-13 -3.86766e-23 -2.33277e-23 -6.38573e-13 3.97084e-10
894 1.34 572.5 0 8.23595e-24 9.54671e-24 3.34265e-10 5.21086e-13 3.14582e-23 -3.54203e-23 -5.22542e-10 -8.21767e-13 -2.58667e-23 -1.83483e-23 -5.58252e-13 3.53163e-10
894 1.35 572.5 0 -1.59997e-23 8.55794e-24 2.9505e-10 4.52088e-13 2.58724e-23 5.93575e-23 -4.63539e-10 -7.17145e-13 3.72809e-23 -1.44547e-23 -4.89833e-13 3.14797e-10
894 1.36 572.5 0 -1.35607e-23 7.49214e-24 2.61121e-10 3.93712e-13 2.26914e-23 5.13215e-23 -4.12167e-10 -6.2807e-13 3.33664e-23 -1.29657e-23 -4.31224e-13 2.81179e-10
894 1.37 572.5 0 -8.20365e-25 5.93546e-24 2.31666e-10 3.44056e-13 1.63736e-23 7.37007e-24 -3.67296e-10 -5.51834e-13 5.27927e-24 -8.78107e-24 -3.80764e-13 2.51637e-10
894 1.38 572.5 0 -7.78091e-24 4.95509e-24 2.06013e-10 3.01608e-13 1.29893e-23 2.77334e-23 -3.27985e-10 -4.86275e-13 1.73508e-23 -6.75358e-24 -3.37118e-13 2.25605e-10
894 1.39 572.5 0 3.43157e-24 3.97172e-24 1.83605e-10 2.65157e-13 9.71718e-24 -7.32901e-24 -2.9345e-10 -4.29649e-13 -4.34715e-24 -4.77076e-24 -2.99207e-13 2.02609e-10
894 1.4 572.5 0 -1.01888e-23 3.21805e-24 1.63976e-10 2.33726e-13 9.10304e-24 2.89821e-23 -2.63029e-10 -3.80543e-13 1.61952e-23 -5.27377e-24 -2.66149e-13 1.82248e-10
894 1.41 572.5 0 -7.10358e-24 3.02364e-24 1.46735e-10 2.06518e-13 6.33403e-24 2.96252e-23 -2.36168e-10 -3.378e-13 2.1497e-23 -2.64283e-24 -2.3722e-13 1.64179e-10
894 1.42 572.5 0 -3.70277e-24 2.28876e-24 1.31555e-10 1.8288e-13 4.2842e-24 9.34969e-24 -2.12394e-10 -3.00463e-13 3.93625e-24 -1.47778e-24 -2.11818e-13 1.4811e-10
894 1.43 572.5 0 -7.81699e-24 1.14092e-24 1.18156e-10 1.62272e-13 3.01657e-24 1.72437e-23 -1.91307e-10 -2.67739e-13 7.35666e-24 -1.72468e-24 -1.89441e-13 1.33794e-10
894 1.44 572.5 0 7.86841e-26 4.34083e-25 1.06303e-10 1.44241e-13 1.55671e-24 -5.10507e-24 -1.72564e-10 -2.38959e-13 -6.71956e-24 -1.11396e-24 -1.69661e-13 1.21014e-10
894 1.45 572.5 0 -1.19842e-23 3.08571e-26 9.57951e-11 1.28412e-13 -1.51154e-25 3.72062e-23 -1.55873e-10 -2.13563e-13 2.47971e-23 2.22663e-25 -1.5212e-13 1.09586e-10
