894 0 450 0 6.57515e-10 -1.22213e-08 1.1131e-08 2.29278e-08 0 0 0 0 0 0 1.48407e-08 2.41942e-08
894 0.01 450 0 6.50916e-10 -1.22217e-08 1.11393e-08 2.29208e-08 1.65679e-10 9.38644e-11 2.58619e-11 -2.30456e-10 -1.03283e-10 -2.52774e-10 1.48501e-08 2.41841e-08
894 0.02 450 0 6.31082e-10 -1.22227e-08 1.11644e-08 2.28996e-08 3.31419e-10 1.87097e-10 5.11813e-11 -4.61048e-10 -2.071e-10 -5.05083e-10 1.48785e-08 2.41537e-08
894 0.03 450 0 5.98091e-10 -1.22243e-08 1.12062e-08 2.28642e-08 4.97282e-10 2.79065e-10 7.54169e-11 -6.91911e-10 -3.11981e-10 -7.56459e-10 1.49257e-08 2.4103e-08
894 0.04 450 0 5.51884e-10 -1.22264e-08 1.12645e-08 2.28145e-08 6.63317e-10 3.69138e-10 9.80237e-11 -9.2317e-10 -4.18452e-10 -1.00643e-09 1.49914e-08 2.40318e-08
894 0.05 450 0 4.9242e-10 -1.22288e-08 1.13393e-08 2.27503e-08 8.29566e-10 4.56684e-10 1.18451e-10 -1.15495e-09 -5.27031e-10 -1.25452e-09 1.50757e-08 2.39397e-08
894 0.06 450 0 4.19791e-10 -1.22311e-08 1.14303e-08 2.26713e-08 9.96057e-10 5.4108e-10 1.3615e-10 -1.38734e-09 -6.38222e-10 -1.50023e-09 1.51779e-08 2.38266e-08
894 0.07 450 0 3.33921e-10 -1.22331e-08 1.15373e-08 2.25773e-08 1.1628e-09 6.21694e-10 1.50561e-10 -1.62045e-09 -7.52522e-10 -1.74306e-09 1.5298e-08 2.3692e-08
894 0.08 450 0 2.3478e-10 -1.22345e-08 1.166e-08 2.24679e-08 1.32978e-09 6.97903e-10 1.61119e-10 -1.85434e-09 -8.7041e-10 -1.98249e-09 1.54353e-08 2.35355e-08
894 0.09 450 0 1.22432e-10 -1.22347e-08 1.17982e-08 2.23428e-08 1.49697e-09 7.6909e-10 1.67257e-10 -2.08907e-09 -9.92342e-10 -2.21799e-09 1.55894e-08 2.33565e-08
894 0.1 450 0 -3.1732e-12 -1.22333e-08 1.19514e-08 2.22014e-08 1.66429e-09 8.34641e-10 1.68392e-10 -2.32465e-09 -1.11875e-09 -2.44901e-09 1.57596e-08 2.31545e-08
894 0.11 450 0 -1.41969e-10 -1.22297e-08 1.21192e-08 2.20434e-08 1.83166e-09 8.93943e-10 1.63944e-10 -2.5611e-09 -1.25006e-09 -2.67496e-09 1.59454e-08 2.29289e-08
894 0.12 450 0 -2.93924e-10 -1.22234e-08 1.23012e-08 2.18681e-08 1.99894e-09 9.46397e-10 1.53321e-10 -2.79837e-09 -1.38663e-09 -2.89525e-09 1.61458e-08 2.26789e-08
894 0.13 450 0 -4.58944e-10 -1.22137e-08 1.24968e-08 2.16751e-08 2.16598e-09 9.9142e-10 1.35928e-10 -3.03638e-09 -1.52882e-09 -3.10926e-09 1.63601e-08 2.24039e-08
894 0.14 450 0 -6.37057e-10 -1.21998e-08 1.27055e-08 2.14636e-08 2.33254e-09 1.02842e-09 1.11146e-10 -3.27504e-09 -1.67695e-09 -3.31633e-09 1.65873e-08 2.2103e-08
894 0.15 450 0 -8.27939e-10 -1.2181e-08 1.29264e-08 2.12332e-08 2.49841e-09 1.05685e-09 7.83927e-11 -3.51418e-09 -1.83127e-09 -3.51581e-09 1.68262e-08 2.17755e-08
894 0.16 450 0 -1.03156e-09 -1.21565e-08 1.31589e-08 2.09829e-08 2.66327e-09 1.07615e-09 3.70439e-11 -3.75361e-09 -1.99201e-09 -3.70698e-09 1.70757e-08 2.14205e-08
894 0.17 450 0 -1.2477e-09 -1.21253e-08 1.34022e-08 2.07122e-08 2.82676e-09 1.08581e-09 -1.35158e-11 -3.99305e-09 -2.15935e-09 -3.88911e-09 1.73344e-08 2.1037e-08
894 0.18 450 0 -1.4761e-09 -1.20865e-08 1.36554e-08 2.04203e-08 2.98851e-09 1.08531e-09 -7.38974e-11 -4.23221e-09 -2.33341e-09 -4.06146e-09 1.76011e-08 2.06242e-08
894 0.19 450 0 -1.71646e-09 -1.2039e-08 1.39174e-08 2.01064e-08 3.14806e-09 1.0742e-09 -1.447e-10 -4.47069e-09 -2.51424e-09 -4.22324e-09 1.78739e-08 2.01812e-08
894 0.2 450 0 -1.96838e-09 -1.1982e-08 1.41872e-08 1.97697e-08 3.30489e-09 1.05204e-09 -2.26525e-10 -4.70808e-09 -2.70183e-09 -4.37365e-09 1.81513e-08 1.9707e-08
894 0.21 450 0 -2.23137e-09 -1.19142e-08 1.44635e-08 1.94093e-08 3.45848e-09 1.01842e-09 -3.19937e-10 -4.94386e-09 -2.89612e-09 -4.51185e-09 1.84312e-08 1.92008e-08
894 0.22 450 0 -2.50494e-09 -1.18345e-08 1.47451e-08 1.90246e-08 3.60818e-09 9.73003e-10 -4.25524e-10 -5.17744e-09 -3.09693e-09 -4.63701e-09 1.87119e-08 1.86616e-08
894 0.23 450 0 -2.78838e-09 -1.17417e-08 1.50306e-08 1.86146e-08 3.75335e-09 9.15468e-10 -5.43788e-10 -5.40819e-09 -3.30404e-09 -4.74826e-09 1.89909e-08 1.80887e-08
894 0.24 450 0 -3.08106e-09 -1.16348e-08 1.53183e-08 1.81785e-08 3.89323e-09 8.45584e-10 -6.75259e-10 -5.63532e-09 -3.51713e-09 -4.84472e-09 1.92659e-08 1.74812e-08
894 0.25 450 0 -3.38214e-09 -1.15123e-08 1.56067e-08 1.77155e-08 4.02705e-09 7.63159e-10 -8.2041e-10 -5.85804e-09 -3.73577e-09 -4.92549e-09 1.95346e-08 1.68383e-08
894 0.26 450 0 -3.69061e-09 -1.13731e-08 1.5894e-08 1.72249e-08 4.15399e-09 6.68062e-10 -9.79633e-10 -6.07546e-09 -3.95946e-09 -4.98969e-09 1.9794e-08 1.61595e-08
894 0.27 450 0 -4.00538e-09 -1.12159e-08 1.61782e-08 1.6706e-08 4.27317e-09 5.60279e-10 -1.15328e-09 -6.28652e-09 -4.18755e-09 -5.03643e-09 2.00413e-08 1.54442e-08
894 0.28 450 0 -4.32524e-09 -1.10395e-08 1.64571e-08 1.61579e-08 4.38366e-09 4.39834e-10 -1.34163e-09 -6.49019e-09 -4.41933e-09 -5.06484e-09 2.02734e-08 1.4692e-08
894 0.29 450 0 -4.6488e-09 -1.08427e-08 1.67287e-08 1.55803e-08 4.48449e-09 3.06857e-10 -1.54488e-09 -6.68529e-09 -4.65394e-09 -5.07406e-09 2.0487e-08 1.39027e-08
894 0.3 450 0 -4.9746e-09 -1.06242e-08 1.69904e-08 1.49723e-08 4.57465e-09 1.61601e-10 -1.76315e-09 -6.87048e-09 -4.89041e-09 -5.06325e-09 2.06786e-08 1.30761e-08
894 0.31 450 0 -5.30156e-09 -1.0384e-08 1.72398e-08 1.43333e-08 4.65303e-09 4.01819e-12 -1.99655e-09 -7.04454e-09 -5.12786e-09 -5.03164e-09 2.08452e-08 1.22123e-08
894 0.32 450 0 -5.6312e-09 -1.01186e-08 1.74699e-08 1.3654e-08 4.71531e-09 -1.65827e-10 -2.24468e-09 -7.20286e-09 -5.36389e-09 -4.97655e-09 2.09815e-08 1.13034e-08
894 0.33 450 0 -5.95931e-09 -9.82782e-09 1.76802e-08 1.29409e-08 4.76281e-09 -3.46694e-10 -2.50694e-09 -7.34598e-09 -5.59807e-09 -4.89894e-09 2.10845e-08 1.03564e-08
894 0.34 450 0 -6.27985e-09 -9.51066e-09 1.78706e-08 1.22012e-08 4.79681e-09 -5.37206e-10 -2.78311e-09 -7.47453e-09 -5.82918e-09 -4.79935e-09 2.1149e-08 9.37831e-09
894 0.35 450 0 -6.59207e-09 -9.16629e-09 1.80367e-08 1.14313e-08 4.81509e-09 -7.36791e-10 -3.07258e-09 -7.58578e-09 -6.05538e-09 -4.67666e-09 2.11711e-08 8.36728e-09
894 0.36 450 0 -6.89322e-09 -8.7944e-09 1.81749e-08 1.0632e-08 4.8168e-09 -9.44798e-10 -3.3746e-09 -7.67816e-09 -6.27492e-09 -4.53041e-09 2.11455e-08 7.32478e-09
894 0.37 450 0 -7.18086e-09 -8.39478e-09 1.82815e-08 9.80362e-09 4.80027e-09 -1.1598e-09 -3.68824e-09 -7.74992e-09 -6.48573e-09 -4.36001e-09 2.10684e-08 6.25243e-09
894 0.38 450 0 -7.45203e-09 -7.96667e-09 1.83524e-08 8.94688e-09 4.76488e-09 -1.38045e-09 -4.01189e-09 -7.79929e-09 -6.68584e-09 -4.16567e-09 2.09344e-08 5.15288e-09
894 0.39 450 0 -7.70418e-09 -7.50975e-09 1.83837e-08 8.06147e-09 4.7097e-09 -1.60563e-09 -4.34416e-09 -7.82398e-09 -6.87323e-09 -3.94726e-09 2.07394e-08 4.02821e-09
894 0.4 450 0 -7.93304e-09 -7.02505e-09 1.83717e-08 7.15058e-09 4.63438e-09 -1.83405e-09 -4.68327e-09 -7.82298e-09 -7.04556e-09 -3.70502e-09 2.04774e-08 2.88261e-09
894 0.41 450 0 -8.13605e-09 -6.51256e-09 1.83113e-08 6.21525e-09 4.53741e-09 -2.06348e-09 -5.02703e-09 -7.79432e-09 -7.20031e-09 -3.43917e-09 2.01444e-08 1.71944e-09
894 0.42 450 0 -8.30903e-09 -5.9736e-09 1.81983e-08 5.25865e-09 4.41867e-09 -2.29245e-09 -5.373e-09 -7.73689e-09 -7.33501e-09 -3.15038e-09 1.9735e-08 5.4365e-10
894 0.43 450 0 -8.44894e-09 -5.40841e-09 1.80282e-08 4.28199e-09 4.27776e-09 -2.51893e-09 -5.71841e-09 -7.64867e-09 -7.44725e-09 -2.83966e-09 1.92446e-08 -6.39891e-10
894 0.44 450 0 -8.55157e-09 -4.819e-09 1.77964e-08 3.28933e-09 4.11451e-09 -2.74093e-09 -6.06014e-09 -7.52884e-09 -7.53431e-09 -2.5081e-09 1.86684e-08 -1.82507e-09
894 0.45 450 0 -8.6136e-09 -4.20797e-09 1.74987e-08 2.28432e-09 3.92887e-09 -2.95658e-09 -6.39507e-09 -7.37655e-09 -7.59382e-09 -2.1572e-09 1.80027e-08 -3.00541e-09
894 0.46 450 0 -8.62998e-09 -3.57631e-09 1.71294e-08 1.27178e-09 3.72101e-09 -3.16306e-09 -6.71881e-09 -7.19103e-09 -7.62238e-09 -1.78849e-09 1.72417e-08 -4.17346e-09
894 0.47 450 0 -8.59714e-09 -2.92814e-09 1.6684e-08 2.57392e-10 3.49125e-09 -3.35848e-09 -7.0274e-09 -6.9725e-09 -7.61745e-09 -1.40404e-09 1.63821e-08 -5.32122e-09
894 0.48 450 0 -8.51151e-09 -2.26585e-09 1.61583e-08 -7.54585e-10 3.24043e-09 -3.54035e-09 -7.31651e-09 -6.72043e-09 -7.57657e-09 -1.00645e-09 1.54209e-08 -6.43977e-09
894 0.49 450 0 -8.36907e-09 -1.59388e-09 1.55476e-08 -1.75683e-09 2.96936e-09 -3.70637e-09 -7.58128e-09 -6.43586e-09 -7.49693e-09 -5.98417e-10 1.43549e-08 -7.51951e-09
894 0.5 450 0 -8.16574e-09 -9.16829e-10 1.48481e-08 -2.74171e-09 2.67963e-09 -3.8542e-09 -7.81666e-09 -6.12028e-09 -7.37605e-09 -1.83271e-10 1.31824e-08 -8.54961e-09
894 0.51 450 0 -7.89878e-09 -2.3959e-10 1.40548e-08 -3.70152e-09 2.37182e-09 -3.98164e-09 -8.01715e-09 -5.77529e-09 -7.21125e-09 2.35794e-10 1.19009e-08 -9.51944e-09
894 0.52 450 0 -7.56445e-09 4.3159e-10 1.31642e-08 -4.62595e-09 2.04789e-09 -4.0865e-09 -8.17715e-09 -5.40425e-09 -7.00012e-09 6.54663e-10 1.05102e-08 -1.04166e-08
894 0.53 450 0 -7.15992e-09 1.09123e-09 1.21739e-08 -5.5065e-09 1.71027e-09 -4.1665e-09 -8.2912e-09 -5.00993e-09 -6.74091e-09 1.06871e-09 9.01097e-09 -1.12281e-08
894 0.54 450 0 -6.68287e-09 1.73206e-09 1.10803e-08 -6.33121e-09 1.36052e-09 -4.21925e-09 -8.35332e-09 -4.59718e-09 -6.43147e-09 1.47319e-09 7.40483e-09 -1.19406e-08
894 0.55 450 0 -6.1318e-09 2.34586e-09 9.88243e-09 -7.08837e-09 1.00157e-09 -4.2442e-09 -8.35816e-09 -4.17142e-09 -6.07065e-09 1.86286e-09 5.69423e-09 -1.254e-08
894 0.56 450 0 -5.50359e-09 2.92514e-09 8.57879e-09 -7.76341e-09 6.36559e-10 -4.23829e-09 -8.29942e-09 -3.73994e-09 -5.65666e-09 2.23154e-09 3.88353e-09 -1.30102e-08
894 0.57 450 0 -4.7981e-09 3.4603e-09 7.17014e-09 -8.34239e-09 2.68932e-10 -4.20149e-09 -8.17223e-09 -3.31056e-09 -5.18915e-09 2.57307e-09 1.97827e-09 -1.33361e-08
894 0.58 450 0 -4.01561e-09 3.94204e-09 5.65712e-09 -8.8096e-09 -9.89278e-11 -4.13172e-09 -7.97156e-09 -2.89246e-09 -4.66765e-09 2.88063e-09 -1.32294e-11 -1.35019e-08
894 0.59 450 0 -3.15666e-09 4.35969e-09 4.0434e-09 -9.14798e-09 -4.62538e-10 -4.02951e-09 -7.69345e-09 -2.49679e-09 -4.09268e-09 3.14691e-09 -2.08185e-09 -1.34906e-08
894 0.6 450 0 -2.22335e-09 4.70263e-09 2.33299e-09 -9.33947e-09 -8.19074e-10 -3.89341e-09 -7.33444e-09 -2.13568e-09 -3.46503e-09 3.36405e-09 -4.21507e-09 -1.32858e-08
894 0.61 450 0 -1.21853e-09 4.95959e-09 5.32992e-10 -9.36572e-09 -1.16387e-09 -3.72396e-09 -6.89256e-09 -1.82246e-09 -2.78674e-09 3.5238e-09 -6.39877e-09 -1.2871e-08
894 0.62 450 0 -1.46701e-10 5.11792e-09 -1.34783e-09 -9.20428e-09 -1.49385e-09 -3.52191e-09 -6.36687e-09 -1.57402e-09 -2.05995e-09 3.61737e-09 -8.61662e-09 -1.22293e-08
894 0.63 450 0 9.85809e-10 5.16516e-09 -3.297e-09 -8.83519e-09 -1.80454e-09 -3.2889e-09 -5.75905e-09 -1.40669e-09 -1.28887e-09 3.63569e-09 -1.08487e-08 -1.13451e-08
894 0.64 450 0 2.17322e-09 5.08911e-09 -5.30014e-09 -8.23598e-09 -2.09166e-09 -3.02449e-09 -5.07191e-09 -1.3394e-09 -4.77787e-10 3.56861e-09 -1.30713e-08 -1.02022e-08
894 0.65 450 0 3.40573e-09 4.87562e-09 -7.33735e-09 -7.38316e-09 -2.35065e-09 -2.73284e-09 -4.31211e-09 -1.39323e-09 3.66866e-10 3.40631e-09 -1.52593e-08 -8.78672e-09
894 0.66 450 0 4.6717e-09 4.51136e-09 -9.38635e-09 -6.25227e-09 -2.5788e-09 -2.41581e-09 -3.48883e-09 -1.59072e-09 1.23792e-09 3.13828e-09 -1.73833e-08 -7.08566e-09
894 0.67 450 0 5.95816e-09 3.98323e-09 -1.14194e-08 -4.82159e-09 -2.77147e-09 -2.07656e-09 -2.61542e-09 -1.95384e-09 2.12582e-09 2.75404e-09 -1.94097e-08 -5.0888e-09
894 0.68 450 0 7.24892e-09 3.27782e-09 -1.34038e-08 -3.06729e-09 -2.92584e-09 -1.71817e-09 -1.70929e-09 -2.50726e-09 3.01957e-09 2.24257e-09 -2.13013e-08 -2.78811e-09
894 0.69 450 0 8.52543e-09 2.38192e-09 -1.52996e-08 -9.67041e-10 -3.03805e-09 -1.34617e-09 -7.93915e-10 -3.27623e-09 3.9058e-09 1.59327e-09 -2.30178e-08 -1.78699e-10
894 0.7 450 0 9.76513e-09 1.28389e-09 -1.70625e-08 1.49872e-09 -3.10671e-09 -9.63765e-10 1.024e-10 -4.28439e-09 4.76877e-09 7.95564e-10 -2.45139e-08 2.73923e-09
894 0.71 450 0 1.09448e-08 -2.79543e-11 -1.86378e-08 4.34757e-09 -3.12733e-09 -5.7773e-10 9.43495e-10 -5.55669e-09 5.59e-09 -1.60735e-10 -2.57405e-08 5.96206e-09
894 0.72 450 0 1.20343e-08 -1.56324e-09 -1.99643e-08 7.59331e-09 -3.09938e-09 -1.9349e-10 1.68562e-09 -7.11551e-09 6.34757e-09 -1.28508e-09 -2.66451e-08 9.47879e-09
894 0.73 450 0 1.30017e-08 -3.32919e-09 -2.09722e-08 1.12423e-08 -3.02119e-09 1.82307e-10 2.27699e-09 -8.97881e-09 7.01663e-09 -2.58505e-09 -2.71715e-08 1.32711e-08
894 0.74 450 0 1.38095e-08 -5.33099e-09 -2.15822e-08 1.52945e-08 -2.89302e-09 5.42684e-10 2.65625e-09 -1.1161e-08 7.56791e-09 -4.06735e-09 -2.72601e-08 1.73127e-08
894 0.75 450 0 1.44151e-08 -7.57123e-09 -2.17046e-08 1.97404e-08 -2.71634e-09 8.78422e-10 2.75105e-09 -1.36702e-08 7.96751e-09 -5.73627e-09 -2.68496e-08 2.15671e-08
894 0.76 450 0 1.4771e-08 -1.00445e-08 -2.12415e-08 2.45552e-08 -2.49239e-09 1.18403e-09 2.47932e-09 -1.65022e-08 8.17694e-09 -7.59108e-09 -2.58781e-08 2.59839e-08
894 0.77 450 0 1.48269e-08 -1.274e-08 -2.00821e-08 2.96981e-08 -2.22136e-09 1.45208e-09 1.74576e-09 -1.96413e-08 8.15293e-09 -9.62678e-09 -2.42829e-08 3.0501e-08
894 0.78 450 0 1.45256e-08 -1.56396e-08 -1.81097e-08 3.51076e-08 -1.90679e-09 1.67521e-09 4.46166e-10 -2.30541e-08 7.84702e-09 -1.18322e-08 -2.20055e-08 3.50403e-08
894 0.79 450 0 1.38057e-08 -1.87157e-08 -1.52006e-08 4.06968e-08 -1.55306e-09 1.84523e-09 -1.53323e-09 -2.66858e-08 7.20525e-09 -1.41885e-08 -1.89925e-08 3.95076e-08
894 0.8 450 0 1.26014e-08 -2.19298e-08 -1.12274e-08 4.63485e-08 -1.16589e-09 1.95284e-09 -4.31422e-09 -3.04554e-08 6.16874e-09 -1.66669e-08 -1.51998e-08 4.37909e-08
894 0.81 450 0 1.08429e-08 -2.52272e-08 -6.06271e-09 5.19094e-08 -7.50524e-10 1.99163e-09 -8.02332e-09 -3.42485e-08 4.67368e-09 -1.92252e-08 -1.05976e-08 4.77588e-08
894 0.82 450 0 8.46028e-09 -2.85391e-08 4.13726e-10 5.71825e-08 -3.16402e-10 1.94992e-09 -1.27866e-08 -3.79121e-08 2.6527e-09 -2.18068e-08 -5.17253e-09 5.12616e-08
894 0.83 450 0 5.38119e-09 -3.17737e-08 8.30591e-09 6.19238e-08 1.29161e-10 1.82106e-09 -1.87212e-08 -4.12464e-08 3.62691e-11 -2.43353e-08 1.06086e-09 5.41317e-08
894 0.84 450 0 1.53789e-09 -3.48166e-08 1.76885e-08 6.58341e-08 5.72691e-10 1.59524e-09 -2.59238e-08 -4.39983e-08 -3.24499e-09 -2.67116e-08 8.05841e-09 5.61859e-08
894 0.85 450 0 -3.13214e-09 -3.75254e-08 2.85952e-08 6.85582e-08 1.00281e-09 1.26367e-09 -3.44599e-08 -4.58573e-08 -7.25684e-09 -2.88091e-08 1.5735e-08 5.72309e-08
894 0.86 450 0 -8.67993e-09 -3.97255e-08 4.09958e-08 6.96814e-08 1.40239e-09 8.16741e-10 -4.43417e-08 -4.64505e-08 -1.20573e-08 -3.04686e-08 2.39597e-08 5.70696e-08
894 0.87 450 0 -1.51387e-08 -4.12055e-08 5.47791e-08 6.87315e-08 1.75336e-09 2.42054e-10 -5.55124e-08 -4.53423e-08 -1.76899e-08 -3.14925e-08 3.25479e-08 5.55112e-08
894 0.88 450 0 -2.25191e-08 -4.17098e-08 6.97204e-08 6.51888e-08 2.03036e-09 -4.71375e-10 -6.78114e-08 -4.20402e-08 -2.41778e-08 -3.16366e-08 4.12547e-08 5.23845e-08
894 0.89 450 0 -3.0804e-08 -4.09497e-08 8.53725e-08 5.8373e-08 2.17534e-09 -1.3185e-09 -8.08689e-08 -3.5876e-08 -3.15057e-08 -3.06184e-08 4.97758e-08 4.75922e-08
894 0.9 450 0 -3.98792e-08 -3.84753e-08 1.01272e-07 4.78755e-08 2.2251e-09 -2.3536e-09 -9.42883e-08 -2.64357e-08 -3.96034e-08 -2.80086e-08 5.77615e-08 4.10098e-08
894 0.91 450 0 -4.96406e-08 -3.38754e-08 1.16651e-07 3.31733e-08 2.06939e-09 -3.59837e-09 -1.0739e-07 -1.31906e-08 -4.83772e-08 -2.33749e-08 6.47949e-08 3.26305e-08
894 0.92 450 0 -5.98565e-08 -2.6531e-08 1.30504e-07 1.37406e-08 1.55742e-09 -5.07443e-09 -1.1926e-07 4.42852e-09 -5.75902e-08 -1.60832e-08 7.04175e-08 2.25453e-08
894 0.93 450 0 -7.00614e-08 -1.55533e-08 1.41543e-07 -1.07655e-08 5.56256e-10 -6.79465e-09 -1.28679e-07 2.68229e-08 -6.67827e-08 -5.23903e-09 7.41406e-08 1.09602e-08
894 0.94 450 0 -7.93682e-08 3.42024e-10 1.48178e-07 -4.04514e-08 -1.22198e-09 -8.74203e-09 -1.34124e-07 5.41752e-08 -7.5048e-08 1.04587e-08 7.54762e-08 -1.78863e-09
894 0.95 450 0 -8.57945e-08 2.31076e-08 1.48551e-07 -7.5077e-08 -4.29357e-09 -1.07606e-08 -1.33791e-07 8.6336e-08 -8.03491e-08 3.29691e-08 7.39561e-08 -1.52139e-08
894 0.96 450 0 -8.43445e-08 5.53225e-08 1.40793e-07 -1.14053e-07 -9.56982e-09 -1.21838e-08 -1.25867e-07 1.22829e-07 -7.75722e-08 6.48288e-08 6.91554e-08 -2.86563e-08
894 0.97 450 0 -6.20109e-08 9.67775e-08 1.2374e-07 -1.57575e-07 -1.81345e-08 -1.05694e-08 -1.09254e-07 1.64036e-07 -5.35274e-08 1.05589e-07 6.07178e-08 -4.12434e-08
894 0.98 450 0 3.11795e-09 1.23011e-07 9.44056e-08 -2.13813e-07 -2.71808e-08 3.61496e-10 -8.08911e-08 2.18566e-07 1.3564e-08 1.30046e-07 4.84124e-08 -5.18482e-08
894 0.99 450 0 7.31482e-08 7.10423e-08 1.23704e-08 -3.04187e-07 -2.11629e-08 1.87398e-08 6.47729e-10 3.08114e-07 8.42717e-08 7.50301e-08 3.19241e-08 -5.92318e-08
894 1 450 0 4.85344e-08 9.4748e-10 -5.83442e-06 -2.15662e-07 -5.7894e-11 2.41162e-08 5.85194e-06 2.15673e-07 6.18533e-08 9.61281e-10 4.82261e-11 -7.30326e-08
894 1.01 450 0 2.4391e-08 3.94327e-10 -1.34099e-07 6.43914e-10 5.62903e-11 1.07554e-08 1.44521e-07 -6.74887e-10 3.21555e-08 3.70015e-10 -1.15046e-10 -3.79598e-08
894 1.02 450 0 1.53986e-08 2.4744e-10 -8.45128e-08 4.88263e-10 6.17935e-11 8.18401e-09 9.36026e-08 -5.20971e-10 2.20627e-08 2.19121e-10 -1.17726e-10 -3.05213e-08
894 1.03 450 0 1.04891e-08 1.79089e-10 -6.18114e-08 4.00927e-10 6.1775e-11 6.82056e-09 6.99999e-08 -4.34812e-10 1.6454e-08 1.48603e-10 -1.17225e-10 -2.59181e-08
894 1.04 450 0 7.39887e-09 1.40981e-10 -4.85574e-08 3.44141e-10 6.08163e-11 5.97025e-09 5.60651e-08 -3.79018e-10 1.28642e-08 1.08948e-10 -1.1606e-10 -2.26832e-08
894 1.05 450 0 5.28839e-09 1.1755e-10 -3.98615e-08 3.04594e-10 6.00308e-11 5.39442e-09 4.68293e-08 -3.4046e-10 1.03767e-08 8.41148e-11 -1.15064e-10 -2.02614e-08
894 1.06 450 0 3.76496e-09 1.02304e-10 -3.37444e-08 2.75711e-10 5.93887e-11 4.98595e-09 4.02724e-08 -3.12544e-10 8.5606e-09 6.7621e-11 -1.14375e-10 -1.83783e-08
894 1.07 450 0 2.61855e-09 9.20398e-11 -2.92372e-08 2.54313e-10 5.91645e-11 4.68863e-09 3.54013e-08 -2.92217e-10 7.18357e-09 5.60416e-11 -1.14254e-10 -1.68772e-08
894 1.08 450 0 1.7263e-09 8.50868e-11 -2.58066e-08 2.3854e-10 5.94876e-11 4.47026e-09 3.16671e-08 -2.77706e-10 6.10904e-09 4.75644e-11 -1.14869e-10 -1.56612e-08
894 1.09 450 0 1.01126e-09 8.04359e-11 -2.31343e-08 2.26893e-10 6.01549e-11 4.3116e-09 2.87413e-08 -2.67481e-10 5.25137e-09 4.12755e-11 -1.16142e-10 -1.46665e-08
894 1.1 450 0 4.22747e-10 7.75413e-11 -2.10185e-08 2.18795e-10 6.13423e-11 4.20024e-09 2.64146e-08 -2.61075e-10 4.55391e-09 3.64674e-11 -1.18279e-10 -1.38496e-08
894 1.11 450 0 -7.42366e-11 7.61079e-11 -1.93257e-08 2.13885e-10 6.31821e-11 4.12835e-09 2.45486e-08 -2.58228e-10 3.97786e-09 3.27127e-11 -1.21469e-10 -1.31801e-08
894 1.12 450 0 -5.05041e-10 7.58805e-11 -1.79655e-08 2.11655e-10 6.55592e-11 4.09138e-09 2.30497e-08 -2.58429e-10 3.49575e-09 2.98113e-11 -1.257e-10 -1.26368e-08
894 1.13 450 0 -8.88689e-10 7.68271e-11 -1.68746e-08 2.1218e-10 6.86856e-11 4.08675e-09 2.18526e-08 -2.61903e-10 3.08752e-09 2.75456e-11 -1.31274e-10 -1.22052e-08
894 1.14 450 0 -1.24022e-09 7.90257e-11 -1.60093e-08 2.15721e-10 7.28136e-11 4.11363e-09 2.09126e-08 -2.69094e-10 2.73821e-09 2.5772e-11 -1.38593e-10 -1.18758e-08
894 1.15 450 0 -1.57249e-09 8.24932e-11 -1.53399e-08 2.22279e-10 7.79752e-11 4.17324e-09 2.02009e-08 -2.80101e-10 2.43646e-09 2.44559e-11 -1.47862e-10 -1.16439e-08
894 1.16 450 0 -1.89703e-09 8.75122e-11 -1.48477e-08 2.32554e-10 8.45905e-11 4.26823e-09 1.97006e-08 -2.95933e-10 2.17339e-09 2.35223e-11 -1.59774e-10 -1.15092e-08
894 1.17 450 0 -2.22527e-09 9.45164e-11 -1.45238e-08 2.47537e-10 9.32043e-11 4.40344e-09 1.94061e-08 -3.18e-10 1.94196e-09 2.29394e-11 -1.75266e-10 -1.14759e-08
894 1.18 450 0 -2.56987e-09 1.03987e-10 -1.4369e-08 2.68303e-10 1.04331e-10 4.58679e-09 1.93244e-08 -3.47843e-10 1.73643e-09 2.27375e-11 -1.95384e-10 -1.15544e-08
894 1.19 450 0 -2.94581e-09 1.17005e-10 -1.43948e-08 2.97326e-10 1.19231e-10 4.82991e-09 1.9476e-08 -3.88895e-10 1.55195e-09 2.29309e-11 -2.22298e-10 -1.17626e-08
894 1.2 450 0 -3.37312e-09 1.34955e-10 -1.46282e-08 3.37717e-10 1.39395e-10 5.15106e-09 1.9902e-08 -4.4551e-10 1.38428e-09 2.36241e-11 -2.58815e-10 -1.21303e-08
894 1.21 450 0 -3.88013e-09 1.60662e-10 -1.51173e-08 3.95887e-10 1.67986e-10 5.57835e-09 2.06729e-08 -5.26574e-10 1.22934e-09 2.49535e-11 -3.10539e-10 -1.27059e-08
894 1.22 450 0 -4.51127e-09 1.98655e-10 -1.59485e-08 4.82029e-10 2.09942e-10 6.15831e-09 2.19121e-08 -6.46279e-10 1.08288e-09 2.7229e-11 -3.86493e-10 -1.35707e-08
894 1.23 450 0 -5.34126e-09 2.58393e-10 -1.72765e-08 6.17428e-10 2.75688e-10 6.9714e-09 2.38385e-08 -8.3421e-10 9.39572e-10 3.10125e-11 -5.0542e-10 -1.48673e-08
894 1.24 450 0 -6.50952e-09 3.60662e-10 -1.94e-08 8.48687e-10 3.88099e-10 8.17001e-09 2.68729e-08 -1.15523e-09 7.915e-10 3.75317e-11 -7.08479e-10 -1.68673e-08
894 1.25 450 0 -8.31341e-09 5.583e-10 -2.29662e-08 1.29392e-09 6.05293e-10 1.00815e-08 3.19248e-08 -1.77399e-09 6.23833e-10 4.98482e-11 -1.1004e-09 -2.01559e-08
894 1.26 450 0 -1.15188e-08 1.02855e-09 -2.96534e-08 2.34794e-09 1.12258e-09 1.35518e-08 4.13505e-08 -3.2415e-09 4.00706e-10 7.76906e-11 -2.03225e-09 -2.62476e-08
894 1.27 450 0 -1.88764e-08 2.69181e-09 -4.55024e-08 6.05298e-09 2.95502e-09 2.16223e-08 6.36306e-08 -8.41284e-09 -2.90908e-12 1.69133e-10 -5.32746e-09 -4.05904e-08
894 1.28 450 0 -5.02867e-08 2.14529e-08 -1.14191e-07 4.75235e-08 2.36708e-08 5.63145e-08 1.60111e-07 -6.64812e-08 -1.46537e-09 1.0963e-09 -4.24973e-08 -1.02622e-07
894 1.29 450 0 4.55673e-08 1.63998e-08 9.6936e-08 3.57959e-08 1.81757e-08 -4.9745e-08 -1.36115e-07 -5.03906e-08 2.85542e-09 6.60323e-10 -3.24983e-08 8.75356e-08
894 1.3 450 0 1.72745e-08 2.07363e-09 3.484e-08 4.45928e-09 2.30675e-09 -1.85202e-08 -4.90177e-08 -6.31553e-09 1.47741e-09 6.31521e-11 -4.10716e-09 3.16482e-08
894 1.31 450 0 1.03332e-08 7.23262e-10 1.9784e-08 1.53254e-09 8.07088e-10 -1.08904e-08 -2.78766e-08 -2.18322e-09 1.10829e-09 1.5567e-11 -1.43102e-09 1.80606e-08
894 1.32 450 0 7.2641e-09 3.52008e-10 1.32348e-08 7.34954e-10 3.93814e-10 -7.53774e-09 -1.86702e-08 -1.05294e-09 9.22624e-10 4.73647e-12 -6.95308e-10 1.21336e-08
894 1.33 450 0 5.53704e-09 2.02565e-10 9.62225e-09 4.16765e-10 2.27076e-10 -5.66527e-09 -1.35858e-08 -6.00361e-10 8.02549e-10 1.26933e-12 -3.99235e-10 8.85417e-09
894 1.34 450 0 4.42993e-09 1.28848e-10 7.35878e-09 2.61222e-10 1.44652e-10 -4.47503e-09 -1.03959e-08 -3.78294e-10 7.1432e-10 -9.26226e-15 -2.53233e-10 6.79245e-09
894 1.35 450 0 3.65992e-09 8.77184e-11 5.82328e-09 1.75247e-10 9.85709e-11 -3.6546e-09 -8.22903e-09 -2.5509e-10 6.44574e-10 -4.873e-13 -1.71832e-10 5.38895e-09
894 1.36 450 0 3.09357e-09 6.26863e-11 4.72341e-09 1.23413e-10 7.04728e-11 -3.05674e-09 -6.6749e-09 -1.80531e-10 5.86883e-10 -6.38852e-13 -1.2233e-10 4.38013e-09
894 1.37 450 0 2.65977e-09 4.645e-11 3.90385e-09 9.01079e-11 5.22152e-11 -2.60308e-09 -5.51536e-09 -1.32447e-10 5.37722e-10 -6.47981e-13 -9.02493e-11 3.62581e-09
894 1.38 450 0 2.31713e-09 3.54349e-11 3.27458e-09 6.77355e-11 3.98091e-11 -2.24807e-09 -4.624e-09 -1.00027e-10 4.94967e-10 -5.96906e-13 -6.85185e-11 3.04472e-09
894 1.39 450 0 2.0399e-09 2.76676e-11 2.7799e-09 5.21134e-11 3.10476e-11 -1.96347e-09 -3.92251e-09 -7.73061e-11 4.57236e-10 -5.21066e-13 -5.32185e-11 2.58645e-09
894 1.4 450 0 1.81124e-09 2.20113e-11 2.38355e-09 4.08472e-11 2.46562e-11 -1.73081e-09 -3.35989e-09 -6.08615e-11 4.23577e-10 -4.35232e-13 -4.2093e-11 2.21817e-09
894 1.41 450 0 1.61963e-09 1.7801e-11 2.06096e-09 3.25472e-11 1.98921e-11 -1.53755e-09 -2.9016e-09 -4.87041e-11 3.93303e-10 -3.50775e-13 -3.3832e-11 1.91761e-09
894 1.42 450 0 1.45697e-09 1.45949e-11 1.79494e-09 2.62904e-11 1.62577e-11 -1.37483e-09 -2.52338e-09 -3.95084e-11 3.65896e-10 -2.68931e-13 -2.75557e-11 1.66911e-09
894 1.43 450 0 1.31733e-09 1.21057e-11 1.57308e-09 2.14808e-11 1.34277e-11 -1.23626e-09 -2.20777e-09 -3.24171e-11 3.40959e-10 -1.8826e-13 -2.26934e-11 1.46139e-09
894 1.44 450 0 1.19632e-09 1.0148e-11 1.38625e-09 1.77386e-11 1.11954e-11 -1.11709e-09 -1.94188e-09 -2.68832e-11 3.18171e-10 -1.11093e-13 -1.88824e-11 1.28612e-09
894 1.45 450 0 1.0906e-09 8.58493e-12 1.2276e-09 1.47818e-11 9.40283e-12 -1.01374e-09 -1.71602e-09 -2.24998e-11 2.97275e-10 -3.28613e-14 -1.58491e-11 1.137e-09
894 1.46 450 0 9.9759e-10 7.32237e-12 1.09186e-09 1.24183e-11 7.94063e-12 -9.23439e-10 -1.52275e-09 -1.899e-11 2.78055e-10 5.10929e-14 -1.34073e-11 1.00924e-09
894 1.47 450 0 9.15242e-10 6.29096e-12 9.74958e-10 1.0508e-11 6.72217e-12 -8.44015e-10 -1.3563e-09 -1.61535e-11 2.60328e-10 1.51361e-13 -1.14199e-11 8.99067e-10
894 1.48 450 0 8.41936e-10 5.44047e-12 8.73678e-10 8.94969e-12 5.67278e-12 -7.73756e-10 -1.21213e-09 -1.385e-11 2.43939e-10 2.90244e-13 -9.78771e-12 8.03527e-10
894 1.49 450 0 7.7636e-10 4.73309e-12 7.85465e-10 7.66753e-12 4.69375e-12 -7.11286e-10 -1.08659e-09 -1.19907e-11 2.28748e-10 5.35971e-13 -8.43595e-12 7.20256e-10
894 1.5 450 0 7.17442e-10 4.14015e-12 7.08262e-10 6.6045e-12 3.47312e-12 -6.55462e-10 -9.7678e-10 -1.06017e-11 2.14667e-10 1.22735e-12 -7.30807e-12 6.4735e-10
894 1.51 450 0 6.64299e-10 3.64057e-12 6.40397e-10 5.71717e-12 2.78968e-12 -6.00745e-10 -8.82126e-10 -9.30898e-12 2.07186e-10 1.40768e-12 -6.36039e-12 5.83252e-10
894 1.52 450 0 6.16194e-10 3.21439e-12 5.80499e-10 4.971e-12 4.328e-12 -5.59387e-10 -7.9559e-10 -7.38343e-12 1.90476e-10 -1.02773e-12 -5.55919e-12 5.26687e-10
894 1.53 450 0 5.7251e-10 2.85068e-12 5.27437e-10 4.34046e-12 3.55494e-12 -5.1891e-10 -7.20186e-10 -6.56533e-12 1.78772e-10 -5.72786e-13 -4.87803e-12 4.76598e-10
894 1.54 450 0 5.32724e-10 2.53801e-12 4.8027e-10 3.80451e-12 3.06113e-12 -4.81991e-10 -6.53318e-10 -5.80263e-12 1.68128e-10 -3.8708e-13 -4.29573e-12 4.32103e-10
894 1.55 450 0 4.96392e-10 2.2679e-12 4.3821e-10 3.34674e-12 2.68313e-12 -4.48364e-10 -5.93787e-10 -5.1311e-12 1.58252e-10 -2.84802e-13 -3.79564e-12 3.92463e-10
894 1.56 450 0 4.63131e-10 2.03336e-12 4.00593e-10 2.95388e-12 2.37444e-12 -4.17679e-10 -5.40631e-10 -4.54609e-12 1.49049e-10 -2.19152e-13 -3.36419e-12 3.57053e-10
894 1.57 450 0 4.32613e-10 1.82885e-12 3.66859e-10 2.61526e-12 2.11474e-12 -3.89615e-10 -4.93043e-10 -4.03716e-12 1.40455e-10 -1.73004e-13 -2.99038e-12 3.25344e-10
894 1.58 450 0 4.04554e-10 1.64983e-12 3.36528e-10 2.32229e-12 1.89245e-12 -3.6389e-10 -4.50336e-10 -3.59407e-12 1.3242e-10 -1.38405e-13 -2.66538e-12 2.96881e-10
894 1.59 450 0 3.78706e-10 1.49247e-12 3.09191e-10 2.06798e-12 1.70011e-12 -3.40261e-10 -4.11922e-10 -3.20764e-12 1.24899e-10 -1.11444e-13 -2.38195e-12 2.71279e-10
894 1.6 450 0 3.54852e-10 1.35356e-12 2.84498e-10 1.84603e-12 1.53262e-12 -3.18513e-10 -3.77296e-10 -2.86885e-12 1.17854e-10 -9.02296e-14 -2.13339e-12 2.48203e-10
894 1.61 450 0 3.32801e-10 1.23059e-12 2.62145e-10 1.65193e-12 1.3857e-12 -2.98459e-10 -3.46025e-10 -2.57157e-12 1.1125e-10 -7.28949e-14 -1.91506e-12 2.27364e-10
894 1.62 450 0 3.12385e-10 1.12137e-12 2.4187e-10 1.4817e-12 1.25619e-12 -2.79937e-10 -3.17729e-10 -2.3101e-12 1.05055e-10 -5.85804e-14 -1.72277e-12 2.08512e-10
894 1.63 450 0 2.93455e-10 1.02406e-12 2.23445e-10 1.33181e-12 1.14157e-12 -2.628e-10 -2.92082e-10 -2.07921e-12 9.92401e-11 -4.66464e-14 -1.55274e-12 1.9143e-10
894 1.64 450 0 2.7588e-10 9.37104e-13 2.06671e-10 1.1996e-12 1.0397e-12 -2.46922e-10 -2.68797e-10 -1.87511e-12 9.37783e-11 -3.65555e-14 -1.40219e-12 1.75927e-10
894 1.65 450 0 2.59542e-10 8.5921e-13 1.91375e-10 1.08263e-12 9.48856e-13 -2.32187e-10 -2.47623e-10 -1.69415e-12 8.86457e-11 -2.79295e-14 -1.26849e-12 1.61836e-10
894 1.66 450 0 2.44335e-10 7.89209e-13 1.77402e-10 9.78803e-13 8.67652e-13 -2.18497e-10 -2.28341e-10 -1.53317e-12 8.38197e-11 -2.06444e-14 -1.14937e-12 1.4901e-10
894 1.67 450 0 2.30165e-10 7.26174e-13 1.64621e-10 8.8654e-13 7.9479e-13 -2.0576e-10 -2.10756e-10 -1.38989e-12 7.92799e-11 -1.43529e-14 -1.04316e-12 1.37321e-10
894 1.68 450 0 2.16947e-10 6.69272e-13 1.5291e-10 8.04329e-13 7.2926e-13 -1.93896e-10 -1.94699e-10 -1.26202e-12 7.50073e-11 -8.92602e-15 -9.48216e-13 1.26654e-10
894 1.69 450 0 2.04606e-10 6.17788e-13 1.42167e-10 7.30924e-13 6.70172e-13 -1.82833e-10 -1.80018e-10 -1.14769e-12 7.09842e-11 -4.22456e-15 -8.63178e-13 1.16909e-10
894 1.7 450 0 1.93071e-10 5.71112e-13 1.32298e-10 6.65259e-13 6.16762e-13 -1.72505e-10 -1.66579e-10 -1.0453e-12 6.71947e-11 -1.25948e-16 -7.86889e-13 1.07995e-10
894 1.71 450 0 1.82281e-10 5.28701e-13 1.2322e-10 6.06413e-13 5.68376e-13 -1.62854e-10 -1.54263e-10 -9.53444e-13 6.36236e-11 3.44761e-15 -7.18338e-13 9.9833e-11
894 1.72 450 0 1.72178e-10 4.90084e-13 1.1486e-10 5.53596e-13 5.2445e-13 -1.53826e-10 -1.42963e-10 -8.70936e-13 6.0257e-11 6.55898e-15 -6.5666e-13 9.23517e-11
894 1.73 450 0 1.62712e-10 4.54861e-13 1.07152e-10 5.06118e-13 4.84489e-13 -1.45375e-10 -1.32586e-10 -7.96724e-13 5.7082e-11 9.29016e-15 -6.01096e-13 8.54875e-11
894 1.74 450 0 1.53836e-10 4.22676e-13 1.00037e-10 4.63399e-13 4.48061e-13 -1.37456e-10 -1.23045e-10 -7.29936e-13 5.40867e-11 1.16945e-14 -5.51009e-13 7.91836e-11
894 1.75 450 0 1.45506e-10 3.93218e-13 9.34632e-11 4.24951e-13 4.14799e-13 -1.30029e-10 -1.14266e-10 -6.69823e-13 5.12601e-11 1.38159e-14 -5.05862e-13 7.33891e-11
894 1.76 450 0 1.37683e-10 3.66176e-13 8.73823e-11 3.9045e-13 3.84362e-13 -1.23058e-10 -1.0618e-10 -6.15844e-13 4.8592e-11 1.56989e-14 -4.65273e-13 6.80584e-11
894 1.77 450 0 1.30332e-10 3.39048e-13 8.17596e-11 3.62855e-13 3.54408e-13 -1.16508e-10 -9.87415e-11 -5.7285e-13 4.60765e-11 1.72629e-14 -4.33758e-13 6.31621e-11
894 1.78 450 0 1.23419e-10 3.15392e-13 7.65442e-11 3.34947e-13 3.28427e-13 -1.10354e-10 -9.1869e-11 -5.29087e-13 4.36968e-11 1.81027e-14 -4.01089e-13 5.86434e-11
894 1.79 450 0 1.16916e-10 2.93785e-13 7.17057e-11 3.09088e-13 3.04863e-13 -1.04566e-10 -8.55218e-11 -4.88393e-13 4.14474e-11 1.85975e-14 -3.70606e-13 5.44756e-11
894 1.8 450 0 1.10793e-10 2.73986e-13 6.72132e-11 2.85239e-13 2.83406e-13 -9.91194e-11 -7.96556e-11 -4.50741e-13 3.9321e-11 1.88458e-14 -3.42323e-13 5.06288e-11
894 1.81 450 0 1.05026e-10 2.55759e-13 6.30387e-11 2.63372e-13 2.63762e-13 -9.399e-11 -7.42303e-11 -4.16143e-13 3.73104e-11 1.89087e-14 -3.1629e-13 4.70764e-11
894 1.82 450 0 9.95903e-11 2.38963e-13 5.91565e-11 2.43321e-13 2.45753e-13 -8.91568e-11 -6.92093e-11 -3.84357e-13 3.54087e-11 1.88281e-14 -2.92332e-13 4.37935e-11
894 1.83 450 0 9.44652e-11 2.2347e-13 5.55433e-11 2.24932e-13 2.29222e-13 -8.46001e-11 -6.45593e-11 -3.55157e-13 3.36096e-11 1.86311e-14 -2.70288e-13 4.07577e-11
894 1.84 450 0 8.96304e-11 2.09163e-13 5.21779e-11 2.08057e-13 2.14028e-13 -8.03018e-11 -6.025e-11 -3.28318e-13 3.19073e-11 1.83376e-14 -2.49997e-13 3.79489e-11
894 1.85 450 0 8.50671e-11 1.9594e-13 4.90411e-11 1.92565e-13 2.00047e-13 -7.62451e-11 -5.62538e-11 -3.03646e-13 3.0296e-11 1.79683e-14 -2.3132e-13 3.53484e-11
894 1.86 450 0 8.07584e-11 1.83707e-13 4.61153e-11 1.7834e-13 1.87171e-13 -7.24145e-11 -5.25458e-11 -2.80969e-13 2.87705e-11 1.75364e-14 -2.14134e-13 3.29394e-11
894 1.87 450 0 7.66881e-11 1.72384e-13 4.33844e-11 1.65261e-13 1.753e-13 -6.87958e-11 -4.91031e-11 -2.601e-13 2.7326e-11 1.70593e-14 -1.98304e-13 3.07066e-11
894 1.88 450 0 7.28416e-11 1.6189e-13 4.08338e-11 1.5323e-13 1.64336e-13 -6.53757e-11 -4.59049e-11 -2.40887e-13 2.59578e-11 1.65555e-14 -1.83724e-13 2.86361e-11
894 1.89 450 0 6.92052e-11 1.52099e-13 3.84501e-11 1.42167e-13 1.54136e-13 -6.21419e-11 -4.29322e-11 -2.23188e-13 2.46616e-11 1.60469e-14 -1.70295e-13 2.6715e-11
894 1.9 450 0 6.57659e-11 1.42978e-13 3.62209e-11 1.31996e-13 1.44655e-13 -5.90829e-11 -4.01675e-11 -2.06915e-13 2.34334e-11 1.55419e-14 -1.57938e-13 2.49316e-11
894 1.91 450 0 6.25119e-11 1.34482e-13 3.41351e-11 1.22635e-13 1.3584e-13 -5.6188e-11 -3.7595e-11 -1.9194e-13 2.22694e-11 1.50408e-14 -1.46556e-13 2.32753e-11
894 1.92 450 0 5.9432e-11 1.26559e-13 3.21822e-11 1.1401e-13 1.27638e-13 -5.34475e-11 -3.52002e-11 -1.78146e-13 2.11661e-11 1.45446e-14 -1.36064e-13 2.17363e-11
894 1.93 450 0 5.65161e-11 1.19166e-13 3.03527e-11 1.06057e-13 1.20001e-13 -5.08521e-11 -3.29695e-11 -1.65429e-13 2.012e-11 1.40542e-14 -1.26383e-13 2.03057e-11
894 1.94 450 0 5.37544e-11 1.12262e-13 2.8638e-11 9.87158e-14 1.12883e-13 -4.83932e-11 -3.08909e-11 -1.53696e-13 1.91281e-11 1.35705e-14 -1.17443e-13 1.89752e-11
894 1.95 450 0 5.11379e-11 1.05809e-13 2.703e-11 9.1934e-14 1.06245e-13 -4.60628e-11 -2.89529e-11 -1.42859e-13 1.81873e-11 1.30941e-14 -1.09181e-13 1.77373e-11
894 1.96 450 0 4.86583e-11 9.97739e-14 2.55212e-11 8.56633e-14 1.00049e-13 -4.38536e-11 -2.71454e-11 -1.32843e-13 1.72948e-11 1.26256e-14 -1.01537e-13 1.65851e-11
894 1.97 450 0 4.63076e-11 9.41248e-14 2.41049e-11 7.98593e-14 9.42616e-14 -4.17585e-11 -2.54587e-11 -1.23575e-13 1.64481e-11 1.21651e-14 -9.446e-14 1.55121e-11
894 1.98 450 0 4.40786e-11 8.88336e-14 2.27747e-11 7.44813e-14 8.88531e-14 -3.9771e-11 -2.38842e-11 -1.14989e-13 1.56447e-11 1.17124e-14 -8.78981e-14 1.45127e-11
894 1.99 450 0 4.19642e-11 8.38738e-14 2.15249e-11 6.94896e-14 8.37962e-14 -3.7885e-11 -2.24138e-11 -1.07019e-13 1.48821e-11 1.12655e-14 -8.18006e-14 1.35813e-11
894 2 450 0 3.99582e-11 7.92234e-14 2.035e-11 6.48307e-14 7.9074e-14 -3.60948e-11 -2.10399e-11 -9.95669e-14 1.41583e-11 1.08122e-14 -7.60882e-14 1.2713e-11
