894 0 270 0 1.16732e-08 3.99134e-08 -2.22636e-08 1.25901e-08 0 0 0 0 0 0 -2.74294e-08 8.73686e-09
894 0.01 270 0 1.16751e-08 3.99295e-08 -2.22601e-08 1.26009e-08 6.78071e-11 -1.38328e-09 5.04815e-10 -7.6008e-10 -1.62667e-10 1.29073e-09 -2.74241e-08 8.73841e-09
894 0.02 270 0 1.16809e-08 3.99779e-08 -2.22497e-08 1.26334e-08 1.33318e-10 -2.76496e-09 1.00832e-09 -1.52042e-09 -3.23037e-10 2.58105e-09 -2.74083e-08 8.74304e-09
894 0.03 270 0 1.16906e-08 4.00583e-08 -2.22322e-08 1.26873e-08 1.94232e-10 -4.14345e-09 1.50919e-09 -2.28127e-09 -4.78814e-10 3.87053e-09 -2.73819e-08 8.75068e-09
894 0.04 270 0 1.17045e-08 4.01709e-08 -2.22074e-08 1.27626e-08 2.48274e-10 -5.51713e-09 2.00611e-09 -3.04288e-09 -6.27704e-10 5.15874e-09 -2.73448e-08 8.76131e-09
894 0.05 270 0 1.17233e-08 4.03154e-08 -2.2175e-08 1.28593e-08 2.932e-10 -6.88434e-09 2.49776e-09 -3.80547e-09 -7.67417e-10 6.44519e-09 -2.72972e-08 8.77482e-09
894 0.06 270 0 1.1747e-08 4.04912e-08 -2.21341e-08 1.29768e-08 3.26744e-10 -8.24345e-09 2.98281e-09 -4.56925e-09 -8.95732e-10 7.72939e-09 -2.72395e-08 8.79163e-09
894 0.07 270 0 1.17769e-08 4.06987e-08 -2.20855e-08 1.31155e-08 3.46796e-10 -9.59271e-09 3.45994e-09 -5.33441e-09 -1.01027e-09 9.01079e-09 -2.71703e-08 8.81035e-09
894 0.08 270 0 1.18137e-08 4.09374e-08 -2.2028e-08 1.32749e-08 3.512e-10 -1.09304e-08 3.92781e-09 -6.10112e-09 -1.10881e-09 1.02888e-08 -2.70903e-08 8.83148e-09
894 0.09 270 0 1.18581e-08 4.12069e-08 -2.19611e-08 1.34547e-08 3.37883e-10 -1.22546e-08 4.38508e-09 -6.86947e-09 -1.18911e-09 1.15627e-08 -2.69994e-08 8.8547e-09
894 0.1 270 0 1.19114e-08 4.15066e-08 -2.1884e-08 1.36547e-08 3.04866e-10 -1.35636e-08 4.8304e-09 -7.63956e-09 -1.24892e-09 1.28317e-08 -2.68974e-08 8.87979e-09
894 0.11 270 0 1.19745e-08 4.18363e-08 -2.1796e-08 1.38743e-08 2.50194e-10 -1.48554e-08 5.26241e-09 -8.41141e-09 -1.28604e-09 1.40951e-08 -2.67843e-08 8.90645e-09
894 0.12 270 0 1.2049e-08 4.21932e-08 -2.16965e-08 1.41132e-08 1.72001e-10 -1.61281e-08 5.67982e-09 -9.18509e-09 -1.29833e-09 1.53517e-08 -2.66591e-08 8.93411e-09
894 0.13 270 0 1.21355e-08 4.25803e-08 -2.15837e-08 1.43704e-08 6.85366e-11 -1.73795e-08 6.0811e-09 -9.96036e-09 -1.28362e-09 1.66009e-08 -2.6524e-08 8.96353e-09
894 0.14 270 0 1.22365e-08 4.29957e-08 -2.14579e-08 1.46462e-08 -6.16695e-11 -1.86074e-08 6.465e-09 -1.07372e-08 -1.23961e-09 1.78413e-08 -2.6377e-08 8.99283e-09
894 0.15 270 0 1.23528e-08 4.34379e-08 -2.13178e-08 1.49392e-08 -2.2024e-10 -1.98097e-08 6.83014e-09 -1.15154e-08 -1.16435e-09 1.90717e-08 -2.62183e-08 9.02199e-09
894 0.16 270 0 1.24864e-08 4.39042e-08 -2.11622e-08 1.5249e-08 -4.08591e-10 -2.09841e-08 7.1752e-09 -1.22947e-08 -1.05586e-09 2.02905e-08 -2.6047e-08 9.05052e-09
894 0.17 270 0 1.26388e-08 4.4397e-08 -2.09892e-08 1.55743e-08 -6.27927e-10 -2.21281e-08 7.49862e-09 -1.30747e-08 -9.12148e-10 2.14966e-08 -2.58655e-08 9.07888e-09
894 0.18 270 0 1.28122e-08 4.49138e-08 -2.0799e-08 1.5915e-08 -8.79179e-10 -2.32392e-08 7.79917e-09 -1.38549e-08 -7.31049e-10 2.26882e-08 -2.56716e-08 9.10497e-09
894 0.19 270 0 1.30082e-08 4.5453e-08 -2.05896e-08 1.62695e-08 -1.16326e-09 -2.43149e-08 8.07546e-09 -1.46349e-08 -5.10952e-10 2.38635e-08 -2.54656e-08 9.12882e-09
894 0.2 270 0 1.32289e-08 4.60107e-08 -2.03595e-08 1.66365e-08 -1.48114e-09 -2.53527e-08 8.32618e-09 -1.5414e-08 -2.50296e-10 2.50201e-08 -2.52475e-08 9.15029e-09
894 0.21 270 0 1.34762e-08 4.65897e-08 -2.01082e-08 1.70152e-08 -1.83297e-09 -2.63495e-08 8.54989e-09 -1.61915e-08 5.31136e-11 2.61566e-08 -2.50175e-08 9.16761e-09
894 0.22 270 0 1.37524e-08 4.71858e-08 -1.9834e-08 1.7404e-08 -2.21906e-09 -2.73028e-08 8.74535e-09 -1.69665e-08 4.00505e-10 2.72704e-08 -2.47756e-08 9.18047e-09
894 0.23 270 0 1.40589e-08 4.77951e-08 -1.95353e-08 1.78009e-08 -2.63993e-09 -2.821e-08 8.9113e-09 -1.77382e-08 7.93026e-10 2.83587e-08 -2.45212e-08 9.18863e-09
894 0.24 270 0 1.43984e-08 4.84194e-08 -1.92114e-08 1.8205e-08 -3.09471e-09 -2.90676e-08 9.04641e-09 -1.85053e-08 1.23255e-09 2.94196e-08 -2.42552e-08 9.19006e-09
894 0.25 270 0 1.47728e-08 4.90543e-08 -1.88601e-08 1.86139e-08 -3.58339e-09 -2.9873e-08 9.14942e-09 -1.92667e-08 1.71973e-09 3.04499e-08 -2.39778e-08 9.18517e-09
894 0.26 270 0 1.51841e-08 4.96953e-08 -1.84814e-08 1.90262e-08 -4.10508e-09 -3.06234e-08 9.21941e-09 -2.00212e-08 2.25573e-09 3.14461e-08 -2.36871e-08 9.17142e-09
894 0.27 270 0 1.56341e-08 5.03431e-08 -1.80727e-08 1.9439e-08 -4.65884e-09 -3.13154e-08 9.25497e-09 -2.07671e-08 2.84118e-09 3.24062e-08 -2.33864e-08 9.14927e-09
894 0.28 270 0 1.61248e-08 5.0991e-08 -1.76341e-08 1.98505e-08 -5.24325e-09 -3.19465e-08 9.25539e-09 -2.15031e-08 3.47671e-09 3.33257e-08 -2.30728e-08 9.11614e-09
894 0.29 270 0 1.6658e-08 5.16394e-08 -1.71633e-08 2.02578e-08 -5.85692e-09 -3.25133e-08 9.21936e-09 -2.22271e-08 4.16267e-09 3.42023e-08 -2.27497e-08 9.07236e-09
894 0.3 270 0 1.72355e-08 5.22811e-08 -1.66603e-08 2.06586e-08 -6.49749e-09 -3.30134e-08 9.14643e-09 -2.29376e-08 4.89897e-09 3.50312e-08 -2.24145e-08 9.0152e-09
894 0.31 270 0 1.78563e-08 5.29208e-08 -1.6125e-08 2.10521e-08 -7.16425e-09 -3.34421e-08 9.03536e-09 -2.36327e-08 5.68601e-09 3.58104e-08 -2.20705e-08 8.94471e-09
894 0.32 270 0 1.85383e-08 5.35604e-08 -1.55513e-08 2.14377e-08 -7.84952e-09 -3.37917e-08 8.88486e-09 -2.43093e-08 6.5257e-09 3.6532e-08 -2.1718e-08 8.85276e-09
894 0.33 270 0 1.92704e-08 5.41876e-08 -1.49409e-08 2.18086e-08 -8.55356e-09 -3.40642e-08 8.69468e-09 -2.49656e-08 7.41489e-09 3.71951e-08 -2.13582e-08 8.745e-09
894 0.34 270 0 2.00478e-08 5.47835e-08 -1.42959e-08 2.21571e-08 -9.27424e-09 -3.42622e-08 8.46563e-09 -2.55992e-08 8.35036e-09 3.77951e-08 -2.09888e-08 8.62173e-09
894 0.35 270 0 2.08745e-08 5.53503e-08 -1.36154e-08 2.24819e-08 -1.00068e-08 -3.43813e-08 8.19721e-09 -2.62074e-08 9.33183e-09 3.83276e-08 -2.06117e-08 8.4792e-09
894 0.36 270 0 2.17525e-08 5.58879e-08 -1.2898e-08 2.27797e-08 -1.07474e-08 -3.44177e-08 7.8889e-09 -2.67872e-08 1.03578e-08 3.87892e-08 -2.023e-08 8.31664e-09
894 0.37 270 0 2.26813e-08 5.63874e-08 -1.21447e-08 2.30464e-08 -1.14916e-08 -3.43705e-08 7.54123e-09 -2.73361e-08 1.14256e-08 3.9174e-08 -1.98426e-08 8.1321e-09
894 0.38 270 0 2.36596e-08 5.68419e-08 -1.13566e-08 2.32769e-08 -1.22346e-08 -3.42395e-08 7.15498e-09 -2.78508e-08 1.25322e-08 3.94786e-08 -1.9451e-08 7.92355e-09
894 0.39 270 0 2.46887e-08 5.72509e-08 -1.05329e-08 2.34676e-08 -1.29713e-08 -3.40219e-08 6.73016e-09 -2.8328e-08 1.3675e-08 3.96991e-08 -1.90589e-08 7.69052e-09
894 0.4 270 0 2.57664e-08 5.7605e-08 -9.67579e-09 2.36137e-08 -1.36968e-08 -3.37176e-08 6.26808e-09 -2.87648e-08 1.48502e-08 3.98301e-08 -1.86656e-08 7.4309e-09
894 0.41 270 0 2.68918e-08 5.79003e-08 -8.7863e-09 2.37108e-08 -1.4405e-08 -3.33261e-08 5.76983e-09 -2.91575e-08 1.60537e-08 3.98679e-08 -1.82739e-08 7.1431e-09
894 0.42 270 0 2.80629e-08 5.81307e-08 -7.86647e-09 2.37538e-08 -1.50904e-08 -3.28476e-08 5.23692e-09 -2.95026e-08 1.7281e-08 3.98085e-08 -1.78861e-08 6.82567e-09
894 0.43 270 0 2.92773e-08 5.82903e-08 -6.91844e-09 2.3738e-08 -1.57467e-08 -3.22827e-08 4.67113e-09 -2.97967e-08 1.85273e-08 3.96479e-08 -1.75044e-08 6.4773e-09
894 0.44 270 0 3.05323e-08 5.83751e-08 -5.94492e-09 2.36584e-08 -1.63678e-08 -3.16324e-08 4.07451e-09 -3.00357e-08 1.97873e-08 3.93834e-08 -1.71321e-08 6.09613e-09
894 0.45 270 0 3.18209e-08 5.83781e-08 -4.95113e-09 2.35111e-08 -1.69489e-08 -3.08983e-08 3.45005e-09 -3.02173e-08 2.10546e-08 3.90109e-08 -1.67699e-08 5.6818e-09
894 0.46 270 0 3.31447e-08 5.829e-08 -3.93742e-09 2.32878e-08 -1.74809e-08 -3.00841e-08 2.80024e-09 -3.03359e-08 2.23228e-08 3.85264e-08 -1.64225e-08 5.23243e-09
894 0.47 270 0 3.44962e-08 5.81077e-08 -2.90984e-09 2.29848e-08 -1.79588e-08 -2.91919e-08 2.12857e-09 -3.03885e-08 2.35852e-08 3.79279e-08 -1.60928e-08 4.74717e-09
894 0.48 270 0 3.587e-08 5.78258e-08 -1.87317e-09 2.25965e-08 -1.83765e-08 -2.82254e-08 1.43876e-09 -3.03711e-08 2.48343e-08 3.72133e-08 -1.57844e-08 4.22534e-09
894 0.49 270 0 3.726e-08 5.74386e-08 -8.33191e-10 2.21185e-08 -1.87273e-08 -2.71889e-08 7.35129e-10 -3.02803e-08 2.60625e-08 3.63804e-08 -1.5501e-08 3.6655e-09
894 0.5 270 0 3.86571e-08 5.69372e-08 2.03091e-10 2.15436e-08 -1.90067e-08 -2.60897e-08 2.29594e-11 -3.01122e-08 2.72604e-08 3.54277e-08 -1.52456e-08 3.06812e-09
894 0.51 270 0 4.0059e-08 5.63242e-08 1.2306e-09 2.0871e-08 -1.92068e-08 -2.49293e-08 -6.93601e-10 -2.98634e-08 2.84218e-08 3.43546e-08 -1.50254e-08 2.4323e-09
894 0.52 270 0 4.1456e-08 5.55913e-08 2.24093e-09 2.00948e-08 -1.93228e-08 -2.37163e-08 -1.40832e-09 -2.95309e-08 2.95368e-08 3.31604e-08 -1.48438e-08 1.75875e-09
894 0.53 270 0 4.28399e-08 5.47345e-08 3.22558e-09 1.92107e-08 -1.935e-08 -2.24579e-08 -2.11493e-09 -2.91115e-08 3.05966e-08 3.18455e-08 -1.47055e-08 1.04786e-09
894 0.54 270 0 4.4202e-08 5.3751e-08 4.17562e-09 1.82151e-08 -1.92835e-08 -2.11613e-08 -2.80666e-09 -2.86021e-08 3.15917e-08 3.04108e-08 -1.46157e-08 3.00489e-10
894 0.55 270 0 4.55322e-08 5.2641e-08 5.08033e-09 1.71067e-08 -1.912e-08 -1.9832e-08 -3.47644e-09 -2.80006e-08 3.25132e-08 2.88575e-08 -1.45786e-08 -4.81929e-10
894 0.56 270 0 4.68238e-08 5.13962e-08 5.93043e-09 1.58789e-08 -1.8854e-08 -1.84848e-08 -4.11553e-09 -2.73037e-08 3.33511e-08 2.71889e-08 -1.46022e-08 -1.29779e-09
894 0.57 270 0 4.80616e-08 5.00146e-08 6.71384e-09 1.45288e-08 -1.84859e-08 -1.71264e-08 -4.71522e-09 -2.65088e-08 3.40943e-08 2.54058e-08 -1.46913e-08 -2.14509e-09
894 0.58 270 0 4.924e-08 4.85003e-08 7.41846e-09 1.30578e-08 -1.80106e-08 -1.57663e-08 -5.26646e-09 -2.56153e-08 3.4735e-08 2.35142e-08 -1.4853e-08 -3.0209e-09
894 0.59 270 0 5.03454e-08 4.68497e-08 8.03015e-09 1.1463e-08 -1.7429e-08 -1.44149e-08 -5.75883e-09 -2.46212e-08 3.52627e-08 2.15167e-08 -1.5092e-08 -3.92131e-09
894 0.6 270 0 5.13673e-08 4.50641e-08 8.53521e-09 9.74479e-09 -1.67401e-08 -1.30829e-08 -6.18134e-09 -2.3526e-08 3.56678e-08 1.9419e-08 -1.54162e-08 -4.84243e-09
894 0.61 270 0 5.22952e-08 4.3146e-08 8.919e-09 7.90433e-09 -1.59437e-08 -1.17811e-08 -6.52209e-09 -2.23295e-08 3.5941e-08 1.72274e-08 -1.58334e-08 -5.77969e-09
894 0.62 270 0 5.3115e-08 4.1094e-08 9.16501e-09 5.9422e-09 -1.5043e-08 -1.052e-08 -6.76842e-09 -2.10317e-08 3.60718e-08 1.49455e-08 -1.63492e-08 -6.72681e-09
894 0.63 270 0 5.38175e-08 3.89174e-08 9.25521e-09 3.86439e-09 -1.40386e-08 -9.30903e-09 -6.90659e-09 -1.96349e-08 3.60525e-08 1.25835e-08 -1.69699e-08 -7.67679e-09
894 0.64 270 0 5.43895e-08 3.66103e-08 9.17187e-09 1.67043e-09 -1.29358e-08 -8.16503e-09 -6.92099e-09 -1.81401e-08 3.58728e-08 1.0147e-08 -1.77037e-08 -8.62161e-09
894 0.65 270 0 5.4816e-08 3.4178e-08 8.8955e-09 -6.32013e-10 -1.17405e-08 -7.09828e-09 -6.79576e-09 -1.65517e-08 3.55228e-08 7.64409e-09 -1.85579e-08 -9.55281e-09
894 0.66 270 0 5.50868e-08 3.16268e-08 8.40498e-09 -3.03524e-09 -1.04572e-08 -6.11754e-09 -6.51392e-09 -1.48734e-08 3.49947e-08 5.08266e-09 -1.95378e-08 -1.04594e-08
894 0.67 270 0 5.51892e-08 2.89625e-08 7.67892e-09 -5.52882e-09 -9.09253e-09 -5.23532e-09 -6.05633e-09 -1.31125e-08 3.428e-08 2.47306e-09 -2.06517e-08 -1.133e-08
894 0.68 270 0 5.51095e-08 2.61893e-08 6.69336e-09 -8.10184e-09 -7.6556e-09 -4.4624e-09 -5.40309e-09 -1.12762e-08 3.33694e-08 -1.76166e-10 -2.19036e-08 -1.21509e-08
894 0.69 270 0 5.48343e-08 2.33141e-08 5.42427e-09 -1.07387e-08 -6.15512e-09 -3.80962e-09 -4.53206e-09 -9.37567e-09 3.22546e-08 -2.85471e-09 -2.33007e-08 -1.29074e-08
894 0.7 270 0 5.435e-08 2.03462e-08 3.84558e-09 -1.34207e-08 -4.60013e-09 -3.28273e-09 -3.42075e-09 -7.42275e-09 3.09264e-08 -5.55349e-09 -2.48454e-08 -1.35828e-08
894 0.71 270 0 5.36399e-08 1.72849e-08 1.92963e-09 -1.61302e-08 -3.00624e-09 -2.89925e-09 -2.04296e-09 -5.43353e-09 2.93753e-08 -8.26196e-09 -2.65425e-08 -1.41577e-08
894 0.72 270 0 5.26867e-08 1.41398e-08 -3.50792e-10 -1.88388e-08 -1.38558e-09 -2.66521e-09 -3.73017e-10 -3.4285e-09 2.75905e-08 -1.09709e-08 -2.83943e-08 -1.46124e-08
894 0.73 270 0 5.14749e-08 1.09198e-08 -3.02572e-09 -2.15178e-08 2.48728e-10 -2.58793e-09 1.61733e-09 -1.42942e-09 2.55617e-08 -1.36685e-08 -3.03994e-08 -1.49238e-08
894 0.74 270 0 4.99884e-08 7.63632e-09 -6.13847e-09 -2.41549e-08 1.88131e-09 -2.68194e-09 3.95957e-09 5.66444e-10 2.32731e-08 -1.63353e-08 -3.25457e-08 -1.50771e-08
894 0.75 270 0 4.82049e-08 4.29743e-09 -9.71874e-09 -2.66737e-08 3.50177e-09 -2.95419e-09 6.69996e-09 2.483e-09 2.07202e-08 -1.89741e-08 -3.48333e-08 -1.50299e-08
894 0.76 270 0 4.60981e-08 9.13586e-10 -1.37836e-08 -2.9019e-08 5.09212e-09 -3.40299e-09 9.8597e-09 4.27316e-09 1.78829e-08 -2.15717e-08 -3.72595e-08 -1.47556e-08
894 0.77 270 0 4.36346e-08 -2.51278e-09 -1.83644e-08 -3.11385e-08 6.62533e-09 -4.04151e-09 1.34705e-08 5.88926e-09 1.47391e-08 -2.41159e-08 -3.98106e-08 -1.42249e-08
894 0.78 270 0 4.07804e-08 -5.9631e-09 -2.34911e-08 -3.29631e-08 8.08381e-09 -4.87226e-09 1.7566e-08 7.27088e-09 1.12625e-08 -2.65898e-08 -4.24666e-08 -1.34053e-08
894 0.79 270 0 3.74908e-08 -9.42162e-09 -2.91886e-08 -3.4411e-08 9.44366e-09 -5.90077e-09 2.21765e-08 8.34311e-09 7.42001e-09 -2.89761e-08 -4.52037e-08 -1.22642e-08
894 0.8 270 0 3.37153e-08 -1.28638e-08 -3.54809e-08 -3.53892e-08 1.06814e-08 -7.13189e-09 2.7333e-08 9.01902e-09 3.17206e-09 -3.12506e-08 -4.79884e-08 -1.07675e-08
894 0.81 270 0 2.93902e-08 -1.62552e-08 -4.23844e-08 -3.57873e-08 1.17715e-08 -8.56826e-09 3.30608e-08 9.19421e-09 -1.53314e-09 -3.33808e-08 -5.07815e-08 -8.8834e-09
894 0.82 270 0 2.44378e-08 -1.95599e-08 -4.99075e-08 -3.54803e-08 1.26794e-08 -1.02181e-08 3.93781e-08 8.7443e-09 -6.75593e-09 -3.53297e-08 -5.35339e-08 -6.58108e-09
894 0.83 270 0 1.87653e-08 -2.27103e-08 -5.80502e-08 -3.43216e-08 1.33755e-08 -1.20828e-08 4.6297e-08 7.52434e-09 -1.25752e-08 -3.70351e-08 -5.61862e-08 -3.83435e-09
894 0.84 270 0 1.22523e-08 -2.5622e-08 -6.68064e-08 -3.21515e-08 1.37982e-08 -1.41743e-08 5.38216e-08 5.3723e-09 -1.90893e-08 -3.84081e-08 -5.86726e-08 -6.28832e-10
894 0.85 270 0 4.76429e-09 -2.81707e-08 -7.61426e-08 -2.877e-08 1.38906e-08 -1.64979e-08 6.19318e-08 2.08509e-09 -2.64076e-08 -3.93347e-08 -6.09152e-08 3.04318e-09
894 0.86 270 0 -3.85327e-09 -3.01695e-08 -8.59962e-08 -2.39397e-08 1.36154e-08 -1.90514e-08 7.05815e-08 -2.58316e-09 -3.4668e-08 -3.965e-08 -6.28276e-08 7.17813e-09
894 0.87 270 0 -1.37868e-08 -3.13634e-08 -9.62835e-08 -1.73956e-08 1.28893e-08 -2.18419e-08 7.96991e-08 -8.91664e-09 -4.40291e-08 -3.91122e-08 -6.43176e-08 1.17551e-08
894 0.88 270 0 -2.52415e-08 -3.13682e-08 -1.06884e-07 -8.8148e-09 1.16211e-08 -2.48734e-08 8.91745e-08 -1.72607e-08 -5.46719e-08 -3.73619e-08 -6.52897e-08 1.67324e-08
894 0.89 270 0 -3.84318e-08 -2.96274e-08 -1.17628e-07 2.19791e-09 9.68354e-09 -2.81494e-08 9.88431e-08 -2.80437e-08 -6.6783e-08 -3.38727e-08 -6.56503e-08 2.20457e-08
894 0.9 270 0 -5.35494e-08 -2.53187e-08 -1.28277e-07 1.61497e-08 6.90008e-09 -3.16681e-08 1.08461e-07 -4.1817e-08 -8.05243e-08 -2.78621e-08 -6.53139e-08 2.76061e-08
894 0.91 270 0 -7.06876e-08 -1.72048e-08 -1.38473e-07 3.37265e-08 3.02045e-09 -3.54138e-08 1.17651e-07 -5.93241e-08 -9.59591e-08 -1.81476e-08 -6.42123e-08 3.33001e-08
894 0.92 270 0 -8.96766e-08 -3.41823e-09 -1.47647e-07 5.58974e-08 -2.34665e-09 -3.93269e-08 1.25798e-07 -8.16124e-08 -1.1288e-07 -2.93339e-09 -6.23056e-08 3.89949e-08
894 0.93 270 0 -1.09659e-07 1.89634e-08 -1.54781e-07 8.41237e-08 -9.79846e-09 -4.32472e-08 1.31792e-07 -1.10243e-07 -1.30395e-07 2.05922e-08 -5.95959e-08 4.45465e-08
894 0.94 270 0 -1.28046e-07 5.45097e-08 -1.57833e-07 1.20664e-07 -2.03154e-08 -4.67364e-08 1.33405e-07 -1.47604e-07 -1.45888e-07 5.6825e-08 -5.61442e-08 4.98265e-08
894 0.95 270 0 -1.37675e-07 1.10123e-07 -1.52188e-07 1.68929e-07 -3.55089e-08 -4.85825e-08 1.25641e-07 -1.97248e-07 -1.52209e-07 1.12365e-07 -5.20857e-08 5.47813e-08
894 0.96 270 0 -1.18977e-07 1.93582e-07 -1.26433e-07 2.32741e-07 -5.77532e-08 -4.52817e-08 9.62483e-08 -2.63019e-07 -1.29994e-07 1.94442e-07 -4.75986e-08 5.95903e-08
894 0.97 270 0 -2.16935e-08 2.95536e-07 -5.24363e-08 3.07055e-07 -8.78525e-08 -2.68664e-08 1.53701e-08 -3.38959e-07 -3.00045e-08 2.92853e-07 -4.25501e-08 6.50098e-08
894 0.98 270 0 2.2179e-07 2.96717e-07 1.09264e-07 3.30025e-07 -1.08239e-07 2.53792e-08 -1.57735e-07 -3.58442e-07 2.12105e-07 2.88826e-07 -3.47429e-08 7.21032e-08
894 0.99 270 0 3.79233e-07 -4.78013e-08 2.52117e-07 1.74623e-07 -6.66179e-08 8.59088e-08 -3.07292e-07 -1.88484e-07 3.63207e-07 -5.51898e-08 -1.97141e-08 7.64551e-08
894 1 270 0 -5.63512e-06 -2.09338e-07 1.74926e-07 3.25122e-09 -3.315e-11 7.51751e-08 -2.25863e-07 -3.47867e-09 -5.64977e-06 -2.09669e-07 -2.10496e-10 7.38505e-08
894 1.01 270 0 -2.76287e-09 4.38195e-09 1.02317e-07 1.65317e-09 4.88434e-10 4.55814e-08 -1.42906e-07 -1.66961e-09 -1.42184e-08 4.06358e-09 -1.53679e-11 5.59628e-08
894 1.02 270 0 5.8604e-09 3.32566e-09 7.27198e-08 1.17798e-09 5.72099e-10 3.7649e-08 -1.10075e-07 -1.13244e-09 -3.66284e-09 3.01159e-09 2.98597e-11 5.00937e-08
894 1.03 270 0 3.58422e-09 2.79017e-09 5.47977e-08 9.47299e-10 6.16643e-10 3.39292e-08 -9.01976e-08 -8.6243e-10 -4.28222e-09 2.47183e-09 5.76154e-11 4.61366e-08
894 1.04 270 0 -6.66239e-10 2.47629e-09 4.23725e-08 8.17449e-10 6.5182e-10 3.21775e-08 -7.64947e-08 -7.02159e-10 -6.95722e-09 2.14862e-09 7.79235e-11 4.3189e-08
894 1.05 270 0 -5.35469e-09 2.28146e-09 3.3042e-08 7.39923e-10 6.87285e-10 3.15767e-08 -6.63256e-08 -5.97714e-10 -1.00791e-08 1.93991e-09 9.45145e-11 4.08856e-08
894 1.06 270 0 -1.01446e-08 2.15978e-09 2.56309e-08 6.93504e-10 7.23261e-10 3.17568e-08 -5.8398e-08 -5.26663e-10 -1.32702e-08 1.80174e-09 1.09328e-10 3.90387e-08
894 1.07 270 0 -1.49855e-08 2.08864e-09 1.94815e-08 6.67716e-10 7.63603e-10 3.25258e-08 -5.19891e-08 -4.76418e-10 -1.64527e-08 1.71053e-09 1.2341e-10 3.75379e-08
894 1.08 270 0 -1.99101e-08 2.05645e-09 1.41903e-08 6.57313e-10 8.11051e-10 3.37817e-08 -4.66582e-08 -4.40177e-10 -1.96365e-08 1.65362e-09 1.37485e-10 3.63141e-08
894 1.09 270 0 -2.49824e-08 2.05515e-09 9.48919e-09 6.58718e-10 8.64177e-10 3.54787e-08 -4.21194e-08 -4.14601e-10 -2.28605e-08 1.62408e-09 1.52172e-10 3.53226e-08
894 1.1 270 0 -3.02764e-08 2.08253e-09 5.18958e-09 6.70766e-10 9.26444e-10 3.75989e-08 -3.81756e-08 -3.96958e-10 -2.61737e-08 1.61792e-09 1.68008e-10 3.45338e-08
894 1.11 270 0 -3.58759e-08 2.13883e-09 1.1492e-09 6.93438e-10 1.0012e-09 4.01497e-08 -3.4686e-08 -3.85729e-10 -2.96318e-08 1.63355e-09 1.85563e-10 3.39288e-08
894 1.12 270 0 -4.1881e-08 2.22325e-09 -2.74794e-09 7.26231e-10 1.08823e-09 4.31641e-08 -3.15456e-08 -3.80389e-10 -3.32983e-08 1.67047e-09 2.05426e-10 3.34979e-08
894 1.13 270 0 -4.84057e-08 2.34019e-09 -6.60213e-09 7.70698e-10 1.19258e-09 4.66923e-08 -2.86724e-08 -3.80417e-10 -3.72451e-08 1.73024e-09 2.28388e-10 3.32378e-08
894 1.14 270 0 -5.55874e-08 2.4968e-09 -1.05079e-08 8.29495e-10 1.32071e-09 5.08078e-08 -2.59991e-08 -3.85822e-10 -4.15574e-08 1.81631e-09 2.55501e-10 3.3152e-08
894 1.15 270 0 -6.3605e-08 2.69866e-09 -1.45643e-08 9.04484e-10 1.47589e-09 5.56204e-08 -2.34683e-08 -3.97167e-10 -4.63428e-08 1.93262e-09 2.87958e-10 3.32522e-08
894 1.16 270 0 -7.26824e-08 2.9601e-09 -1.88804e-08 1.00093e-09 1.6692e-09 6.12741e-08 -2.10267e-08 -4.15302e-10 -5.17361e-08 2.08719e-09 3.27651e-10 3.35582e-08
894 1.17 270 0 -8.3118e-08 3.3018e-09 -2.35868e-08 1.12646e-09 1.91579e-09 6.79688e-08 -1.86213e-08 -4.41836e-10 -5.79151e-08 2.29206e-09 3.77296e-10 3.41007e-08
894 1.18 270 0 -9.53261e-08 3.74871e-09 -2.88527e-08 1.29e-09 2.23223e-09 7.59901e-08 -1.61947e-08 -4.79203e-10 -6.51249e-08 2.56302e-09 4.40531e-10 3.49274e-08
894 1.19 270 0 -1.09882e-07 4.34979e-09 -3.49039e-08 1.50959e-09 2.6537e-09 8.5739e-08 -1.36784e-08 -5.31526e-10 -7.37059e-08 2.92889e-09 5.23602e-10 3.61076e-08
894 1.2 270 0 -1.27642e-07 5.17163e-09 -4.20668e-08 1.80938e-09 3.22561e-09 9.78185e-08 -1.09833e-08 -6.05113e-10 -8.41619e-08 3.43074e-09 6.35649e-10 3.77482e-08
894 1.21 270 0 -1.499e-07 6.34414e-09 -5.08281e-08 2.23703e-09 4.03966e-09 1.13144e-07 -7.98375e-09 -7.11478e-10 -9.72556e-08 4.14606e-09 7.9345e-10 4.00141e-08
894 1.22 270 0 -1.78761e-07 8.08182e-09 -6.19717e-08 2.87083e-09 5.24453e-09 1.3321e-07 -4.48561e-09 -8.70388e-10 -1.14226e-07 5.20498e-09 1.02564e-09 4.31766e-08
894 1.23 270 0 -2.17849e-07 1.08292e-08 -7.68399e-08 3.87365e-09 7.15185e-09 1.60591e-07 -1.6335e-10 -1.12193e-09 -1.37203e-07 6.87402e-09 1.39045e-09 4.77053e-08
894 1.24 270 0 -2.73994e-07 1.55706e-08 -9.79577e-08 5.60654e-09 1.04526e-08 2.00148e-07 5.58806e-09 -1.55474e-09 -1.70205e-07 9.74206e-09 2.01685e-09 5.44891e-08
894 1.25 270 0 -3.61846e-07 2.48315e-08 -1.30732e-07 8.99583e-09 1.69215e-08 2.62308e-07 1.40549e-08 -2.39548e-09 -2.21844e-07 1.53178e-08 3.23645e-09 6.54377e-08
894 1.26 270 0 -5.19236e-07 4.71346e-08 -1.8912e-07 1.71729e-08 3.25697e-08 3.74012e-07 2.85495e-08 -4.40406e-09 -3.14359e-07 2.86708e-08 6.16508e-09 8.54862e-08
894 1.27 270 0 -8.82234e-07 1.27122e-07 -3.23311e-07 4.65562e-08 8.89677e-08 6.32176e-07 6.09614e-08 -1.15376e-08 -5.27709e-07 7.62676e-08 1.66448e-08 1.3239e-07
894 1.28 270 0 -2.43825e-06 1.04431e-06 -8.9765e-07 3.84271e-07 7.39496e-07 1.7408e-06 1.97376e-07 -9.23504e-08 -1.44145e-06 6.18103e-07 1.36538e-07 3.34953e-07
894 1.29 270 0 2.29711e-06 8.23082e-07 8.48286e-07 3.04166e-07 5.8913e-07 -1.63045e-06 -2.16203e-07 -7.11819e-08 1.34335e-06 4.80718e-07 1.07176e-07 -2.83543e-07
894 1.3 270 0 9.04553e-07 1.07336e-07 3.34757e-07 3.98143e-08 7.75817e-08 -6.40578e-07 -9.35092e-08 -9.10683e-09 5.23256e-07 6.18797e-08 1.38892e-08 -1.02131e-07
894 1.31 270 0 5.62396e-07 3.86244e-08 2.08383e-07 1.43739e-08 2.8166e-08 -3.97396e-07 -6.30058e-08 -3.22741e-09 3.21947e-07 2.19863e-08 4.95466e-09 -5.78599e-08
894 1.32 270 0 4.1106e-07 1.94006e-08 1.52376e-07 7.24023e-09 1.42616e-08 -2.8995e-07 -4.9245e-08 -1.60274e-09 2.32947e-07 1.09076e-08 2.46105e-09 -3.84855e-08
894 1.33 270 0 3.25836e-07 1.15262e-08 1.2076e-07 4.31154e-09 8.53405e-09 -2.29532e-07 -4.12996e-08 -9.45182e-10 1.8285e-07 6.4032e-09 1.44263e-09 -2.77267e-08
894 1.34 270 0 2.71123e-07 7.57204e-09 1.00408e-07 2.83778e-09 5.64244e-09 -1.90814e-07 -3.60497e-08 -6.18831e-10 1.50707e-07 4.15794e-09 9.32755e-10 -2.09373e-08
894 1.35 270 0 2.32978e-07 5.32609e-09 8.61782e-08 1.99887e-09 3.99119e-09 -1.63873e-07 -3.2273e-08 -4.35517e-10 1.28312e-07 2.89232e-09 6.44309e-10 -1.62975e-08
894 1.36 270 0 2.04824e-07 3.93403e-09 7.56441e-08 1.47784e-09 2.96244e-09 -1.44031e-07 -2.93921e-08 -3.2312e-10 1.11796e-07 2.11378e-09 4.66278e-10 -1.29498e-08
894 1.37 270 0 1.83159e-07 3.0141e-09 6.75139e-08 1.1329e-09 2.27919e-09 -1.28797e-07 -2.7099e-08 -2.49653e-10 9.90984e-08 1.60317e-09 3.49122e-10 -1.04377e-08
894 1.38 270 0 1.65949e-07 2.37835e-09 6.10361e-08 8.94035e-10 1.80465e-09 -1.16723e-07 -2.52143e-08 -1.99371e-10 8.90225e-08 1.2531e-09 2.68644e-10 -8.49617e-09
894 1.39 270 0 1.51928e-07 1.92153e-09 5.57438e-08 7.22091e-10 1.462e-09 -1.0691e-07 -2.3626e-08 -1.63604e-10 8.08238e-08 1.00355e-09 2.11172e-10 -6.96069e-09
894 1.4 270 0 1.40269e-07 1.58235e-09 5.13312e-08 5.94243e-10 1.20632e-09 -9.87694e-08 -2.22606e-08 -1.37375e-10 7.40158e-08 8.19823e-10 1.68739e-10 -5.72389e-09
894 1.41 270 0 1.30409e-07 1.32505e-09 4.75902e-08 4.97086e-10 1.0114e-09 -9.19012e-08 -2.1068e-08 -1.17678e-10 6.82674e-08 6.81695e-10 1.36824e-10 -4.71273e-09
894 1.42 270 0 1.21952e-07 1.12528e-09 4.43737e-08 4.21544e-10 8.59255e-10 -8.60234e-08 -2.00124e-08 -1.02603e-10 6.33447e-08 5.75501e-10 1.12246e-10 -3.87586e-09
894 1.43 270 0 1.14609e-07 9.67063e-10 4.1575e-08 3.61651e-10 7.37969e-10 -8.09312e-08 -1.90677e-08 -9.09451e-11 5.90785e-08 4.92402e-10 9.29307e-11 -3.17612e-09
894 1.44 270 0 1.08167e-07 8.40196e-10 3.91148e-08 3.13554e-10 6.40027e-10 -7.6473e-08 -1.82147e-08 -8.18281e-11 5.53431e-08 4.26691e-10 7.76111e-11 -2.58601e-09
894 1.45 270 0 1.02463e-07 7.36864e-10 3.69328e-08 2.74339e-10 5.59459e-10 -7.25335e-08 -1.74383e-08 -7.47519e-11 5.2043e-08 3.74207e-10 6.52629e-11 -2.08472e-09
894 1.46 270 0 9.73725e-08 6.5172e-10 3.49825e-08 2.41994e-10 4.92089e-10 -6.90238e-08 -1.67272e-08 -6.94155e-11 4.91049e-08 3.32215e-10 5.52071e-11 -1.65625e-09
894 1.47 270 0 9.27967e-08 5.80743e-10 3.32272e-08 2.15011e-10 4.34504e-10 -6.58736e-08 -1.60724e-08 -6.57574e-11 4.64715e-08 2.98993e-10 4.69236e-11 -1.28809e-09
894 1.48 270 0 8.86576e-08 5.21019e-10 3.16377e-08 1.9229e-10 3.83671e-10 -6.30264e-08 -1.54673e-08 -6.40823e-11 4.40982e-08 2.73962e-10 4.00459e-11 -9.70343e-10
894 1.49 270 0 8.48921e-08 4.7032e-10 3.01904e-08 1.72992e-10 3.35613e-10 -6.04338e-08 -1.49083e-08 -6.56589e-11 4.19525e-08 2.58677e-10 3.4288e-11 -6.95064e-10
894 1.5 270 0 8.14489e-08 4.26948e-10 2.88663e-08 1.56478e-10 2.81392e-10 -5.80387e-08 -1.44033e-08 -7.51618e-11 4.00293e-08 2.61455e-10 2.94334e-11 -4.55826e-10
894 1.51 270 0 7.82859e-08 3.89591e-10 2.76494e-08 1.42249e-10 5.80788e-10 -5.57154e-08 -1.40084e-08 1.32323e-10 3.84195e-08 -1.50585e-10 2.53384e-11 -2.47351e-10
894 1.52 270 0 7.53678e-08 3.57089e-10 2.65265e-08 1.29862e-10 3.48251e-10 -5.3996e-08 -1.33717e-08 6.07005e-12 3.64322e-08 8.07507e-11 2.18136e-11 -6.53427e-11
894 1.53 270 0 7.26654e-08 3.28773e-10 2.54865e-08 1.19075e-10 2.89404e-10 -5.21386e-08 -1.2941e-08 -1.46188e-11 3.49169e-08 1.10767e-10 1.87997e-11 9.38662e-11
894 1.54 270 0 7.01538e-08 3.03904e-10 2.45202e-08 1.09602e-10 2.58109e-10 -5.04211e-08 -1.25293e-08 -2.00341e-11 3.35046e-08 1.12718e-10 1.62047e-11 2.33288e-10
894 1.55 270 0 6.7812e-08 2.81958e-10 2.36195e-08 1.01245e-10 2.35163e-10 -4.88236e-08 -1.21376e-08 -2.18646e-11 3.21887e-08 1.08872e-10 1.39599e-11 3.5547e-10
894 1.56 270 0 6.56219e-08 2.62492e-10 2.27776e-08 9.38334e-11 2.16533e-10 -4.7332e-08 -1.17649e-08 -2.23849e-11 3.09605e-08 1.03428e-10 1.20123e-11 4.62585e-10
894 1.57 270 0 6.35681e-08 2.45146e-10 2.19886e-08 8.72335e-11 2.00721e-10 -4.59346e-08 -1.141e-08 -2.2331e-11 2.98116e-08 9.76641e-11 1.03138e-11 5.56477e-10
894 1.58 270 0 6.1637e-08 2.29633e-10 2.12474e-08 8.13326e-11 1.86995e-10 -4.46218e-08 -1.10716e-08 -2.20002e-11 2.87345e-08 9.20398e-11 8.8329e-12 6.38733e-10
894 1.59 270 0 5.98171e-08 2.15696e-10 2.05495e-08 7.60347e-11 1.74891e-10 -4.33852e-08 -1.07485e-08 -2.15396e-11 2.77226e-08 8.67473e-11 7.53817e-12 7.10724e-10
894 1.6 270 0 5.8098e-08 2.03118e-10 1.98911e-08 7.12585e-11 1.64143e-10 -4.22176e-08 -1.04397e-08 -2.09966e-11 2.67698e-08 8.17833e-11 6.39623e-12 7.73621e-10
894 1.61 270 0 5.64709e-08 1.91736e-10 1.92687e-08 6.69399e-11 1.54517e-10 -4.11127e-08 -1.01441e-08 -2.04256e-11 2.5871e-08 7.71967e-11 5.39276e-12 8.28458e-10
894 1.62 270 0 5.49278e-08 1.81398e-10 1.86793e-08 6.30207e-11 1.45837e-10 -4.00649e-08 -9.86094e-09 -1.98508e-11 2.50215e-08 7.29781e-11 4.5095e-12 8.76133e-10
894 1.63 270 0 5.34618e-08 1.71979e-10 1.81201e-08 5.94538e-11 1.37987e-10 -3.90695e-08 -9.5893e-09 -1.9276e-11 2.42173e-08 6.90842e-11 3.72847e-12 9.17423e-10
894 1.64 270 0 5.20666e-08 1.6337e-10 1.75888e-08 5.61971e-11 1.30844e-10 -3.8122e-08 -9.32848e-09 -1.87165e-11 2.34546e-08 6.55082e-11 3.0398e-12 9.53022e-10
894 1.65 270 0 5.07367e-08 1.55482e-10 1.70833e-08 5.32162e-11 1.24328e-10 -3.72186e-08 -9.07781e-09 -1.81726e-11 2.27304e-08 6.22167e-11 2.4316e-12 9.83531e-10
894 1.66 270 0 4.94672e-08 1.48228e-10 1.66015e-08 5.04788e-11 1.18363e-10 -3.63559e-08 -8.83669e-09 -1.76424e-11 2.20415e-08 5.91717e-11 1.89139e-12 1.00949e-09
894 1.67 270 0 4.82535e-08 1.41543e-10 1.61419e-08 4.7959e-11 1.12882e-10 -3.55308e-08 -8.60456e-09 -1.71328e-11 2.13854e-08 5.63662e-11 1.41523e-12 1.03136e-09
894 1.68 270 0 4.70917e-08 1.35368e-10 1.57028e-08 4.56334e-11 1.07831e-10 -3.47406e-08 -8.38091e-09 -1.66411e-11 2.07597e-08 5.37718e-11 9.95446e-13 1.04958e-09
894 1.69 270 0 4.59782e-08 1.29648e-10 1.52828e-08 4.34816e-11 1.03166e-10 -3.39827e-08 -8.16527e-09 -1.6167e-11 2.01623e-08 5.13695e-11 6.2605e-13 1.06452e-09
894 1.7 270 0 4.49097e-08 1.24339e-10 1.48807e-08 4.14857e-11 9.88426e-11 -3.32549e-08 -7.95721e-09 -1.57105e-11 1.95912e-08 4.91443e-11 3.0258e-13 1.07651e-09
894 1.71 270 0 4.38832e-08 1.194e-10 1.44952e-08 3.96298e-11 9.48263e-11 -3.25551e-08 -7.75633e-09 -1.52704e-11 1.90448e-08 4.70791e-11 2.10061e-14 1.08584e-09
894 1.72 270 0 4.28961e-08 1.14792e-10 1.41253e-08 3.78996e-11 9.1084e-11 -3.18816e-08 -7.56227e-09 -1.48465e-11 1.85213e-08 4.51607e-11 -2.23041e-13 1.09279e-09
894 1.73 270 0 4.19458e-08 1.10487e-10 1.37701e-08 3.62827e-11 8.75874e-11 -3.12327e-08 -7.37469e-09 -1.44381e-11 1.80194e-08 4.33794e-11 -4.32434e-13 1.09759e-09
894 1.74 270 0 4.10302e-08 1.06455e-10 1.34287e-08 3.4767e-11 8.43101e-11 -3.06067e-08 -7.19326e-09 -1.40454e-11 1.75377e-08 4.17264e-11 -6.06954e-13 1.10046e-09
894 1.75 270 0 4.01471e-08 1.02673e-10 1.31002e-08 3.3341e-11 8.12263e-11 -3.00024e-08 -7.01769e-09 -1.36692e-11 1.7075e-08 4.01973e-11 -7.47303e-13 1.10159e-09
894 1.76 270 0 3.92946e-08 9.91133e-11 1.27839e-08 3.1987e-11 7.82898e-11 -2.94184e-08 -6.84768e-09 -1.3318e-11 1.663e-08 3.88096e-11 -8.39407e-13 1.10114e-09
894 1.77 270 0 3.84712e-08 9.57356e-11 1.24789e-08 3.07865e-11 7.51868e-11 -2.88529e-08 -6.68335e-09 -1.33266e-11 1.62031e-08 3.79732e-11 -1.00348e-12 1.09915e-09
894 1.78 270 0 3.7675e-08 9.25228e-11 1.21849e-08 2.96148e-11 7.25025e-11 -2.83058e-08 -6.52395e-09 -1.30784e-11 1.57913e-08 3.68097e-11 -1.13563e-12 1.096e-09
894 1.79 270 0 3.69047e-08 8.94769e-11 1.19013e-08 2.85027e-11 7.00122e-11 -2.77759e-08 -6.36939e-09 -1.27949e-11 1.53945e-08 3.56345e-11 -1.24773e-12 1.09172e-09
894 1.8 270 0 3.61589e-08 8.65912e-11 1.16273e-08 2.74498e-11 6.76923e-11 -2.72621e-08 -6.21948e-09 -1.24924e-11 1.50118e-08 3.44681e-11 -1.34307e-12 1.08644e-09
894 1.81 270 0 3.54362e-08 8.38548e-11 1.13626e-08 2.64538e-11 6.55134e-11 -2.67637e-08 -6.07404e-09 -1.21874e-11 1.46424e-08 3.3336e-11 -1.42528e-12 1.08025e-09
894 1.82 270 0 3.47357e-08 8.12585e-11 1.11067e-08 2.55109e-11 6.34628e-11 -2.62799e-08 -5.93287e-09 -1.18826e-11 1.42858e-08 3.22412e-11 -1.495e-12 1.07325e-09
894 1.83 270 0 3.40561e-08 7.87933e-11 1.08592e-08 2.46174e-11 6.15293e-11 -2.58098e-08 -5.79582e-09 -1.158e-11 1.39413e-08 3.1185e-11 -1.55325e-12 1.06553e-09
894 1.84 270 0 3.33964e-08 7.64524e-11 1.06195e-08 2.37708e-11 5.97054e-11 -2.53528e-08 -5.66271e-09 -1.12814e-11 1.36083e-08 3.01665e-11 -1.60178e-12 1.05715e-09
894 1.85 270 0 3.27558e-08 7.4228e-11 1.03874e-08 2.29675e-11 5.79812e-11 -2.49084e-08 -5.53339e-09 -1.09883e-11 1.32863e-08 2.91877e-11 -1.64085e-12 1.04819e-09
894 1.86 270 0 3.21333e-08 7.21127e-11 1.01625e-08 2.2204e-11 5.63473e-11 -2.44758e-08 -5.40772e-09 -1.07028e-11 1.29746e-08 2.82497e-11 -1.67148e-12 1.03873e-09
894 1.87 270 0 3.15282e-08 7.0101e-11 9.94445e-09 2.14781e-11 5.4799e-11 -2.40547e-08 -5.28555e-09 -1.04255e-11 1.26729e-08 2.7351e-11 -1.69526e-12 1.0288e-09
894 1.88 270 0 3.09395e-08 6.81873e-11 9.73295e-09 2.07892e-11 5.33316e-11 -2.36443e-08 -5.16678e-09 -1.01586e-11 1.23806e-08 2.64907e-11 -1.71699e-12 1.01848e-09
894 1.89 270 0 3.03667e-08 6.6363e-11 9.52771e-09 2.0142e-11 5.19413e-11 -2.32443e-08 -5.05126e-09 -9.90298e-12 1.20975e-08 2.56638e-11 -1.74475e-12 1.00781e-09
894 1.9 270 0 2.98091e-08 6.46189e-11 9.32845e-09 1.95262e-11 5.06141e-11 -2.28543e-08 -4.93888e-09 -9.65568e-12 1.1823e-08 2.48735e-11 -1.76804e-12 9.96828e-10
894 1.91 270 0 2.92659e-08 6.29496e-11 9.13493e-09 1.89384e-11 4.93452e-11 -2.24737e-08 -4.82953e-09 -9.41599e-12 1.15567e-08 2.41176e-11 -1.78612e-12 9.85587e-10
894 1.92 270 0 2.87367e-08 6.13504e-11 8.94689e-09 1.8377e-11 4.8131e-11 -2.21023e-08 -4.72309e-09 -9.18349e-12 1.12984e-08 2.33936e-11 -1.79945e-12 9.7412e-10
894 1.93 270 0 2.82208e-08 5.9817e-11 8.76412e-09 1.78402e-11 4.6968e-11 -2.17396e-08 -4.61946e-09 -8.95776e-12 1.10476e-08 2.26995e-11 -1.80847e-12 9.62462e-10
894 1.94 270 0 2.77178e-08 5.83454e-11 8.58639e-09 1.73265e-11 4.58533e-11 -2.13853e-08 -4.51855e-09 -8.73843e-12 1.08041e-08 2.2033e-11 -1.81353e-12 9.50645e-10
894 1.95 270 0 2.72271e-08 5.69319e-11 8.41351e-09 1.68343e-11 4.4784e-11 -2.10391e-08 -4.42027e-09 -8.5251e-12 1.05676e-08 2.13922e-11 -1.81493e-12 9.38696e-10
894 1.96 270 0 2.67482e-08 5.55732e-11 8.24528e-09 1.63624e-11 4.37577e-11 -2.07006e-08 -4.32452e-09 -8.31737e-12 1.03378e-08 2.07752e-11 -1.81291e-12 9.26642e-10
894 1.97 270 0 2.62808e-08 5.42662e-11 8.08152e-09 1.59094e-11 4.27721e-11 -2.03697e-08 -4.23123e-09 -8.11479e-12 1.01144e-08 2.018e-11 -1.80758e-12 9.14506e-10
894 1.98 270 0 2.58244e-08 5.30081e-11 7.92207e-09 1.5474e-11 4.18257e-11 -2.0046e-08 -4.14031e-09 -7.91671e-12 9.89714e-09 1.96041e-11 -1.79891e-12 9.02311e-10
894 1.99 270 0 2.53786e-08 5.17966e-11 7.76675e-09 1.50547e-11 4.09177e-11 -1.97292e-08 -4.05168e-09 -7.722e-12 9.68584e-09 1.90436e-11 -1.78639e-12 8.90075e-10
894 2 270 0 2.4943e-08 5.06311e-11 7.61542e-09 1.46486e-11 4.00532e-11 -1.94191e-08 -3.96527e-09 -7.52634e-12 9.48023e-09 1.84858e-11 -1.76688e-12 8.77813e-10
