894 0 420 0 0 0 0 0 3.09454e-08 -3.26089e-08 1.19323e-21 -1.26754e-21 -3.65547e-08 2.4865e-08 0 0
894 0.01 420 0 -4.30235e-10 2.07355e-10 6.19199e-23 5.82035e-23 3.09253e-08 -3.26099e-08 2.74818e-21 -1.45856e-21 -3.65386e-08 2.48703e-08 7.64501e-23 2.38637e-23
894 0.02 420 0 -8.59344e-10 4.15166e-10 1.00085e-22 3.17732e-22 3.08652e-08 -3.26127e-08 -4.40732e-22 3.49907e-22 -3.64905e-08 2.48859e-08 7.29138e-23 3.75041e-22
894 0.03 420 0 -1.2862e-09 6.23882e-10 6.28006e-23 5.55726e-22 3.0765e-08 -3.26171e-08 -1.01986e-21 9.97985e-23 -3.64103e-08 2.49117e-08 7.88043e-23 5.49409e-22
894 0.04 420 0 -1.70967e-09 8.33942e-10 1.34285e-22 1.64065e-22 3.06249e-08 -3.2623e-08 1.60556e-21 -1.86594e-21 -3.6298e-08 2.49476e-08 2.52039e-22 1.09578e-23
894 0.05 420 0 -2.12862e-09 1.04577e-09 2.17028e-22 7.15497e-22 3.04449e-08 -3.263e-08 6.53594e-22 -2.49598e-22 -3.61535e-08 2.49932e-08 2.75209e-22 6.02093e-22
894 0.06 420 0 -2.54193e-09 1.25976e-09 2.32991e-22 1.18686e-21 3.02253e-08 -3.26375e-08 -2.38702e-21 5.44376e-23 -3.59769e-08 2.50481e-08 1.10118e-22 1.27099e-21
894 0.07 420 0 -2.94845e-09 1.47629e-09 2.95088e-22 6.23266e-22 2.99662e-08 -3.2645e-08 1.91251e-21 -1.61385e-21 -3.57681e-08 2.51119e-08 5.00601e-22 3.0421e-22
894 0.08 420 0 -3.34708e-09 1.69572e-09 2.96617e-22 1.4478e-21 2.96675e-08 -3.26518e-08 -8.13367e-24 -1.16182e-22 -3.55266e-08 2.51839e-08 4.16701e-22 1.50698e-21
894 0.09 420 0 -3.7366e-09 1.91829e-09 2.27658e-22 7.39325e-22 2.93303e-08 -3.26571e-08 1.17934e-21 -2.25546e-21 -3.52533e-08 2.52634e-08 3.26717e-22 3.58098e-22
894 0.1 420 0 -4.1159e-09 2.14429e-09 8.92773e-23 8.71211e-22 2.89545e-08 -3.26601e-08 2.6979e-21 -1.27831e-21 -3.49478e-08 2.53497e-08 5.33581e-22 6.6581e-22
894 0.11 420 0 -4.48382e-09 2.3739e-09 5.04484e-22 1.78347e-21 2.85406e-08 -3.26597e-08 1.08929e-22 -4.58778e-22 -3.46099e-08 2.54419e-08 4.37316e-22 1.58847e-21
894 0.12 420 0 -4.83923e-09 2.60729e-09 5.528e-22 1.94677e-21 2.8089e-08 -3.2655e-08 -3.89537e-22 -1.15557e-21 -3.42398e-08 2.55391e-08 4.12999e-22 1.69031e-21
894 0.13 420 0 -5.18095e-09 2.84452e-09 6.81417e-22 1.29365e-21 2.76001e-08 -3.26446e-08 1.54722e-21 -8.60406e-22 -3.38375e-08 2.56402e-08 7.22584e-22 8.92112e-22
894 0.14 420 0 -5.50782e-09 3.08542e-09 4.71513e-22 2.19785e-21 2.70743e-08 -3.26289e-08 9.51695e-22 -1.25059e-21 -3.34038e-08 2.57441e-08 8.24718e-22 2.05822e-21
894 0.15 420 0 -5.81881e-09 3.33035e-09 -2.72999e-22 1.50001e-21 2.65125e-08 -3.26037e-08 1.31925e-21 -2.09681e-21 -3.29368e-08 2.58497e-08 6.12583e-22 8.34205e-22
894 0.16 420 0 -6.11262e-09 3.57888e-09 3.17859e-22 1.82954e-21 2.59161e-08 -3.25689e-08 1.06665e-21 -4.49309e-22 -3.24382e-08 2.59555e-08 1.00682e-21 1.70773e-21
894 0.17 420 0 -6.38819e-09 3.83083e-09 1.10086e-21 2.48113e-21 2.52853e-08 -3.25231e-08 -1.51376e-22 -2.2061e-22 -3.19078e-08 2.60602e-08 9.70148e-22 2.00674e-21
894 0.18 420 0 -6.6444e-09 4.0859e-09 8.86123e-22 1.79889e-21 2.46212e-08 -3.24648e-08 5.57778e-22 -1.63156e-21 -3.13459e-08 2.61622e-08 1.01938e-21 1.34205e-21
894 0.19 420 0 -6.88016e-09 4.34367e-09 6.30267e-22 1.60453e-21 2.39248e-08 -3.23924e-08 1.40791e-21 -1.38305e-21 -3.07527e-08 2.62602e-08 1.10833e-21 9.66539e-22
894 0.2 420 0 -7.09454e-09 4.60366e-09 -2.9017e-22 2.86441e-22 2.31961e-08 -3.23057e-08 4.20427e-21 -3.03233e-21 -3.01287e-08 2.63527e-08 1.1481e-21 -1.14223e-21
894 0.21 420 0 -7.28625e-09 4.86519e-09 1.8047e-21 3.42467e-21 2.24388e-08 -3.22e-08 -7.11819e-22 -5.24732e-22 -2.94741e-08 2.64373e-08 1.55628e-21 3.50646e-21
894 0.22 420 0 -7.45442e-09 5.12756e-09 1.24576e-21 2.7676e-21 2.1653e-08 -3.20752e-08 -6.8238e-22 -2.34562e-21 -2.87895e-08 2.65127e-08 9.53727e-22 2.25212e-21
894 0.23 420 0 -7.59817e-09 5.39005e-09 8.29887e-22 3.0305e-21 2.08399e-08 -3.19294e-08 9.66427e-22 -2.17143e-21 -2.80752e-08 2.6577e-08 1.24705e-21 2.12947e-21
894 0.24 420 0 -7.71652e-09 5.65142e-09 1.40668e-21 2.0445e-21 2.00014e-08 -3.17625e-08 1.81766e-21 -6.08498e-22 -2.73332e-08 2.66283e-08 1.90886e-21 1.5104e-21
894 0.25 420 0 -7.80861e-09 5.91083e-09 1.74398e-21 3.61274e-21 1.91402e-08 -3.15698e-08 -7.25376e-22 -6.27264e-22 -2.65629e-08 2.66644e-08 1.93429e-21 3.32323e-21
894 0.26 420 0 -7.87382e-09 6.16717e-09 3.30945e-22 1.36592e-21 1.82573e-08 -3.13509e-08 1.9884e-21 -2.6891e-21 -2.57654e-08 2.66835e-08 7.83712e-22 -4.21364e-22
894 0.27 420 0 -7.91134e-09 6.41886e-09 9.14182e-22 1.78966e-21 1.73556e-08 -3.11044e-08 2.3158e-21 -2.98328e-21 -2.49427e-08 2.66835e-08 1.68984e-21 2.63779e-22
894 0.28 420 0 -7.9207e-09 6.66425e-09 1.04139e-21 1.24711e-21 1.64366e-08 -3.08298e-08 2.56236e-21 -3.23798e-21 -2.40963e-08 2.66621e-08 1.04973e-21 -7.39151e-22
894 0.29 420 0 -7.90151e-09 6.90265e-09 1.39946e-21 2.02908e-21 1.55032e-08 -3.05228e-08 2.04975e-21 -2.41964e-21 -2.32256e-08 2.66176e-08 2.03594e-21 3.97151e-22
894 0.3 420 0 -7.8533e-09 7.13173e-09 6.76199e-22 3.49635e-21 1.45584e-08 -3.01836e-08 2.01808e-21 -3.83965e-21 -2.23341e-08 2.65476e-08 1.67696e-21 1.32212e-21
894 0.31 420 0 -7.77611e-09 7.35001e-09 2.18387e-21 4.21255e-21 1.36036e-08 -2.98118e-08 4.77606e-22 -2.60692e-21 -2.14229e-08 2.64502e-08 3.00393e-21 3.108e-21
894 0.32 420 0 -7.66966e-09 7.55537e-09 1.10439e-21 4.40333e-21 1.2644e-08 -2.94038e-08 1.36707e-21 -1.64614e-21 -2.0494e-08 2.63231e-08 2.97226e-21 3.38685e-21
894 0.33 420 0 -7.53429e-09 7.74616e-09 7.64787e-22 3.7878e-21 1.16812e-08 -2.89597e-08 2.8745e-21 -3.22154e-21 -1.95491e-08 2.61643e-08 2.81518e-21 1.70347e-21
894 0.34 420 0 -7.37027e-09 7.91986e-09 1.574e-21 1.90068e-21 1.07188e-08 -2.84799e-08 2.18965e-21 -2.84143e-21 -1.8592e-08 2.59721e-08 2.15409e-21 -3.4212e-22
894 0.35 420 0 -7.17817e-09 8.07488e-09 2.20628e-21 4.61613e-21 9.76061e-09 -2.79611e-08 1.00329e-21 -2.00367e-21 -1.76233e-08 2.57443e-08 3.7137e-21 2.81874e-21
894 0.36 420 0 -6.95875e-09 8.20813e-09 1.93796e-21 4.84176e-21 8.81023e-09 -2.74057e-08 -7.96711e-23 -3.92179e-21 -1.6648e-08 2.54793e-08 2.56954e-21 2.53888e-21
894 0.37 420 0 -6.713e-09 8.31863e-09 4.82754e-21 6.6281e-21 7.87121e-09 -2.68104e-08 -1.80866e-21 -2.94312e-21 -1.56668e-08 2.51753e-08 4.62068e-21 5.50954e-21
894 0.38 420 0 -6.4422e-09 8.40321e-09 7.36905e-21 4.35238e-21 6.94739e-09 -2.61783e-08 -4.421e-21 1.53338e-22 -1.46848e-08 2.48312e-08 4.61099e-21 5.11902e-21
894 0.39 420 0 -6.14783e-09 8.46021e-09 3.25766e-21 4.40293e-21 6.04313e-09 -2.55069e-08 4.67054e-22 -2.91597e-21 -1.37039e-08 2.44453e-08 3.80497e-21 2.83164e-21
894 0.4 420 0 -5.83178e-09 8.48704e-09 3.44768e-21 3.78921e-21 5.16168e-09 -2.47993e-08 2.10252e-22 -3.31474e-21 -1.27289e-08 2.40166e-08 3.97428e-21 1.16644e-21
894 0.41 420 0 -5.49601e-09 8.48137e-09 4.5703e-21 5.7068e-21 4.30901e-09 -2.40548e-08 -2.30139e-22 -4.04289e-21 -1.17634e-08 2.35445e-08 5.13563e-21 3.40672e-21
894 0.42 420 0 -5.14304e-09 8.44154e-09 9.70347e-21 6.53708e-21 3.487e-09 -2.32763e-08 -3.90874e-21 -2.2097e-21 -1.08114e-08 2.30282e-08 7.3723e-21 6.61664e-21
894 0.43 420 0 -4.77557e-09 8.36501e-09 5.38406e-21 4.58087e-21 2.70182e-09 -2.24642e-08 -1.15155e-21 -3.08575e-21 -9.87703e-09 2.24674e-08 4.63933e-21 2.98732e-21
894 0.44 420 0 -4.39653e-09 8.25066e-09 6.78068e-21 5.82644e-21 1.95591e-09 -2.16222e-08 -1.99477e-21 -2.33919e-21 -8.96508e-09 2.18626e-08 7.01153e-21 3.41096e-21
894 0.45 420 0 -4.00932e-09 8.09626e-09 2.84929e-21 4.2636e-21 1.25532e-09 -2.07518e-08 6.27032e-22 -3.27104e-21 -8.08012e-09 2.12142e-08 4.01566e-21 7.59283e-22
894 0.46 420 0 -3.61755e-09 7.90096e-09 1.78907e-21 2.49626e-21 6.01729e-10 -1.98572e-08 2.39856e-21 -4.59651e-21 -7.22667e-09 2.05229e-08 2.18403e-21 -1.86565e-21
894 0.47 420 0 -3.22518e-09 7.66343e-09 3.85919e-21 2.93745e-21 4.42648e-14 -1.89416e-08 2.96615e-22 -4.62857e-21 -6.40968e-09 1.97903e-08 3.94321e-21 -5.59671e-22
894 0.48 420 0 -2.8366e-09 7.38249e-09 6.16874e-21 3.84259e-21 -5.45497e-10 -1.80085e-08 -1.22211e-21 -4.1776e-21 -5.63388e-09 1.90183e-08 4.64054e-21 8.51034e-22
894 0.49 420 0 -2.45608e-09 7.05859e-09 3.52974e-21 2.41681e-21 -1.03312e-09 -1.70637e-08 1.03273e-22 -4.87838e-21 -4.90452e-09 1.82093e-08 3.63592e-21 -8.5806e-22
894 0.5 420 0 -2.08851e-09 6.6914e-09 3.81153e-21 5.05587e-21 -1.45916e-09 -1.61118e-08 5.21419e-22 -5.55961e-21 -4.22633e-09 1.73664e-08 4.70586e-21 -1.1118e-21
894 0.51 420 0 -1.73892e-09 6.28145e-09 4.48994e-21 3.7183e-21 -1.82051e-09 -1.51575e-08 4.78723e-23 -5.68158e-21 -3.60383e-09 1.64931e-08 5.91092e-21 -1.73016e-21
894 0.52 420 0 -1.41241e-09 5.82995e-09 1.29669e-20 2.60693e-21 -2.11647e-09 -1.42086e-08 -5.47252e-21 -2.57235e-21 -3.04228e-09 1.55938e-08 1.0132e-20 1.71354e-21
894 0.53 420 0 -1.11434e-09 5.33848e-09 5.41843e-21 3.83559e-21 -2.34527e-09 -1.32704e-08 -2.14692e-22 -5.0493e-21 -2.54554e-09 1.46729e-08 5.6428e-21 -7.32278e-22
894 0.54 420 0 -8.50048e-10 4.80962e-09 -5.27022e-22 1.56444e-21 -2.50544e-09 -1.23504e-08 1.41073e-21 -5.9901e-21 -2.11836e-09 1.37369e-08 -5.68935e-22 -4.01365e-21
894 0.55 420 0 -6.24937e-10 4.24635e-09 6.0027e-21 4.61874e-21 -2.5972e-09 -1.14558e-08 -1.83324e-21 -6.57035e-21 -1.76426e-09 1.27916e-08 3.67865e-21 -2.33248e-21
894 0.56 420 0 -4.44098e-10 3.65278e-09 1.0267e-20 2.45943e-21 -2.62133e-09 -1.05933e-08 -3.13083e-21 -3.08613e-21 -1.48621e-09 1.18437e-08 8.44284e-21 -1.12873e-21
894 0.57 420 0 -3.13371e-10 3.03272e-09 6.30097e-21 1.55275e-21 -2.57931e-09 -9.77249e-09 -1.89378e-21 -3.65595e-21 -1.28774e-09 1.09016e-08 5.96709e-21 -2.25515e-21
894 0.58 420 0 -2.36739e-10 2.39281e-09 6.78592e-21 9.81359e-22 -2.47335e-09 -8.99949e-09 -3.00584e-21 -5.21917e-21 -1.17024e-09 9.97291e-09 4.51968e-21 -3.91778e-21
894 0.59 420 0 -2.19451e-10 1.73865e-09 4.19922e-21 1.57912e-21 -2.30698e-09 -8.28422e-09 -1.54322e-21 -5.83755e-21 -1.13569e-09 9.0677e-09 2.20405e-21 -5.17441e-21
894 0.6 420 0 -2.65055e-10 1.07788e-09 9.14551e-21 1.11882e-21 -2.08472e-09 -7.63332e-09 -4.26012e-21 -4.20131e-21 -1.18402e-09 8.19476e-09 5.60641e-21 -2.61897e-21
894 0.61 420 0 -3.77505e-10 4.18193e-10 1.51293e-20 -2.65867e-21 -1.81251e-09 -7.05581e-09 -6.83648e-21 -7.86188e-22 -1.31488e-09 7.36493e-09 1.12658e-20 -5.0036e-21
894 0.62 420 0 -5.58932e-10 -2.30709e-10 1.63227e-20 -1.08825e-21 -1.4965e-09 -6.55915e-09 -8.86265e-21 -2.15656e-21 -1.52665e-09 6.58925e-09 1.18266e-20 -6.49139e-21
894 0.63 420 0 -8.1132e-10 -8.59126e-10 1.09488e-20 -1.72247e-21 -1.14505e-09 -6.15102e-09 -6.81352e-21 -3.32127e-21 -1.81626e-09 5.87919e-09 8.03967e-21 -6.28633e-21
894 0.64 420 0 -1.13514e-09 -1.45622e-09 6.85565e-21 3.58789e-21 -7.68545e-10 -5.83908e-09 -3.52441e-21 -7.49568e-21 -2.17911e-09 5.24664e-09 2.01217e-21 -4.31501e-21
894 0.65 420 0 -1.52974e-09 -2.01012e-09 1.10679e-20 -2.19624e-21 -3.75126e-10 -5.62753e-09 -6.63282e-21 -2.39337e-21 -2.60936e-09 4.70336e-09 6.41291e-21 -6.58242e-21
894 0.66 420 0 -1.9931e-09 -2.50848e-09 9.08334e-21 -5.75619e-22 2.20058e-11 -5.52332e-09 -5.70849e-21 -4.98114e-21 -3.0992e-09 4.26233e-09 4.23447e-21 -6.83368e-21
894 0.67 420 0 -2.52118e-09 -2.93809e-09 9.93225e-21 -4.54746e-21 4.08027e-10 -5.53194e-09 -6.22638e-21 -2.01732e-21 -3.63845e-09 3.93652e-09 4.90557e-21 -8.13065e-21
894 0.68 420 0 -3.10768e-09 -3.28496e-09 8.95708e-21 -1.39044e-21 7.70879e-10 -5.65475e-09 -6.90193e-21 -4.19165e-21 -4.2157e-09 3.73751e-09 2.7493e-21 -8.01129e-21
894 0.69 420 0 -3.74565e-09 -3.53553e-09 7.97497e-21 -7.17143e-22 1.09505e-09 -5.89304e-09 -7.64539e-21 -3.52511e-21 -4.81713e-09 3.67727e-09 8.60875e-22 -5.95994e-21
894 0.7 420 0 -4.42368e-09 -3.67509e-09 1.14909e-20 -5.10094e-21 1.36128e-09 -6.24822e-09 -9.36491e-21 -7.82671e-22 -5.42524e-09 3.76777e-09 3.36528e-21 -9.7068e-21
894 0.71 420 0 -5.12853e-09 -3.68902e-09 9.84522e-21 -4.94339e-21 1.55319e-09 -6.71805e-09 -8.07421e-21 -4.02769e-22 -6.02117e-09 4.0202e-09 2.7275e-21 -6.9247e-21
894 0.72 420 0 -5.84412e-09 -3.56345e-09 1.04773e-20 -4.78548e-21 1.65116e-09 -7.29807e-09 -9.08035e-21 -8.80369e-22 -6.58245e-09 4.44395e-09 1.60724e-21 -9.19631e-21
894 0.73 420 0 -6.55144e-09 -3.28531e-09 1.32953e-20 -4.78246e-21 1.63566e-09 -7.9804e-09 -1.07846e-20 3.15477e-22 -7.08428e-09 5.04603e-09 2.45814e-21 -9.15541e-21
894 0.74 420 0 -7.22623e-09 -2.84142e-09 1.09882e-20 -1.28974e-20 1.48611e-09 -8.7567e-09 -1.07837e-20 7.00871e-21 -7.49739e-09 5.83415e-09 2.19628e-21 -1.41004e-20
894 0.75 420 0 -7.84066e-09 -2.2212e-09 7.77638e-21 -1.55069e-20 1.18018e-09 -9.61324e-09 -7.71236e-21 8.76963e-21 -7.78868e-09 6.81085e-09 7.03431e-22 -1.24067e-20
894 0.76 420 0 -8.36438e-09 -1.41537e-09 9.65442e-21 -7.48504e-21 6.98621e-10 -1.05334e-08 -9.83446e-21 2.91397e-21 -7.92368e-09 7.97728e-09 -2.64901e-21 -8.47927e-21
894 0.77 420 0 -8.76329e-09 -4.17548e-10 9.02665e-21 -1.55397e-20 1.91788e-11 -1.14946e-08 -9.61255e-21 1.27321e-20 -7.86302e-09 9.32946e-09 -2.00896e-21 -1.51973e-20
894 0.78 420 0 -8.99499e-09 7.76775e-10 8.86162e-21 -1.00186e-20 -8.77656e-10 -1.24717e-08 -9.45762e-21 7.70529e-21 -7.56214e-09 1.08612e-08 -2.13576e-21 -1.1527e-20
894 0.79 420 0 -8.98692e-09 2.15563e-09 5.35814e-21 -1.56112e-20 -2.00959e-09 -1.34395e-08 -7.40013e-21 1.11176e-20 -6.95282e-09 1.25544e-08 -1.93357e-21 -9.78417e-21
894 0.8 420 0 -8.6985e-09 3.71077e-09 -1.68807e-21 -2.63466e-20 -3.39367e-09 -1.43601e-08 -4.68321e-21 1.82512e-20 -5.99089e-09 1.43859e-08 -6.9958e-21 -1.64956e-20
894 0.81 420 0 -8.06936e-09 5.42124e-09 7.93607e-21 -1.01628e-20 -5.04304e-09 -1.51897e-08 -8.85443e-21 9.07146e-21 -4.61642e-09 1.63208e-08 -3.40688e-21 -7.72185e-21
894 0.82 420 0 -7.02775e-09 7.25497e-09 -1.0324e-21 -2.28851e-20 -6.967e-09 -1.58819e-08 -2.99445e-21 1.8725e-20 -2.76169e-09 1.83139e-08 -6.01124e-21 -1.31684e-20
894 0.83 420 0 -5.49899e-09 9.16364e-09 -2.22645e-21 -2.32172e-20 -9.16794e-09 -1.63785e-08 -2.66557e-21 1.86694e-20 -3.56745e-10 2.03011e-08 -7.8761e-21 -1.10826e-20
894 0.84 420 0 -3.39735e-09 1.10792e-08 -4.5344e-21 -1.83691e-20 -1.16411e-08 -1.66179e-08 -2.20099e-21 1.63335e-20 2.67547e-09 2.21993e-08 -6.36123e-21 -5.43051e-21
894 0.85 420 0 -6.35107e-10 1.29062e-08 -1.58957e-20 -3.13684e-20 -1.43691e-08 -1.65257e-08 6.68732e-21 2.82917e-20 6.41168e-09 2.38958e-08 -1.21552e-20 -1.17171e-20
894 0.86 420 0 2.87913e-09 1.45157e-08 4.47922e-23 -1.50332e-20 -1.73203e-08 -1.60233e-08 -3.34717e-21 1.48392e-20 1.09279e-08 2.52459e-08 -5.9892e-21 -3.84232e-21
894 0.87 420 0 7.23083e-09 1.57322e-08 -1.21732e-20 -1.65188e-20 -2.04406e-08 -1.50206e-08 4.63116e-21 1.83617e-20 1.62896e-08 2.60562e-08 -1.02694e-20 -3.04611e-21
894 0.88 420 0 1.24892e-08 1.6323e-08 -2.2547e-20 -2.50334e-20 -2.36482e-08 -1.3426e-08 1.58566e-20 2.62793e-20 2.25404e-08 2.60787e-08 -1.4864e-20 -6.39706e-21
894 0.89 420 0 1.86833e-08 1.59868e-08 -1.69215e-20 -2.21633e-20 -2.68223e-08 -1.11478e-08 1.27933e-20 2.43916e-20 2.96769e-08 2.49982e-08 -9.91812e-21 -4.91721e-21
894 0.9 420 0 2.57407e-08 1.4341e-08 -2.24086e-20 -1.87122e-20 -2.9784e-08 -8.10774e-09 2.06802e-20 2.20691e-20 3.7591e-08 2.24195e-08 -1.26751e-20 -3.77492e-21
894 0.91 420 0 3.36157e-08 1.09163e-08 -1.94402e-20 -1.31515e-20 -3.23224e-08 -4.24818e-09 1.82479e-20 1.8619e-20 4.61583e-08 1.78742e-08 -9.7602e-21 -5.78671e-22
894 0.92 420 0 4.19177e-08 5.12969e-09 -2.73531e-20 -1.32236e-20 -3.41275e-08 4.07905e-10 2.98797e-20 1.73979e-20 5.49353e-08 1.07947e-08 -1.21288e-20 -1.10864e-21
894 0.93 420 0 4.9992e-08 -3.61313e-09 -4.38141e-20 -8.39359e-21 -3.48281e-08 5.72629e-09 4.65155e-20 1.19801e-20 6.3191e-08 6.22787e-10 -1.4889e-20 7.03927e-23
894 0.94 420 0 5.67578e-08 -1.57794e-08 -3.22028e-20 -4.80971e-21 -3.40264e-08 1.13803e-08 3.6918e-20 9.09412e-21 6.97672e-08 -1.30384e-08 -1.05947e-20 1.95338e-21
894 0.95 420 0 6.06354e-08 -3.14161e-08 -4.35234e-20 6.75451e-21 -3.13909e-08 1.6778e-08 4.90227e-20 -3.24327e-21 7.30212e-08 -3.01252e-08 -1.25696e-20 3.80779e-21
894 0.96 420 0 5.9679e-08 -4.96959e-08 -4.48671e-20 9.60494e-21 -2.6838e-08 2.10372e-08 5.05648e-20 -5.76858e-21 7.09847e-08 -4.96635e-08 -8.55099e-21 5.65237e-21
894 0.97 420 0 5.21118e-08 -6.84417e-08 -3.8644e-20 1.98734e-20 -2.07614e-08 2.31003e-08 4.74116e-20 -2.03465e-20 6.1922e-08 -6.93257e-08 -7.89078e-21 5.80456e-21
894 0.98 420 0 3.7343e-08 -8.39813e-08 -3.97791e-20 2.05241e-20 -1.41496e-08 2.20389e-08 4.83727e-20 -2.38502e-20 4.53308e-08 -8.53553e-08 -6.96312e-21 1.99852e-21
894 0.99 420 0 1.71604e-08 -9.15582e-08 -4.25479e-20 3.34428e-20 -8.27504e-09 1.72885e-08 4.85428e-20 -3.89275e-20 2.29838e-08 -9.30818e-08 -5.84046e-21 3.15258e-21
894 1 420 0 4.86741e-11 -7.95408e-08 -2.74274e-20 2.66934e-20 5.84264e-09 7.72812e-11 3.18118e-20 -3.08616e-20 6.67815e-11 -8.44773e-08 2.41077e-22 2.28823e-22
894 1.01 420 0 -1.41931e-11 -8.03084e-08 -2.4189e-20 4.09155e-20 -1.7959e-08 1.71296e-11 2.9351e-20 -4.72069e-20 -8.16223e-12 -7.61135e-08 -7.22564e-21 -5.50852e-21
894 1.02 420 0 -5.31459e-11 -8.38588e-08 -2.58511e-20 2.87152e-20 -2.45152e-08 2.69045e-11 3.14123e-20 -3.49569e-20 -4.24669e-11 -7.64077e-08 -7.31812e-21 -7.58833e-21
894 1.03 420 0 -1.00829e-10 -9.18107e-08 -2.79275e-20 2.82399e-20 -3.11495e-08 4.38059e-11 3.43364e-20 -3.38067e-20 -8.26954e-11 -8.09996e-08 -8.15764e-21 -1.00486e-20
894 1.04 420 0 -1.73879e-10 -1.05102e-07 -3.19391e-20 1.67495e-20 -3.94026e-08 7.32183e-11 4.01019e-20 -2.26814e-20 -1.42758e-10 -9.01668e-08 -6.52236e-21 -1.35278e-20
894 1.05 420 0 -3.0645e-10 -1.26857e-07 -3.71551e-20 3.29348e-20 -5.11685e-08 1.29665e-10 4.67357e-20 -4.18777e-20 -2.50102e-10 -1.06153e-07 -1.45227e-20 -1.71388e-20
894 1.06 420 0 -6.03934e-10 -1.65137e-07 -4.85949e-20 4.98654e-20 -7.04881e-08 2.60018e-10 6.12961e-20 -6.04767e-20 -4.88587e-10 -1.35112e-07 -2.06338e-20 -2.39941e-20
894 1.07 420 0 -1.48998e-09 -2.45539e-07 -8.21742e-20 1.21745e-19 -1.09682e-07 6.58317e-10 1.0506e-19 -1.54082e-19 -1.19201e-09 -1.96815e-07 -6.24992e-20 -4.45234e-20
894 1.08 420 0 -6.99539e-09 -5.0923e-07 -1.78855e-19 1.76673e-19 -2.36177e-07 3.19729e-09 2.3026e-19 -2.40352e-19 -5.51718e-09 -4.00556e-07 -1.13068e-19 -1.03482e-19
894 1.09 420 0 -4.58402e-07 3.9437e-06 2.35982e-18 -1.05285e-17 1.88787e-06 2.20207e-07 -3.06872e-18 1.37957e-17 -3.53983e-07 3.04853e-06 6.80033e-18 1.46066e-18
894 1.1 420 0 -4.7294e-09 3.91737e-07 1.60351e-19 -3.50424e-19 1.92706e-07 2.46928e-09 -2.08474e-19 4.57702e-19 -3.51689e-09 2.9795e-07 2.18162e-19 1.02055e-19
894 1.11 420 0 -1.31068e-09 2.0278e-07 8.54648e-20 -8.01685e-20 1.02142e-07 8.03403e-10 -1.11902e-19 1.07215e-19 -8.93807e-10 1.51921e-07 5.16889e-20 5.68926e-20
894 1.12 420 0 -5.91944e-10 1.35548e-07 7.32e-20 -1.17743e-19 6.97029e-08 5.04658e-10 -9.63467e-20 1.57642e-19 -3.06668e-10 1.00136e-07 8.1872e-20 5.08539e-20
894 1.13 420 0 -3.12844e-10 1.01175e-07 5.71256e-20 -1.00631e-19 5.29511e-08 5.47e-10 -7.68133e-20 1.36935e-19 3.24791e-11 7.3792e-08 7.20061e-20 4.14908e-20
894 1.14 420 0 -1.38138e-10 8.03501e-08 1.31559e-19 -2.19349e-19 4.25058e-08 1.40373e-09 -1.72542e-19 2.98241e-19 8.3455e-10 5.80554e-08 1.65255e-19 9.77509e-20
894 1.15 420 0 1.9954e-09 6.55625e-08 -1.33767e-18 -1.32459e-17 4.40837e-07 5.25538e-07 1.54806e-18 1.61327e-17 3.80886e-07 -2.45419e-07 9.81912e-18 -9.69219e-19
894 1.16 420 0 -2.33751e-10 5.64136e-08 -8.16245e-20 3.99807e-20 3.05611e-08 1.42958e-09 1.08022e-19 -5.58514e-20 7.93561e-10 3.99664e-08 -2.94159e-20 -6.39385e-20
894 1.17 420 0 -1.50518e-10 4.89358e-08 -3.28842e-20 3.11762e-20 2.71722e-08 3.8158e-10 4.34332e-20 -4.41428e-20 1.18695e-10 3.40683e-08 -2.57437e-20 -2.63977e-20
894 1.18 420 0 -1.12869e-10 4.31204e-08 -1.82776e-20 2.74372e-20 2.42843e-08 1.87095e-10 2.40982e-20 -3.84801e-20 1.64936e-11 2.96714e-08 -2.32701e-20 -1.50375e-20
894 1.19 420 0 -8.97377e-11 3.84725e-08 -1.12996e-20 1.44556e-20 2.19315e-08 1.16633e-10 1.47958e-20 -1.93611e-20 -1.04599e-11 2.61949e-08 -1.18182e-20 -9.40589e-21
894 1.2 420 0 -7.37717e-11 3.46743e-08 -7.98673e-21 8.27425e-21 1.99871e-08 8.2205e-11 1.01512e-20 -1.06304e-20 -1.86348e-11 2.33739e-08 -6.40507e-21 -6.66703e-21
894 1.21 420 0 -6.20015e-11 3.15131e-08 -5.38474e-21 1.01978e-20 1.83537e-08 6.20072e-11 7.30379e-21 -1.53652e-20 -2.08674e-11 2.10405e-08 -1.00127e-20 -4.7718e-21
894 1.22 420 0 -5.30404e-11 2.88417e-08 -3.95665e-21 9.78565e-21 1.69624e-08 4.92551e-11 5.12856e-21 -1.38378e-20 -2.06147e-11 1.90796e-08 -9.41414e-21 -3.41984e-21
894 1.23 420 0 -4.59141e-11 2.65545e-08 -3.01722e-21 2.4615e-21 1.57618e-08 4.0111e-11 4.07999e-21 -4.35662e-21 -1.97084e-11 1.74102e-08 -2.73992e-21 -2.74508e-21
894 1.24 420 0 -4.01701e-11 2.45744e-08 -2.36293e-21 3.09137e-21 1.47148e-08 3.34724e-11 3.19613e-21 -4.32693e-21 -1.84381e-11 1.59728e-08 -2.87722e-21 -2.1802e-21
894 1.25 420 0 -3.54534e-11 2.28433e-08 -1.90047e-21 1.75391e-21 1.37931e-08 2.84492e-11 2.55041e-21 -3.07797e-21 -1.70802e-11 1.47228e-08 -2.02547e-21 -1.76104e-21
894 1.26 420 0 -3.14583e-11 2.1317e-08 -1.50659e-21 3.93607e-21 1.29748e-08 2.43725e-11 1.9769e-21 -5.37895e-21 -1.58166e-11 1.36266e-08 -3.86362e-21 -1.3856e-21
894 1.27 420 0 -2.80783e-11 1.99611e-08 -1.21151e-21 2.54451e-21 1.22429e-08 2.11239e-11 1.60034e-21 -3.61816e-21 -1.45992e-11 1.26579e-08 -2.60699e-21 -1.13087e-21
894 1.28 420 0 -2.51306e-11 1.87484e-08 -1.03987e-21 1.72536e-21 1.1584e-08 1.83723e-11 1.37911e-21 -2.91888e-21 -1.34887e-11 1.17962e-08 -2.1997e-21 -9.80659e-22
894 1.29 420 0 -2.24749e-11 1.76571e-08 -8.35084e-22 7.4525e-22 1.09872e-08 1.59215e-11 1.08408e-21 -1.02786e-21 -1.24843e-11 1.10249e-08 -5.82866e-22 -7.76813e-22
894 1.3 420 0 -2.00075e-11 1.66698e-08 -7.21685e-22 9.75482e-22 1.04436e-08 1.36583e-11 9.70142e-22 -1.34981e-21 -1.15581e-11 1.03309e-08 -9.7856e-22 -6.97331e-22
894 1.31 420 0 -1.77286e-11 1.57721e-08 -5.90755e-22 1.9237e-22 9.94602e-09 1.16244e-11 7.56401e-22 -2.1757e-22 -1.06656e-11 9.7032e-09 -3.86242e-23 -5.52705e-22
894 1.32 420 0 -1.63353e-11 1.49529e-08 -4.56949e-22 3.60582e-22 9.48993e-09 1.07684e-11 5.43064e-22 -7.87291e-22 -9.75416e-12 9.13285e-09 -6.28911e-22 -4.04471e-22
894 1.33 420 0 -1.51058e-11 1.4202e-08 -4.1799e-22 1.26335e-21 9.06928e-09 1.00063e-11 5.2877e-22 -1.79406e-21 -8.95732e-12 8.61266e-09 -1.38798e-21 -3.97168e-22
894 1.34 420 0 -1.40149e-11 1.3511e-08 -3.50453e-22 1.06094e-21 8.6799e-09 9.32543e-12 4.4339e-22 -1.37912e-21 -8.25571e-12 8.13643e-09 -9.90857e-22 -3.30826e-22
894 1.35 420 0 -1.30423e-11 1.2873e-08 -3.03078e-22 2.98086e-24 8.31827e-09 8.71523e-12 3.86444e-22 -1.7487e-22 -7.63409e-12 7.69898e-09 -1.03889e-22 -2.89449e-22
894 1.36 420 0 -1.21712e-11 1.22821e-08 -2.66282e-22 3.04591e-23 7.98138e-09 8.16647e-12 3.43218e-22 -1.63236e-22 -7.08028e-12 7.29587e-09 -1.33151e-22 -2.57648e-22
894 1.37 420 0 -1.13877e-11 1.17332e-08 -2.16201e-22 4.86909e-22 7.66666e-09 7.67128e-12 2.68345e-22 -6.4225e-22 -6.58441e-12 6.92333e-09 -4.3537e-22 -2.03479e-22
894 1.38 420 0 -1.06803e-11 1.1222e-08 -1.84118e-22 2.16292e-22 7.37187e-09 7.22292e-12 2.29333e-22 -2.96538e-22 -6.13842e-12 6.57813e-09 -1.96117e-22 -1.7384e-22
894 1.39 420 0 -1.00393e-11 1.07447e-08 -1.57019e-22 6.21703e-22 7.09509e-09 6.81564e-12 1.91762e-22 -6.99307e-22 -5.73565e-12 6.25745e-09 -5.07943e-22 -1.46562e-22
894 1.4 420 0 -9.45631e-12 1.0298e-08 -1.41186e-22 4.74931e-23 6.83463e-09 6.44452e-12 1.82531e-22 -2.36093e-22 -5.37052e-12 5.95887e-09 -1.30766e-22 -1.39811e-22
894 1.41 420 0 -8.92448e-12 9.87908e-09 -1.09599e-22 7.20639e-23 6.58901e-09 6.10534e-12 1.35922e-22 -1.27153e-23 -5.03836e-12 5.68027e-09 3.24208e-23 -1.04229e-22
894 1.42 420 0 -8.43784e-12 9.48543e-09 -8.04416e-23 3.55488e-22 6.35695e-09 5.79446e-12 9.39442e-23 -4.24415e-22 -4.7352e-12 5.4198e-09 -3.495e-22 -7.27479e-23
894 1.43 420 0 -7.9913e-12 9.11483e-09 -5.8688e-23 1.55901e-22 6.1373e-09 5.50879e-12 6.73493e-23 -2.96087e-22 -4.45765e-12 5.1758e-09 -2.34433e-22 -5.19769e-23
894 1.44 420 0 -7.5805e-12 8.7653e-09 -3.38508e-23 4.62811e-22 5.92904e-09 5.24569e-12 3.57323e-23 -6.26475e-22 -4.20279e-12 4.94686e-09 -4.69723e-22 -2.74119e-23
894 1.45 420 0 -7.20179e-12 8.43512e-09 -5.90824e-26 -1.65754e-22 5.73126e-09 5.003e-12 -2.73736e-24 2.67223e-22 -3.96809e-12 4.73167e-09 2.24036e-22 2.37837e-24
