894 0 220 0 0 0 0 0 -1.05977e-07 -1.04989e-07 -1.987e-08 -7.62658e-08 6.39296e-08 1.24363e-07 0 0
894 0.01 220 0 5.2986e-10 1.67696e-09 3.15276e-10 7.14253e-10 -1.05977e-07 -1.04941e-07 -1.98821e-08 -7.62488e-08 6.3947e-08 1.24334e-07 -2.05988e-11 -1.67833e-10
894 0.02 220 0 1.06084e-09 3.35104e-09 6.31231e-10 1.4269e-09 -1.05979e-07 -1.04795e-07 -1.99182e-08 -7.61977e-08 6.3999e-08 1.24249e-07 -4.12237e-11 -3.35638e-10
894 0.03 220 0 1.59408e-09 5.01936e-09 9.48545e-10 2.13634e-09 -1.05982e-07 -1.04552e-07 -1.99784e-08 -7.61126e-08 6.40855e-08 1.24106e-07 -6.19021e-11 -5.03386e-10
894 0.04 220 0 2.13067e-09 6.67904e-09 1.26788e-09 2.84096e-09 -1.05985e-07 -1.04211e-07 -2.00623e-08 -7.59933e-08 6.42062e-08 1.23907e-07 -8.26625e-11 -6.71051e-10
894 0.05 220 0 2.67165e-09 8.32717e-09 1.58987e-09 3.53914e-09 -1.05988e-07 -1.03774e-07 -2.01697e-08 -7.58396e-08 6.43605e-08 1.23649e-07 -1.03528e-10 -8.38605e-10
894 0.06 220 0 3.21806e-09 9.96089e-09 1.91514e-09 4.22929e-09 -1.0599e-07 -1.03241e-07 -2.03003e-08 -7.56513e-08 6.45481e-08 1.23334e-07 -1.24536e-10 -1.00602e-09
894 0.07 220 0 3.77086e-09 1.15773e-08 2.24426e-09 4.90975e-09 -1.05989e-07 -1.02611e-07 -2.04536e-08 -7.54282e-08 6.47679e-08 1.22961e-07 -1.45712e-10 -1.17327e-09
894 0.08 220 0 4.33091e-09 1.31733e-08 2.57777e-09 5.57889e-09 -1.05985e-07 -1.01886e-07 -2.0629e-08 -7.517e-08 6.50192e-08 1.22528e-07 -1.67081e-10 -1.34034e-09
894 0.09 220 0 4.89903e-09 1.47462e-08 2.91618e-09 6.23508e-09 -1.05976e-07 -1.01065e-07 -2.08259e-08 -7.48764e-08 6.53011e-08 1.22037e-07 -1.88684e-10 -1.5072e-09
894 0.1 220 0 5.47589e-09 1.6293e-08 3.25988e-09 6.87665e-09 -1.0596e-07 -1.0015e-07 -2.10437e-08 -7.4547e-08 6.56122e-08 1.21486e-07 -2.10549e-10 -1.67382e-09
894 0.11 220 0 6.06211e-09 1.78108e-08 3.60934e-09 7.50197e-09 -1.05936e-07 -9.9141e-08 -2.12815e-08 -7.41815e-08 6.5951e-08 1.20875e-07 -2.32678e-10 -1.8402e-09
894 0.12 220 0 6.65829e-09 1.92963e-08 3.96468e-09 8.1094e-09 -1.05901e-07 -9.80393e-08 -2.1538e-08 -7.37797e-08 6.63167e-08 1.20203e-07 -2.55215e-10 -2.00638e-09
894 0.13 220 0 7.26464e-09 2.07468e-08 4.32631e-09 8.69713e-09 -1.05854e-07 -9.6845e-08 -2.18131e-08 -7.33407e-08 6.67076e-08 1.19469e-07 -2.78104e-10 -2.17219e-09
894 0.14 220 0 7.88136e-09 2.21592e-08 4.69428e-09 9.2635e-09 -1.05791e-07 -9.55599e-08 -2.21052e-08 -7.28644e-08 6.71215e-08 1.18673e-07 -3.01395e-10 -2.33769e-09
894 0.15 220 0 8.50863e-09 2.35306e-08 5.06872e-09 9.8069e-09 -1.0571e-07 -9.41848e-08 -2.24133e-08 -7.23501e-08 6.75569e-08 1.17813e-07 -3.25172e-10 -2.50286e-09
894 0.16 220 0 9.14628e-09 2.48581e-08 5.4495e-09 1.03257e-08 -1.0561e-07 -9.27223e-08 -2.27356e-08 -7.17978e-08 6.8011e-08 1.1689e-07 -3.49459e-10 -2.66784e-09
894 0.17 220 0 9.79397e-09 2.61385e-08 5.83651e-09 1.0818e-08 -1.05486e-07 -9.11719e-08 -2.30716e-08 -7.12065e-08 6.84827e-08 1.15903e-07 -3.74325e-10 -2.83232e-09
894 0.18 220 0 1.04513e-08 2.73689e-08 6.22948e-09 1.12822e-08 -1.05336e-07 -8.95365e-08 -2.34193e-08 -7.05761e-08 6.89689e-08 1.14851e-07 -3.9979e-10 -2.99643e-09
894 0.19 220 0 1.11174e-08 2.85464e-08 6.62799e-09 1.17167e-08 -1.05157e-07 -8.78175e-08 -2.37771e-08 -6.9906e-08 6.94671e-08 1.13733e-07 -4.25965e-10 -3.16018e-09
894 0.2 220 0 1.17916e-08 2.96684e-08 7.03155e-09 1.21199e-08 -1.04945e-07 -8.60185e-08 -2.4143e-08 -6.91962e-08 6.99742e-08 1.12548e-07 -4.52878e-10 -3.32373e-09
894 0.21 220 0 1.24728e-08 3.07314e-08 7.43958e-09 1.24899e-08 -1.04698e-07 -8.41395e-08 -2.45161e-08 -6.84457e-08 7.04881e-08 1.11297e-07 -4.80621e-10 -3.48669e-09
894 0.22 220 0 1.31593e-08 3.17331e-08 7.85119e-09 1.28252e-08 -1.04412e-07 -8.21842e-08 -2.48938e-08 -6.76546e-08 7.10052e-08 1.09978e-07 -5.09235e-10 -3.64925e-09
894 0.23 220 0 1.385e-08 3.26709e-08 8.26556e-09 1.31245e-08 -1.04083e-07 -8.01561e-08 -2.52739e-08 -6.68227e-08 7.1522e-08 1.08591e-07 -5.38871e-10 -3.81163e-09
894 0.24 220 0 1.45426e-08 3.35417e-08 8.68154e-09 1.3386e-08 -1.03709e-07 -7.80564e-08 -2.5655e-08 -6.59495e-08 7.20358e-08 1.07136e-07 -5.69557e-10 -3.97335e-09
894 0.25 220 0 1.52352e-08 3.43431e-08 9.09773e-09 1.36084e-08 -1.03285e-07 -7.58898e-08 -2.60341e-08 -6.50354e-08 7.25425e-08 1.05614e-07 -6.0148e-10 -4.13482e-09
894 0.26 220 0 1.59253e-08 3.50733e-08 9.51317e-09 1.37901e-08 -1.02808e-07 -7.36597e-08 -2.64095e-08 -6.40796e-08 7.3038e-08 1.04023e-07 -6.34465e-10 -4.29575e-09
894 0.27 220 0 1.66103e-08 3.57293e-08 9.92598e-09 1.393e-08 -1.02275e-07 -7.13689e-08 -2.67786e-08 -6.30827e-08 7.35193e-08 1.02364e-07 -6.68882e-10 -4.45613e-09
894 0.28 220 0 1.72876e-08 3.63097e-08 1.03346e-08 1.40271e-08 -1.01682e-07 -6.90233e-08 -2.71384e-08 -6.2045e-08 7.39813e-08 1.00637e-07 -7.04806e-10 -4.61632e-09
894 0.29 220 0 1.79537e-08 3.68121e-08 1.07371e-08 1.40798e-08 -1.01026e-07 -6.66254e-08 -2.74869e-08 -6.09665e-08 7.44208e-08 9.88429e-08 -7.42269e-10 -4.7757e-09
894 0.3 220 0 1.86051e-08 3.72354e-08 1.11313e-08 1.40878e-08 -1.00303e-07 -6.41817e-08 -2.78209e-08 -5.9848e-08 7.48326e-08 9.69826e-08 -7.81488e-10 -4.93486e-09
894 0.31 220 0 1.92387e-08 3.75755e-08 1.15158e-08 1.40485e-08 -9.95107e-08 -6.16959e-08 -2.8138e-08 -5.86893e-08 7.52124e-08 9.50567e-08 -8.22514e-10 -5.09296e-09
894 0.32 220 0 1.98412e-08 3.78302e-08 1.18847e-08 1.39604e-08 -9.86421e-08 -5.91704e-08 -2.84323e-08 -5.74892e-08 7.55514e-08 9.30601e-08 -8.63867e-10 -5.2484e-09
894 0.33 220 0 2.04155e-08 3.80002e-08 1.22373e-08 1.38239e-08 -9.76981e-08 -5.66144e-08 -2.87034e-08 -5.62512e-08 7.58487e-08 9.10007e-08 -9.06977e-10 -5.40314e-09
894 0.34 220 0 2.09614e-08 3.80902e-08 1.2573e-08 1.36416e-08 -9.66789e-08 -5.40361e-08 -2.89497e-08 -5.49777e-08 7.61013e-08 8.88843e-08 -9.52408e-10 -5.55816e-09
894 0.35 220 0 2.14723e-08 3.80976e-08 1.2888e-08 1.34126e-08 -9.55808e-08 -5.14405e-08 -2.91673e-08 -5.36697e-08 7.63038e-08 8.67107e-08 -1.00033e-09 -5.71292e-09
894 0.36 220 0 2.19422e-08 3.80214e-08 1.31789e-08 1.31361e-08 -9.44016e-08 -4.8833e-08 -2.93533e-08 -5.23282e-08 7.6451e-08 8.44818e-08 -1.0508e-09 -5.8668e-09
894 0.37 220 0 2.2366e-08 3.78634e-08 1.34432e-08 1.2813e-08 -9.31402e-08 -4.62215e-08 -2.95045e-08 -5.09551e-08 7.65375e-08 8.22006e-08 -1.10366e-09 -6.02008e-09
894 0.38 220 0 2.27399e-08 3.7626e-08 1.3678e-08 1.24448e-08 -9.17959e-08 -4.36123e-08 -2.96185e-08 -4.95529e-08 7.65598e-08 7.98714e-08 -1.1596e-09 -6.17265e-09
894 0.39 220 0 2.3057e-08 3.73091e-08 1.38795e-08 1.20315e-08 -9.03676e-08 -4.10122e-08 -2.96919e-08 -4.81234e-08 7.65129e-08 7.7497e-08 -1.21844e-09 -6.32399e-09
894 0.4 220 0 2.33132e-08 3.69155e-08 1.40454e-08 1.15755e-08 -8.88564e-08 -3.84293e-08 -2.97231e-08 -4.66693e-08 7.63919e-08 7.50819e-08 -1.28055e-09 -6.47386e-09
894 0.41 220 0 2.35021e-08 3.64485e-08 1.41716e-08 1.10779e-08 -8.72619e-08 -3.58708e-08 -2.97081e-08 -4.51935e-08 7.61925e-08 7.26305e-08 -1.34579e-09 -6.62245e-09
894 0.42 220 0 2.36186e-08 3.5911e-08 1.42552e-08 1.05405e-08 -8.55848e-08 -3.33447e-08 -2.96444e-08 -4.36991e-08 7.59108e-08 7.01477e-08 -1.41431e-09 -6.76963e-09
894 0.43 220 0 2.36573e-08 3.53072e-08 1.4293e-08 9.96561e-09 -8.38269e-08 -3.08586e-08 -2.95294e-08 -4.21898e-08 7.55426e-08 6.76392e-08 -1.4863e-09 -6.91524e-09
894 0.44 220 0 2.36133e-08 3.46407e-08 1.42816e-08 9.35565e-09 -8.199e-08 -2.84197e-08 -2.9361e-08 -4.06689e-08 7.50849e-08 6.51101e-08 -1.56201e-09 -7.05882e-09
894 0.45 220 0 2.34825e-08 3.3916e-08 1.42194e-08 8.7128e-09 -8.00763e-08 -2.60377e-08 -2.91371e-08 -3.91405e-08 7.45336e-08 6.25672e-08 -1.64199e-09 -7.20098e-09
894 0.46 220 0 2.32586e-08 3.31423e-08 1.41018e-08 8.04303e-09 -7.8091e-08 -2.37177e-08 -2.88563e-08 -3.76089e-08 7.38866e-08 6.00171e-08 -1.7254e-09 -7.34083e-09
894 0.47 220 0 2.29379e-08 3.23238e-08 1.3927e-08 7.34871e-09 -7.60372e-08 -2.14678e-08 -2.85168e-08 -3.60784e-08 7.31411e-08 5.74666e-08 -1.81293e-09 -7.47839e-09
894 0.48 220 0 2.25167e-08 3.14675e-08 1.36924e-08 6.63389e-09 -7.39196e-08 -1.92956e-08 -2.81175e-08 -3.45536e-08 7.22954e-08 5.49231e-08 -1.90467e-09 -7.61338e-09
894 0.49 220 0 2.19908e-08 3.05804e-08 1.33958e-08 5.90251e-09 -7.1743e-08 -1.72073e-08 -2.76572e-08 -3.30393e-08 7.13477e-08 5.23937e-08 -2.00085e-09 -7.74624e-09
894 0.5 220 0 2.13603e-08 2.96733e-08 1.30371e-08 5.16192e-09 -6.95145e-08 -1.52097e-08 -2.71369e-08 -3.15409e-08 7.02983e-08 4.98874e-08 -2.10203e-09 -7.87559e-09
894 0.51 220 0 2.06181e-08 2.87502e-08 1.26119e-08 4.41367e-09 -6.72403e-08 -1.33092e-08 -2.65546e-08 -3.00629e-08 6.9145e-08 4.74111e-08 -2.20727e-09 -8.00144e-09
894 0.52 220 0 1.97644e-08 2.78224e-08 1.21203e-08 3.66474e-09 -6.49279e-08 -1.15112e-08 -2.59115e-08 -2.86108e-08 6.78892e-08 4.49737e-08 -2.31704e-09 -8.1237e-09
894 0.53 220 0 1.87985e-08 2.6899e-08 1.15618e-08 2.92057e-09 -6.25847e-08 -9.82062e-09 -2.52083e-08 -2.71901e-08 6.65318e-08 4.25835e-08 -2.43151e-09 -8.24206e-09
894 0.54 220 0 1.77195e-08 2.59903e-08 1.09365e-08 2.18746e-09 -6.02193e-08 -8.24228e-09 -2.44464e-08 -2.58063e-08 6.50742e-08 4.02492e-08 -2.5508e-09 -8.35654e-09
894 0.55 220 0 1.65263e-08 2.51014e-08 1.02433e-08 1.46825e-09 -5.78411e-08 -6.78183e-09 -2.36266e-08 -2.44642e-08 6.35178e-08 3.79791e-08 -2.67482e-09 -8.46584e-09
894 0.56 220 0 1.52235e-08 2.4251e-08 9.48434e-09 7.74321e-10 -5.54581e-08 -5.43703e-09 -2.27522e-08 -2.31699e-08 6.18683e-08 3.57817e-08 -2.80366e-09 -8.57053e-09
894 0.57 220 0 1.38118e-08 2.34461e-08 8.66096e-09 1.09949e-10 -5.30805e-08 -4.21318e-09 -2.18258e-08 -2.19288e-08 6.01279e-08 3.36658e-08 -2.9373e-09 -8.67038e-09
894 0.58 220 0 1.22939e-08 2.26969e-08 7.77395e-09 -5.19014e-10 -5.07183e-08 -3.1104e-09 -2.08499e-08 -2.07457e-08 5.83018e-08 3.16393e-08 -3.07554e-09 -8.76434e-09
894 0.59 220 0 1.06745e-08 2.20141e-08 6.82701e-09 -1.10585e-09 -4.83814e-08 -2.13049e-09 -1.98288e-08 -1.96261e-08 5.63948e-08 2.97107e-08 -3.21856e-09 -8.85274e-09
894 0.6 220 0 8.95846e-09 2.14082e-08 5.82267e-09 -1.64436e-09 -4.608e-08 -1.2721e-09 -1.87663e-08 -1.85746e-08 5.44132e-08 2.78875e-08 -3.366e-09 -8.93493e-09
894 0.61 220 0 7.1514e-09 2.08897e-08 4.76392e-09 -2.12844e-09 -4.38249e-08 -5.33275e-10 -1.7667e-08 -1.7596e-08 5.23641e-08 2.61771e-08 -3.51788e-09 -9.01015e-09
894 0.62 220 0 5.26128e-09 2.04695e-08 3.65532e-09 -2.55234e-09 -4.16275e-08 8.57852e-11 -1.65363e-08 -1.66946e-08 5.02551e-08 2.45885e-08 -3.67266e-09 -9.07818e-09
894 0.63 220 0 3.29244e-09 2.0153e-08 2.50195e-09 -2.91138e-09 -3.9498e-08 5.88896e-10 -1.53797e-08 -1.58746e-08 4.80925e-08 2.31263e-08 -3.83257e-09 -9.13964e-09
894 0.64 220 0 1.26225e-09 1.99559e-08 1.31274e-09 -3.19783e-09 -3.74466e-08 9.83752e-10 -1.42044e-08 -1.51391e-08 4.58918e-08 2.17973e-08 -3.99441e-09 -9.19613e-09
894 0.65 220 0 -8.18841e-10 1.98836e-08 1.04564e-10 -3.40149e-09 -3.54869e-08 1.27128e-09 -1.30224e-08 -1.44963e-08 4.36648e-08 2.06042e-08 -4.1684e-09 -9.25598e-09
894 0.66 220 0 -2.94644e-09 1.99463e-08 -1.13296e-09 -3.52306e-09 -3.36202e-08 1.45964e-09 -1.18344e-08 -1.39442e-08 4.14116e-08 1.95545e-08 -4.34709e-09 -9.30214e-09
894 0.67 220 0 -5.10772e-09 2.01504e-08 -2.38821e-09 -3.55803e-09 -3.18569e-08 1.55737e-09 -1.06489e-08 -1.34853e-08 3.91449e-08 1.86513e-08 -4.53111e-09 -9.3384e-09
894 0.68 220 0 -7.28986e-09 2.05033e-08 -3.65313e-09 -3.50249e-09 -3.02057e-08 1.57314e-09 -9.4737e-09 -1.31213e-08 3.68765e-08 1.78983e-08 -4.71989e-09 -9.36487e-09
894 0.69 220 0 -9.47873e-09 2.10114e-08 -4.91956e-09 -3.35329e-09 -2.86739e-08 1.51586e-09 -8.31652e-09 -1.28533e-08 3.4618e-08 1.72987e-08 -4.913e-09 -9.38079e-09
894 0.7 220 0 -1.16643e-08 2.16769e-08 -6.17966e-09 -3.10945e-09 -2.72746e-08 1.39184e-09 -7.18604e-09 -1.26825e-08 3.23806e-08 1.68559e-08 -5.1108e-09 -9.38607e-09
894 0.71 220 0 -1.38221e-08 2.25124e-08 -7.42148e-09 -2.7644e-09 -2.60029e-08 1.21898e-09 -6.09042e-09 -1.26084e-08 3.01792e-08 1.65698e-08 -5.31179e-09 -9.3805e-09
894 0.72 220 0 -1.59389e-08 2.35175e-08 -8.63548e-09 -2.31925e-09 -2.48678e-08 1.00403e-09 -5.03923e-09 -1.26298e-08 2.80263e-08 1.64405e-08 -5.51624e-09 -9.36343e-09
894 0.73 220 0 -1.79983e-08 2.46972e-08 -9.81359e-09 -1.77212e-09 -2.38741e-08 7.60537e-10 -4.03974e-09 -1.27466e-08 2.59346e-08 1.64705e-08 -5.72301e-09 -9.33422e-09
894 0.74 220 0 -1.99835e-08 2.60528e-08 -1.09421e-08 -1.12178e-09 -2.30223e-08 5.01135e-10 -3.10286e-09 -1.29573e-08 2.39166e-08 1.66567e-08 -5.93396e-09 -9.2945e-09
894 0.75 220 0 -2.18733e-08 2.75885e-08 -1.2013e-08 -3.68434e-10 -2.23158e-08 2.38528e-10 -2.23566e-09 -1.32603e-08 2.19878e-08 1.70015e-08 -6.14667e-09 -9.24239e-09
894 0.76 220 0 -2.36558e-08 2.93007e-08 -1.30188e-08 4.84991e-10 -2.17649e-08 -1.62813e-11 -1.44781e-09 -1.36532e-08 2.0162e-08 1.75039e-08 -6.36209e-09 -9.17674e-09
894 0.77 220 0 -2.53002e-08 3.11968e-08 -1.39385e-08 1.44497e-09 -2.1355e-08 -2.45797e-10 -7.51679e-10 -1.41358e-08 1.84546e-08 1.81615e-08 -6.58307e-09 -9.09836e-09
894 0.78 220 0 -2.67872e-08 3.32743e-08 -1.47676e-08 2.5067e-09 -2.10915e-08 -4.37983e-10 -1.53443e-10 -1.4704e-08 1.68832e-08 1.89739e-08 -6.80555e-09 -9.0047e-09
894 0.79 220 0 -2.80932e-08 3.55347e-08 -1.54938e-08 3.67092e-09 -2.09714e-08 -5.76799e-10 3.36737e-10 -1.53564e-08 1.54652e-08 1.99402e-08 -7.02966e-09 -8.89501e-09
894 0.8 220 0 -2.92012e-08 3.79772e-08 -1.61045e-08 4.93894e-09 -2.09877e-08 -6.45094e-10 7.08675e-10 -1.60927e-08 1.4213e-08 2.10584e-08 -7.25901e-09 -8.76897e-09
894 0.81 220 0 -3.0038e-08 4.06077e-08 -1.65465e-08 6.31367e-09 -2.11611e-08 -6.29777e-10 9.19167e-10 -1.69114e-08 1.31855e-08 2.2334e-08 -7.49002e-09 -8.62472e-09
894 0.82 220 0 -3.05899e-08 4.34141e-08 -1.68225e-08 7.78609e-09 -2.14552e-08 -5.19395e-10 9.72933e-10 -1.78044e-08 1.23846e-08 2.37527e-08 -7.72422e-09 -8.46045e-09
894 0.83 220 0 -3.0825e-08 4.63923e-08 -1.69152e-08 9.35313e-09 -2.1871e-08 -2.9422e-10 8.52519e-10 -1.87682e-08 1.18395e-08 2.53119e-08 -7.96078e-09 -8.27395e-09
894 0.84 220 0 -3.06993e-08 4.9539e-08 -1.68003e-08 1.1013e-08 -2.23983e-08 6.24873e-11 5.37333e-10 -1.98e-08 1.15841e-08 2.70082e-08 -8.19911e-09 -8.06278e-09
894 0.85 220 0 -3.01613e-08 5.28503e-08 -1.64491e-08 1.27641e-08 -2.30253e-08 5.68005e-10 2.38072e-12 -2.08974e-08 1.16589e-08 2.88378e-08 -8.43831e-09 -7.82419e-09
894 0.86 220 0 -2.91547e-08 5.63226e-08 -1.58301e-08 1.46049e-08 -2.37467e-08 1.2499e-09 -7.84004e-10 -2.20578e-08 1.21151e-08 3.07973e-08 -8.67665e-09 -7.55476e-09
894 0.87 220 0 -2.75896e-08 5.99513e-08 -1.48917e-08 1.65356e-08 -2.45281e-08 2.1127e-09 -1.86225e-09 -2.32805e-08 1.30147e-08 3.28816e-08 -8.91341e-09 -7.25102e-09
894 0.88 220 0 -2.53712e-08 6.37301e-08 -1.35788e-08 1.85544e-08 -2.53584e-08 3.18517e-09 -3.28712e-09 -2.4563e-08 1.44422e-08 3.50848e-08 -9.14594e-09 -6.90862e-09
894 0.89 220 0 -2.23656e-08 6.76498e-08 -1.18125e-08 2.06586e-08 -2.62138e-08 4.49308e-09 -5.13426e-09 -2.59016e-08 1.65113e-08 3.73973e-08 -9.37144e-09 -6.52237e-09
894 0.9 220 0 -1.83865e-08 7.16923e-08 -9.48181e-09 2.28412e-08 -2.70643e-08 6.06706e-09 -7.51156e-09 -2.7287e-08 1.93819e-08 3.98005e-08 -9.58639e-09 -6.08604e-09
894 0.91 220 0 -1.31709e-08 7.58223e-08 -6.42914e-09 2.5084e-08 -2.7873e-08 7.95982e-09 -1.0578e-08 -2.86958e-08 2.32882e-08 4.2254e-08 -9.78564e-09 -5.59149e-09
894 0.92 220 0 -6.30554e-09 7.99464e-08 -2.40492e-09 2.73365e-08 -2.85872e-08 1.02009e-08 -1.45784e-08 -3.00743e-08 2.85845e-08 4.46712e-08 -9.96378e-09 -5.02734e-09
894 0.93 220 0 2.83609e-09 8.38571e-08 2.96871e-09 2.94773e-08 -2.91339e-08 1.28867e-08 -1.98985e-08 -3.12855e-08 3.58326e-08 4.68443e-08 -1.01103e-08 -4.37682e-09
894 0.94 220 0 1.52773e-08 8.70272e-08 1.03096e-08 3.1194e-08 -2.93875e-08 1.61551e-08 -2.71684e-08 -3.19859e-08 4.59471e-08 4.82628e-08 -1.02067e-08 -3.61311e-09
894 0.95 220 0 3.26793e-08 8.80664e-08 2.06196e-08 3.16546e-08 -2.90779e-08 2.02549e-08 -3.74103e-08 -3.12683e-08 6.04145e-08 4.7591e-08 -1.02109e-08 -2.69312e-09
894 0.96 220 0 5.74033e-08 8.30629e-08 3.53246e-08 2.85136e-08 -2.75525e-08 2.55499e-08 -5.20507e-08 -2.66114e-08 8.13043e-08 4.11294e-08 -1.00151e-08 -1.55522e-09
894 0.97 220 0 8.96936e-08 6.11793e-08 5.4585e-08 1.52611e-08 -2.29506e-08 3.22629e-08 -7.10672e-08 -1.10764e-08 1.0856e-07 1.87085e-08 -9.32858e-09 -1.9543e-10
894 0.98 220 0 1.09026e-07 3.47765e-09 6.60951e-08 -1.95015e-08 -1.13274e-08 3.75673e-08 -8.1024e-08 2.72457e-08 1.22463e-07 -3.71294e-08 -7.6574e-09 8.41006e-10
894 0.99 220 0 6.15499e-08 -5.72269e-08 3.74754e-08 -5.61391e-08 5.17011e-09 3.12889e-08 -4.75714e-08 6.69331e-08 7.2593e-08 -9.50661e-08 -5.90963e-09 1.73548e-10
894 1 220 0 2.10355e-10 -3.43117e-08 1.06918e-10 -4.30366e-08 3.81425e-08 7.22243e-11 -1.32085e-10 5.98793e-08 2.16791e-10 -8.69032e-08 -7.27549e-09 -1.87821e-12
894 1.01 220 0 1.7047e-10 -1.61856e-08 8.08268e-11 -3.14169e-08 -4.63284e-09 -1.0434e-10 -6.248e-11 3.51215e-08 9.62294e-11 -4.55843e-08 -5.44427e-09 2.98345e-12
894 1.02 220 0 1.5182e-10 -1.04964e-08 7.06332e-11 -2.79541e-08 -1.10624e-08 -1.05429e-10 -5.03469e-11 2.87567e-08 7.71164e-11 -3.48284e-08 -4.91276e-09 2.68334e-12
894 1.03 220 0 1.44935e-10 -8.72966e-09 6.74846e-11 -2.68964e-08 -1.54827e-08 -1.07621e-10 -4.52675e-11 2.56022e-08 6.81422e-11 -2.90347e-08 -4.41976e-09 2.84255e-12
894 1.04 220 0 1.42138e-10 -8.8918e-09 6.66492e-11 -2.70217e-08 -1.91908e-08 -1.09819e-10 -4.27096e-11 2.3976e-08 6.29838e-11 -2.55956e-08 -3.94488e-09 3.12041e-12
894 1.05 220 0 1.3946e-10 -1.02537e-08 6.56306e-11 -2.78832e-08 -2.26343e-08 -1.10234e-10 -4.06746e-11 2.32575e-08 5.90599e-11 -2.35462e-08 -3.47838e-09 3.2846e-12
894 1.06 220 0 1.4119e-10 -1.24981e-08 6.72854e-11 -2.92862e-08 -2.60387e-08 -1.13541e-10 -4.05873e-11 2.31594e-08 5.7567e-11 -2.24352e-08 -3.01339e-09 3.74347e-12
894 1.07 220 0 1.44112e-10 -1.54721e-08 6.96336e-11 -3.11368e-08 -2.95377e-08 -1.17319e-10 -4.11108e-11 2.35312e-08 5.69403e-11 -2.20214e-08 -2.54376e-09 4.20123e-12
894 1.08 220 0 1.46149e-10 -1.911e-08 7.12436e-11 -3.33946e-08 -3.32289e-08 -1.19786e-10 -4.14092e-11 2.42915e-08 5.63365e-11 -2.21693e-08 -2.0636e-09 4.55116e-12
894 1.09 220 0 1.5212e-10 -2.34071e-08 7.52932e-11 -3.60562e-08 -3.72036e-08 -1.25424e-10 -4.32284e-11 2.54003e-08 5.74407e-11 -2.28057e-08 -1.56722e-09 5.19812e-12
894 1.1 220 0 1.5928e-10 -2.83883e-08 8.00307e-11 -3.91368e-08 -4.15441e-08 -1.31922e-10 -4.54914e-11 2.6841e-08 5.90984e-11 -2.38921e-08 -1.04834e-09 5.8693e-12
894 1.11 220 0 1.65645e-10 -3.41118e-08 8.41201e-11 -4.2672e-08 -4.63391e-08 -1.37462e-10 -4.74891e-11 2.86166e-08 6.06245e-11 -2.54178e-08 -4.99805e-10 6.45029e-12
894 1.12 220 0 1.76529e-10 -4.06744e-08 9.10188e-11 -4.67208e-08 -5.16964e-08 -1.46785e-10 -5.11223e-11 3.07481e-08 6.39179e-11 -2.73966e-08 8.64685e-11 7.36413e-12
894 1.13 220 0 1.89775e-10 -4.82027e-08 9.9334e-11 -5.13608e-08 -5.77387e-08 -1.57993e-10 -5.55997e-11 3.32714e-08 6.81624e-11 -2.98609e-08 7.20419e-10 8.41174e-12
894 1.14 220 0 2.02919e-10 -5.68658e-08 1.07405e-10 -5.66955e-08 -6.46162e-08 -1.68915e-10 -6.00029e-11 3.62399e-08 7.24462e-11 -3.2865e-08 1.41426e-09 9.42794e-12
894 1.15 220 0 2.22707e-10 -6.6901e-08 1.19595e-10 -6.28701e-08 -7.25301e-08 -1.85393e-10 -6.67534e-11 3.97327e-08 7.9238e-11 -3.64937e-08 2.18345e-09 1.09125e-11
894 1.16 220 0 2.47069e-10 -7.86156e-08 1.34532e-10 -7.0073e-08 -8.17336e-08 -2.05614e-10 -7.50706e-11 4.38559e-08 8.77471e-11 -4.0863e-08 3.04817e-09 1.26608e-11
894 1.17 220 0 2.7439e-10 -9.24298e-08 1.51088e-10 -7.85618e-08 -9.25669e-08 -2.28068e-10 -8.43987e-11 4.87575e-08 9.74544e-11 -4.6137e-08 4.03545e-09 1.46123e-11
894 1.18 220 0 3.13669e-10 -1.08937e-07 1.74996e-10 -8.87e-08 -1.05507e-07 -2.60423e-10 -9.78805e-11 5.4648e-08 1.11635e-10 -5.25512e-08 5.1822e-09 1.73393e-11
894 1.19 220 0 3.60676e-10 -1.2897e-07 2.03411e-10 -1.00998e-07 -1.21217e-07 -2.98922e-10 -1.1402e-10 6.18254e-08 1.28797e-10 -6.04401e-08 6.54085e-09 2.05579e-11
894 1.2 220 0 4.30644e-10 -1.53774e-07 2.45853e-10 -1.16219e-07 -1.4069e-07 -3.56217e-10 -1.38173e-10 7.07364e-08 1.54678e-10 -7.03075e-08 8.1884e-09 2.53174e-11
894 1.21 220 0 5.21343e-10 -1.85243e-07 3.00701e-10 -1.35523e-07 -1.65427e-07 -4.30209e-10 -1.69514e-10 8.20623e-08 1.8851e-10 -8.29219e-08 1.02426e-08 3.13408e-11
894 1.22 220 0 6.64519e-10 -2.26467e-07 3.8751e-10 -1.60805e-07 -1.9788e-07 -5.46824e-10 -2.19233e-10 9.6916e-08 2.42496e-10 -9.95409e-08 1.28942e-08 4.08483e-11
894 1.23 220 0 8.88926e-10 -2.82778e-07 5.23696e-10 -1.95332e-07 -2.42274e-07 -7.29063e-10 -2.9747e-10 1.17219e-07 3.27944e-10 -1.22337e-07 1.6473e-08 5.5543e-11
894 1.24 220 0 1.25843e-09 -3.64277e-07 7.47942e-10 -2.45295e-07 -3.06615e-07 -1.02794e-09 -4.26886e-10 1.46615e-07 4.70128e-10 -1.55428e-07 2.16033e-08 7.95686e-11
894 1.25 220 0 1.99977e-09 -4.9275e-07 1.19897e-09 -3.24047e-07 -4.08161e-07 -1.6258e-09 -6.87944e-10 1.92958e-07 7.58328e-10 -2.07699e-07 2.96295e-08 1.27317e-10
894 1.26 220 0 3.74057e-09 -7.25181e-07 2.25964e-09 -4.66511e-07 -5.92057e-07 -3.02364e-09 -1.30472e-09 2.76801e-07 1.44295e-09 -3.02393e-07 4.40709e-08 2.38619e-10
894 1.27 220 0 1.01315e-08 -1.27369e-06 6.16321e-09 -8.02692e-07 -1.02634e-06 -8.13338e-09 -3.58455e-09 4.74648e-07 3.987e-09 -5.26039e-07 7.80214e-08 6.43729e-10
894 1.28 220 0 9.40493e-08 -4.15197e-06 5.75497e-08 -2.56672e-06 -3.30625e-06 -7.48681e-08 -3.37626e-08 1.51273e-06 3.78679e-08 -1.70011e-06 2.55765e-07 5.91361e-09
894 1.29 220 0 7.14368e-08 3.84154e-06 4.39332e-08 2.33239e-06 3.02643e-06 -5.62855e-08 -2.60494e-08 -1.37031e-06 2.95305e-08 1.5607e-06 -2.37693e-07 4.41831e-09
894 1.3 220 0 8.16851e-09 1.38343e-06 5.04332e-09 8.25805e-07 1.07935e-06 -6.35448e-09 -3.02886e-09 -4.83648e-07 3.48155e-09 5.58095e-07 -8.57965e-08 4.92362e-10
894 1.31 220 0 2.85147e-09 8.6844e-07 1.76558e-09 5.10167e-07 6.71623e-07 -2.18313e-09 -1.07738e-09 -2.9787e-07 1.25936e-09 3.48081e-07 -5.39186e-08 1.6605e-10
894 1.32 220 0 1.41844e-09 6.45168e-07 8.79508e-10 3.73322e-07 4.94994e-07 -1.06444e-09 -5.47511e-10 -2.17308e-07 6.5268e-10 2.57054e-07 -4.00577e-08 7.88734e-11
894 1.33 220 0 8.27103e-10 5.20424e-07 5.13028e-10 2.96865e-07 3.96419e-07 -6.04978e-10 -3.27511e-10 -1.72284e-07 3.99365e-10 2.06211e-07 -3.22836e-08 4.34155e-11
894 1.34 220 0 5.39751e-10 4.40743e-07 3.34356e-10 2.48029e-07 3.33542e-07 -3.81982e-10 -2.20399e-10 -1.43511e-07 2.75606e-10 1.73741e-07 -2.72942e-08 2.63154e-11
894 1.35 220 0 3.74117e-10 3.85422e-07 2.31212e-10 2.14124e-07 2.89963e-07 -2.53545e-10 -1.58698e-10 -1.23524e-07 2.04011e-10 1.51202e-07 -2.38114e-08 1.66413e-11
894 1.36 220 0 2.72975e-10 3.44751e-07 1.68083e-10 1.89199e-07 2.57988e-07 -1.74603e-10 -1.2143e-10 -1.0882e-07 1.60756e-10 1.34632e-07 -2.12352e-08 1.08326e-11
894 1.37 220 0 2.0938e-10 3.13574e-07 1.28221e-10 1.70095e-07 2.33533e-07 -1.23774e-10 -9.88259e-11 -9.75403e-08 1.34793e-10 1.2193e-07 -1.92471e-08 7.17136e-12
894 1.38 220 0 1.64697e-10 2.88902e-07 1.00224e-10 1.54979e-07 2.1423e-07 -8.70713e-11 -8.37224e-11 -8.86069e-08 1.17647e-10 1.11877e-07 -1.76627e-08 4.69178e-12
894 1.39 220 0 1.33082e-10 2.68881e-07 8.03861e-11 1.42714e-07 1.98609e-07 -5.95693e-11 -7.41737e-11 -8.1351e-08 1.07232e-10 1.03716e-07 -1.63671e-08 3.00408e-12
894 1.4 220 0 1.11428e-10 2.52298e-07 6.67219e-11 1.32557e-07 1.85709e-07 -3.808e-11 -6.95169e-11 -7.53354e-08 1.03067e-10 9.69541e-08 -1.52854e-08 1.80031e-12
894 1.41 220 0 9.48142e-11 2.3833e-07 5.62942e-11 1.24005e-07 1.74878e-07 -1.91251e-11 -6.78049e-11 -7.0264e-08 1.02713e-10 9.12561e-08 -1.43669e-08 9.57964e-13
894 1.42 220 0 8.26415e-11 2.26395e-07 4.86664e-11 1.167e-07 1.65654e-07 -1.16598e-12 -6.95398e-11 -6.59275e-08 1.07126e-10 8.63857e-08 -1.35754e-08 3.75401e-13
894 1.43 220 0 7.44345e-11 2.16074e-07 4.34613e-11 1.10384e-07 1.57703e-07 1.79386e-11 -7.57531e-11 -6.21745e-08 1.18125e-10 8.21722e-08 -1.28848e-08 -5.55226e-14
894 1.44 220 0 6.84735e-11 2.07053e-07 3.97654e-11 1.04867e-07 1.50777e-07 4.0767e-11 -8.68907e-11 -5.88937e-08 1.36495e-10 7.84905e-08 -1.22758e-08 -2.92997e-13
894 1.45 220 0 6.50116e-11 1.99096e-07 3.7687e-11 1.00004e-07 1.44686e-07 7.16656e-11 -1.06335e-10 -5.60017e-08 1.67625e-10 7.5247e-08 -1.17336e-08 -3.82569e-13
894 1.46 220 0 6.40867e-11 1.9202e-07 3.72381e-11 9.56811e-08 1.39279e-07 1.19022e-10 -1.40301e-10 -5.34365e-08 2.21386e-10 7.2374e-08 -1.12466e-08 -2.91619e-13
894 1.47 220 0 6.65601e-11 1.85682e-07 3.90251e-11 9.18118e-08 1.3443e-07 2.03111e-10 -2.04629e-10 -5.11553e-08 3.22713e-10 6.98272e-08 -1.08053e-08 1.47414e-14
894 1.48 220 0 7.45702e-11 1.79968e-07 4.44282e-11 8.83257e-08 1.30014e-07 3.82484e-10 -3.44718e-10 -4.91431e-08 5.43271e-10 6.76021e-08 -1.04016e-08 7.18605e-13
894 1.49 220 0 9.523e-11 1.74786e-07 5.81805e-11 8.51659e-08 1.25813e-07 8.98758e-10 -7.46752e-10 -4.74734e-08 1.17702e-09 6.58317e-08 -1.00262e-08 2.36288e-12
894 1.5 220 0 1.65642e-10 1.7006e-07 1.04922e-10 8.22832e-08 1.20545e-07 3.78919e-09 -2.96166e-09 -4.70218e-08 4.67657e-09 6.59239e-08 -9.65614e-09 8.01097e-12
894 1.51 220 0 -3.45172e-09 1.67108e-07 -2.20847e-09 8.08121e-08 1.96228e-08 2.82253e-06 -2.10305e-06 -1.20107e-07 3.33504e-06 1.81746e-07 -1.12371e-08 3.10786e-10
894 1.52 220 0 -1.15731e-10 1.61771e-07 -8.10391e-11 7.72637e-08 1.1515e-07 3.39264e-09 -2.4317e-09 -4.34769e-08 3.88394e-09 6.1643e-08 -9.19755e-09 -1.16984e-11
894 1.53 220 0 -5.17407e-11 1.58088e-07 -3.87568e-11 7.50242e-08 1.1366e-07 8.78425e-10 -6.08695e-10 -4.11991e-08 9.82575e-10 5.86579e-08 -8.89903e-09 -7.70252e-12
894 1.54 220 0 -3.08183e-11 1.54677e-07 -2.48632e-11 7.2955e-08 1.11394e-07 3.9539e-10 -2.65547e-10 -3.97667e-08 4.34799e-10 5.69583e-08 -8.63941e-09 -6.27977e-12
894 1.55 220 0 -2.07526e-11 1.51503e-07 -1.8183e-11 7.10332e-08 1.09162e-07 2.2378e-10 -1.45734e-10 -3.85354e-08 2.43032e-10 5.5534e-08 -8.40093e-09 -5.57951e-12
894 1.56 220 0 -1.50557e-11 1.4854e-07 -1.43455e-11 6.92422e-08 1.07053e-07 1.43761e-10 -9.06901e-11 -3.74141e-08 1.54649e-10 5.42459e-08 -8.17872e-09 -5.15684e-12
894 1.57 220 0 -1.14491e-11 1.45765e-07 -1.19373e-11 6.75678e-08 1.05075e-07 1.00147e-10 -6.1051e-11 -3.63747e-08 1.06961e-10 5.3054e-08 -7.97026e-09 -4.88981e-12
894 1.58 220 0 -9.05543e-12 1.4316e-07 -1.02953e-11 6.59983e-08 1.0322e-07 7.3742e-11 -4.32843e-11 -3.54035e-08 7.8267e-11 5.19397e-08 -7.77388e-09 -4.7012e-12
894 1.59 220 0 -7.33166e-12 1.40707e-07 -9.13641e-12 6.45231e-08 1.01479e-07 5.64189e-11 -3.17074e-11 -3.44913e-08 5.95613e-11 5.08915e-08 -7.58821e-09 -4.61491e-12
894 1.6 220 0 -6.10052e-12 1.38392e-07 -8.28346e-12 6.31333e-08 9.98426e-08 4.47495e-11 -2.39816e-11 -3.36317e-08 4.70069e-11 4.99017e-08 -7.41227e-09 -4.50739e-12
894 1.61 220 0 -5.18377e-12 1.36201e-07 -7.63058e-12 6.18209e-08 9.83012e-08 3.63897e-11 -1.84772e-11 -3.28193e-08 3.80222e-11 4.8964e-08 -7.24513e-09 -4.42568e-12
894 1.62 220 0 -4.47174e-12 1.34125e-07 -7.12849e-12 6.05791e-08 9.68466e-08 3.01633e-11 -1.43882e-11 -3.20497e-08 3.13367e-11 4.80732e-08 -7.08599e-09 -4.38418e-12
894 1.63 220 0 -3.9277e-12 1.32151e-07 -6.7196e-12 5.94017e-08 9.54708e-08 2.54905e-11 -1.13451e-11 -3.13191e-08 2.63121e-11 4.7225e-08 -6.93423e-09 -4.32697e-12
894 1.64 220 0 -3.48658e-12 1.30272e-07 -6.38848e-12 5.82832e-08 9.41672e-08 2.18125e-11 -8.9547e-12 -3.0624e-08 2.23534e-11 4.64157e-08 -6.78922e-09 -4.30021e-12
894 1.65 220 0 -3.12905e-12 1.2848e-07 -6.10914e-12 5.72188e-08 9.29297e-08 1.8892e-11 -7.0709e-12 -2.99617e-08 1.92029e-11 4.56421e-08 -6.65045e-09 -4.27473e-12
894 1.66 220 0 -2.84016e-12 1.26768e-07 -5.87117e-12 5.62041e-08 9.17527e-08 1.65779e-11 -5.59935e-12 -2.93295e-08 1.67014e-11 4.49011e-08 -6.51745e-09 -4.23107e-12
894 1.67 220 0 -2.59409e-12 1.25129e-07 -5.6621e-12 5.52353e-08 9.06313e-08 1.46494e-11 -4.38379e-12 -2.8725e-08 1.46116e-11 4.41902e-08 -6.3898e-09 -4.2034e-12
894 1.68 220 0 -2.39452e-12 1.23558e-07 -5.47271e-12 5.43089e-08 8.95612e-08 1.30495e-11 -3.3946e-12 -2.81463e-08 1.28631e-11 4.35071e-08 -6.26713e-09 -4.1674e-12
894 1.69 220 0 -2.22885e-12 1.22049e-07 -5.29345e-12 5.34218e-08 8.85383e-08 1.17013e-11 -2.58466e-12 -2.75913e-08 1.13796e-11 4.28497e-08 -6.14909e-09 -4.12244e-12
894 1.7 220 0 -2.08823e-12 1.20599e-07 -5.1194e-12 5.25711e-08 8.75591e-08 1.05442e-11 -1.91743e-12 -2.70586e-08 1.00971e-11 4.22162e-08 -6.03538e-09 -4.0657e-12
894 1.71 220 0 -1.9726e-12 1.19203e-07 -4.94174e-12 5.17543e-08 8.66202e-08 9.53958e-12 -1.37326e-12 -2.65465e-08 8.97086e-12 4.1605e-08 -5.92572e-09 -3.99037e-12
894 1.72 220 0 -1.87055e-12 1.17857e-07 -4.75505e-12 5.09691e-08 8.57187e-08 8.64813e-12 -9.28148e-13 -2.60537e-08 7.96753e-12 4.10145e-08 -5.81985e-09 -3.90099e-12
894 1.73 220 0 -1.77458e-12 1.16557e-07 -4.55422e-12 5.02132e-08 8.48519e-08 7.84529e-12 -5.75048e-13 -2.55789e-08 7.06529e-12 4.04433e-08 -5.71752e-09 -3.78348e-12
894 1.74 220 0 -1.69971e-12 1.15301e-07 -4.32071e-12 4.94849e-08 8.40175e-08 7.10653e-12 -3.07401e-13 -2.51209e-08 6.22071e-12 3.98902e-08 -5.61852e-09 -3.6271e-12
894 1.75 220 0 -1.6531e-12 1.14086e-07 -4.03597e-12 4.87823e-08 8.32131e-08 6.4147e-12 -1.24554e-13 -2.46787e-08 5.41062e-12 3.9354e-08 -5.52265e-09 -3.41294e-12
894 1.76 220 0 -1.66996e-12 1.12909e-07 -3.60527e-12 4.81037e-08 8.24368e-08 5.69946e-12 -7.66087e-14 -2.42513e-08 4.52184e-12 3.88336e-08 -5.42966e-09 -2.99287e-12
894 1.77 220 0 -3.6238e-13 1.11766e-07 -2.89128e-12 4.74469e-08 8.16829e-08 2.91182e-12 1.01754e-12 -2.38395e-08 2.63346e-12 3.83306e-08 -5.34004e-09 -2.56217e-12
894 1.78 220 0 2.79797e-13 1.10657e-07 -2.5285e-12 4.6812e-08 8.09557e-08 1.71737e-12 1.39378e-12 -2.34399e-08 1.90485e-12 3.78403e-08 -5.25275e-09 -2.44092e-12
894 1.79 220 0 7.513e-13 1.09581e-07 -2.21929e-12 4.61971e-08 8.02517e-08 8.69468e-13 1.59211e-12 -2.30527e-08 1.41258e-12 3.7363e-08 -5.16794e-09 -2.31706e-12
894 1.8 220 0 1.11115e-12 1.08534e-07 -1.95215e-12 4.56012e-08 7.95693e-08 2.40521e-13 1.6855e-12 -2.26771e-08 1.0648e-12 3.68981e-08 -5.08553e-09 -2.18568e-12
894 1.81 220 0 1.37811e-12 1.07515e-07 -1.72547e-12 4.50231e-08 7.89071e-08 -2.17064e-13 1.70642e-12 -2.23127e-08 8.22448e-13 3.6445e-08 -5.00539e-09 -2.04895e-12
894 1.82 220 0 1.57031e-12 1.06522e-07 -1.53269e-12 4.44619e-08 7.82638e-08 -5.45122e-13 1.67734e-12 -2.19589e-08 6.53828e-13 3.60031e-08 -4.92742e-09 -1.90738e-12
894 1.83 220 0 1.72442e-12 1.05555e-07 -1.3582e-12 4.39166e-08 7.76383e-08 -8.10822e-13 1.62797e-12 -2.1615e-08 5.20186e-13 3.55719e-08 -4.85152e-09 -1.76517e-12
894 1.84 220 0 1.81928e-12 1.04611e-07 -1.21127e-12 4.33864e-08 7.70294e-08 -9.93153e-13 1.55759e-12 -2.12807e-08 4.22096e-13 3.51508e-08 -4.7776e-09 -1.62401e-12
894 1.85 220 0 1.85531e-12 1.03689e-07 -1.08388e-12 4.28706e-08 7.64362e-08 -1.10741e-12 1.47092e-12 -2.09555e-08 3.42997e-13 3.47393e-08 -4.70556e-09 -1.48123e-12
894 1.86 220 0 1.83055e-12 1.02789e-07 -9.67358e-13 4.23683e-08 7.58578e-08 -1.16724e-12 1.37485e-12 -2.06389e-08 2.67654e-13 3.4337e-08 -4.63531e-09 -1.34079e-12
894 1.87 220 0 1.73534e-12 1.01908e-07 -8.50103e-13 4.18789e-08 7.52934e-08 -1.17024e-12 1.26578e-12 -2.03306e-08 1.90195e-13 3.39435e-08 -4.56678e-09 -1.20425e-12
894 1.88 220 0 1.58951e-12 1.01047e-07 -7.22316e-13 4.14018e-08 7.47421e-08 -1.12762e-12 1.15173e-12 -2.00301e-08 1.16443e-13 3.35584e-08 -4.49991e-09 -1.08708e-12
894 1.89 220 0 1.49866e-12 1.00204e-07 -6.56934e-13 4.09363e-08 7.42032e-08 -1.07606e-12 1.0705e-12 -1.97372e-08 9.57619e-14 3.31812e-08 -4.43465e-09 -1.00845e-12
894 1.9 220 0 1.41615e-12 9.93775e-08 -6.02677e-13 4.0482e-08 7.36761e-08 -1.02415e-12 9.94324e-13 -1.94514e-08 8.26717e-14 3.28118e-08 -4.3709e-09 -9.33662e-13
894 1.91 220 0 1.32988e-12 9.85679e-08 -5.49189e-13 4.00382e-08 7.316e-08 -9.68842e-13 9.18053e-13 -1.91726e-08 7.00909e-14 3.24496e-08 -4.30861e-09 -8.59013e-13
894 1.92 220 0 1.23953e-12 9.77738e-08 -4.96429e-13 3.96046e-08 7.26545e-08 -9.09668e-13 8.41346e-13 -1.89003e-08 5.82867e-14 3.20945e-08 -4.24772e-09 -7.8432e-13
894 1.93 220 0 1.14462e-12 9.69946e-08 -4.4429e-13 3.91806e-08 7.2159e-08 -8.46131e-13 7.63826e-13 -1.86344e-08 4.74201e-14 3.17461e-08 -4.18819e-09 -7.09319e-13
894 1.94 220 0 1.04447e-12 9.62297e-08 -3.92581e-13 3.87659e-08 7.1673e-08 -7.77632e-13 6.85029e-13 -1.83745e-08 3.75769e-14 3.14041e-08 -4.12995e-09 -6.33629e-13
894 1.95 220 0 9.38066e-13 9.54784e-08 -3.41007e-13 3.836e-08 7.11959e-08 -7.03358e-13 6.04332e-13 -1.81204e-08 2.87913e-14 3.10684e-08 -4.07296e-09 -5.567e-13
894 1.96 220 0 8.23856e-13 9.47401e-08 -2.89103e-13 3.79626e-08 7.07274e-08 -6.22088e-13 5.20815e-13 -1.78719e-08 2.10636e-14 3.07386e-08 -4.01718e-09 -4.77697e-13
894 1.97 220 0 6.99215e-13 9.40143e-08 -2.36107e-13 3.75733e-08 7.02671e-08 -5.31787e-13 4.32977e-13 -1.76288e-08 1.43719e-14 3.04146e-08 -3.96256e-09 -3.9526e-13
894 1.98 220 0 5.59125e-13 9.33004e-08 -1.80601e-13 3.71919e-08 6.98144e-08 -4.28554e-13 3.38002e-13 -1.73909e-08 8.68097e-15 3.00961e-08 -3.90905e-09 -3.06843e-13
894 1.99 220 0 3.91044e-13 9.25979e-08 -1.19135e-13 3.68178e-08 6.93692e-08 -3.02574e-13 2.28949e-13 -1.71579e-08 3.94553e-15 2.9783e-08 -3.85663e-09 -2.06238e-13
894 2 220 0 1.29881e-15 9.19062e-08 -3.42952e-16 3.64511e-08 6.89308e-08 -1.02598e-15 7.03056e-16 -1.69299e-08 1.06081e-18 2.9475e-08 -3.80534e-09 -6.19553e-16
