894 0 510 0 0 0 0 0 3.27164e-08 1.40936e-08 -7.97708e-23 2.40386e-22 -2.92181e-08 -1.88531e-08 0 0
894 0.01 510 0 -3.10332e-10 -2.26859e-10 -8.9643e-24 6.62161e-23 3.27122e-08 1.40761e-08 6.58403e-22 1.24197e-21 -2.92182e-08 -1.88373e-08 1.73902e-24 6.7521e-23
894 0.02 510 0 -6.20724e-10 -4.52586e-10 -2.04289e-22 1.73233e-22 3.26997e-08 1.40237e-08 -1.23546e-21 -2.51098e-22 -2.92183e-08 -1.87898e-08 -2.7288e-22 1.68915e-22
894 0.03 510 0 -9.3123e-10 -6.76053e-10 -3.6365e-22 2.14975e-22 3.26787e-08 1.39364e-08 -1.32819e-21 -7.05165e-22 -2.92184e-08 -1.87108e-08 -4.01224e-22 2.18711e-22
894 0.04 510 0 -1.24189e-09 -8.96132e-10 -2.14407e-23 1.6335e-22 3.2649e-08 1.38145e-08 7.33235e-22 4.8066e-22 -2.92181e-08 -1.86001e-08 4.62433e-23 1.91458e-22
894 0.05 510 0 -1.55274e-09 -1.1117e-09 -4.05427e-22 3.94808e-22 3.26101e-08 1.36582e-08 -6.36803e-22 2.31085e-22 -2.92173e-08 -1.84581e-08 -3.97769e-22 3.93925e-22
894 0.06 510 0 -1.86387e-09 -1.32163e-09 -7.8817e-22 5.03705e-22 3.25615e-08 1.3461e-08 -1.75545e-21 -1.56083e-21 -2.92177e-08 -1.82814e-08 -9.5757e-22 4.46545e-22
894 0.07 510 0 -2.17513e-09 -1.52482e-09 -2.55022e-22 4.44604e-22 3.25029e-08 1.32335e-08 5.42754e-22 6.33563e-22 -2.92154e-08 -1.80751e-08 -1.19214e-22 4.78593e-22
894 0.08 510 0 -2.48654e-09 -1.72018e-09 -8.9546e-22 7.09609e-22 3.24337e-08 1.29722e-08 -1.04396e-21 -1.32744e-22 -2.92108e-08 -1.78374e-08 -1.05674e-21 7.72824e-22
894 0.09 510 0 -2.79792e-09 -1.90658e-09 -3.43345e-22 4.2032e-22 3.23531e-08 1.26785e-08 6.57399e-22 8.9951e-23 -2.92034e-08 -1.75693e-08 -2.34932e-22 3.9362e-22
894 0.1 510 0 -3.10907e-09 -2.08295e-09 -5.16987e-22 3.96285e-22 3.22606e-08 1.23557e-08 5.32111e-22 1.27047e-21 -2.91911e-08 -1.72722e-08 -4.22043e-22 5.99426e-22
894 0.11 510 0 -3.41995e-09 -2.24822e-09 -1.06204e-21 8.98473e-22 3.21549e-08 1.19982e-08 -5.36047e-22 -1.62599e-22 -2.91754e-08 -1.69433e-08 -1.11253e-21 8.02142e-22
894 0.12 510 0 -3.73023e-09 -2.40136e-09 -1.131e-21 1.01212e-21 3.20354e-08 1.16099e-08 -1.37332e-22 -6.93338e-22 -2.91541e-08 -1.65844e-08 -1.19537e-21 8.33204e-22
894 0.13 510 0 -4.03948e-09 -2.54132e-09 -5.449e-22 9.4802e-22 3.19011e-08 1.11948e-08 1.21615e-22 6.58203e-22 -2.91252e-08 -1.61976e-08 -4.93555e-22 8.74203e-22
894 0.14 510 0 -4.3474e-09 -2.66711e-09 -1.35469e-21 1.07814e-21 3.17506e-08 1.07478e-08 -6.53699e-23 2.5005e-22 -2.90895e-08 -1.57804e-08 -1.41907e-21 1.23387e-21
894 0.15 510 0 -4.65374e-09 -2.7778e-09 -9.28217e-22 4.16965e-22 3.1583e-08 1.02723e-08 4.20515e-22 3.42251e-22 -2.9045e-08 -1.53341e-08 -5.75804e-22 7.82636e-22
894 0.16 510 0 -4.95771e-09 -2.87239e-09 -1.03801e-21 9.45081e-22 3.13974e-08 9.77046e-09 -5.21899e-22 5.43883e-22 -2.89904e-08 -1.48603e-08 -1.05109e-21 1.3293e-21
894 0.17 510 0 -5.25863e-09 -2.95001e-09 -1.31103e-21 1.55313e-21 3.11924e-08 9.2462e-09 -7.7412e-22 -1.82269e-23 -2.89232e-08 -1.43608e-08 -1.28563e-21 1.34903e-21
894 0.18 510 0 -5.55609e-09 -3.00983e-09 -7.92154e-22 1.24819e-21 3.09667e-08 8.69477e-09 2.7248e-22 6.65541e-23 -2.88441e-08 -1.38333e-08 -7.66454e-22 1.20416e-21
894 0.19 510 0 -5.84915e-09 -3.05105e-09 -7.09821e-22 1.07098e-21 3.07192e-08 8.1208e-09 2.94879e-22 6.16069e-22 -2.87507e-08 -1.32802e-08 -4.9602e-22 1.20244e-21
894 0.2 510 0 -6.13691e-09 -3.07297e-09 1.60789e-22 5.35264e-23 3.04485e-08 7.52857e-09 1.71335e-21 1.61775e-21 -2.86402e-08 -1.27037e-08 1.02114e-21 5.90809e-22
894 0.21 510 0 -6.41852e-09 -3.07489e-09 -1.78256e-21 2.39099e-21 3.01535e-08 6.91456e-09 -7.45433e-22 -5.38439e-22 -2.85134e-08 -1.21025e-08 -2.20432e-21 2.31088e-21
894 0.22 510 0 -6.69287e-09 -3.05627e-09 -1.42606e-21 1.69873e-21 2.98329e-08 6.28336e-09 2.88653e-22 -9.81262e-22 -2.83676e-08 -1.1479e-08 -1.47691e-21 1.44915e-21
894 0.23 510 0 -6.95877e-09 -3.01661e-09 -1.65732e-21 1.59312e-21 2.94857e-08 5.63957e-09 7.62964e-22 -3.3308e-23 -2.82e-08 -1.08357e-08 -1.36928e-21 1.64741e-21
894 0.24 510 0 -7.21513e-09 -2.95553e-09 -7.63772e-22 1.81446e-21 2.91105e-08 4.98026e-09 9.54263e-23 9.47013e-22 -2.80113e-08 -1.01718e-08 -6.74276e-22 2.02224e-21
894 0.25 510 0 -7.46056e-09 -2.87275e-09 -1.90874e-21 2.50907e-21 2.87063e-08 4.31037e-09 -6.13328e-22 -4.69068e-22 -2.77987e-08 -9.49003e-09 -2.0326e-21 2.55673e-21
894 0.26 510 0 -7.69381e-09 -2.76814e-09 -3.45603e-22 7.16e-22 2.82721e-08 3.63203e-09 1.2052e-21 5.28749e-22 -2.75606e-08 -8.79183e-09 4.40032e-22 5.74147e-22
894 0.27 510 0 -7.91293e-09 -2.64162e-09 -5.19498e-22 1.31377e-21 2.78075e-08 2.95131e-09 1.48427e-21 7.20558e-22 -2.72945e-08 -8.08117e-09 2.01039e-22 1.43016e-21
894 0.28 510 0 -8.1167e-09 -2.49344e-09 -3.06222e-23 1.08896e-21 2.73111e-08 2.26535e-09 1.71241e-21 8.00525e-22 -2.70008e-08 -7.35732e-09 7.62896e-22 7.35436e-22
894 0.29 510 0 -8.30392e-09 -2.32376e-09 -4.41054e-22 1.6721e-21 2.67823e-08 1.57904e-09 1.18342e-21 7.74129e-22 -2.6677e-08 -6.62306e-09 2.84248e-22 1.77203e-21
894 0.3 510 0 -8.47239e-09 -2.13308e-09 -1.75478e-21 1.70105e-21 2.62211e-08 8.96367e-10 1.83264e-21 2.76046e-22 -2.63219e-08 -5.88181e-09 -6.57219e-22 1.85337e-21
894 0.31 510 0 -8.6205e-09 -1.92199e-09 -1.93813e-21 2.99467e-21 2.5627e-08 2.2235e-10 8.44146e-22 -3.64816e-22 -2.5933e-08 -5.13665e-09 -1.396e-21 3.29169e-21
894 0.32 510 0 -8.74665e-09 -1.69141e-09 -2.37768e-21 2.56002e-21 2.49999e-08 -4.44196e-10 4.06123e-22 3.48469e-22 -2.55114e-08 -4.38862e-09 -1.77454e-21 3.47212e-21
894 0.33 510 0 -8.84922e-09 -1.44232e-09 -1.7996e-21 2.12948e-21 2.43398e-08 -1.09794e-09 1.91868e-21 1.00088e-21 -2.50547e-08 -3.64123e-09 -5.23691e-22 2.87778e-21
894 0.34 510 0 -8.92612e-09 -1.17601e-09 -1.6742e-22 1.74933e-21 2.36476e-08 -1.73475e-09 1.34436e-21 7.53064e-22 -2.45626e-08 -2.89832e-09 8.28694e-22 1.62627e-21
894 0.35 510 0 -8.97575e-09 -8.93852e-10 -1.98567e-21 3.24866e-21 2.29237e-08 -2.34936e-09 7.69118e-22 5.53989e-23 -2.4033e-08 -2.16359e-09 -9.59439e-22 3.76708e-21
894 0.36 510 0 -8.99632e-09 -5.97854e-10 -2.38526e-21 3.00748e-21 2.21693e-08 -2.94221e-09 1.68928e-21 -9.7764e-22 -2.34678e-08 -1.43915e-09 -1.22656e-21 2.89305e-21
894 0.37 510 0 -8.9869e-09 -2.89626e-10 -2.84844e-21 5.79133e-21 2.13851e-08 -3.50815e-09 7.67903e-22 -1.93334e-21 -2.28655e-08 -7.28673e-10 -2.56621e-21 5.43673e-21
894 0.38 510 0 -8.94535e-09 2.84225e-11 -5.30804e-22 6.47625e-21 2.05735e-08 -4.04284e-09 -1.49503e-21 -2.55165e-21 -2.22266e-08 -3.6792e-11 -1.9767e-21 5.24934e-21
894 0.39 510 0 -8.87072e-09 3.53966e-10 -1.45216e-21 3.75825e-21 1.97359e-08 -4.54329e-09 1.19601e-21 -4.11049e-22 -2.15511e-08 6.33293e-10 -8.33637e-22 3.90638e-21
894 0.4 510 0 -8.76135e-09 6.84322e-10 -8.4888e-22 3.68945e-21 1.88754e-08 -5.00359e-09 1.30255e-21 -8.64031e-22 -2.08393e-08 1.27634e-09 3.52765e-22 3.45152e-21
894 0.41 510 0 -8.61661e-09 1.01629e-09 -1.88223e-21 5.41244e-21 1.79944e-08 -5.42443e-09 1.77656e-21 -1.3576e-21 -2.00941e-08 1.88994e-09 -7.97549e-22 5.23075e-21
894 0.42 510 0 -8.43587e-09 1.34697e-09 -1.01153e-21 9.00543e-21 1.70956e-08 -5.80089e-09 -1.29877e-22 -3.15392e-21 -1.93158e-08 2.46966e-09 -1.99514e-21 7.8079e-21
894 0.43 510 0 -8.21821e-09 1.67267e-09 -8.54501e-22 5.26734e-21 1.61834e-08 -6.12971e-09 8.74412e-22 -1.61015e-21 -1.85066e-08 3.01096e-09 -5.3052e-22 4.64468e-21
894 0.44 510 0 -7.96396e-09 1.99014e-09 -1.04326e-21 6.91337e-21 1.52611e-08 -6.40818e-09 3.03673e-22 -2.02647e-21 -1.7669e-08 3.51008e-09 -2.29607e-23 6.48787e-21
894 0.45 510 0 -7.67287e-09 2.29526e-09 -1.26621e-21 3.59024e-21 1.4334e-08 -6.63368e-09 1.62266e-21 -4.77899e-22 -1.6806e-08 3.96265e-09 7.09166e-22 3.37884e-21
894 0.46 510 0 -7.34592e-09 2.58439e-09 -1.57886e-22 1.94884e-21 1.34059e-08 -6.80444e-09 2.72881e-21 3.07762e-22 -1.59206e-08 4.36539e-09 1.94369e-21 1.1817e-21
894 0.47 510 0 -6.98392e-09 2.85332e-09 2.95108e-22 3.65287e-21 1.24823e-08 -6.91867e-09 2.04915e-21 -1.26755e-21 -1.50169e-08 4.71438e-09 1.81032e-21 2.95735e-21
894 0.48 510 0 -6.58814e-09 3.09769e-09 1.37929e-22 5.3377e-21 1.1569e-08 -6.97531e-09 1.55427e-21 -1.96311e-21 -1.40993e-08 5.00619e-09 1.05624e-21 3.81456e-21
894 0.49 510 0 -6.16104e-09 3.31376e-09 4.99262e-22 3.18684e-21 1.06715e-08 -6.97359e-09 2.22364e-21 -1.36844e-21 -1.31729e-08 5.23787e-09 1.95707e-21 2.51705e-21
894 0.5 510 0 -5.70493e-09 3.4972e-09 -8.7592e-22 4.54777e-21 9.79609e-09 -6.91359e-09 2.77e-21 -1.55037e-21 -1.2243e-08 5.40668e-09 2.3562e-21 3.3528e-21
894 0.51 510 0 -5.22294e-09 3.64396e-09 4.2319e-22 4.65723e-21 8.94911e-09 -6.79603e-09 2.60247e-21 -1.94673e-21 -1.13157e-08 5.51044e-09 3.38626e-21 3.92658e-21
894 0.52 510 0 -4.71879e-09 3.75018e-09 3.41149e-21 9.50742e-21 8.13709e-09 -6.62235e-09 -6.2332e-22 -4.33264e-21 -1.03976e-08 5.54748e-09 2.88478e-21 7.72668e-21
894 0.53 510 0 -4.19675e-09 3.81223e-09 5.91483e-22 5.14541e-21 7.36622e-09 -6.39489e-09 2.0016e-21 -1.95997e-21 -9.49511e-09 5.51695e-09 2.78108e-21 4.07596e-21
894 0.54 510 0 -3.66191e-09 3.82688e-09 -2.20207e-22 -2.67795e-22 6.64401e-09 -6.11655e-09 3.29123e-21 -8.7399e-22 -8.61655e-09 5.4183e-09 2.52698e-21 -1.70876e-21
894 0.55 510 0 -3.1198e-09 3.79127e-09 4.21558e-22 5.41364e-21 5.9766e-09 -5.79144e-09 2.24186e-21 -3.14289e-21 -7.7693e-09 5.25225e-09 3.05143e-21 2.15814e-21
894 0.56 510 0 -2.5767e-09 3.70338e-09 3.19628e-21 7.45788e-21 5.36978e-09 -5.42428e-09 2.46878e-23 -3.09601e-21 -6.96105e-09 5.02029e-09 4.40664e-21 5.45353e-21
894 0.57 510 0 -2.03911e-09 3.56082e-09 2.26759e-21 4.66893e-21 4.83085e-09 -5.02177e-09 7.92143e-22 -2.48071e-21 -6.20105e-09 4.72491e-09 3.94671e-21 3.31808e-21
894 0.58 510 0 -1.51479e-09 3.36379e-09 3.09129e-21 4.31803e-21 4.36418e-09 -4.58972e-09 9.92854e-22 -3.53468e-21 -5.49693e-09 4.36963e-09 4.63583e-21 1.74936e-21
894 0.59 510 0 -1.01163e-09 3.11153e-09 1.8966e-21 2.46553e-21 3.97559e-09 -4.13812e-09 2.08893e-21 -2.62398e-21 -4.85871e-09 3.9597e-09 4.40389e-21 -4.35862e-22
894 0.6 510 0 -5.37387e-10 2.80574e-09 3.81851e-21 6.10305e-21 3.66921e-09 -3.67294e-09 1.35602e-22 -4.0651e-21 -4.29279e-09 3.50043e-09 4.27343e-21 2.9919e-21
894 0.61 510 0 -1.00787e-10 2.44807e-09 8.94474e-21 8.32008e-21 3.44856e-09 -3.20598e-09 -3.19044e-21 -4.50237e-21 -3.80831e-09 2.99979e-09 8.4881e-21 5.4142e-21
894 0.62 510 0 2.88954e-10 2.04264e-09 9.26692e-21 9.57954e-21 3.31574e-09 -2.74842e-09 -3.5081e-21 -5.99663e-21 -3.41373e-09 2.46682e-09 9.89536e-21 5.3177e-21
894 0.63 510 0 6.23553e-10 1.59414e-09 7.05341e-21 5.7103e-21 3.27269e-09 -2.31035e-09 -1.99671e-21 -5.1787e-21 -3.11511e-09 1.9115e-09 8.0532e-21 2.60549e-21
894 0.64 510 0 8.94141e-10 1.1088e-09 1.97193e-21 5.13346e-21 3.31857e-09 -1.9057e-09 1.80154e-21 -4.69467e-21 -2.91914e-09 1.34619e-09 3.86226e-21 1.99848e-23
894 0.65 510 0 1.09211e-09 5.95526e-10 7.26692e-21 5.48862e-21 3.45111e-09 -1.54725e-09 -2.46441e-21 -4.61416e-21 -2.83144e-09 7.84273e-10 7.44393e-21 1.42457e-21
894 0.66 510 0 1.20985e-09 6.37646e-11 5.76664e-21 4.50252e-21 3.66735e-09 -1.2487e-09 -1.02015e-21 -4.85862e-21 -2.85572e-09 2.40994e-10 6.7683e-21 -1.96011e-23
894 0.67 510 0 1.24041e-09 -4.75176e-10 8.37198e-21 3.23011e-21 3.96188e-09 -1.02423e-09 -2.8258e-21 -4.14874e-21 -2.9939e-09 -2.66644e-10 7.74938e-21 -4.6753e-22
894 0.68 510 0 1.17786e-09 -1.00667e-09 6.13423e-21 3.82352e-21 4.3262e-09 -8.87844e-10 -1.97427e-21 -5.10803e-21 -3.24689e-09 -7.20692e-10 6.55834e-21 -1.55707e-21
894 0.69 510 0 1.01804e-09 -1.51554e-09 5.12307e-21 3.56286e-21 4.75045e-09 -8.53101e-10 -2.35494e-21 -5.18338e-21 -3.61217e-09 -1.10158e-09 4.49693e-21 -1.80829e-21
894 0.7 510 0 7.58488e-10 -1.98453e-09 9.91237e-21 2.87526e-21 5.22161e-09 -9.34471e-10 -5.36217e-21 -4.65075e-21 -4.08496e-09 -1.38778e-09 8.08828e-21 -2.42825e-21
894 0.71 510 0 3.98929e-10 -2.39377e-09 8.39663e-21 2.36791e-21 5.72556e-09 -1.14363e-09 -4.38356e-21 -4.0083e-21 -4.65781e-09 -1.55723e-09 6.02278e-21 -1.68224e-21
894 0.72 510 0 -5.75742e-11 -2.72171e-09 9.11681e-21 2.51507e-21 6.24281e-09 -1.49388e-09 -5.21668e-21 -4.71315e-21 -5.31934e-09 -1.58619e-09 6.77745e-21 -3.30027e-21
894 0.73 510 0 -6.04658e-10 -2.94588e-09 1.09288e-20 3.92601e-21 6.75172e-09 -1.9944e-09 -6.87235e-21 -4.94632e-21 -6.05345e-09 -1.45172e-09 7.3911e-21 -2.75545e-21
894 0.74 510 0 -1.23258e-09 -3.0414e-09 1.4535e-20 -1.94249e-21 7.23011e-09 -2.65255e-09 -1.0737e-20 -8.50492e-22 -6.84062e-09 -1.12899e-09 1.02765e-20 -5.87513e-21
894 0.75 510 0 -1.92621e-09 -2.98315e-09 1.31623e-20 -4.97382e-21 7.64923e-09 -3.47384e-09 -9.33302e-21 1.25452e-21 -7.65479e-09 -5.9447e-10 7.86764e-21 -6.4172e-21
894 0.76 510 0 -2.66537e-09 -2.74451e-09 1.00652e-20 -6.87248e-22 7.97952e-09 -4.46014e-09 -7.63435e-21 -1.94414e-21 -8.46575e-09 1.74755e-10 4.46225e-21 -5.83568e-21
894 0.77 510 0 -3.42519e-09 -2.30066e-09 1.42195e-20 -6.15023e-21 8.18648e-09 -5.60806e-09 -1.26959e-20 3.75448e-21 -9.23572e-09 1.19899e-09 8.11456e-21 -9.65885e-21
894 0.78 510 0 -4.17288e-09 -1.62449e-09 1.10993e-20 -3.40342e-21 8.23506e-09 -6.90967e-09 -9.95462e-21 1.46932e-21 -9.92109e-09 2.49799e-09 5.95873e-21 -7.77519e-21
894 0.79 510 0 -4.84783e-09 -6.83764e-10 1.15885e-20 -7.3045e-21 8.09159e-09 -8.354e-09 -1.02093e-20 3.83621e-21 -1.04571e-08 4.09495e-09 4.87791e-21 -7.01143e-21
894 0.8 510 0 -5.40678e-09 5.34048e-10 1.30583e-20 -1.72766e-20 7.71461e-09 -9.9189e-09 -1.23701e-20 9.94632e-21 -1.07867e-08 5.99227e-09 5.25719e-21 -1.35108e-20
894 0.81 510 0 -5.7838e-09 2.04285e-09 9.75439e-21 -4.05438e-21 7.06196e-09 -1.15751e-08 -9.58072e-21 2.76923e-21 -1.08343e-08 8.19045e-09 2.66628e-21 -6.55997e-21
894 0.82 510 0 -5.90209e-09 3.84907e-09 1.12748e-20 -1.57395e-20 6.09482e-09 -1.3284e-08 -1.13249e-20 1.13205e-20 -1.05158e-08 1.06807e-08 3.97123e-21 -1.14614e-20
894 0.83 510 0 -5.6699e-09 5.94582e-09 1.03804e-20 -1.68631e-20 4.77324e-09 -1.49943e-08 -1.07708e-20 1.1866e-20 -9.73248e-09 1.34376e-08 1.7783e-21 -1.11219e-20
894 0.84 510 0 -4.97856e-09 8.31062e-09 5.86213e-21 -1.41199e-20 3.06243e-09 -1.66437e-08 -8.83206e-21 9.81023e-21 -8.37308e-09 1.64181e-08 -4.84897e-22 -6.94676e-21
894 0.85 510 0 -3.70439e-09 1.08947e-08 4.48903e-21 -2.79746e-20 9.33126e-10 -1.81517e-08 -8.12248e-21 2.21064e-20 -6.31266e-09 1.95491e-08 -1.5028e-21 -1.40127e-20
894 0.86 510 0 -1.70901e-09 1.36174e-08 6.00278e-21 -1.07439e-20 -1.631e-09 -1.94227e-08 -7.80976e-21 9.17496e-21 -3.41668e-09 2.27242e-08 -1.50851e-21 -5.67809e-21
894 0.87 510 0 1.16162e-09 1.63493e-08 -1.29494e-21 -1.67065e-20 -4.63096e-09 -2.03394e-08 -3.77881e-21 1.47234e-20 4.60031e-10 2.5784e-08 -4.87608e-21 -7.26138e-21
894 0.88 510 0 5.06787e-09 1.88976e-08 -4.56875e-21 -2.79711e-20 -8.04081e-09 -2.07664e-08 3.55159e-22 2.57785e-20 5.46137e-09 2.85048e-08 -6.20803e-21 -1.18264e-20
894 0.89 510 0 1.01586e-08 2.0984e-08 -2.67989e-21 -2.32491e-20 -1.17958e-08 -2.05489e-08 -5.92767e-22 2.29645e-20 1.17111e-08 3.05764e-08 -4.05414e-21 -8.49561e-21
894 0.9 510 0 1.65463e-08 2.2214e-08 -8.85866e-21 -2.31014e-20 -1.57758e-08 -1.95163e-08 6.56026e-21 2.41617e-20 1.92847e-08 3.15717e-08 -6.86819e-21 -8.5065e-21
894 0.91 510 0 2.42483e-08 2.20553e-08 -9.95416e-21 -1.68839e-20 -1.9783e-08 -1.75017e-08 7.59697e-21 1.96411e-20 2.81484e-08 3.09315e-08 -6.67844e-21 -4.95434e-21
894 0.92 510 0 3.30824e-08 1.98272e-08 -1.6388e-20 -2.0024e-20 -2.35138e-08 -1.43704e-08 1.64731e-20 2.30101e-20 3.80546e-08 2.79578e-08 -8.32427e-21 -6.02486e-21
894 0.93 510 0 4.25878e-08 1.47497e-08 -3.00865e-20 -2.1833e-20 -2.65505e-08 -1.00728e-08 3.03513e-20 2.46066e-20 4.84503e-08 2.18699e-08 -1.09556e-20 -5.86876e-21
894 0.94 510 0 5.18832e-08 5.98657e-09 -2.38616e-20 -1.44489e-20 -2.8377e-08 -4.7323e-09 2.55357e-20 1.81592e-20 5.83427e-08 1.18733e-08 -8.60943e-21 -2.91895e-21
894 0.95 510 0 5.93224e-08 -7.02391e-09 -3.63121e-20 -8.95914e-21 -2.84086e-08 1.23174e-09 3.89277e-20 1.24665e-20 6.59917e-08 -2.5062e-09 -1.09516e-20 -1.96918e-21
894 0.96 510 0 6.26201e-08 -2.40516e-08 -3.92049e-20 -6.74774e-21 -2.6203e-08 7.00961e-09 4.20986e-20 1.01397e-20 6.90434e-08 -2.08955e-08 -8.88901e-21 1.10055e-22
894 0.97 510 0 5.92082e-08 -4.34081e-08 -3.64517e-20 6.33906e-21 -2.17451e-08 1.14238e-08 4.23583e-20 -5.29921e-21 6.49321e-08 -4.1429e-08 -8.14988e-21 1.95146e-21
894 0.98 510 0 4.72407e-08 -6.14698e-08 -3.66608e-20 8.62466e-21 -1.57321e-08 1.3204e-08 4.26015e-20 -9.76039e-21 5.19021e-08 -6.03371e-08 -6.42384e-21 2.31567e-22
894 0.99 510 0 2.69389e-08 -7.28026e-08 -4.31662e-20 2.17683e-20 -9.50842e-09 1.14118e-08 4.75785e-20 -2.49207e-20 3.02685e-08 -7.21794e-08 -6.26427e-21 1.06509e-21
894 1 510 0 7.07616e-11 -6.98482e-08 -2.57939e-20 2.92171e-20 2.17372e-09 6.09109e-11 2.86948e-20 -3.11e-20 7.99409e-11 -7.14439e-08 -8.08053e-22 6.15616e-23
894 1.01 510 0 -6.68192e-12 -5.54346e-08 -1.69751e-20 2.96418e-20 -1.23734e-08 1.15793e-11 1.98455e-20 -3.34091e-20 -3.58961e-12 -5.22808e-08 -5.55615e-21 -3.67196e-21
894 1.02 510 0 -3.02632e-11 -5.3357e-08 -1.69627e-20 2.00823e-20 -1.53022e-08 1.62898e-11 1.99018e-20 -2.33956e-20 -2.49137e-11 -4.87987e-08 -5.18714e-21 -4.79904e-21
894 1.03 510 0 -5.62477e-11 -5.47669e-08 -1.73548e-20 1.84026e-20 -1.81283e-08 2.47932e-11 2.06139e-20 -2.13642e-20 -4.74475e-11 -4.88336e-08 -5.45496e-21 -5.95327e-21
894 1.04 510 0 -9.38001e-11 -5.93065e-08 -1.89957e-20 1.05739e-20 -2.16556e-08 3.93535e-11 2.29528e-20 -1.34499e-20 -7.9202e-11 -5.17197e-08 -3.9624e-21 -7.60791e-21
894 1.05 510 0 -1.59599e-10 -6.81113e-08 -2.11043e-20 1.93914e-20 -2.67605e-08 6.66849e-11 2.55933e-20 -2.36421e-20 -1.34064e-10 -5.82248e-08 -8.1466e-21 -9.21507e-21
894 1.06 510 0 -3.03803e-10 -8.47254e-08 -2.65519e-20 2.79799e-20 -3.5261e-08 1.28501e-10 3.23287e-20 -3.31771e-20 -2.53296e-10 -7.11214e-08 -1.1644e-20 -1.24881e-20
894 1.07 510 0 -7.24586e-10 -1.20779e-07 -4.32797e-20 6.506e-20 -5.26807e-08 3.13705e-10 5.33617e-20 -7.97228e-20 -5.98326e-10 -9.97007e-08 -3.22608e-20 -2.2265e-20
894 1.08 510 0 -3.29203e-09 -2.40796e-07 -9.11521e-20 9.14232e-20 -1.09236e-07 1.473e-09 1.13195e-19 -1.1774e-19 -2.68466e-09 -1.95701e-07 -5.34766e-20 -4.99722e-20
894 1.09 510 0 -2.0895e-07 1.79665e-06 1.15905e-18 -5.09731e-18 8.42806e-07 9.83633e-08 -1.45296e-18 6.42254e-18 -1.67187e-07 1.43912e-06 3.08441e-18 6.78281e-19
894 1.1 510 0 -2.08971e-09 1.72268e-07 7.67774e-20 -1.68042e-19 8.32005e-08 1.07356e-09 -9.6453e-20 2.11908e-19 -1.61432e-09 1.36114e-07 1.00006e-19 4.64048e-20
894 1.11 510 0 -5.61695e-10 8.62156e-08 3.99776e-20 -3.83547e-20 4.2718e-08 3.42044e-10 -5.05872e-20 4.9235e-20 -3.99515e-10 6.72513e-08 2.36223e-20 2.52725e-20
894 1.12 510 0 -2.46076e-10 5.57988e-08 3.32117e-20 -5.36047e-20 2.82763e-08 2.1227e-10 -4.22624e-20 6.92032e-20 -1.34234e-10 4.3003e-08 3.54039e-20 2.1913e-20
894 1.13 510 0 -1.25992e-10 4.03751e-08 2.52839e-20 -4.44606e-20 2.08595e-08 2.29225e-10 -3.27631e-20 5.82335e-20 1.16161e-11 3.07742e-08 3.03199e-20 1.74186e-20
894 1.14 510 0 -5.31833e-11 3.11189e-08 5.78073e-20 -9.43978e-20 1.62696e-08 5.84853e-10 -7.34345e-20 1.23655e-19 3.3662e-10 2.35333e-08 6.74856e-20 4.08498e-20
894 1.15 510 0 7.89314e-10 2.46518e-08 -5.11103e-19 -5.85883e-18 1.78924e-07 2.14845e-07 5.90356e-19 7.02508e-18 1.50289e-07 -9.68486e-08 4.15123e-18 -3.54274e-19
894 1.16 510 0 -8.84016e-11 2.06378e-08 -3.20709e-20 1.65501e-20 1.10795e-08 5.67276e-10 4.15158e-20 -2.25904e-20 3.04851e-10 1.5343e-08 -1.18695e-20 -2.40421e-20
894 1.17 510 0 -5.52796e-11 1.74213e-08 -1.27596e-20 1.20332e-20 9.61206e-09 1.46483e-10 1.64703e-20 -1.65606e-20 4.41679e-11 1.27407e-08 -9.55908e-21 -9.80473e-21
894 1.18 510 0 -4.03557e-11 1.49497e-08 -7.05107e-21 1.04393e-20 8.37992e-09 6.95168e-11 9.0749e-21 -1.41842e-20 5.73813e-12 1.08164e-08 -8.45498e-21 -5.54469e-21
894 1.19 510 0 -3.12724e-11 1.29983e-08 -4.22336e-21 5.33102e-21 7.3861e-09 4.20155e-11 5.41532e-21 -6.99933e-21 -3.98453e-12 9.31334e-09 -4.24799e-21 -3.37538e-21
894 1.2 510 0 -2.50759e-11 1.14236e-08 -2.85206e-21 2.89498e-21 6.57284e-09 2.87604e-11 3.586e-21 -3.72609e-21 -6.70774e-12 8.10947e-09 -2.2568e-21 -2.3007e-21
894 1.21 510 0 -2.05673e-11 1.01296e-08 -1.91646e-21 3.59941e-21 5.89655e-09 2.10962e-11 2.53294e-21 -5.2026e-21 -7.28601e-12 7.12691e-09 -3.33079e-21 -1.6226e-21
894 1.22 510 0 -1.71798e-11 9.05022e-09 -1.36355e-21 3.28534e-21 5.3264e-09 1.63189e-11 1.74943e-21 -4.54962e-21 -7.01366e-12 6.31235e-09 -3.02811e-21 -1.14157e-21
894 1.23 510 0 -1.45256e-11 8.13813e-09 -1.02391e-21 8.21451e-22 4.83955e-09 1.29488e-11 1.35777e-21 -1.37065e-21 -6.54371e-12 5.62842e-09 -8.6107e-22 -8.95373e-22
894 1.24 510 0 -1.24173e-11 7.35891e-09 -7.8469e-22 9.60997e-22 4.41955e-09 1.05373e-11 1.04173e-21 -1.34049e-21 -5.98012e-12 5.04766e-09 -8.8737e-22 -6.96236e-22
894 1.25 510 0 -1.07116e-11 6.6868e-09 -6.09207e-22 5.52427e-22 4.05387e-09 8.73922e-12 8.05781e-22 -9.20184e-22 -5.41483e-12 4.54974e-09 -6.09345e-22 -5.45352e-22
894 1.26 510 0 -9.2915e-12 6.10217e-09 -4.72232e-22 1.16017e-21 3.73281e-09 7.30689e-12 6.13582e-22 -1.59518e-21 -4.9033e-12 4.11927e-09 -1.12953e-21 -4.21748e-22
894 1.27 510 0 -8.10925e-12 5.58987e-09 -3.81155e-22 7.30072e-22 3.44897e-09 6.18345e-12 4.94921e-22 -1.03863e-21 -4.42754e-12 3.74429e-09 -7.44686e-22 -3.4439e-22
894 1.28 510 0 -7.09761e-12 5.13795e-09 -3.09697e-22 4.8229e-22 3.19638e-09 5.25096e-12 4.07356e-22 -8.00941e-22 -4.00304e-12 3.41549e-09 -5.89214e-22 -2.83564e-22
894 1.29 510 0 -6.2068e-12 4.73692e-09 -2.45838e-22 1.70697e-22 2.97031e-09 4.44085e-12 3.16755e-22 -2.51762e-22 -3.62639e-12 3.12547e-09 -1.56154e-22 -2.24576e-22
894 1.3 510 0 -5.40109e-12 4.37912e-09 -2.11848e-22 2.33335e-22 2.76689e-09 3.71393e-12 2.81947e-22 -3.42561e-22 -3.28669e-12 2.86829e-09 -2.47086e-22 -1.99806e-22
894 1.31 510 0 -4.67642e-12 4.05834e-09 -1.64734e-22 2.20262e-23 2.58301e-09 3.07825e-12 2.10763e-22 -3.55078e-23 -2.96942e-12 2.63911e-09 -8.38581e-24 -1.51485e-22
894 1.32 510 0 -4.21988e-12 3.76971e-09 -1.23087e-22 7.34983e-23 2.41644e-09 2.79479e-12 1.48164e-22 -1.7685e-22 -2.66036e-12 2.43394e-09 -1.46206e-22 -1.08622e-22
894 1.33 510 0 -3.82247e-12 3.50884e-09 -1.11653e-22 2.89491e-22 2.26474e-09 2.54569e-12 1.4155e-22 -4.3088e-22 -2.39374e-12 2.24957e-09 -3.30662e-22 -1.04174e-22
894 1.34 510 0 -3.47467e-12 3.27219e-09 -9.39116e-23 2.32286e-22 2.12609e-09 2.32603e-12 1.19126e-22 -3.17229e-22 -2.16215e-12 2.0833e-09 -2.3613e-22 -8.76544e-23
894 1.35 510 0 -3.16878e-12 3.05679e-09 -7.78915e-23 -2.16562e-23 1.99897e-09 2.13164e-12 9.94256e-23 -2.08191e-23 -1.95974e-12 1.93283e-09 -1.56794e-23 -7.34059e-23
894 1.36 510 0 -2.8985e-12 2.86015e-09 -6.79541e-23 -1.52217e-23 1.88207e-09 1.95901e-12 8.77521e-23 -1.80348e-23 -1.78188e-12 1.79625e-09 -2.02927e-23 -6.48896e-23
894 1.37 510 0 -2.65867e-12 2.6801e-09 -5.2712e-23 8.64316e-23 1.7743e-09 1.80515e-12 6.61054e-23 -1.27371e-22 -1.62483e-12 1.67191e-09 -9.20435e-23 -4.92745e-23
894 1.38 510 0 -2.44502e-12 2.51482e-09 -4.49828e-23 2.24145e-23 1.67468e-09 1.66754e-12 5.63811e-23 -4.54425e-23 -1.48553e-12 1.55843e-09 -3.55032e-23 -4.23908e-23
894 1.39 510 0 -2.25397e-12 2.36273e-09 -3.72498e-23 1.11771e-22 1.5824e-09 1.54406e-12 4.61661e-23 -1.41866e-22 -1.36147e-12 1.4546e-09 -1.10245e-22 -3.48243e-23
894 1.4 510 0 -2.08255e-12 2.22246e-09 -3.25707e-23 -9.54442e-24 1.49672e-09 1.43288e-12 4.23376e-23 -2.98983e-23 -1.25059e-12 1.35938e-09 -1.82776e-23 -3.19776e-23
894 1.41 510 0 -1.92823e-12 2.09282e-09 -2.52751e-23 -1.06589e-23 1.41702e-09 1.33248e-12 3.18777e-23 1.43605e-23 -1.15112e-12 1.27188e-09 1.32319e-23 -2.42209e-23
894 1.42 510 0 -1.78888e-12 1.97276e-09 -1.92864e-23 5.2222e-23 1.34275e-09 1.24156e-12 2.33555e-23 -7.57889e-23 -1.06162e-12 1.19131e-09 -6.75895e-23 -1.78641e-23
894 1.43 510 0 -1.6627e-12 1.86137e-09 -1.35406e-23 1.46848e-23 1.27342e-09 1.15898e-12 1.60643e-23 -4.74061e-23 -9.80826e-13 1.11698e-09 -4.15104e-23 -1.23201e-23
894 1.44 510 0 -1.54813e-12 1.75786e-09 -7.6711e-24 7.29602e-23 1.2086e-09 1.08381e-12 8.47911e-24 -1.11226e-22 -9.0769e-13 1.04829e-09 -8.85462e-23 -6.47301e-24
894 1.45 510 0 -1.44388e-12 1.66151e-09 1.23826e-25 -5.05879e-23 1.1479e-09 1.01525e-12 -6.9714e-25 6.65711e-23 -8.41303e-13 9.84707e-10 5.06256e-23 5.89602e-25
