894 0 320 0 -1.86866e-08 -2.20667e-09 2.3732e-08 -1.01535e-08 0 0 0 0 0 0 2.75804e-08 -1.75133e-08
894 0.01 320 0 -1.86883e-08 -2.19755e-09 2.37248e-08 -1.01587e-08 1.80987e-10 -3.32543e-10 -2.00836e-10 -2.64605e-11 -4.58461e-10 2.05188e-10 2.75701e-08 -1.75204e-08
894 0.02 320 0 -1.86933e-08 -2.17013e-09 2.37034e-08 -1.01742e-08 3.60925e-10 -6.65098e-10 -4.01993e-10 -5.25894e-11 -9.16223e-10 4.11102e-10 2.75391e-08 -1.75416e-08
894 0.03 320 0 -1.87015e-08 -2.12453e-09 2.36676e-08 -1.02e-08 5.38765e-10 -9.97674e-10 -6.03794e-10 -7.80558e-11 -1.37259e-09 6.18462e-10 2.74875e-08 -1.75769e-08
894 0.04 320 0 -1.87128e-08 -2.06066e-09 2.36174e-08 -1.0236e-08 7.13457e-10 -1.33027e-09 -8.06553e-10 -1.02523e-10 -1.82684e-09 8.27986e-10 2.7415e-08 -1.76261e-08
894 0.05 320 0 -1.87267e-08 -1.97841e-09 2.35528e-08 -1.02821e-08 8.83959e-10 -1.66286e-09 -1.01059e-09 -1.25646e-10 -2.27827e-09 1.04038e-09 2.73214e-08 -1.76891e-08
894 0.06 320 0 -1.87431e-08 -1.87794e-09 2.34737e-08 -1.03382e-08 1.04923e-09 -1.99542e-09 -1.21619e-09 -1.47077e-10 -2.72615e-09 1.25633e-09 2.72066e-08 -1.77655e-08
894 0.07 320 0 -1.87615e-08 -1.75908e-09 2.33799e-08 -1.0404e-08 1.20824e-09 -2.3279e-09 -1.42368e-09 -1.66454e-10 -3.16973e-09 1.47652e-09 2.70703e-08 -1.78551e-08
894 0.08 320 0 -1.87814e-08 -1.62175e-09 2.32713e-08 -1.04793e-08 1.35994e-09 -2.66018e-09 -1.63333e-09 -1.83403e-10 -3.60825e-09 1.70162e-09 2.69121e-08 -1.79575e-08
894 0.09 320 0 -1.88023e-08 -1.46601e-09 2.31477e-08 -1.05639e-08 1.50333e-09 -2.99217e-09 -1.84542e-09 -1.9754e-10 -4.04091e-09 1.93224e-09 2.67317e-08 -1.80722e-08
894 0.1 320 0 -1.88229e-08 -1.29092e-09 2.30091e-08 -1.06582e-08 1.63744e-09 -3.32365e-09 -2.06024e-09 -2.08323e-10 -4.46694e-09 2.16904e-09 2.65285e-08 -1.81989e-08
894 0.11 320 0 -1.88436e-08 -1.09817e-09 2.28552e-08 -1.07604e-08 1.76115e-09 -3.6545e-09 -2.27799e-09 -2.15595e-10 -4.88546e-09 2.41252e-09 2.63023e-08 -1.83368e-08
894 0.12 320 0 -1.8863e-08 -8.86859e-10 2.26852e-08 -1.08712e-08 1.87343e-09 -3.98441e-09 -2.49888e-09 -2.18756e-10 -5.29561e-09 2.66326e-09 2.6053e-08 -1.84854e-08
894 0.13 320 0 -1.88803e-08 -6.5708e-10 2.25001e-08 -1.09897e-08 1.97352e-09 -4.31312e-09 -2.72318e-09 -2.17419e-10 -5.69652e-09 2.92176e-09 2.57789e-08 -1.86439e-08
894 0.14 320 0 -1.88941e-08 -4.07924e-10 2.22991e-08 -1.11162e-08 2.06043e-09 -4.6402e-09 -2.95109e-09 -2.1088e-10 -6.08726e-09 3.18854e-09 2.54799e-08 -1.88116e-08
894 0.15 320 0 -1.89042e-08 -1.41287e-10 2.2082e-08 -1.1249e-08 2.1331e-09 -4.96536e-09 -3.18269e-09 -1.99009e-10 -6.46684e-09 3.4639e-09 2.51556e-08 -1.89874e-08
894 0.16 320 0 -1.89091e-08 1.43687e-10 2.18484e-08 -1.13883e-08 2.19067e-09 -5.28805e-09 -3.41814e-09 -1.81106e-10 -6.83427e-09 3.74824e-09 2.48053e-08 -1.91706e-08
894 0.17 320 0 -1.89074e-08 4.46835e-10 2.15975e-08 -1.15336e-08 2.23215e-09 -5.60766e-09 -3.65745e-09 -1.56562e-10 -7.18853e-09 4.04185e-09 2.44288e-08 -1.936e-08
894 0.18 320 0 -1.88976e-08 7.68646e-10 2.13303e-08 -1.16846e-08 2.25708e-09 -5.92364e-09 -3.90087e-09 -1.24679e-10 -7.52857e-09 4.34503e-09 2.40243e-08 -1.95544e-08
894 0.19 320 0 -1.88793e-08 1.10745e-09 2.10458e-08 -1.18394e-08 2.26434e-09 -6.23534e-09 -4.14822e-09 -8.52689e-11 -7.85323e-09 4.65782e-09 2.35916e-08 -1.97526e-08
894 0.2 320 0 -1.88497e-08 1.46427e-09 2.07432e-08 -1.1999e-08 2.25323e-09 -6.54185e-09 -4.39951e-09 -3.717e-11 -8.16142e-09 4.98041e-09 2.31307e-08 -1.99532e-08
894 0.21 320 0 -1.88088e-08 1.83725e-09 2.04235e-08 -1.21607e-08 2.22315e-09 -6.84256e-09 -4.6547e-09 1.96006e-11 -8.4519e-09 5.31268e-09 2.26398e-08 -2.01546e-08
894 0.22 320 0 -1.87542e-08 2.22665e-09 2.00856e-08 -1.23246e-08 2.17347e-09 -7.13641e-09 -4.91361e-09 8.60411e-11 -8.7235e-09 5.65456e-09 2.21186e-08 -2.03552e-08
894 0.23 320 0 -1.86838e-08 2.63235e-09 1.97287e-08 -1.24907e-08 2.10352e-09 -7.42235e-09 -5.17599e-09 1.63155e-10 -8.97502e-09 6.00596e-09 2.1567e-08 -2.05534e-08
894 0.24 320 0 -1.8597e-08 3.05248e-09 1.93537e-08 -1.26563e-08 2.01297e-09 -7.69948e-09 -5.44164e-09 2.50923e-10 -9.20511e-09 6.36642e-09 2.09833e-08 -2.0747e-08
894 0.25 320 0 -1.84909e-08 3.48748e-09 1.89598e-08 -1.28219e-08 1.90151e-09 -7.96647e-09 -5.71022e-09 3.50738e-10 -9.41256e-09 6.73569e-09 2.03673e-08 -2.09343e-08
894 0.26 320 0 -1.83648e-08 3.93495e-09 1.85461e-08 -1.29853e-08 1.76831e-09 -8.22219e-09 -5.98116e-09 4.62718e-10 -9.59597e-09 7.11303e-09 1.97192e-08 -2.11129e-08
894 0.27 320 0 -1.82158e-08 4.395e-09 1.81133e-08 -1.31464e-08 1.61395e-09 -8.46534e-09 -6.25416e-09 5.88064e-10 -9.75413e-09 7.49799e-09 1.90371e-08 -2.12806e-08
894 0.28 320 0 -1.80431e-08 4.86509e-09 1.76604e-08 -1.33028e-08 1.43756e-09 -8.69454e-09 -6.5284e-09 7.2695e-10 -9.88562e-09 7.88952e-09 1.8322e-08 -2.14348e-08
894 0.29 320 0 -1.78438e-08 5.34492e-09 1.71881e-08 -1.34544e-08 1.23993e-09 -8.90842e-09 -6.80347e-09 8.80569e-10 -9.9892e-09 8.28695e-09 1.75723e-08 -2.15728e-08
894 0.3 320 0 -1.76164e-08 5.83226e-09 1.6695e-08 -1.35994e-08 1.02068e-09 -9.10534e-09 -7.07825e-09 1.04946e-09 -1.00635e-08 8.689e-09 1.67887e-08 -2.1692e-08
894 0.31 320 0 -1.73618e-08 6.32565e-09 1.61814e-08 -1.37351e-08 7.7968e-10 -9.28388e-09 -7.35222e-09 1.23363e-09 -1.01073e-08 9.09473e-09 1.59705e-08 -2.17898e-08
894 0.32 320 0 -1.7073e-08 6.82617e-09 1.56416e-08 -1.38567e-08 5.16736e-10 -9.43935e-09 -7.62255e-09 1.43443e-09 -1.0117e-08 9.50156e-09 1.51127e-08 -2.18594e-08
894 0.33 320 0 -1.67509e-08 7.32908e-09 1.50817e-08 -1.39652e-08 2.33803e-10 -9.57261e-09 -7.88968e-09 1.65173e-09 -1.00933e-08 9.90876e-09 1.42197e-08 -2.18998e-08
894 0.34 320 0 -1.63935e-08 7.82855e-09 1.45035e-08 -1.4062e-08 -6.80073e-11 -9.6836e-09 -8.15287e-09 1.88596e-09 -1.00362e-08 1.03145e-08 1.32961e-08 -2.1909e-08
894 0.35 320 0 -1.59983e-08 8.32391e-09 1.39057e-08 -1.41449e-08 -3.87546e-10 -9.76994e-09 -8.41053e-09 2.13819e-09 -9.94406e-09 1.07169e-08 1.234e-08 -2.18829e-08
894 0.36 320 0 -1.55646e-08 8.81239e-09 1.32884e-08 -1.42102e-08 -7.23867e-10 -9.82967e-09 -8.66118e-09 2.40802e-09 -9.81564e-09 1.11139e-08 1.13513e-08 -2.18171e-08
894 0.37 320 0 -1.50906e-08 9.29053e-09 1.26508e-08 -1.42564e-08 -1.07615e-09 -9.86106e-09 -8.903e-09 2.69588e-09 -9.65005e-09 1.15029e-08 1.03321e-08 -2.17078e-08
894 0.38 320 0 -1.45756e-08 9.7535e-09 1.19946e-08 -1.42813e-08 -1.44233e-09 -9.86325e-09 -9.1346e-09 3.00118e-09 -9.44692e-09 1.18812e-08 9.28433e-09 -2.1551e-08
894 0.39 320 0 -1.40176e-08 1.01994e-08 1.13196e-08 -1.42827e-08 -1.82032e-09 -9.83421e-09 -9.35419e-09 3.32447e-09 -9.20524e-09 1.22466e-08 8.208e-09 -2.13424e-08
894 0.4 320 0 -1.34162e-08 1.06232e-08 1.06256e-08 -1.42582e-08 -2.209e-09 -9.77256e-09 -9.55968e-09 3.66517e-09 -8.92466e-09 1.25958e-08 7.10668e-09 -2.10774e-08
894 0.41 320 0 -1.27708e-08 1.10209e-08 9.91373e-09 -1.42048e-08 -2.60576e-09 -9.67699e-09 -9.74913e-09 4.02257e-09 -8.6049e-09 1.29258e-08 5.98208e-09 -2.07515e-08
894 0.42 320 0 -1.20811e-08 1.13877e-08 9.18497e-09 -1.41198e-08 -3.00833e-09 -9.54646e-09 -9.92069e-09 4.39579e-09 -8.24596e-09 1.32333e-08 4.83739e-09 -2.03601e-08
894 0.43 320 0 -1.13472e-08 1.17189e-08 8.44094e-09 -1.40002e-08 -3.41382e-09 -9.38001e-09 -1.00725e-08 4.78359e-09 -7.84798e-09 1.35148e-08 3.67539e-09 -1.98986e-08
894 0.44 320 0 -1.05694e-08 1.2009e-08 7.68168e-09 -1.38435e-08 -3.82013e-09 -9.17676e-09 -1.0202e-08 5.1849e-09 -7.41154e-09 1.37667e-08 2.501e-09 -1.93623e-08
894 0.45 320 0 -9.75e-09 1.22536e-08 6.90886e-09 -1.36467e-08 -4.22457e-09 -8.93623e-09 -1.03075e-08 5.59817e-09 -6.93766e-09 1.39856e-08 1.31826e-09 -1.87476e-08
894 0.46 320 0 -8.88723e-09 1.24455e-08 6.12521e-09 -1.34056e-08 -4.62293e-09 -8.65798e-09 -1.03867e-08 6.02078e-09 -6.42681e-09 1.41664e-08 1.31799e-10 -1.80476e-08
894 0.47 320 0 -7.98379e-09 1.258e-08 5.33198e-09 -1.31177e-08 -5.01239e-09 -8.34203e-09 -1.04377e-08 6.45106e-09 -5.8806e-09 1.43059e-08 -1.05295e-09 -1.72587e-08
894 0.48 320 0 -7.04312e-09 1.26505e-08 4.53224e-09 -1.27783e-08 -5.38998e-09 -7.98852e-09 -1.04589e-08 6.88526e-09 -5.30106e-09 1.43993e-08 -2.22916e-09 -1.63766e-08
894 0.49 320 0 -6.06745e-09 1.26511e-08 3.72847e-09 -1.23843e-08 -5.75208e-09 -7.59798e-09 -1.04485e-08 7.32067e-09 -4.69028e-09 1.44425e-08 -3.39034e-09 -1.53969e-08
894 0.5 320 0 -5.06032e-09 1.25749e-08 2.92426e-09 -1.19325e-08 -6.09498e-09 -7.172e-09 -1.04051e-08 7.75374e-09 -4.05127e-09 1.44311e-08 -4.52848e-09 -1.43159e-08
894 0.51 320 0 -4.02505e-09 1.24171e-08 2.12162e-09 -1.1418e-08 -6.41582e-09 -6.71036e-09 -1.0327e-08 8.18083e-09 -3.38618e-09 1.43606e-08 -5.63607e-09 -1.31288e-08
894 0.52 320 0 -2.9679e-09 1.21704e-08 1.32714e-09 -1.0836e-08 -6.71038e-09 -6.21517e-09 -1.02143e-08 8.59623e-09 -2.69927e-09 1.42261e-08 -6.70384e-09 -1.18329e-08
894 0.53 320 0 -1.8932e-09 1.18284e-08 5.44429e-10 -1.01835e-08 -6.9753e-09 -5.68866e-09 -1.00662e-08 8.99594e-09 -1.99427e-09 1.40234e-08 -7.72212e-09 -1.04247e-08
894 0.54 320 0 -8.08571e-10 1.13849e-08 -2.20426e-10 -9.45526e-09 -7.20739e-09 -5.1327e-09 -9.88328e-09 9.37373e-09 -1.2763e-09 1.37475e-08 -8.67968e-09 -8.90213e-09
894 0.55 320 0 2.79069e-10 1.08348e-08 -9.63113e-10 -8.64738e-09 -7.40431e-09 -4.54948e-09 -9.66524e-09 9.72484e-09 -5.49918e-10 1.33945e-08 -9.56572e-09 -7.26307e-09
894 0.56 320 0 1.36253e-09 1.01687e-08 -1.67336e-09 -7.75563e-09 -7.56091e-09 -3.94425e-09 -9.41495e-09 1.00413e-08 1.78269e-10 1.29587e-08 -1.03672e-08 -5.50546e-09
894 0.57 320 0 2.43174e-09 9.38202e-09 -2.34509e-09 -6.77595e-09 -7.67578e-09 -3.3195e-09 -9.13398e-09 1.03172e-08 9.01632e-10 1.2436e-08 -1.10706e-08 -3.62974e-09
894 0.58 320 0 3.47644e-09 8.46885e-09 -2.96833e-09 -5.70354e-09 -7.74549e-09 -2.67959e-09 -8.8261e-09 1.05447e-08 1.61297e-09 1.18221e-08 -1.16627e-08 -1.63606e-09
894 0.59 320 0 4.4853e-09 7.42507e-09 -3.53353e-09 -4.53545e-09 -7.76855e-09 -2.02787e-09 -8.49582e-09 1.07174e-08 2.30387e-09 1.11132e-08 -1.21274e-08 4.72826e-10
894 0.6 320 0 5.44599e-09 6.24628e-09 -4.02843e-09 -3.26789e-09 -7.74235e-09 -1.36877e-09 -8.1494e-09 1.08274e-08 2.96541e-09 1.03056e-08 -1.24492e-08 2.69391e-09
894 0.61 320 0 6.34495e-09 4.92879e-09 -4.43943e-09 -1.89738e-09 -7.66465e-09 -7.06846e-10 -7.79459e-09 1.0867e-08 3.58778e-09 9.3959e-09 -1.26118e-08 5.02282e-09
894 0.62 320 0 7.16772e-09 3.46902e-09 -4.75311e-09 -4.22078e-10 -7.53516e-09 -4.72542e-11 -7.43953e-09 1.08288e-08 4.16005e-09 8.38081e-09 -1.25968e-08 7.45358e-09
894 0.63 320 0 7.89722e-09 1.86488e-09 -4.95376e-09 1.15982e-09 -7.35331e-09 6.04472e-10 -7.0945e-09 1.07055e-08 4.67031e-09 7.25803e-09 -1.23868e-08 9.97806e-09
894 0.64 320 0 8.51733e-09 1.14111e-10 -5.02079e-09 2.84762e-09 -7.11747e-09 1.24234e-09 -6.7744e-09 1.04901e-08 5.10483e-09 6.02539e-09 -1.19608e-08 1.2586e-08
894 0.65 320 0 9.00798e-09 -1.78435e-09 -4.93581e-09 4.64028e-09 -6.8289e-09 1.85943e-09 -6.49273e-09 1.01762e-08 5.4492e-09 4.68153e-09 -1.13003e-08 1.52651e-08
894 0.66 320 0 9.34908e-09 -3.8282e-09 -4.67661e-09 6.53488e-09 -6.48868e-09 2.45101e-09 -6.26698e-09 9.75917e-09 5.68773e-09 3.2263e-09 -1.03841e-08 1.8e-08
894 0.67 320 0 9.51791e-09 -6.01433e-09 -4.21753e-09 8.52639e-09 -6.09714e-09 3.01125e-09 -6.11833e-09 9.23506e-09 5.80292e-09 1.66063e-09 -9.19222e-09 2.07725e-08
894 0.68 320 0 9.49067e-09 -8.33816e-09 -3.53244e-09 1.06063e-08 -5.65681e-09 3.53367e-09 -6.06897e-09 8.60238e-09 5.77561e-09 -1.32923e-11 -7.70368e-09 2.35611e-08
894 0.69 320 0 9.24167e-09 -1.0793e-08 -2.59261e-09 1.27625e-08 -5.17128e-09 4.01159e-09 -6.14429e-09 7.86216e-09 5.58488e-09 -1.79157e-09 -5.89745e-09 2.63401e-08
894 0.7 320 0 8.74283e-09 -1.33672e-08 -1.36645e-09 1.49803e-08 -4.64319e-09 4.44096e-09 -6.37295e-09 7.01853e-09 5.20837e-09 -3.66822e-09 -3.75449e-09 2.90805e-08
894 0.71 320 0 7.96489e-09 -1.6051e-08 1.81128e-10 1.72373e-08 -4.07679e-09 4.81247e-09 -6.78836e-09 6.07933e-09 4.62042e-09 -5.63531e-09 -1.25474e-09 3.17479e-08
894 0.72 320 0 6.87553e-09 -1.88266e-08 2.08518e-09 1.95072e-08 -3.4769e-09 5.12129e-09 -7.42454e-09 5.05777e-09 3.79428e-09 -7.68175e-09 1.61766e-09 3.43034e-08
894 0.73 320 0 5.44165e-09 -2.1672e-08 4.38376e-09 2.17557e-08 -2.84897e-09 5.36233e-09 -8.31993e-09 3.97357e-09 2.70075e-09 -9.79213e-09 4.87802e-09 3.67023e-08
894 0.74 320 0 3.62799e-09 -2.45609e-08 7.11493e-09 2.39398e-08 -2.20025e-09 5.52937e-09 -9.5143e-09 2.85348e-09 1.30826e-09 -1.19469e-08 8.53745e-09 3.8894e-08
894 0.75 320 0 1.39723e-09 -2.74601e-08 1.03187e-08 2.60068e-08 -1.53597e-09 5.61842e-09 -1.10513e-08 1.73383e-09 -4.16989e-10 -1.41215e-08 1.26023e-08 4.08223e-08
894 0.76 320 0 -1.28817e-09 -3.03287e-08 1.40318e-08 2.78931e-08 -8.6501e-10 5.6253e-09 -1.29722e-08 6.60823e-10 -2.5102e-09 -1.62846e-08 1.70728e-08 4.24243e-08
894 0.77 320 0 -4.46746e-09 -3.3121e-08 1.82904e-08 2.95192e-08 -1.96622e-10 5.54231e-09 -1.53221e-08 -3.06099e-10 -5.0095e-09 -1.83982e-08 2.19423e-08 4.36303e-08
894 0.78 320 0 -8.1798e-09 -3.57764e-08 2.31247e-08 3.07922e-08 4.62042e-10 5.36775e-09 -1.81416e-08 -1.09219e-09 -7.95359e-09 -2.04137e-08 2.71936e-08 4.43653e-08
894 0.79 320 0 -1.24633e-08 -3.82256e-08 2.8556e-08 3.16023e-08 1.09937e-09 5.09681e-09 -2.14655e-08 -1.60744e-09 -1.13815e-08 -2.22725e-08 3.27976e-08 4.4548e-08
894 0.8 320 0 -1.73634e-08 -4.04027e-08 3.45652e-08 3.18031e-08 1.68444e-09 4.73999e-09 -2.52986e-08 -1.73096e-09 -1.53316e-08 -2.39145e-08 3.87066e-08 4.41069e-08
894 0.81 320 0 -2.28948e-08 -4.21773e-08 4.11547e-08 3.12338e-08 2.23264e-09 4.28042e-09 -2.96617e-08 -1.30566e-09 -1.98344e-08 -2.52322e-08 4.4871e-08 4.29458e-08
894 0.82 320 0 -2.90831e-08 -4.34392e-08 4.83096e-08 2.97615e-08 2.73319e-09 3.71126e-09 -3.45593e-08 -2.19082e-10 -2.49241e-08 -2.61259e-08 5.12111e-08 4.09711e-08
894 0.83 320 0 -3.59446e-08 -4.40577e-08 5.59598e-08 2.71979e-08 3.16795e-09 3.03169e-09 -3.99515e-08 1.70096e-09 -3.0625e-08 -2.64748e-08 5.76253e-08 3.81011e-08
894 0.84 320 0 -4.34822e-08 -4.38785e-08 6.40018e-08 2.33415e-08 3.52247e-09 2.23768e-09 -4.57689e-08 4.64423e-09 -3.69525e-08 -2.61341e-08 6.3988e-08 3.4259e-08
894 0.85 320 0 -5.16828e-08 -4.27227e-08 7.22817e-08 1.79787e-08 3.77901e-09 1.32362e-09 -5.18961e-08 8.81688e-09 -4.39082e-08 -2.49316e-08 7.01482e-08 2.93815e-08
894 0.86 320 0 -6.05152e-08 -4.03838e-08 8.0585e-08 1.08975e-08 3.922e-09 2.83792e-10 -5.81598e-08 1.4429e-08 -5.14792e-08 -2.26662e-08 7.59282e-08 2.34251e-08
894 0.87 320 0 -6.99464e-08 -3.66353e-08 8.86222e-08 1.86733e-09 3.85794e-09 -8.96204e-10 -6.43281e-08 2.17153e-08 -5.96318e-08 -1.90933e-08 8.11331e-08 1.63762e-08
894 0.88 320 0 -7.98661e-08 -3.11671e-08 9.60178e-08 -9.30509e-09 3.58755e-09 -2.21429e-09 -7.00651e-08 3.08898e-08 -6.82796e-08 -1.39162e-08 8.55314e-08 8.26039e-09
894 0.89 320 0 -9.01402e-08 -2.36286e-08 1.02301e-07 -2.27664e-08 3.05752e-09 -3.67857e-09 -7.49467e-08 4.21241e-08 -7.73023e-08 -6.77754e-09 8.88829e-08 -8.52335e-10
894 0.9 320 0 -1.00574e-07 -1.3581e-08 1.06897e-07 -3.85864e-08 2.19339e-09 -5.29734e-09 -7.84401e-08 5.55219e-08 -8.65154e-08 2.77307e-09 9.09395e-08 -1.08375e-08
894 0.91 320 0 -1.1088e-07 -4.45013e-10 1.0912e-07 -5.67139e-08 8.88361e-10 -7.07616e-09 -7.98984e-08 7.10733e-08 -9.56348e-08 1.5329e-08 9.1456e-08 -2.15094e-08
894 0.92 320 0 -1.20603e-07 1.65811e-08 1.08184e-07 -7.69221e-08 -1.02613e-09 -9.00963e-09 -7.85693e-08 8.85984e-08 -1.04199e-07 3.17108e-08 9.02035e-08 -3.26174e-08
894 0.93 320 0 -1.2895e-07 3.86905e-08 1.03239e-07 -9.87077e-08 -3.81235e-09 -1.10578e-08 -7.36314e-08 1.0764e-07 -1.11389e-07 5.31251e-08 8.69805e-08 -4.38412e-08
894 0.94 320 0 -1.34341e-07 6.7724e-08 9.34939e-08 -1.21165e-07 -7.91046e-09 -1.30788e-08 -6.43289e-08 1.27333e-07 -1.15581e-07 8.14144e-08 8.16257e-08 -5.47893e-08
894 0.95 320 0 -1.33218e-07 1.06498e-07 7.85998e-08 -1.42826e-07 -1.40693e-08 -1.46243e-08 -5.03833e-08 1.46243e-07 -1.13133e-07 1.19359e-07 7.40252e-08 -6.49882e-08
894 0.96 320 0 -1.16662e-07 1.58352e-07 5.98141e-08 -1.61868e-07 -2.34729e-08 -1.42805e-08 -3.32274e-08 1.6261e-07 -9.50033e-08 1.70158e-07 6.41258e-08 -7.3847e-08
894 0.97 320 0 -6.22436e-08 2.19996e-07 4.27815e-08 -1.79327e-07 -3.68904e-08 -7.72005e-09 -1.89054e-08 1.77795e-07 -3.87071e-08 2.30102e-07 5.20205e-08 -8.05566e-08
894 0.98 320 0 6.23949e-08 2.4288e-07 3.32052e-08 -2.16522e-07 -4.72661e-08 1.39601e-08 -1.3283e-08 2.14547e-07 8.74167e-08 2.49882e-07 3.83821e-08 -8.41362e-08
894 0.99 320 0 1.73139e-07 1.26447e-07 -3.27089e-08 -3.18374e-07 -3.08247e-08 4.11099e-08 5.05519e-08 3.19224e-07 1.97424e-07 1.30021e-07 2.42707e-08 -8.48964e-08
894 1 320 0 1.14423e-07 1.24407e-10 -5.91868e-06 -2.17199e-07 -9.78855e-11 4.04877e-08 5.9423e-06 2.17226e-07 1.41398e-07 1.58025e-10 5.95782e-11 -9.19789e-08
894 1.01 320 0 6.38316e-08 5.42391e-11 -1.81069e-07 -1.85966e-12 -4.36712e-11 2.41302e-08 1.99574e-07 7.02153e-12 8.44371e-08 7.58298e-11 8.32216e-12 -6.34042e-08
894 1.02 320 0 4.35697e-08 2.92781e-11 -1.26482e-07 -1.04103e-11 -3.53005e-11 2.02431e-08 1.44281e-07 1.54736e-11 6.29998e-08 4.99048e-11 9.5639e-12 -5.61738e-08
894 1.03 320 0 3.16493e-08 1.69404e-11 -1.00569e-07 -1.47093e-11 -3.13868e-11 1.82409e-08 1.17832e-07 1.97901e-11 5.03718e-08 3.71803e-11 1.05296e-11 -5.14379e-08
894 1.04 320 0 2.36114e-08 9.41134e-12 -8.50012e-08 -1.73666e-11 -2.90619e-11 1.70897e-08 1.0183e-07 2.25012e-11 4.18835e-08 2.94616e-11 1.13538e-11 -4.79988e-08
894 1.05 320 0 1.7741e-08 4.27968e-12 -7.45707e-08 -1.89906e-11 -2.71438e-11 1.64188e-08 9.10425e-08 2.41486e-11 3.57378e-08 2.3979e-11 1.19487e-11 -4.5384e-08
894 1.06 320 0 1.32078e-08 5.50742e-13 -6.7139e-08 -2.0556e-11 -2.633e-11 1.60595e-08 8.33201e-08 2.58612e-11 3.10651e-08 2.04168e-11 1.27611e-11 -4.33518e-08
894 1.07 320 0 9.5533e-09 -2.39199e-12 -6.16448e-08 -2.19421e-11 -2.58783e-11 1.59228e-08 7.75948e-08 2.74291e-11 2.73844e-08 1.77523e-11 1.35988e-11 -4.17618e-08
894 1.08 320 0 6.49969e-09 -4.73574e-12 -5.74971e-08 -2.29856e-11 -2.5345e-11 1.5959e-08 7.3272e-08 2.86381e-11 2.44058e-08 1.55203e-11 1.43131e-11 -4.05266e-08
894 1.09 320 0 3.86611e-09 -6.89658e-12 -5.43417e-08 -2.44653e-11 -2.55666e-11 1.61414e-08 6.99956e-08 3.04227e-11 2.19437e-08 1.39797e-11 1.53744e-11 -3.95901e-08
894 1.1 320 0 1.52802e-09 -8.89895e-12 -5.19541e-08 -2.60153e-11 -2.60079e-11 1.6455e-08 6.75412e-08 3.23294e-11 1.98726e-08 1.27273e-11 1.65349e-11 -3.89162e-08
894 1.11 320 0 -6.05539e-10 -1.06601e-11 -5.0189e-08 -2.73887e-11 -2.63179e-11 1.68942e-08 6.57649e-08 3.40572e-11 1.81046e-08 1.15813e-11 1.763e-11 -3.84828e-08
894 1.12 320 0 -2.60568e-09 -1.26449e-11 -4.8953e-08 -2.9436e-11 -2.73493e-11 1.74616e-08 6.45768e-08 3.66393e-11 1.65764e-08 1.078e-11 1.92098e-11 -3.82801e-08
894 1.13 320 0 -4.53095e-09 -1.47592e-11 -4.81877e-08 -3.1852e-11 -2.87166e-11 1.81652e-08 6.39238e-08 3.97062e-11 1.52407e-08 1.01236e-11 2.10819e-11 -3.83072e-08
894 1.14 320 0 -6.43338e-09 -1.68058e-11 -4.78619e-08 -3.4224e-11 -3.00128e-11 1.90194e-08 6.37821e-08 4.27629e-11 1.40614e-08 9.47861e-12 2.29828e-11 -3.85727e-08
894 1.15 320 0 -8.36451e-09 -1.94389e-11 -4.79699e-08 -3.76851e-11 -3.22458e-11 2.00479e-08 6.41569e-08 4.71988e-11 1.30107e-08 9.04876e-12 2.5678e-11 -3.90968e-08
894 1.16 320 0 -1.03779e-08 -2.25123e-11 -4.85273e-08 -4.18898e-11 -3.50545e-11 2.12829e-08 6.50788e-08 5.26056e-11 1.20661e-08 8.69246e-12 2.89593e-11 -3.99116e-08
894 1.17 320 0 -1.25351e-08 -2.58771e-11 -4.95761e-08 -4.66058e-11 -3.81731e-11 2.27702e-08 6.66106e-08 5.87133e-11 1.12093e-08 8.3436e-12 3.26917e-11 -4.10658e-08
894 1.18 320 0 -1.49133e-08 -3.04757e-11 -5.11923e-08 -5.3309e-11 -4.28265e-11 2.45763e-08 6.88577e-08 6.73687e-11 1.0425e-08 8.13424e-12 3.79329e-11 -4.26328e-08
894 1.19 320 0 -1.76134e-08 -3.58988e-11 -5.34955e-08 -6.13192e-11 -4.8357e-11 2.67949e-08 7.19817e-08 7.77627e-11 9.69924e-09 7.92606e-12 4.42601e-11 -4.47193e-08
894 1.2 320 0 -2.07793e-08 -4.37762e-11 -5.66765e-08 -7.31888e-11 -5.67334e-11 2.95679e-08 7.62371e-08 9.31332e-11 9.01929e-09 7.84876e-12 5.35722e-11 -4.74885e-08
894 1.21 320 0 -2.46236e-08 -5.39043e-11 -6.10358e-08 -8.85339e-11 -6.7518e-11 3.31112e-08 8.20206e-08 1.13075e-10 8.3716e-09 7.76464e-12 6.57101e-11 -5.11915e-08
894 1.22 320 0 -2.94883e-08 -6.97232e-11 -6.70732e-08 -1.12674e-10 -8.46331e-11 3.77785e-08 8.99902e-08 1.44424e-10 7.74059e-09 7.79018e-12 8.47723e-11 -5.62414e-08
894 1.23 320 0 -3.59578e-08 -9.4389e-11 -7.56599e-08 -1.50416e-10 -1.11369e-10 4.41805e-08 1.01291e-07 1.93504e-10 7.10467e-09 7.83569e-12 1.14694e-10 -6.3354e-08
894 1.24 320 0 -4.51342e-08 -1.34848e-10 -8.84551e-08 -2.12427e-10 -1.55132e-10 5.34752e-08 1.18099e-07 2.74304e-10 6.42863e-09 7.81859e-12 1.64146e-10 -7.38886e-08
894 1.25 320 0 -5.93895e-08 -2.15829e-10 -1.09047e-07 -3.36444e-10 -2.42597e-10 6.81607e-08 1.45121e-07 4.36025e-10 5.64274e-09 7.5408e-12 2.63373e-10 -9.07797e-08
894 1.26 320 0 -8.49211e-08 -4.05618e-10 -1.46829e-07 -6.26864e-10 -4.466e-10 9.47716e-08 1.94677e-07 8.15363e-10 4.57105e-09 5.96464e-12 4.97072e-10 -1.21708e-07
894 1.27 320 0 -1.44791e-07 -1.10157e-09 -2.36789e-07 -1.68942e-09 -1.19046e-09 1.57636e-07 3.12644e-07 2.20512e-09 2.56864e-09 -4.03765e-12 1.35661e-09 -1.95267e-07
894 1.28 320 0 -4.57906e-07 -1.02291e-08 -7.11088e-07 -1.55886e-08 -1.08749e-08 4.87695e-07 9.34561e-07 2.04161e-08 -6.46784e-09 -2.02018e-10 1.26743e-08 -5.82916e-07
894 1.29 320 0 4.10859e-07 -7.75474e-09 6.07998e-07 -1.17564e-08 -8.12833e-09 -4.29121e-07 -7.95075e-07 1.54467e-08 1.74206e-08 -2.61359e-10 9.67649e-09 4.95092e-07
894 1.3 320 0 1.43448e-07 -8.82804e-10 2.02913e-07 -1.33252e-09 -9.14319e-10 -1.4723e-07 -2.63916e-07 1.75599e-09 9.71235e-09 -4.02916e-11 1.11004e-09 1.64017e-07
894 1.31 320 0 8.72894e-08 -3.05998e-10 1.18362e-07 -4.60296e-10 -3.13883e-10 -8.82012e-08 -1.5306e-07 6.08194e-10 7.89405e-09 -1.69515e-11 3.88013e-10 9.49083e-08
894 1.32 320 0 6.28574e-08 -1.50687e-10 8.19125e-08 -2.26126e-10 -1.53524e-10 -6.26294e-08 -1.05279e-07 2.99477e-10 6.97387e-09 -9.38627e-12 1.92855e-10 6.51162e-08
894 1.33 320 0 4.91487e-08 -8.6706e-11 6.16959e-08 -1.29884e-10 -8.79727e-11 -4.83569e-08 -7.87861e-08 1.72331e-10 6.36638e-09 -5.79039e-12 1.12053e-10 4.85952e-08
894 1.34 320 0 4.035e-08 -5.5625e-11 4.88943e-08 -8.32812e-11 -5.64101e-11 -3.92517e-08 -6.20183e-08 1.10641e-10 5.90866e-09 -3.74799e-12 7.26695e-11 3.81381e-08
894 1.35 320 0 3.42097e-08 -3.77511e-11 4.0094e-08 -5.65122e-11 -3.83943e-11 -3.29397e-08 -5.04993e-08 7.5117e-11 5.53705e-09 -2.44473e-12 4.9862e-11 3.09544e-08
894 1.36 320 0 2.96715e-08 -2.68426e-11 3.36946e-08 -4.02115e-11 -2.74981e-11 -2.83073e-08 -4.21301e-08 5.34287e-11 5.2212e-09 -1.54356e-12 3.58698e-11 2.57358e-08
894 1.37 320 0 2.61742e-08 -1.9952e-11 2.8847e-08 -2.99495e-11 -2.07087e-11 -2.47633e-08 -3.5797e-08 3.9734e-11 4.94466e-09 -8.6424e-13 2.70075e-11 2.17879e-08
894 1.38 320 0 2.33922e-08 -1.51129e-11 2.50591e-08 -2.27367e-11 -1.59827e-11 -2.19649e-08 -3.08548e-08 3.00721e-11 4.6976e-09 -3.43335e-13 2.07222e-11 1.87082e-08
894 1.39 320 0 2.11233e-08 -1.16725e-11 2.2026e-08 -1.76193e-11 -1.26702e-11 -1.96994e-08 -2.69032e-08 2.31873e-11 4.4737e-09 8.29164e-14 1.62274e-11 1.62472e-08
894 1.4 320 0 1.9235e-08 -9.25876e-12 1.95487e-08 -1.40431e-11 -1.04198e-11 -1.78281e-08 -2.36813e-08 1.83417e-11 4.26866e-09 4.72922e-13 1.30695e-11 1.4242e-08
894 1.41 320 0 1.76375e-08 -7.38681e-12 1.74921e-08 -1.12615e-11 -8.70849e-12 -1.62564e-08 -2.10119e-08 1.45447e-11 4.07939e-09 8.14575e-13 1.05877e-11 1.2582e-08
894 1.42 320 0 1.62672e-08 -5.96044e-12 1.57613e-08 -9.14536e-12 -7.46364e-12 -1.49178e-08 -1.87701e-08 1.16218e-11 3.9036e-09 1.14717e-12 8.68489e-12 1.11894e-08
894 1.43 320 0 1.50778e-08 -4.89218e-12 1.42875e-08 -7.56812e-12 -6.62479e-12 -1.37641e-08 -1.68657e-08 9.39589e-12 3.73953e-09 1.5115e-12 7.26003e-12 1.00077e-08
894 1.44 320 0 1.4035e-08 -4.0232e-12 1.30198e-08 -6.27742e-12 -6.01723e-12 -1.27595e-08 -1.52319e-08 7.52827e-12 3.58577e-09 1.89765e-12 6.08114e-12 8.99532e-09
894 1.45 320 0 1.31129e-08 -3.33229e-12 1.19197e-08 -5.25044e-12 -5.66126e-12 -1.1877e-08 -1.38183e-08 5.97235e-12 3.44117e-09 2.35903e-12 5.13524e-12 8.12058e-09
894 1.46 320 0 1.22912e-08 -2.7706e-12 1.09577e-08 -4.41795e-12 -5.54899e-12 -1.10956e-08 -1.25857e-08 4.61422e-12 3.30477e-09 2.94918e-12 4.36236e-12 7.35918e-09
894 1.47 320 0 1.1554e-08 -2.31696e-12 1.01106e-08 -3.74476e-12 -5.76098e-12 -1.03991e-08 -1.15039e-08 3.35279e-12 3.17568e-09 3.792e-12 3.73241e-12 6.69211e-09
894 1.48 320 0 1.08888e-08 -1.94495e-12 9.36006e-09 -3.19196e-12 -6.48421e-12 -9.77462e-09 -1.05485e-08 2.02139e-12 3.05304e-09 5.14696e-12 3.21103e-12 6.10427e-09
894 1.49 320 0 1.02853e-08 -1.63781e-12 8.69139e-09 -2.73537e-12 -8.36394e-12 -9.21221e-09 -9.69999e-09 2.33033e-13 2.93558e-09 7.81406e-12 2.77705e-12 5.58356e-09
894 1.5 320 0 9.73528e-09 -1.38249e-12 8.09266e-09 -2.35476e-12 -1.47478e-11 -8.70629e-09 -8.94105e-09 -3.84208e-12 2.81928e-09 1.58486e-11 2.41153e-12 5.12017e-09
894 1.51 320 0 9.23184e-09 -1.12579e-12 7.55414e-09 -2.0222e-12 4.12249e-10 -8.06435e-09 -8.35834e-09 2.2459e-10 2.92755e-09 -4.98936e-10 2.12491e-12 4.70604e-09
894 1.52 320 0 8.76902e-09 -9.81378e-13 7.06762e-09 -1.76465e-12 1.11444e-11 -7.79289e-09 -7.66638e-09 9.03348e-12 2.64172e-09 -1.48625e-11 1.84289e-12 4.33448e-09
894 1.53 320 0 8.3423e-09 -8.28531e-13 6.62651e-09 -1.53644e-12 5.15419e-12 -7.4065e-09 -7.11412e-09 5.4287e-12 2.54138e-09 -7.43416e-12 1.61814e-12 3.99998e-09
894 1.54 320 0 7.94751e-09 -6.98447e-13 6.22511e-09 -1.34247e-12 3.1991e-12 -7.04771e-09 -6.61546e-09 4.04659e-12 2.44927e-09 -4.90317e-12 1.4262e-12 3.69786e-09
894 1.55 320 0 7.5812e-09 -5.86416e-13 5.85866e-09 -1.17596e-12 2.25741e-12 -6.71541e-09 -6.16284e-09 3.25467e-12 2.36223e-09 -3.61787e-12 1.26007e-12 3.42419e-09
894 1.56 320 0 7.24038e-09 -4.90445e-13 5.52308e-09 -1.03284e-12 1.71712e-12 -6.40713e-09 -5.75064e-09 2.71802e-12 2.2794e-09 -2.83756e-12 1.11624e-12 3.1756e-09
894 1.57 320 0 6.92251e-09 -4.07466e-13 5.21493e-09 -9.09567e-13 1.37389e-12 -6.12047e-09 -5.3742e-09 2.32091e-12 2.20036e-09 -2.31163e-12 9.91379e-13 2.94923e-09
894 1.58 320 0 6.62534e-09 -3.34657e-13 4.93119e-09 -8.02302e-13 1.13804e-12 -5.85331e-09 -5.02955e-09 2.00841e-12 2.1248e-09 -1.92821e-12 8.81996e-13 2.74261e-09
894 1.59 320 0 6.34695e-09 -2.70752e-13 4.66931e-09 -7.06575e-13 9.67204e-13 -5.60375e-09 -4.71327e-09 1.7503e-12 2.05249e-09 -1.63512e-12 7.83347e-13 2.5536e-09
894 1.6 320 0 6.08562e-09 -2.16467e-13 4.42703e-09 -6.26364e-13 8.41458e-13 -5.37015e-09 -4.42239e-09 1.54336e-12 1.98322e-09 -1.40852e-12 7.0028e-13 2.38036e-09
894 1.61 320 0 5.83987e-09 -1.68548e-13 4.20239e-09 -5.56122e-13 7.43235e-13 -5.15104e-09 -4.15434e-09 1.36805e-12 1.91682e-09 -1.22326e-12 6.26998e-13 2.22127e-09
894 1.62 320 0 5.60836e-09 -1.26455e-13 3.9937e-09 -4.93605e-13 6.64903e-13 -4.94514e-09 -3.90685e-09 1.21652e-12 1.85313e-09 -1.06988e-12 5.61393e-13 2.07491e-09
894 1.63 320 0 5.38992e-09 -8.96684e-14 3.79944e-09 -4.40108e-13 6.00842e-13 -4.75132e-09 -3.67795e-09 1.08816e-12 1.79199e-09 -9.40247e-13 5.04851e-13 1.94004e-09
894 1.64 320 0 5.18351e-09 -5.71189e-14 3.61829e-09 -3.92191e-13 5.46828e-13 -4.56855e-09 -3.46587e-09 9.74569e-13 1.73328e-09 -8.28497e-13 4.53866e-13 1.81557e-09
894 1.65 320 0 4.98819e-09 -2.81381e-14 3.44907e-09 -3.50203e-13 5.00047e-13 -4.39595e-09 -3.26908e-09 8.74859e-13 1.67687e-09 -7.29923e-13 4.0882e-13 1.70051e-09
894 1.66 320 0 4.80312e-09 -2.97887e-15 3.29074e-09 -3.14163e-13 4.60018e-13 -4.2327e-09 -3.0862e-09 7.89183e-13 1.62264e-09 -6.4432e-13 3.70007e-13 1.59402e-09
894 1.67 320 0 4.62753e-09 1.94451e-14 3.14236e-09 -2.8175e-13 4.23951e-13 -4.07809e-09 -2.91601e-09 7.11618e-13 1.57048e-09 -5.67188e-13 3.3481e-13 1.49533e-09
894 1.68 320 0 4.46076e-09 3.93889e-14 3.00312e-09 -2.53255e-13 3.915e-13 -3.93146e-09 -2.75741e-09 6.42558e-13 1.5203e-09 -4.97626e-13 3.03833e-13 1.40375e-09
894 1.69 320 0 4.30218e-09 5.70226e-14 2.87226e-09 -2.28036e-13 3.61724e-13 -3.79224e-09 -2.60943e-09 5.80464e-13 1.47201e-09 -4.34259e-13 2.76241e-13 1.31867e-09
894 1.7 320 0 4.15124e-09 7.28532e-14 2.74911e-09 -2.05627e-13 3.33985e-13 -3.65989e-09 -2.47119e-09 5.24035e-13 1.4255e-09 -3.75632e-13 2.51638e-13 1.23953e-09
894 1.71 320 0 4.00742e-09 8.69437e-14 2.63308e-09 -1.85559e-13 3.07978e-13 -3.53393e-09 -2.3419e-09 4.7236e-13 1.38071e-09 -3.21338e-13 2.29546e-13 1.16586e-09
894 1.72 320 0 3.87026e-09 9.94182e-14 2.52362e-09 -1.67253e-13 2.83419e-13 -3.41394e-09 -2.22085e-09 4.24242e-13 1.33755e-09 -2.70974e-13 2.09216e-13 1.09719e-09
894 1.73 320 0 3.73934e-09 1.10626e-13 2.42024e-09 -1.50436e-13 2.60084e-13 -3.2995e-09 -2.10739e-09 3.79087e-13 1.29595e-09 -2.23632e-13 1.90378e-13 1.03313e-09
894 1.74 320 0 3.61426e-09 1.20804e-13 2.3225e-09 -1.34538e-13 2.3793e-13 -3.19027e-09 -2.00094e-09 3.35688e-13 1.25584e-09 -1.79071e-13 1.72506e-13 9.73317e-10
894 1.75 320 0 3.49467e-09 1.30395e-13 2.22999e-09 -1.18733e-13 2.17395e-13 -3.08591e-09 -1.90097e-09 2.92741e-13 1.21717e-09 -1.3718e-13 1.54649e-13 9.17417e-10
894 1.76 320 0 3.38025e-09 1.3965e-13 2.14233e-09 -1.01034e-13 2.0018e-13 -2.98612e-09 -1.80702e-09 2.48578e-13 1.17987e-09 -9.89682e-14 1.36202e-13 8.65133e-10
894 1.77 320 0 3.27069e-09 9.16421e-14 2.05932e-09 -2.6489e-14 1.39273e-13 -2.89055e-09 -1.71888e-09 9.71359e-14 1.14396e-09 -7.36335e-14 2.59694e-14 8.16367e-10
894 1.78 320 0 3.1657e-09 7.55462e-14 1.98046e-09 -1.00328e-15 1.09551e-13 -2.79907e-09 -1.63575e-09 3.82141e-14 1.10922e-09 -5.29161e-14 -1.42523e-14 7.70588e-10
894 1.79 320 0 3.06503e-09 6.36825e-14 1.90553e-09 1.45999e-14 8.69228e-14 -2.7114e-09 -1.55738e-09 -2.17672e-16 1.07568e-09 -3.66792e-14 -3.95836e-14 7.27663e-10
894 1.8 320 0 2.96844e-09 5.40763e-14 1.83427e-09 2.43982e-14 6.88081e-14 -2.62731e-09 -1.48347e-09 -2.6081e-14 1.04327e-09 -2.37696e-14 -5.57321e-14 6.87391e-10
894 1.81 320 0 2.87571e-09 4.60907e-14 1.76646e-09 3.01398e-14 5.41971e-14 -2.54661e-09 -1.41372e-09 -4.27814e-14 1.01196e-09 -1.35862e-14 -6.51216e-14 6.49586e-10
894 1.82 320 0 2.78664e-09 3.93544e-14 1.70187e-09 3.31108e-14 4.23033e-14 -2.46911e-09 -1.34784e-09 -5.30041e-14 9.81711e-10 -5.54475e-15 -6.96885e-14 6.14074e-10
894 1.83 320 0 2.70103e-09 3.32699e-14 1.64031e-09 3.49108e-14 3.23691e-14 -2.39464e-09 -1.28558e-09 -6.01193e-14 9.52473e-10 5.14295e-16 -7.20756e-14 5.807e-10
894 1.84 320 0 2.61871e-09 2.81953e-14 1.5816e-09 3.53373e-14 2.45549e-14 -2.32303e-09 -1.22669e-09 -6.37437e-14 9.24209e-10 4.84908e-15 -7.19003e-14 5.49316e-10
894 1.85 320 0 2.53951e-09 2.42556e-14 1.52556e-09 3.47729e-14 1.8761e-14 -2.25414e-09 -1.17098e-09 -6.48106e-14 8.96881e-10 7.74026e-15 -6.98253e-14 5.19787e-10
894 1.86 320 0 2.46328e-09 2.14776e-14 1.47203e-09 3.35604e-14 1.49612e-14 -2.18782e-09 -1.11822e-09 -6.41489e-14 8.70454e-10 9.24424e-15 -6.656e-14 4.91989e-10
894 1.87 320 0 2.38987e-09 1.9909e-14 1.42088e-09 3.16525e-14 1.30198e-14 -2.12396e-09 -1.06824e-09 -6.1875e-14 8.44891e-10 9.65364e-15 -6.22722e-14 4.65808e-10
894 1.88 320 0 2.31914e-09 1.92892e-14 1.37197e-09 2.92885e-14 1.25445e-14 -2.06243e-09 -1.02086e-09 -5.84842e-14 8.2016e-10 9.28377e-15 -5.76785e-14 4.41137e-10
894 1.89 320 0 2.25098e-09 1.74539e-14 1.32516e-09 2.70077e-14 1.11877e-14 -2.00311e-09 -9.7592e-10 -5.41831e-14 7.96227e-10 8.74829e-15 -5.34206e-14 4.17881e-10
894 1.9 320 0 2.18525e-09 1.54759e-14 1.28035e-09 2.48544e-14 9.66894e-15 -1.94591e-09 -9.33276e-10 -4.99946e-14 7.73065e-10 8.27056e-15 -4.93303e-14 3.95946e-10
894 1.91 320 0 2.12185e-09 1.36121e-14 1.23742e-09 2.27477e-14 8.24159e-15 -1.89072e-09 -8.92788e-10 -4.58995e-14 7.50647e-10 7.80231e-15 -4.52987e-14 3.7525e-10
894 1.92 320 0 2.06067e-09 1.18515e-14 1.19628e-09 2.06722e-14 6.90665e-15 -1.83744e-09 -8.54327e-10 -4.18576e-14 7.28944e-10 7.32651e-15 -4.12998e-14 3.55713e-10
894 1.93 320 0 2.00162e-09 1.01849e-14 1.15682e-09 1.86147e-14 5.6638e-15 -1.786e-09 -8.17775e-10 -3.78349e-14 7.07931e-10 6.83009e-15 -3.73093e-14 3.37264e-10
894 1.94 320 0 1.94458e-09 8.60365e-15 1.11896e-09 1.65618e-14 4.51169e-15 -1.7363e-09 -7.83021e-10 -3.37984e-14 6.87582e-10 6.30227e-15 -3.33017e-14 3.19834e-10
894 1.95 320 0 1.88949e-09 7.09898e-15 1.08263e-09 1.44981e-14 3.44831e-15 -1.68827e-09 -7.49962e-10 -2.97121e-14 6.67873e-10 5.73277e-15 -2.92459e-14 3.03363e-10
894 1.96 320 0 1.83626e-09 5.6613e-15 1.04773e-09 1.24024e-14 2.47139e-15 -1.64185e-09 -7.185e-10 -2.55282e-14 6.48781e-10 5.10963e-15 -2.5098e-14 2.87791e-10
894 1.97 320 0 1.7848e-09 4.27843e-15 1.0142e-09 1.02409e-14 1.57909e-15 -1.59695e-09 -6.88547e-10 -2.11735e-14 6.30285e-10 4.41523e-15 -2.07882e-14 2.73064e-10
894 1.98 320 0 1.73504e-09 2.93247e-15 9.81977e-10 7.95047e-15 7.72184e-16 -1.55351e-09 -6.60018e-10 -1.65125e-14 6.12364e-10 3.61684e-15 -1.61851e-14 2.59132e-10
894 1.99 320 0 1.68691e-09 1.59017e-15 9.50988e-10 5.37274e-15 6.4645e-17 -1.51148e-09 -6.32834e-10 -1.1209e-14 5.94996e-10 2.62985e-15 -1.09616e-14 2.45948e-10
894 2 320 0 1.64035e-09 1.38427e-18 9.2118e-10 1.67909e-17 -4.00032e-18 -1.4708e-09 -6.06928e-10 -3.51576e-17 5.78165e-10 9.87357e-18 -3.4173e-17 2.33472e-10
