894 0 320 0 -1.87224e-08 -2.43755e-09 2.38413e-08 -9.68567e-09 0 0 0 0 0 0 2.77886e-08 -1.70422e-08
894 0.01 320 0 -1.87242e-08 -2.42853e-09 2.38344e-08 -9.69085e-09 1.80993e-10 -3.26107e-10 -2.01188e-10 -2.68128e-11 -4.56938e-10 1.98344e-10 2.77785e-08 -1.70493e-08
894 0.02 320 0 -1.87294e-08 -2.4014e-09 2.38134e-08 -9.70638e-09 3.60952e-10 -6.52229e-10 -4.02699e-10 -5.32973e-11 -9.13193e-10 3.97408e-10 2.77482e-08 -1.70707e-08
894 0.03 320 0 -1.87381e-08 -2.35628e-09 2.37785e-08 -9.73224e-09 5.38841e-10 -9.78379e-10 -6.04853e-10 -7.91257e-11 -1.36808e-09 5.97908e-10 2.76976e-08 -1.71061e-08
894 0.04 320 0 -1.87499e-08 -2.29308e-09 2.37296e-08 -9.76832e-09 7.13627e-10 -1.30456e-09 -8.07968e-10 -1.03965e-10 -1.82091e-09 8.00557e-10 2.76265e-08 -1.71554e-08
894 0.05 320 0 -1.87647e-08 -2.2117e-09 2.36666e-08 -9.8145e-09 8.8428e-10 -1.63075e-09 -1.01236e-09 -1.27473e-10 -2.27098e-09 1.00605e-09 2.75349e-08 -1.72186e-08
894 0.06 320 0 -1.8782e-08 -2.11228e-09 2.35894e-08 -9.87064e-09 1.04978e-09 -1.95693e-09 -1.21833e-09 -1.49305e-10 -2.71758e-09 1.21509e-09 2.74224e-08 -1.72952e-08
894 0.07 320 0 -1.88015e-08 -1.99466e-09 2.34978e-08 -9.93658e-09 1.2091e-09 -2.28305e-09 -1.42618e-09 -1.69103e-10 -3.15998e-09 1.42833e-09 2.72887e-08 -1.73851e-08
894 0.08 320 0 -1.88228e-08 -1.85874e-09 2.33919e-08 -1.00121e-08 1.36121e-09 -2.609e-09 -1.6362e-09 -1.86497e-10 -3.59743e-09 1.64644e-09 2.71337e-08 -1.74878e-08
894 0.09 320 0 -1.88452e-08 -1.70461e-09 2.32714e-08 -1.00969e-08 1.50512e-09 -2.93469e-09 -1.84867e-09 -2.01106e-10 -4.02917e-09 1.87005e-09 2.69568e-08 -1.7603e-08
894 0.1 320 0 -1.88676e-08 -1.53133e-09 2.31361e-08 -1.01914e-08 1.63989e-09 -3.25992e-09 -2.06388e-09 -2.12394e-10 -4.45442e-09 2.09979e-09 2.67576e-08 -1.77301e-08
894 0.11 320 0 -1.88903e-08 -1.3405e-09 2.2986e-08 -1.0294e-08 1.7644e-09 -3.58456e-09 -2.28203e-09 -2.202e-10 -4.87233e-09 2.33619e-09 2.65357e-08 -1.78686e-08
894 0.12 320 0 -1.89119e-08 -1.1313e-09 2.28201e-08 -1.04051e-08 1.87764e-09 -3.9083e-09 -2.50333e-09 -2.23936e-10 -5.28206e-09 2.57979e-09 2.62913e-08 -1.8018e-08
894 0.13 320 0 -1.89317e-08 -9.03796e-10 2.26394e-08 -1.0524e-08 1.97885e-09 -4.23092e-09 -2.72806e-09 -2.23217e-10 -5.68274e-09 2.83112e-09 2.60224e-08 -1.81773e-08
894 0.14 320 0 -1.89482e-08 -6.57072e-10 2.24433e-08 -1.0651e-08 2.06705e-09 -4.55198e-09 -2.95642e-09 -2.17342e-10 -6.07349e-09 3.09068e-09 2.57291e-08 -1.8346e-08
894 0.15 320 0 -1.89613e-08 -3.93014e-10 2.22314e-08 -1.07844e-08 2.14121e-09 -4.87119e-09 -3.18849e-09 -2.06185e-10 -6.45331e-09 3.35878e-09 2.5411e-08 -1.85229e-08
894 0.16 320 0 -1.89695e-08 -1.10756e-10 2.20034e-08 -1.09244e-08 2.20047e-09 -5.18802e-09 -3.42445e-09 -1.89051e-10 -6.82125e-09 3.63584e-09 2.50673e-08 -1.87073e-08
894 0.17 320 0 -1.89714e-08 1.89549e-10 2.17585e-08 -1.10705e-08 2.24386e-09 -5.50189e-09 -3.66429e-09 -1.65334e-10 -7.1763e-09 3.92212e-09 2.46978e-08 -1.88982e-08
894 0.18 320 0 -1.89655e-08 5.08401e-10 2.14976e-08 -1.12224e-08 2.27091e-09 -5.81222e-09 -3.90829e-09 -1.34341e-10 -7.51743e-09 4.21796e-09 2.43008e-08 -1.90943e-08
894 0.19 320 0 -1.89513e-08 8.44142e-10 2.12199e-08 -1.13782e-08 2.28054e-09 -6.11841e-09 -4.15625e-09 -9.58885e-11 -7.84349e-09 4.52339e-09 2.38761e-08 -1.92944e-08
894 0.2 320 0 -1.89264e-08 1.19781e-09 2.09244e-08 -1.1539e-08 2.27202e-09 -6.41955e-09 -4.40822e-09 -4.88182e-11 -8.15343e-09 4.8386e-09 2.34236e-08 -1.94972e-08
894 0.21 320 0 -1.88904e-08 1.56757e-09 2.06121e-08 -1.17021e-08 2.24479e-09 -6.71505e-09 -4.66415e-09 6.85081e-12 -8.44603e-09 5.16349e-09 2.29415e-08 -1.9701e-08
894 0.22 320 0 -1.88411e-08 1.95369e-09 2.02822e-08 -1.18675e-08 2.1982e-09 -7.00386e-09 -4.92387e-09 7.21118e-11 -8.72011e-09 5.49801e-09 2.24296e-08 -1.99044e-08
894 0.23 320 0 -1.87764e-08 2.35608e-09 1.99335e-08 -1.20355e-08 2.13159e-09 -7.28495e-09 -5.18714e-09 1.47965e-10 -8.97453e-09 5.84208e-09 2.18878e-08 -2.01056e-08
894 0.24 320 0 -1.86958e-08 2.77288e-09 1.95673e-08 -1.2203e-08 2.04465e-09 -7.55744e-09 -5.45378e-09 2.34389e-10 -9.20793e-09 6.19524e-09 2.13143e-08 -2.03027e-08
894 0.25 320 0 -1.85963e-08 3.20457e-09 1.91824e-08 -1.23708e-08 1.93704e-09 -7.82002e-09 -5.72346e-09 3.32773e-10 -9.41912e-09 6.55728e-09 2.07089e-08 -2.04938e-08
894 0.26 320 0 -1.84772e-08 3.64877e-09 1.87782e-08 -1.25368e-08 1.80796e-09 -8.07156e-09 -5.99562e-09 4.43238e-10 -9.60674e-09 6.92747e-09 2.00719e-08 -2.06768e-08
894 0.27 320 0 -1.83359e-08 4.10562e-09 1.83554e-08 -1.27005e-08 1.65797e-09 -8.31081e-09 -6.26997e-09 5.66979e-10 -9.76958e-09 7.30537e-09 1.94014e-08 -2.08492e-08
894 0.28 320 0 -1.81712e-08 4.5726e-09 1.79128e-08 -1.28601e-08 1.4862e-09 -8.53639e-09 -6.54572e-09 7.04177e-10 -9.90625e-09 7.68998e-09 1.86982e-08 -2.10087e-08
894 0.29 320 0 -1.79804e-08 5.04947e-09 1.74512e-08 -1.30151e-08 1.29344e-09 -8.74696e-09 -6.82247e-09 8.56022e-10 -1.00155e-08 8.08064e-09 1.79609e-08 -2.11526e-08
894 0.3 320 0 -1.77621e-08 5.53401e-09 1.69692e-08 -1.31639e-08 1.07928e-09 -8.94089e-09 -7.09913e-09 1.02306e-09 -1.0096e-08 8.4761e-09 1.71901e-08 -2.12782e-08
894 0.31 320 0 -1.75171e-08 6.02481e-09 1.64671e-08 -1.33038e-08 8.43612e-10 -9.1168e-09 -7.37518e-09 1.2053e-09 -1.01466e-08 8.87546e-09 1.6385e-08 -2.13831e-08
894 0.32 320 0 -1.72385e-08 6.52293e-09 1.59393e-08 -1.343e-08 5.86212e-10 -9.27007e-09 -7.64786e-09 1.40409e-09 -1.01636e-08 9.27618e-09 1.55408e-08 -2.14604e-08
894 0.33 320 0 -1.69271e-08 7.02373e-09 1.53918e-08 -1.35437e-08 3.09016e-10 -9.40154e-09 -7.91761e-09 1.61932e-09 -1.01477e-08 9.67757e-09 1.46618e-08 -2.15094e-08
894 0.34 320 0 -1.6581e-08 7.52147e-09 1.48263e-08 -1.36461e-08 1.31119e-11 -9.51113e-09 -8.18368e-09 1.85144e-09 -1.00991e-08 1.00778e-08 1.37523e-08 -2.15279e-08
894 0.35 320 0 -1.61977e-08 8.01551e-09 1.42417e-08 -1.37352e-08 -3.00374e-10 -9.59649e-09 -8.44455e-09 2.10152e-09 -1.0016e-08 1.04752e-08 1.28108e-08 -2.1512e-08
894 0.36 320 0 -1.57765e-08 8.50314e-09 1.36379e-08 -1.38072e-08 -6.30516e-10 -9.65569e-09 -8.69875e-09 2.3692e-09 -9.89722e-09 1.08674e-08 1.18368e-08 -2.14572e-08
894 0.37 320 0 -1.53156e-08 8.98093e-09 1.30142e-08 -1.38608e-08 -9.76521e-10 -9.68702e-09 -8.94449e-09 2.65492e-09 -9.74181e-09 1.12521e-08 1.08327e-08 -2.13598e-08
894 0.38 320 0 -1.48142e-08 9.44415e-09 1.23722e-08 -1.38936e-08 -1.33634e-09 -9.68962e-09 -9.1804e-09 2.95811e-09 -9.54942e-09 1.16267e-08 9.79996e-09 -2.1216e-08
894 0.39 320 0 -1.42705e-08 9.89092e-09 1.17119e-08 -1.39037e-08 -1.70795e-09 -9.66148e-09 -9.40474e-09 3.27936e-09 -9.31905e-09 1.19889e-08 8.73888e-09 -2.10213e-08
894 0.4 320 0 -1.36839e-08 1.03164e-08 1.10329e-08 -1.38887e-08 -2.09023e-09 -9.60122e-09 -9.61544e-09 3.61812e-09 -9.05034e-09 1.23356e-08 7.65287e-09 -2.07714e-08
894 0.41 320 0 -1.30537e-08 1.07164e-08 1.03363e-08 -1.38455e-08 -2.48062e-09 -9.50756e-09 -9.8106e-09 3.97373e-09 -8.743e-09 1.26637e-08 6.54359e-09 -2.04617e-08
894 0.42 320 0 -1.23799e-08 1.10864e-08 9.62319e-09 -1.37717e-08 -2.87689e-09 -9.37946e-09 -9.98838e-09 4.34534e-09 -8.39699e-09 1.297e-08 5.41416e-09 -2.00878e-08
894 0.43 320 0 -1.16623e-08 1.14217e-08 8.89507e-09 -1.36642e-08 -3.27619e-09 -9.21595e-09 -1.01469e-08 4.73178e-09 -8.01244e-09 1.32511e-08 4.26728e-09 -1.9645e-08
894 0.44 320 0 -1.09013e-08 1.17169e-08 8.15199e-09 -1.35205e-08 -3.67645e-09 -9.01615e-09 -1.02838e-08 5.13203e-09 -7.58991e-09 1.35034e-08 3.10781e-09 -1.91287e-08
894 0.45 320 0 -1.00991e-08 1.19677e-08 7.39558e-09 -1.33378e-08 -4.07501e-09 -8.77957e-09 -1.03973e-08 5.54459e-09 -7.13038e-09 1.37237e-08 1.93969e-09 -1.85352e-08
894 0.46 320 0 -9.25384e-09 1.21669e-08 6.62855e-09 -1.31119e-08 -4.46772e-09 -8.50576e-09 -1.04851e-08 5.96695e-09 -6.63427e-09 1.39068e-08 7.67453e-10 -1.7858e-08
894 0.47 320 0 -8.36824e-09 1.231e-08 5.85209e-09 -1.28404e-08 -4.85181e-09 -8.19474e-09 -1.05452e-08 6.3975e-09 -6.10318e-09 1.40496e-08 -4.03557e-10 -1.70933e-08
894 0.48 320 0 -7.44563e-09 1.23903e-08 5.06924e-09 -1.25188e-08 -5.22434e-09 -7.84662e-09 -1.05763e-08 6.83259e-09 -5.53905e-09 1.41474e-08 -1.56664e-09 -1.62369e-08
894 0.49 320 0 -6.4882e-09 1.24021e-08 4.28242e-09 -1.21439e-08 -5.58172e-09 -7.4619e-09 -1.05763e-08 7.2696e-09 -4.94393e-09 1.41962e-08 -2.7154e-09 -1.52843e-08
894 0.5 320 0 -5.49938e-09 1.23386e-08 3.49514e-09 -1.17127e-08 -5.92029e-09 -7.04213e-09 -1.05442e-08 7.70508e-09 -4.32079e-09 1.41915e-08 -3.84197e-09 -1.4232e-08
894 0.51 320 0 -4.48242e-09 1.21949e-08 2.70936e-09 -1.12203e-08 -6.23722e-09 -6.5871e-09 -1.04778e-08 8.13552e-09 -3.67169e-09 1.4129e-08 -4.93898e-09 -1.30752e-08
894 0.52 320 0 -3.44348e-09 1.19639e-08 1.93157e-09 -1.06622e-08 -6.52832e-09 -6.09887e-09 -1.03775e-08 8.55532e-09 -3.00082e-09 1.40038e-08 -5.99729e-09 -1.18111e-08
894 0.53 320 0 -2.38677e-09 1.16392e-08 1.16529e-09 -1.00352e-08 -6.79028e-09 -5.57963e-09 -1.02424e-08 8.96063e-09 -2.31183e-09 1.38118e-08 -7.00739e-09 -1.04363e-08
894 0.54 320 0 -1.3198e-09 1.12148e-08 4.16483e-10 -9.33439e-09 -7.01991e-09 -5.03119e-09 -1.00729e-08 9.34535e-09 -1.60976e-09 1.3548e-08 -7.95821e-09 -8.94883e-09
894 0.55 320 0 -2.49357e-10 1.06856e-08 -3.10653e-10 -8.55592e-09 -7.2149e-09 -4.45574e-09 -9.86883e-09 9.70486e-09 -8.99076e-10 1.32086e-08 -8.83913e-09 -7.34639e-09
894 0.56 320 0 8.17501e-10 1.00421e-08 -1.00601e-09 -7.69566e-09 -7.37013e-09 -3.85842e-09 -9.63286e-09 1.00314e-08 -1.86262e-10 1.27879e-08 -9.63734e-09 -5.62699e-09
894 0.57 320 0 1.87085e-09 9.28007e-09 -1.66368e-09 -6.7497e-09 -7.48421e-09 -3.2417e-09 -9.36647e-09 1.03191e-08 5.22157e-10 1.2282e-08 -1.03394e-08 -3.79099e-09
894 0.58 320 0 2.90062e-09 8.39341e-09 -2.27387e-09 -5.71332e-09 -7.55371e-09 -2.60989e-09 -9.07331e-09 1.05605e-08 1.21911e-09 1.16864e-08 -1.09325e-08 -1.83853e-09
894 0.59 320 0 3.89563e-09 7.37811e-09 -2.82728e-09 -4.58372e-09 -7.57713e-09 -1.9663e-09 -8.75771e-09 1.07491e-08 1.89631e-09 1.09976e-08 -1.14005e-08 2.27721e-10
894 0.6 320 0 4.84377e-09 6.22981e-09 -3.31189e-09 -3.35718e-09 -7.55188e-09 -1.31529e-09 -8.42574e-09 1.08775e-08 2.54498e-09 1.02118e-08 -1.17284e-08 2.40484e-09
894 0.61 320 0 5.73166e-09 4.94483e-09 -3.71438e-09 -2.03032e-09 -7.47573e-09 -6.61391e-10 -8.08493e-09 1.09378e-08 3.15549e-09 9.3257e-09 -1.19001e-08 4.68858e-09
894 0.62 320 0 6.54508e-09 3.51962e-09 -4.02168e-09 -6.01416e-10 -7.34837e-09 -9.69613e-12 -7.74317e-09 1.09231e-08 3.71707e-09 8.33599e-09 -1.18972e-08 7.07308e-09
894 0.63 320 0 7.2672e-09 1.95206e-09 -4.21844e-09 9.31287e-10 -7.16919e-09 6.34298e-10 -7.41041e-09 1.0826e-08 4.21801e-09 7.24043e-09 -1.17029e-08 9.55041e-09
894 0.64 320 0 7.88215e-09 2.39918e-10 -4.28448e-09 2.56707e-09 -6.93661e-09 1.26468e-09 -7.10122e-09 1.06398e-08 4.64481e-09 6.03688e-09 -1.12964e-08 1.21105e-08
894 0.65 320 0 8.3702e-09 -1.61794e-09 -4.20189e-09 4.30485e-09 -6.65179e-09 1.87455e-09 -6.82864e-09 1.03582e-08 4.98328e-09 4.72396e-09 -1.06593e-08 1.47413e-08
894 0.66 320 0 8.71151e-09 -3.61925e-09 -3.94897e-09 6.14175e-09 -6.31584e-09 2.45922e-09 -6.60976e-09 9.97666e-09 5.21801e-09 3.30153e-09 -9.77097e-09 1.74278e-08
894 0.67 320 0 8.88374e-09 -5.76101e-09 -3.50063e-09 8.07284e-09 -5.92907e-09 3.01291e-09 -6.46522e-09 9.49124e-09 5.33179e-09 1.77048e-09 -8.61161e-09 2.01521e-08
894 0.68 320 0 8.86345e-09 -8.03875e-09 -2.83136e-09 1.00897e-08 -5.49397e-09 3.52914e-09 -6.41661e-09 8.90046e-09 5.30578e-09 1.3296e-10 -7.16052e-09 2.28931e-08
894 0.69 320 0 8.62535e-09 -1.04459e-08 -1.91314e-09 1.21806e-08 -5.01409e-09 4.00132e-09 -6.48868e-09 8.2053e-09 5.11942e-09 -1.60723e-09 -5.39696e-09 2.56258e-08
894 0.7 320 0 8.1418e-09 -1.29713e-08 -7.15116e-10 1.43312e-08 -4.49207e-09 4.42536e-09 -6.70939e-09 7.40971e-09 4.75073e-09 -3.44422e-09 -3.30215e-09 2.83215e-08
894 0.71 320 0 7.38398e-09 -1.56051e-08 7.97028e-10 1.65193e-08 -3.93212e-09 4.79205e-09 -7.11134e-09 6.52128e-09 4.17451e-09 -5.37028e-09 -8.5626e-10 3.09466e-08
894 0.72 320 0 6.32007e-09 -1.833e-08 2.65752e-09 1.87196e-08 -3.33905e-09 5.09656e-09 -7.72774e-09 5.5528e-09 3.36445e-09 -7.37456e-09 1.95644e-09 3.3463e-08
894 0.73 320 0 4.91744e-09 -2.11246e-08 4.90357e-09 2.08984e-08 -2.71827e-09 5.33382e-09 -8.59615e-09 4.52345e-09 2.29185e-09 -9.44196e-09 5.15116e-09 3.5827e-08
894 0.74 320 0 3.14134e-09 -2.39631e-08 7.57243e-09 2.30138e-08 -2.07702e-09 5.49764e-09 -9.75542e-09 3.4592e-09 9.25657e-10 -1.15533e-08 8.73907e-09 3.79887e-08
894 0.75 320 0 9.54963e-10 -2.68129e-08 1.07034e-08 2.50144e-08 -1.42055e-09 5.58405e-09 -1.12483e-08 2.39539e-09 -7.67381e-10 -1.36847e-08 1.27267e-08 3.98931e-08
894 0.76 320 0 -1.67878e-09 -2.9634e-08 1.43323e-08 2.68381e-08 -7.57716e-10 5.58888e-09 -1.31153e-08 1.37698e-09 -2.82194e-09 -1.58055e-08 1.71146e-08 4.14785e-08
894 0.77 320 0 -4.79872e-09 -3.23817e-08 1.8495e-08 2.84073e-08 -9.77524e-11 5.50454e-09 -1.54006e-08 4.61875e-10 -5.27561e-09 -1.78783e-08 2.18967e-08 4.26763e-08
894 0.78 320 0 -8.44368e-09 -3.49966e-08 2.32214e-08 2.96314e-08 5.52144e-10 5.32932e-09 -1.81444e-08 -2.77066e-10 -8.16662e-09 -1.98557e-08 2.70567e-08 4.34131e-08
894 0.79 320 0 -1.26515e-08 -3.74108e-08 2.85328e-08 3.04028e-08 1.18036e-09 5.05851e-09 -2.13812e-08 -7.52018e-10 -1.15336e-08 -2.16801e-08 3.25666e-08 4.36086e-08
894 0.8 320 0 -1.74676e-08 -3.95597e-08 3.4411e-08 3.05782e-08 1.75605e-09 4.70246e-09 -2.51159e-08 -8.44714e-10 -1.54146e-08 -2.3293e-08 3.83803e-08 4.31925e-08
894 0.81 320 0 -2.29069e-08 -4.1315e-08 4.08596e-08 2.99997e-08 2.29437e-09 4.24457e-09 -2.93701e-08 -4.01022e-10 -1.98403e-08 -2.45884e-08 4.44501e-08 4.20698e-08
894 0.82 320 0 -2.89957e-08 -4.25681e-08 4.78652e-08 2.85375e-08 2.78452e-09 3.67829e-09 -3.41495e-08 6.88752e-10 -2.48447e-08 -2.54684e-08 5.06985e-08 4.01475e-08
894 0.83 320 0 -3.57509e-08 -4.31903e-08 5.53608e-08 2.60062e-08 3.20833e-09 3.00297e-09 -3.94162e-08 2.59371e-09 -3.04527e-08 -2.58142e-08 5.70268e-08 3.73443e-08
894 0.84 320 0 -4.31767e-08 -4.30293e-08 6.32466e-08 2.22073e-08 3.55129e-09 2.21487e-09 -4.51041e-08 5.50067e-09 -3.66802e-08 -2.54829e-08 6.33123e-08 3.3583e-08
894 0.85 320 0 -5.12612e-08 -4.1908e-08 7.13737e-08 1.69293e-08 3.79562e-09 1.3088e-09 -5.11017e-08 9.61325e-09 -4.353e-08 -2.43047e-08 6.94074e-08 2.87996e-08
894 0.86 320 0 -5.99751e-08 -3.9622e-08 7.95339e-08 9.9613e-09 3.92571e-09 2.79616e-10 -5.72414e-08 1.51398e-08 -5.09904e-08 -2.20805e-08 7.51375e-08 2.29485e-08
894 0.87 320 0 -6.92871e-08 -3.59465e-08 8.74447e-08 1.07274e-09 3.84875e-09 -8.86883e-10 -6.32976e-08 2.23145e-08 -5.90294e-08 -1.85682e-08 8.03108e-08 1.60135e-08
894 0.88 320 0 -7.90892e-08 -3.05732e-08 9.47389e-08 -9.93206e-09 3.56525e-09 -2.18755e-09 -6.89423e-08 3.13527e-08 -6.75622e-08 -1.34735e-08 8.46986e-08 8.01605e-09
894 0.89 320 0 -8.92485e-08 -2.3154e-08 1.00954e-07 -2.32045e-08 3.02229e-09 -3.6293e-09 -7.37595e-08 4.24296e-08 -7.64698e-08 -6.44182e-09 8.8062e-08 -9.78426e-10
894 0.9 320 0 -9.95717e-08 -1.32531e-08 1.05524e-07 -3.88225e-08 2.14621e-09 -5.21881e-09 -7.7225e-08 5.56563e-08 -8.5569e-08 2.97284e-09 9.01534e-08 -1.0851e-08
894 0.91 320 0 -1.09771e-07 -2.97661e-10 1.0777e-07 -5.67472e-08 8.31662e-10 -6.95928e-09 -7.86998e-08 7.1034e-08 -9.45759e-08 1.53567e-08 9.07267e-08 -2.14216e-08
894 0.92 320 0 -1.19392e-07 1.65016e-08 1.06911e-07 -7.6769e-08 -1.08687e-09 -8.84202e-09 -7.74372e-08 8.83996e-08 -1.03029e-07 3.1517e-08 8.95497e-08 -3.24453e-08
894 0.93 320 0 -1.27641e-07 3.83124e-08 1.02098e-07 -9.84101e-08 -3.86558e-09 -1.08225e-08 -7.26178e-08 1.07322e-07 -1.10114e-07 5.26336e-08 8.64168e-08 -4.36064e-08
894 0.94 320 0 -1.32958e-07 6.69228e-08 9.25307e-08 -1.20803e-07 -7.93153e-09 -1.27533e-08 -6.34767e-08 1.26974e-07 -1.14224e-07 8.04955e-08 8.11609e-08 -5.45172e-08
894 0.95 320 0 -1.31851e-07 1.05046e-07 7.78232e-08 -1.4254e-07 -1.40044e-08 -1.41843e-08 -4.96959e-08 1.45985e-07 -1.11789e-07 1.17779e-07 7.36621e-08 -6.47063e-08
894 0.96 320 0 -1.15678e-07 1.5586e-07 5.90996e-08 -1.61883e-07 -2.3206e-08 -1.37293e-08 -3.25674e-08 1.62682e-07 -9.40497e-08 1.67526e-07 6.38611e-08 -7.35853e-08
894 0.97 320 0 -6.29058e-08 2.16216e-07 4.15874e-08 -1.79816e-07 -3.62288e-08 -7.22519e-09 -1.76957e-08 1.78362e-07 -3.94264e-08 2.2618e-07 5.18413e-08 -8.0353e-08
894 0.98 320 0 5.79442e-08 2.40193e-07 3.05757e-08 -2.16484e-07 -4.63481e-08 1.3839e-08 -1.05331e-08 2.14525e-07 8.28908e-08 2.47094e-07 3.82352e-08 -8.403e-08
894 0.99 320 0 1.69277e-07 1.29054e-07 -3.48184e-08 -3.15979e-07 -3.06014e-08 4.06426e-08 5.27397e-08 3.16705e-07 1.93535e-07 1.32549e-07 2.40867e-08 -8.48345e-08
894 1 320 0 1.14399e-07 2.18504e-09 -5.91869e-06 -2.14957e-07 -6.1114e-11 4.04874e-08 5.94232e-06 2.14912e-07 1.41374e-07 2.16147e-09 -2.00574e-11 -9.19789e-08
894 1.01 320 0 6.38253e-08 1.04928e-09 -1.81073e-07 1.29971e-09 1.5051e-10 2.41307e-08 1.99578e-07 -1.37611e-09 8.4431e-08 9.55446e-10 -2.08132e-10 -6.34041e-08
894 1.02 320 0 4.3567e-08 7.20448e-10 -1.26484e-07 1.03976e-09 1.76635e-10 2.02434e-08 1.44282e-07 -1.1148e-09 6.29972e-08 6.13994e-10 -2.25915e-10 -5.61736e-08
894 1.03 320 0 3.16482e-08 5.62031e-10 -1.00569e-07 8.96523e-10 1.88222e-10 1.8241e-08 1.17833e-07 -9.72875e-10 5.03706e-08 4.45606e-10 -2.38027e-10 -5.14374e-08
894 1.04 320 0 2.36111e-08 4.72538e-10 -8.50007e-08 8.05971e-10 1.96326e-10 1.70896e-08 1.01829e-07 -8.84865e-10 4.1883e-08 3.46805e-10 -2.48384e-10 -4.79982e-08
894 1.05 320 0 1.77412e-08 4.18052e-10 -7.45696e-08 7.45556e-10 2.04295e-10 1.64185e-08 9.10412e-08 -8.27844e-10 3.57377e-08 2.82649e-10 -2.58648e-10 -4.53832e-08
894 1.06 320 0 1.32084e-08 3.84022e-10 -6.71374e-08 7.04244e-10 2.12255e-10 1.6059e-08 8.33182e-08 -7.90494e-10 3.10652e-08 2.38849e-10 -2.69248e-10 -4.33508e-08
894 1.07 320 0 9.55417e-09 3.63135e-10 -6.16427e-08 6.7688e-10 2.21373e-10 1.59221e-08 7.75924e-08 -7.67753e-10 2.73846e-08 2.07358e-10 -2.80985e-10 -4.17606e-08
894 1.08 320 0 6.50084e-09 3.51631e-10 -5.74946e-08 6.60684e-10 2.32417e-10 1.59581e-08 7.32689e-08 -7.56962e-10 2.44061e-08 1.83824e-10 -2.94522e-10 -4.05251e-08
894 1.09 320 0 3.86754e-09 3.4715e-10 -5.43387e-08 6.53262e-10 2.44899e-10 1.61402e-08 6.9992e-08 -7.55702e-10 2.19442e-08 1.66201e-10 -3.09914e-10 -3.95884e-08
894 1.1 320 0 1.52976e-09 3.48634e-10 -5.19505e-08 6.54166e-10 2.59753e-10 1.64535e-08 6.75369e-08 -7.63785e-10 1.98732e-08 1.52648e-10 -3.27976e-10 -3.8914e-08
894 1.11 320 0 -6.03431e-10 3.55738e-10 -5.01848e-08 6.63443e-10 2.77839e-10 1.68924e-08 6.57598e-08 -7.81543e-10 1.81052e-08 1.42053e-10 -3.49555e-10 -3.84803e-08
894 1.12 320 0 -2.60315e-09 3.68042e-10 -4.8948e-08 6.80586e-10 2.98993e-10 1.74594e-08 6.45708e-08 -8.08602e-10 1.65771e-08 1.34043e-10 -3.7497e-10 -3.82771e-08
894 1.13 320 0 -4.5279e-09 3.86076e-10 -4.81818e-08 7.06749e-10 3.24498e-10 1.81625e-08 6.39166e-08 -8.46585e-10 1.52414e-08 1.28013e-10 -4.05522e-10 -3.83035e-08
894 1.14 320 0 -6.42967e-09 4.10899e-10 -4.78549e-08 7.43789e-10 3.5597e-10 1.9016e-08 6.37735e-08 -8.97982e-10 1.40622e-08 1.2357e-10 -4.42948e-10 -3.85682e-08
894 1.15 320 0 -8.35996e-09 4.43281e-10 -4.79614e-08 7.92859e-10 3.94113e-10 2.00437e-08 6.41465e-08 -9.64459e-10 1.30117e-08 1.20771e-10 -4.88531e-10 -3.90913e-08
894 1.16 320 0 -1.03722e-08 4.85484e-10 -4.8517e-08 8.57648e-10 4.41662e-10 2.12776e-08 6.50661e-08 -1.05083e-09 1.20672e-08 1.19424e-10 -5.45316e-10 -3.99047e-08
894 1.17 320 0 -1.25279e-08 5.40839e-10 -4.95633e-08 9.43372e-10 5.0232e-10 2.27634e-08 6.65947e-08 -1.1639e-09 1.12106e-08 1.19506e-10 -6.17527e-10 -4.10571e-08
894 1.18 320 0 -1.49041e-08 6.13263e-10 -5.11761e-08 1.05615e-09 5.8003e-10 2.45674e-08 6.88373e-08 -1.31172e-09 1.04265e-08 1.21308e-10 -7.10229e-10 -4.26215e-08
894 1.19 320 0 -1.76012e-08 7.10675e-10 -5.34742e-08 1.20834e-09 6.83356e-10 2.67829e-08 7.19551e-08 -1.51032e-09 9.70106e-09 1.24997e-10 -8.33216e-10 -4.47044e-08
894 1.2 320 0 -2.07625e-08 8.43685e-10 -5.6648e-08 1.41644e-09 8.23173e-10 2.95513e-08 7.6201e-08 -1.78123e-09 9.02152e-09 1.31243e-10 -9.99776e-10 -4.74679e-08
894 1.21 320 0 -2.45997e-08 1.0332e-09 -6.09957e-08 1.71291e-09 1.0216e-09 3.30872e-08 8.19696e-08 -2.16665e-09 8.37444e-09 1.40842e-10 -1.23571e-09 -5.11621e-08
894 1.22 320 0 -2.94523e-08 1.31352e-09 -6.70138e-08 2.15085e-09 1.31425e-09 3.77421e-08 8.99144e-08 -2.73581e-09 7.74438e-09 1.55573e-10 -1.58358e-09 -5.61972e-08
894 1.23 320 0 -3.58997e-08 1.75585e-09 -7.55654e-08 2.84027e-09 1.77573e-09 4.41214e-08 1.01169e-07 -3.63201e-09 7.11002e-09 1.78522e-10 -2.13145e-09 -6.32826e-08
894 1.24 320 0 -4.50303e-08 2.51767e-09 -8.82883e-08 4.02371e-09 2.57108e-09 5.33686e-08 1.17884e-07 -5.1716e-09 6.43689e-09 2.16301e-10 -3.07404e-09 -7.37606e-08
894 1.25 320 0 -5.91733e-08 4.00224e-09 -1.08704e-07 6.32088e-09 4.12286e-09 6.79374e-08 1.44679e-07 -8.16365e-09 5.65732e-09 2.85194e-10 -4.91068e-09 -9.0513e-08
894 1.26 320 0 -8.43384e-08 7.56933e-09 -1.45918e-07 1.18151e-08 7.85894e-09 9.41658e-08 1.93495e-07 -1.53304e-08 4.6035e-09 4.35771e-10 -9.32469e-09 -1.20988e-07
894 1.27 320 0 -1.42131e-07 2.03303e-08 -2.32682e-07 3.1369e-08 2.12566e-08 1.54853e-07 3.07291e-07 -4.08816e-08 2.68646e-09 9.12483e-10 -2.51253e-08 -1.91976e-07
894 1.28 320 0 -3.89246e-07 1.66242e-07 -6.06359e-07 2.53588e-07 1.74907e-07 4.15458e-07 7.97501e-07 -3.31875e-07 -4.19057e-09 5.50754e-09 -2.0595e-07 -4.9786e-07
894 1.29 320 0 3.62663e-07 1.30361e-07 5.35302e-07 1.96632e-07 1.37923e-07 -3.78126e-07 -6.99554e-07 -2.58366e-07 1.63538e-08 2.89912e-09 -1.61791e-07 4.35274e-07
894 1.3 320 0 1.41269e-07 1.69042e-08 1.99663e-07 2.52123e-08 1.79716e-08 -1.44912e-07 -2.59629e-07 -3.32528e-08 9.6875e-09 2.08765e-10 -2.09997e-08 1.61308e-07
894 1.31 320 0 8.68162e-08 6.04549e-09 1.17663e-07 8.91686e-09 6.45438e-09 -8.76952e-08 -1.52134e-07 -1.18026e-08 7.8937e-09 2.01271e-11 -7.51264e-09 9.43186e-08
894 1.32 320 0 6.26879e-08 3.01637e-09 8.16644e-08 4.39996e-09 3.23207e-09 -6.24472e-08 -1.04949e-07 -5.84363e-09 6.97555e-09 -1.45795e-11 -3.74713e-09 6.49044e-08
894 1.33 320 0 4.90707e-08 1.77921e-09 6.15827e-08 2.56688e-09 1.9122e-09 -4.82725e-08 -7.86351e-08 -3.41999e-09 6.36799e-09 -2.15566e-11 -2.20816e-09 4.84975e-08
894 1.34 320 0 4.03084e-08 1.15986e-09 4.88345e-08 1.65498e-09 1.24963e-09 -3.92066e-08 -6.19382e-08 -2.21167e-09 5.90998e-09 -2.15063e-11 -1.43719e-09 3.80858e-08
894 1.35 320 0 3.41852e-08 8.09151e-10 4.0059e-08 1.14197e-09 8.73426e-10 -3.2913e-08 -5.04523e-08 -1.53043e-09 5.5381e-09 -1.95008e-11 -1.00047e-09 3.09235e-08
894 1.36 320 0 2.9656e-08 5.92477e-10 3.36727e-08 8.27049e-10 6.404e-10 -2.82903e-08 -4.21005e-08 -1.11135e-09 5.22205e-09 -1.70605e-11 -7.30568e-10 2.57162e-08
894 1.37 320 0 2.61639e-08 4.49777e-10 2.88325e-08 6.20959e-10 4.86537e-10 -2.47518e-08 -3.57773e-08 -8.36528e-10 4.94535e-09 -1.46624e-11 -5.52742e-10 2.17748e-08
894 1.38 320 0 2.33851e-08 3.51491e-10 2.50491e-08 4.79958e-10 3.80304e-10 -2.19569e-08 -3.08411e-08 -6.48123e-10 4.69818e-09 -1.24833e-11 -4.30292e-10 1.8699e-08
894 1.39 320 0 2.11181e-08 2.81117e-10 2.20188e-08 3.79653e-10 3.04053e-10 -1.96937e-08 -2.68934e-08 -5.13835e-10 4.47419e-09 -1.05427e-11 -3.42629e-10 1.62406e-08
894 1.4 320 0 1.92312e-08 2.29064e-10 1.95434e-08 3.05927e-10 2.47496e-10 -1.78238e-08 -2.36741e-08 -4.14956e-10 4.26908e-09 -8.80295e-12 -2.77786e-10 1.42371e-08
894 1.41 320 0 1.76347e-08 1.89724e-10 1.74882e-08 2.50585e-10 2.0464e-10 -1.62531e-08 -2.10065e-08 -3.4061e-10 4.07977e-09 -7.27048e-12 -2.28825e-10 1.25783e-08
894 1.42 320 0 1.6265e-08 1.59299e-10 1.57583e-08 2.08065e-10 1.71392e-10 -1.49153e-08 -1.8766e-08 -2.83407e-10 3.90395e-09 -5.89171e-12 -1.90986e-10 1.11865e-08
894 1.43 320 0 1.5076e-08 1.35303e-10 1.42851e-08 1.74737e-10 1.45048e-10 -1.3762e-08 -1.68625e-08 -2.38529e-10 3.73985e-09 -4.60837e-12 -1.61155e-10 1.00055e-08
894 1.44 320 0 1.40337e-08 1.16139e-10 1.30179e-08 1.48307e-10 1.23902e-10 -1.27578e-08 -1.52294e-08 -2.02924e-10 3.58609e-09 -3.41279e-12 -1.37372e-10 8.99353e-09
894 1.45 320 0 1.31118e-08 1.00598e-10 1.19182e-08 1.27015e-10 1.06604e-10 -1.18756e-08 -1.38163e-08 -1.7426e-10 3.44151e-09 -2.23309e-12 -1.18112e-10 8.11913e-09
894 1.46 320 0 1.22903e-08 8.78491e-11 1.09565e-08 1.09662e-10 9.22125e-11 -1.10944e-08 -1.25842e-08 -1.50962e-10 3.30514e-09 -9.96023e-13 -1.02334e-10 7.358e-09
894 1.47 320 0 1.15533e-08 7.72702e-11 1.01096e-08 9.53585e-11 7.99408e-11 -1.0398e-08 -1.15027e-08 -1.319e-10 3.17614e-09 4.48114e-13 -8.92659e-11 6.69113e-09
894 1.48 320 0 1.08882e-08 6.84099e-11 9.35927e-09 8.34594e-11 6.90515e-11 -9.77347e-09 -1.05476e-08 -1.16344e-10 3.05371e-09 2.41087e-12 -7.83429e-11 6.10346e-09
894 1.49 320 0 1.02849e-08 6.09246e-11 8.69073e-09 7.34739e-11 5.83793e-11 -9.21063e-09 -9.69959e-09 -1.0406e-10 2.93689e-09 5.85745e-12 -6.91351e-11 5.58288e-09
894 1.5 320 0 9.73488e-09 5.45516e-11 8.09211e-09 6.50299e-11 4.34655e-11 -8.70173e-09 -8.94243e-09 -9.67872e-11 2.82426e-09 1.58287e-11 -6.13157e-11 5.1196e-09
894 1.51 320 0 9.2314e-09 4.91015e-11 7.55363e-09 5.78442e-11 1.76582e-11 -8.16917e-09 -8.30116e-09 -9.7679e-11 2.80051e-09 4.03174e-11 -5.46286e-11 4.70554e-09
894 1.52 320 0 8.76874e-09 4.43748e-11 7.06723e-09 5.1674e-11 5.68834e-11 -7.79048e-09 -7.66693e-09 -6.53708e-11 2.64431e-09 -1.30694e-11 -4.88704e-11 4.33407e-09
894 1.53 320 0 8.34206e-09 4.02782e-11 6.62618e-09 4.6357e-11 4.84223e-11 -7.40565e-09 -7.11395e-09 -6.02109e-11 2.54214e-09 -8.01151e-12 -4.38889e-11 3.99963e-09
894 1.54 320 0 7.94731e-09 3.67012e-11 6.22483e-09 4.17461e-11 4.28112e-11 -7.04722e-09 -6.61518e-09 -5.47941e-11 2.44963e-09 -5.72237e-12 -3.95531e-11 3.69756e-09
894 1.55 320 0 7.58103e-09 3.35627e-11 5.85841e-09 3.77281e-11 3.84588e-11 -6.71507e-09 -6.16256e-09 -4.97691e-11 2.36244e-09 -4.39567e-12 -3.57623e-11 3.42392e-09
894 1.56 320 0 7.24024e-09 3.07947e-11 5.52288e-09 3.42098e-11 3.48589e-11 -6.40687e-09 -5.75038e-09 -4.5241e-11 2.27955e-09 -3.50907e-12 -3.24322e-11 3.17537e-09
894 1.57 320 0 6.92238e-09 2.8343e-11 5.21475e-09 3.11151e-11 3.17888e-11 -6.12027e-09 -5.37396e-09 -4.11942e-11 2.20047e-09 -2.86295e-12 -2.94945e-11 2.94903e-09
894 1.58 320 0 6.62523e-09 2.61633e-11 4.93104e-09 2.83828e-11 2.91219e-11 -5.85314e-09 -5.02934e-09 -3.75871e-11 2.12488e-09 -2.3611e-12 -2.68934e-11 2.74243e-09
894 1.59 320 0 6.34686e-09 2.42174e-11 4.66917e-09 2.59629e-11 2.67792e-11 -5.60361e-09 -4.71308e-09 -3.43729e-11 2.05256e-09 -1.95715e-12 -2.45843e-11 2.55345e-09
894 1.6 320 0 6.08554e-09 2.24722e-11 4.42691e-09 2.38069e-11 2.47075e-11 -5.37003e-09 -4.42222e-09 -3.14929e-11 1.98328e-09 -1.62822e-12 -2.25216e-11 2.38022e-09
894 1.61 320 0 5.8398e-09 2.0903e-11 4.20229e-09 2.18823e-11 2.28609e-11 -5.15094e-09 -4.15419e-09 -2.89139e-11 1.91687e-09 -1.3503e-12 -2.06762e-11 2.22115e-09
894 1.62 320 0 5.6083e-09 1.94873e-11 3.99361e-09 2.01596e-11 2.12072e-11 -4.94506e-09 -3.90672e-09 -2.66001e-11 1.85317e-09 -1.11338e-12 -1.9021e-11 2.0748e-09
894 1.63 320 0 5.38987e-09 1.82058e-11 3.79936e-09 1.86108e-11 1.97195e-11 -4.75124e-09 -3.67783e-09 -2.45153e-11 1.79203e-09 -9.08757e-13 -1.753e-11 1.93994e-09
894 1.64 320 0 5.18347e-09 1.70428e-11 3.61822e-09 1.72165e-11 1.83755e-11 -4.56849e-09 -3.46576e-09 -2.26366e-11 1.73332e-09 -7.2996e-13 -1.61855e-11 1.81548e-09
894 1.65 320 0 4.98815e-09 1.59844e-11 3.44901e-09 1.59568e-11 1.71569e-11 -4.39589e-09 -3.26899e-09 -2.0938e-11 1.6769e-09 -5.71618e-13 -1.4969e-11 1.70044e-09
894 1.66 320 0 4.80308e-09 1.5018e-11 3.29068e-09 1.4815e-11 1.60496e-11 -4.23265e-09 -3.08612e-09 -1.93967e-11 1.62267e-09 -4.32853e-13 -1.38647e-11 1.59395e-09
894 1.67 320 0 4.62751e-09 1.41341e-11 3.14231e-09 1.3779e-11 1.50392e-11 -4.07804e-09 -2.91593e-09 -1.79986e-11 1.57051e-09 -3.08683e-13 -1.28617e-11 1.49527e-09
894 1.68 320 0 4.46074e-09 1.33234e-11 3.00308e-09 1.28363e-11 1.41151e-11 -3.93142e-09 -2.75734e-09 -1.67265e-11 1.52033e-09 -1.97462e-13 -1.19479e-11 1.40369e-09
894 1.69 320 0 4.30216e-09 1.25783e-11 2.87222e-09 1.19765e-11 1.32678e-11 -3.7922e-09 -2.60937e-09 -1.55669e-11 1.47203e-09 -9.73236e-14 -1.11138e-11 1.31861e-09
894 1.7 320 0 4.15122e-09 1.1892e-11 2.74908e-09 1.1191e-11 1.24887e-11 -3.65986e-09 -2.47114e-09 -1.45084e-11 1.42552e-09 -6.51006e-15 -1.03512e-11 1.23949e-09
894 1.71 320 0 4.0074e-09 1.12584e-11 2.63305e-09 1.04718e-11 1.17709e-11 -3.5339e-09 -2.34185e-09 -1.35405e-11 1.38073e-09 7.58904e-14 -9.65271e-12 1.16581e-09
894 1.72 320 0 3.87025e-09 1.06724e-11 2.5236e-09 9.81258e-12 1.11081e-11 -3.41391e-09 -2.2208e-09 -1.26546e-11 1.33757e-09 1.50667e-13 -9.01234e-12 1.09715e-09
894 1.73 320 0 3.73932e-09 1.01294e-11 2.42022e-09 9.2072e-12 1.04949e-11 -3.29948e-09 -2.10735e-09 -1.18427e-11 1.29597e-09 2.19058e-13 -8.42439e-12 1.0331e-09
894 1.74 320 0 3.61425e-09 9.62539e-12 2.32248e-09 8.65075e-12 9.92659e-12 -3.19025e-09 -2.0009e-09 -1.10984e-11 1.25586e-09 2.81608e-13 -7.88412e-12 9.73287e-10
894 1.75 320 0 3.49466e-09 9.15714e-12 2.22997e-09 8.13918e-12 9.39952e-12 -3.0859e-09 -1.90094e-09 -1.0416e-11 1.21719e-09 3.38652e-13 -7.38783e-12 9.17391e-10
894 1.76 320 0 3.38024e-09 8.72157e-12 2.14232e-09 7.67001e-12 8.91175e-12 -2.9861e-09 -1.80699e-09 -9.79133e-12 1.17989e-09 3.89413e-13 -6.93197e-12 8.6511e-10
894 1.77 320 0 3.27068e-09 8.26109e-12 2.05931e-09 7.29208e-12 8.41555e-12 -2.89054e-09 -1.71886e-09 -9.31981e-12 1.14397e-09 4.2492e-13 -6.59972e-12 8.16343e-10
894 1.78 320 0 3.16569e-09 7.85875e-12 1.98045e-09 6.90006e-12 7.97882e-12 -2.79906e-09 -1.63572e-09 -8.80565e-12 1.10924e-09 4.54148e-13 -6.23282e-12 7.70565e-10
894 1.79 320 0 3.06502e-09 7.48563e-12 1.90551e-09 6.52879e-12 7.57624e-12 -2.71139e-09 -1.55736e-09 -8.31385e-12 1.07569e-09 4.77167e-13 -5.88133e-12 7.27642e-10
894 1.8 320 0 2.96843e-09 7.13823e-12 1.83426e-09 6.17881e-12 7.2035e-12 -2.6273e-09 -1.48345e-09 -7.84684e-12 1.04328e-09 4.95313e-13 -5.54689e-12 6.87369e-10
894 1.81 320 0 2.87571e-09 6.81284e-12 1.76644e-09 5.85098e-12 6.85639e-12 -2.5466e-09 -1.4137e-09 -7.40795e-12 1.01197e-09 5.09261e-13 -5.23236e-12 6.49566e-10
894 1.82 320 0 2.78663e-09 6.50784e-12 1.70186e-09 5.54388e-12 6.53271e-12 -2.4691e-09 -1.34782e-09 -6.9957e-12 9.8172e-10 5.19701e-13 -4.9366e-12 6.14057e-10
894 1.83 320 0 2.70103e-09 6.22174e-12 1.6403e-09 5.25622e-12 6.23062e-12 -2.39463e-09 -1.28556e-09 -6.6087e-12 9.52481e-10 5.27044e-13 -4.65863e-12 5.80684e-10
894 1.84 320 0 2.61871e-09 5.95311e-12 1.58159e-09 4.98656e-12 5.94838e-12 -2.32302e-09 -1.22668e-09 -6.24529e-12 9.24217e-10 5.31621e-13 -4.39734e-12 5.49301e-10
894 1.85 320 0 2.53951e-09 5.70079e-12 1.52555e-09 4.73372e-12 5.68452e-12 -2.25413e-09 -1.17096e-09 -5.90417e-12 8.96889e-10 5.33793e-13 -4.15186e-12 5.19773e-10
894 1.86 320 0 2.46328e-09 5.46367e-12 1.47203e-09 4.49657e-12 5.43772e-12 -2.18782e-09 -1.11821e-09 -5.58414e-12 8.7046e-10 5.33736e-13 -3.92143e-12 4.91977e-10
894 1.87 320 0 2.38987e-09 5.24076e-12 1.42088e-09 4.27382e-12 5.20674e-12 -2.12396e-09 -1.06823e-09 -5.28356e-12 8.44897e-10 5.31831e-13 -3.70499e-12 4.65796e-10
894 1.88 320 0 2.31914e-09 5.0308e-12 1.37196e-09 4.06448e-12 4.99006e-12 -2.06243e-09 -1.02085e-09 -5.00121e-12 8.20165e-10 5.28508e-13 -3.50203e-12 4.41126e-10
894 1.89 320 0 2.25098e-09 4.83084e-12 1.32516e-09 3.86798e-12 4.78445e-12 -2.00311e-09 -9.75909e-10 -4.73582e-12 7.96232e-10 5.24481e-13 -3.31205e-12 4.1787e-10
894 1.9 320 0 2.18525e-09 4.64119e-12 1.28034e-09 3.68342e-12 4.58984e-12 -1.94591e-09 -9.33266e-10 -4.48701e-12 7.73071e-10 5.19967e-13 -3.13398e-12 3.95937e-10
894 1.91 320 0 2.12185e-09 4.46138e-12 1.23742e-09 3.50984e-12 4.40569e-12 -1.89072e-09 -8.92778e-10 -4.25352e-12 7.50652e-10 5.14972e-13 -2.96683e-12 3.75241e-10
894 1.92 320 0 2.06068e-09 4.29073e-12 1.19627e-09 3.34642e-12 4.23129e-12 -1.83744e-09 -8.54318e-10 -4.03419e-12 7.28949e-10 5.09534e-13 -2.8098e-12 3.55704e-10
894 1.93 320 0 2.00162e-09 4.12864e-12 1.15682e-09 3.19242e-12 4.06599e-12 -1.786e-09 -8.17767e-10 -3.82796e-12 7.07935e-10 5.03691e-13 -2.66212e-12 3.37256e-10
894 1.94 320 0 1.94459e-09 3.97454e-12 1.11896e-09 3.04715e-12 3.90917e-12 -1.7363e-09 -7.83014e-10 -3.63385e-12 6.87586e-10 4.97478e-13 -2.5231e-12 3.19827e-10
894 1.95 320 0 1.88949e-09 3.82792e-12 1.08263e-09 2.90998e-12 3.76029e-12 -1.68827e-09 -7.49954e-10 -3.45097e-12 6.67877e-10 4.90927e-13 -2.3921e-12 3.03356e-10
894 1.96 320 0 1.83626e-09 3.68831e-12 1.04773e-09 2.78033e-12 3.61884e-12 -1.64185e-09 -7.18493e-10 -3.27848e-12 6.48785e-10 4.84066e-13 -2.26851e-12 2.87784e-10
894 1.97 320 0 1.7848e-09 3.55526e-12 1.0142e-09 2.65765e-12 3.48434e-12 -1.59695e-09 -6.8854e-10 -3.11558e-12 6.30289e-10 4.76913e-13 -2.15175e-12 2.73058e-10
894 1.98 320 0 1.73504e-09 3.42836e-12 9.81975e-10 2.54141e-12 3.35638e-12 -1.55351e-09 -6.60011e-10 -2.96149e-12 6.12367e-10 4.69465e-13 -2.04123e-12 2.59126e-10
894 1.99 320 0 1.68692e-09 3.30723e-12 9.50987e-10 2.43102e-12 3.23457e-12 -1.51148e-09 -6.32828e-10 -2.81525e-12 5.94999e-10 4.61667e-13 -1.93618e-12 2.45942e-10
894 2 320 0 1.64035e-09 3.19157e-12 9.21175e-10 2.32537e-12 3.11885e-12 -1.4708e-09 -6.06914e-10 -2.67486e-12 5.78166e-10 4.53088e-13 -1.8348e-12 2.33459e-10
