894 0 400 0 0 0 0 0 8.57549e-08 -1.07567e-08 2.73448e-08 8.20519e-09 -7.81312e-08 -4.35345e-09 0 0
894 0.01 400 0 -9.78002e-10 1.37312e-10 -2.39122e-10 2.79337e-11 8.5731e-08 -1.07831e-08 2.73414e-08 8.19449e-09 -7.81197e-08 -4.32538e-09 1.13488e-10 9.2438e-12
894 0.02 400 0 -1.95468e-09 2.76738e-10 -4.77848e-10 5.65089e-11 8.56592e-08 -1.08621e-08 2.73312e-08 8.16243e-09 -7.80851e-08 -4.24123e-09 2.26937e-10 1.8338e-11
894 0.03 400 0 -2.92869e-09 4.20388e-10 -7.1578e-10 8.63668e-11 8.55395e-08 -1.09935e-08 2.73141e-08 8.10903e-09 -7.80271e-08 -4.1011e-09 3.40311e-10 2.71322e-11
894 0.04 400 0 -3.89868e-09 5.70357e-10 -9.52513e-10 1.18141e-10 8.53716e-08 -1.11768e-08 2.72899e-08 8.03437e-09 -7.79455e-08 -3.90521e-09 4.53571e-10 3.54759e-11
894 0.05 400 0 -4.86328e-09 7.28705e-10 -1.18763e-09 1.52457e-10 8.51551e-08 -1.14114e-08 2.72585e-08 7.9386e-09 -7.78398e-08 -3.65396e-09 5.66676e-10 4.32214e-11
894 0.06 400 0 -5.82108e-09 8.97474e-10 -1.42072e-09 1.8993e-10 8.48897e-08 -1.16965e-08 2.72197e-08 7.82184e-09 -7.77092e-08 -3.34769e-09 6.79587e-10 5.02161e-11
894 0.07 400 0 -6.77062e-09 1.07866e-09 -1.65133e-09 2.31163e-10 8.45748e-08 -1.20312e-08 2.71731e-08 7.6843e-09 -7.75532e-08 -2.98697e-09 7.9226e-10 5.63113e-11
894 0.08 400 0 -7.71038e-09 1.27415e-09 -1.87908e-09 2.76737e-10 8.42098e-08 -1.24154e-08 2.71188e-08 7.52621e-09 -7.73713e-08 -2.57237e-09 9.04729e-10 6.13382e-11
894 0.09 400 0 -8.63883e-09 1.48595e-09 -2.10337e-09 3.27226e-10 8.37943e-08 -1.28453e-08 2.70557e-08 7.34782e-09 -7.71615e-08 -2.10476e-09 1.0168e-09 6.51834e-11
894 0.1 400 0 -9.5544e-09 1.71577e-09 -2.32356e-09 3.83086e-10 8.33272e-08 -1.33209e-08 2.69835e-08 7.14941e-09 -7.69233e-08 -1.58503e-09 1.12833e-09 6.77489e-11
894 0.11 400 0 -1.04552e-08 1.96536e-09 -2.53961e-09 4.44978e-10 8.28082e-08 -1.38411e-08 2.69026e-08 6.93145e-09 -7.66558e-08 -1.01392e-09 1.23969e-09 6.87333e-11
894 0.12 400 0 -1.13397e-08 2.2365e-09 -2.75058e-09 5.13333e-10 8.22367e-08 -1.44014e-08 2.68114e-08 6.69427e-09 -7.63566e-08 -3.92785e-10 1.35046e-09 6.81039e-11
894 0.13 400 0 -1.22059e-08 2.53067e-09 -2.95603e-09 5.88588e-10 8.16115e-08 -1.50013e-08 2.67098e-08 6.43831e-09 -7.60248e-08 2.77273e-10 1.46069e-09 6.56816e-11
894 0.14 400 0 -1.30518e-08 2.84917e-09 -3.15545e-09 6.71156e-10 8.09318e-08 -1.56396e-08 2.65976e-08 6.16413e-09 -7.56595e-08 9.94806e-10 1.57044e-09 6.12877e-11
894 0.15 400 0 -1.38757e-08 3.19353e-09 -3.34771e-09 7.61303e-10 8.01966e-08 -1.63117e-08 2.64732e-08 5.87216e-09 -7.52581e-08 1.75823e-09 1.67914e-09 5.49499e-11
894 0.16 400 0 -1.46751e-08 3.56481e-09 -3.53297e-09 8.5958e-10 7.94056e-08 -1.70165e-08 2.63372e-08 5.56317e-09 -7.48197e-08 2.56604e-09 1.78749e-09 4.62411e-11
894 0.17 400 0 -1.54481e-08 3.96419e-09 -3.70994e-09 9.66143e-10 7.85581e-08 -1.77488e-08 2.61878e-08 5.23779e-09 -7.43414e-08 3.41619e-09 1.89485e-09 3.52102e-11
894 0.18 400 0 -1.61921e-08 4.39233e-09 -3.87825e-09 1.08123e-09 7.76529e-08 -1.8508e-08 2.60252e-08 4.89675e-09 -7.38227e-08 4.30673e-09 2.00148e-09 2.16119e-11
894 0.19 400 0 -1.69051e-08 4.85009e-09 -4.03645e-09 1.20479e-09 7.66893e-08 -1.92888e-08 2.58476e-08 4.54083e-09 -7.32607e-08 5.23534e-09 2.10663e-09 5.55825e-12
894 0.2 400 0 -1.75843e-08 5.33783e-09 -4.18482e-09 1.33728e-09 7.56674e-08 -2.00892e-08 2.56557e-08 4.171e-09 -7.26543e-08 6.19977e-09 2.21116e-09 -1.34806e-11
894 0.21 400 0 -1.82272e-08 5.85599e-09 -4.32206e-09 1.47856e-09 7.45863e-08 -2.09046e-08 2.54479e-08 3.78814e-09 -7.20011e-08 7.19741e-09 2.31452e-09 -3.54675e-11
894 0.22 400 0 -1.88315e-08 6.40462e-09 -4.44669e-09 1.62834e-09 7.34456e-08 -2.17303e-08 2.5223e-08 3.39333e-09 -7.12992e-08 8.22522e-09 2.41599e-09 -6.02426e-11
894 0.23 400 0 -1.93942e-08 6.98351e-09 -4.55914e-09 1.78693e-09 7.22455e-08 -2.25638e-08 2.49816e-08 2.98764e-09 -7.05471e-08 9.28057e-09 2.5166e-09 -8.84803e-11
894 0.24 400 0 -1.99125e-08 7.59222e-09 -4.65792e-09 1.95387e-09 7.0986e-08 -2.34e-08 2.47222e-08 2.5723e-09 -6.97427e-08 1.036e-08 2.61565e-09 -1.20046e-10
894 0.25 400 0 -2.03841e-08 8.2302e-09 -4.74143e-09 2.12859e-09 6.96669e-08 -2.42336e-08 2.44436e-08 2.1486e-09 -6.88842e-08 1.146e-08 2.71237e-09 -1.54716e-10
894 0.26 400 0 -2.08055e-08 8.89632e-09 -4.81025e-09 2.31121e-09 6.82893e-08 -2.50615e-08 2.41466e-08 1.71786e-09 -6.79703e-08 1.2577e-08 2.80787e-09 -1.9327e-10
894 0.27 400 0 -2.11746e-08 9.58932e-09 -4.86233e-09 2.50066e-09 6.68531e-08 -2.58789e-08 2.38295e-08 1.28155e-09 -6.69995e-08 1.37071e-08 2.90095e-09 -2.35246e-10
894 0.28 400 0 -2.14881e-08 1.03078e-08 -4.89777e-09 2.69691e-09 6.53603e-08 -2.66799e-08 2.34923e-08 8.41175e-10 -6.597e-08 1.48463e-08 2.99226e-09 -2.81247e-10
894 0.29 400 0 -2.17436e-08 1.10498e-08 -4.91475e-09 2.89863e-09 6.38113e-08 -2.74605e-08 2.31341e-08 3.98383e-10 -6.48811e-08 1.59901e-08 3.08076e-09 -3.30839e-10
894 0.3 400 0 -2.1938e-08 1.1813e-08 -4.91347e-09 3.10559e-09 6.22085e-08 -2.82148e-08 2.27551e-08 -4.51856e-11 -6.37311e-08 1.71342e-08 3.16715e-09 -3.84674e-10
894 0.31 400 0 -2.20683e-08 1.25957e-08 -4.89182e-09 3.31655e-09 6.05532e-08 -2.89382e-08 2.23541e-08 -4.87696e-10 -6.25197e-08 1.82733e-08 3.25025e-09 -4.4222e-10
894 0.32 400 0 -2.21287e-08 1.33898e-08 -4.84882e-09 3.53089e-09 5.88459e-08 -2.96249e-08 2.19309e-08 -9.27243e-10 -6.12422e-08 1.94017e-08 3.32981e-09 -5.02728e-10
894 0.33 400 0 -2.21201e-08 1.4196e-08 -4.78378e-09 3.74643e-09 5.70912e-08 -3.02709e-08 2.14855e-08 -1.3618e-09 -5.99026e-08 2.05148e-08 3.40577e-09 -5.66818e-10
894 0.34 400 0 -2.20425e-08 1.50122e-08 -4.69841e-09 3.9625e-09 5.52946e-08 -3.08709e-08 2.10192e-08 -1.78967e-09 -5.85024e-08 2.16083e-08 3.47927e-09 -6.35948e-10
894 0.35 400 0 -2.18934e-08 1.58335e-08 -4.59061e-09 4.17693e-09 5.34577e-08 -3.14209e-08 2.05312e-08 -2.20861e-09 -5.70417e-08 2.26763e-08 3.54877e-09 -7.09021e-10
894 0.36 400 0 -2.16701e-08 1.66554e-08 -4.46023e-09 4.38865e-09 5.15848e-08 -3.19156e-08 2.0022e-08 -2.61662e-09 -5.55204e-08 2.37132e-08 3.61441e-09 -7.86261e-10
894 0.37 400 0 -2.1371e-08 1.7473e-08 -4.30764e-09 4.59653e-09 4.96809e-08 -3.23503e-08 1.94926e-08 -3.01171e-09 -5.39394e-08 2.47134e-08 3.67641e-09 -8.68113e-10
894 0.38 400 0 -2.09967e-08 1.8282e-08 -4.13193e-09 4.79777e-09 4.77498e-08 -3.27219e-08 1.89429e-08 -3.39159e-09 -5.23016e-08 2.56715e-08 3.73355e-09 -9.53868e-10
894 0.39 400 0 -2.05455e-08 1.90766e-08 -3.93331e-09 4.99103e-09 4.57972e-08 -3.30259e-08 1.8374e-08 -3.75417e-09 -5.06085e-08 2.65816e-08 3.78597e-09 -1.04372e-09
894 0.4 400 0 -2.00166e-08 1.98512e-08 -3.71309e-09 5.17521e-09 4.38291e-08 -3.32595e-08 1.77879e-08 -4.09767e-09 -4.88625e-08 2.7438e-08 3.8342e-09 -1.13846e-09
894 0.41 400 0 -1.94113e-08 2.06004e-08 -3.46946e-09 5.34678e-09 4.18509e-08 -3.34185e-08 1.7184e-08 -4.41945e-09 -4.70668e-08 2.82353e-08 3.87624e-09 -1.23635e-09
894 0.42 400 0 -1.87301e-08 2.13183e-08 -3.20407e-09 5.5045e-09 3.98695e-08 -3.35009e-08 1.65646e-08 -4.71775e-09 -4.52252e-08 2.89679e-08 3.91262e-09 -1.33809e-09
894 0.43 400 0 -1.79742e-08 2.19983e-08 -2.91813e-09 5.6464e-09 3.78914e-08 -3.35057e-08 1.59319e-08 -4.99075e-09 -4.33422e-08 2.96305e-08 3.94337e-09 -1.4439e-09
894 0.44 400 0 -1.71455e-08 2.26351e-08 -2.61171e-09 5.77015e-09 3.5924e-08 -3.34296e-08 1.52866e-08 -5.23636e-09 -4.14217e-08 3.02184e-08 3.96744e-09 -1.55291e-09
894 0.45 400 0 -1.62459e-08 2.32226e-08 -2.28681e-09 5.87437e-09 3.39749e-08 -3.32732e-08 1.46318e-08 -5.45317e-09 -3.94697e-08 3.07266e-08 3.98511e-09 -1.66577e-09
894 0.46 400 0 -1.52802e-08 2.37534e-08 -1.94421e-09 5.95589e-09 3.20509e-08 -3.30355e-08 1.39689e-08 -5.63922e-09 -3.74913e-08 3.1151e-08 3.99554e-09 -1.78121e-09
894 0.47 400 0 -1.42514e-08 2.42218e-08 -1.58647e-09 6.01352e-09 3.01598e-08 -3.27184e-08 1.33012e-08 -5.79344e-09 -3.54934e-08 3.14874e-08 3.99898e-09 -1.89993e-09
894 0.48 400 0 -1.3164e-08 2.46222e-08 -1.21501e-09 6.04521e-09 2.83095e-08 -3.23225e-08 1.26309e-08 -5.9145e-09 -3.34823e-08 3.17324e-08 3.99475e-09 -2.02119e-09
894 0.49 400 0 -1.20233e-08 2.4949e-08 -8.31517e-10 6.04892e-09 2.65078e-08 -3.18494e-08 1.19602e-08 -6.00121e-09 -3.1465e-08 3.18833e-08 3.98223e-09 -2.1442e-09
894 0.5 400 0 -1.08362e-08 2.51971e-08 -4.39918e-10 6.02379e-09 2.47614e-08 -3.13036e-08 1.12933e-08 -6.05339e-09 -2.94497e-08 3.19379e-08 3.96166e-09 -2.26958e-09
894 0.51 400 0 -9.60716e-09 2.53603e-08 -4.13829e-11 5.9677e-09 2.3079e-08 -3.06881e-08 1.06326e-08 -6.07006e-09 -2.74437e-08 3.18939e-08 3.93255e-09 -2.39627e-09
894 0.52 400 0 -8.3446e-09 2.54347e-08 3.60672e-10 5.87961e-09 2.1467e-08 -3.0008e-08 9.98138e-09 -6.05124e-09 -2.54557e-08 3.17508e-08 3.89458e-09 -2.52386e-09
894 0.53 400 0 -7.05618e-09 2.54168e-08 7.63686e-10 5.75838e-09 1.99325e-08 -2.92678e-08 9.3424e-09 -5.99688e-09 -2.34936e-08 3.15085e-08 3.84722e-09 -2.65133e-09
894 0.54 400 0 -5.75095e-09 2.53032e-08 1.16385e-09 5.60287e-09 1.84808e-08 -2.84761e-08 8.71982e-09 -5.90745e-09 -2.15674e-08 3.11677e-08 3.79047e-09 -2.77844e-09
894 0.55 400 0 -4.43442e-09 2.509e-08 1.55808e-09 5.41432e-09 1.71202e-08 -2.76385e-08 8.11704e-09 -5.7844e-09 -1.96842e-08 3.0729e-08 3.72443e-09 -2.90552e-09
894 0.56 400 0 -3.1217e-09 2.47771e-08 1.94151e-09 5.19117e-09 1.58515e-08 -2.67644e-08 7.5376e-09 -5.62857e-09 -1.78545e-08 3.01964e-08 3.6487e-09 -3.03113e-09
894 0.57 400 0 -1.81913e-09 2.43625e-08 2.31135e-09 4.93496e-09 1.46815e-08 -2.58605e-08 6.98425e-09 -5.44188e-09 -1.60852e-08 2.95722e-08 3.56321e-09 -3.15492e-09
894 0.58 400 0 -5.38257e-10 2.38474e-08 2.66414e-09 4.64485e-09 1.36124e-08 -2.49378e-08 6.46023e-09 -5.22564e-09 -1.43862e-08 2.88613e-08 3.46768e-09 -3.27525e-09
894 0.59 400 0 7.12013e-10 2.32313e-08 2.99534e-09 4.32398e-09 1.26474e-08 -2.40049e-08 5.96919e-09 -4.98326e-09 -1.27647e-08 2.80682e-08 3.36244e-09 -3.39289e-09
894 0.6 400 0 1.91981e-09 2.25178e-08 3.3014e-09 3.97244e-09 1.17865e-08 -2.30738e-08 5.51408e-09 -4.71691e-09 -1.123e-08 2.71997e-08 3.24733e-09 -3.5062e-09
894 0.61 400 0 3.07513e-09 2.17097e-08 3.57901e-09 3.59238e-09 1.10305e-08 -2.21539e-08 5.0969e-09 -4.42963e-09 -9.78854e-09 2.62627e-08 3.12244e-09 -3.61397e-09
894 0.62 400 0 4.16794e-09 2.08103e-08 3.82393e-09 3.18685e-09 1.03785e-08 -2.12575e-08 4.72114e-09 -4.12558e-09 -8.44794e-09 2.52649e-08 2.98813e-09 -3.71662e-09
894 0.63 400 0 5.1892e-09 1.98256e-08 4.03395e-09 2.75821e-09 9.82894e-09 -2.03951e-08 4.38784e-09 -3.80817e-09 -7.21382e-09 2.42153e-08 2.84441e-09 -3.81203e-09
894 0.64 400 0 6.1255e-09 1.87632e-08 4.20358e-09 2.31089e-09 9.37493e-09 -1.95773e-08 4.0999e-09 -3.48238e-09 -6.09203e-09 2.31238e-08 2.69178e-09 -3.90081e-09
894 0.65 400 0 6.96859e-09 1.76314e-08 4.33079e-09 1.84857e-09 9.01196e-09 -1.88145e-08 3.85804e-09 -3.15255e-09 -5.0867e-09 2.20009e-08 2.53055e-09 -3.98137e-09
894 0.66 400 0 7.71028e-09 1.64381e-08 4.41314e-09 1.37515e-09 8.7346e-09 -1.81185e-08 3.66335e-09 -2.82345e-09 -4.20211e-09 2.08575e-08 2.36118e-09 -4.05298e-09
894 0.67 400 0 8.34196e-09 1.51945e-08 4.44819e-09 8.95677e-10 8.5341e-09 -1.74985e-08 3.51614e-09 -2.5003e-09 -3.44062e-09 1.97057e-08 2.18422e-09 -4.1148e-09
894 0.68 400 0 8.85626e-09 1.39129e-08 4.43414e-09 4.15315e-10 8.40028e-09 -1.69647e-08 3.41625e-09 -2.1885e-09 -2.80379e-09 1.85584e-08 2.00027e-09 -4.16589e-09
894 0.69 400 0 9.24709e-09 1.26052e-08 4.37004e-09 -5.85673e-11 8.32288e-09 -1.65237e-08 3.36242e-09 -1.89421e-09 -2.2913e-09 1.74278e-08 1.81023e-09 -4.20536e-09
894 0.7 400 0 9.51127e-09 1.12859e-08 4.25626e-09 -5.20763e-10 8.29034e-09 -1.61875e-08 3.35316e-09 -1.62321e-09 -1.90274e-09 1.63295e-08 1.61494e-09 -4.23227e-09
894 0.71 400 0 9.64137e-09 9.97301e-09 4.09088e-09 -9.63108e-10 8.28636e-09 -1.59564e-08 3.38705e-09 -1.38181e-09 -1.63514e-09 1.52763e-08 1.41527e-09 -4.24705e-09
894 0.72 400 0 9.63616e-09 8.68029e-09 3.87503e-09 -1.38214e-09 8.29833e-09 -1.58373e-08 3.46152e-09 -1.1742e-09 -1.48519e-09 1.42819e-08 1.21245e-09 -4.24853e-09
894 0.73 400 0 9.49627e-09 7.42654e-09 3.61078e-09 -1.76889e-09 8.31001e-09 -1.58345e-08 3.57269e-09 -1.00755e-09 -1.44699e-09 1.33621e-08 1.0073e-09 -4.23645e-09
894 0.74 400 0 9.2212e-09 6.22684e-09 3.29962e-09 -2.11741e-09 8.30491e-09 -1.59472e-08 3.71676e-09 -8.86657e-10 -1.51387e-09 1.25288e-08 8.01099e-10 -4.21035e-09
894 0.75 400 0 8.81552e-09 5.1025e-09 2.94521e-09 -2.42078e-09 8.26609e-09 -1.61766e-08 3.88857e-09 -8.17011e-10 -1.67703e-09 1.17986e-08 5.95028e-10 -4.16999e-09
894 0.76 400 0 8.28501e-09 4.06888e-09 2.55188e-09 -2.67205e-09 8.17452e-09 -1.65254e-08 4.08225e-09 -8.04717e-10 -1.92606e-09 1.1186e-08 3.90278e-10 -4.11484e-09
894 0.77 400 0 7.6351e-09 3.15093e-09 2.12316e-09 -2.86343e-09 8.0123e-09 -1.69808e-08 4.292e-09 -8.53847e-10 -2.24906e-09 1.07047e-08 1.88237e-10 -4.04506e-09
894 0.78 400 0 6.87766e-09 2.36772e-09 1.666e-09 -2.98832e-09 7.76019e-09 -1.75403e-08 4.50991e-09 -9.69557e-10 -2.63122e-09 1.037e-08 -9.93143e-12 -3.9609e-09
894 0.79 400 0 6.02308e-09 1.73811e-09 1.18576e-09 -3.0408e-09 7.39847e-09 -1.81935e-08 4.72898e-09 -1.15547e-09 -3.05741e-09 1.01947e-08 -2.02417e-10 -3.8619e-09
894 0.8 400 0 5.09207e-09 1.28803e-09 6.92953e-10 -3.01188e-09 6.90723e-09 -1.89296e-08 4.93817e-09 -1.41724e-09 -3.5053e-09 1.01959e-08 -3.88262e-10 -3.74905e-09
894 0.81 400 0 4.09873e-09 1.03267e-09 1.93583e-10 -2.89853e-09 6.2637e-09 -1.97359e-08 5.12968e-09 -1.7566e-09 -3.95583e-09 1.0385e-08 -5.65192e-10 -3.62191e-09
894 0.82 400 0 3.07232e-09 1.00374e-09 -2.99102e-10 -2.68973e-09 5.45518e-09 -2.05872e-08 5.29094e-09 -2.17868e-09 -4.38163e-09 1.0778e-08 -7.32497e-10 -3.4821e-09
894 0.83 400 0 2.03754e-09 1.21945e-09 -7.77798e-10 -2.38272e-09 4.4601e-09 -2.14642e-08 5.41326e-09 -2.68445e-09 -4.75539e-09 1.13874e-08 -8.8673e-10 -3.32904e-09
894 0.84 400 0 1.02797e-09 1.704e-09 -1.22533e-09 -1.96816e-09 3.26106e-09 -2.23412e-08 5.48023e-09 -3.27903e-09 -5.04412e-09 1.22277e-08 -1.02865e-09 -3.16592e-09
894 0.85 400 0 8.36108e-11 2.48239e-09 -1.63076e-09 -1.44056e-09 1.84179e-09 -2.31873e-08 5.48059e-09 -3.96438e-09 -5.20893e-09 1.33138e-08 -1.1544e-09 -2.99286e-09
894 0.86 400 0 -7.76672e-10 3.55281e-09 -1.94233e-09 -7.95881e-10 1.8213e-10 -2.39738e-08 5.36819e-09 -4.73911e-09 -5.2229e-09 1.4641e-08 -1.27212e-09 -2.82047e-09
894 0.87 400 0 -1.486e-09 4.97759e-09 -2.16817e-09 -2.58995e-11 -1.71885e-09 -2.46614e-08 5.14777e-09 -5.61044e-09 -5.0309e-09 1.62455e-08 -1.38848e-09 -2.63844e-09
894 0.88 400 0 -1.97709e-09 6.80512e-09 -2.31292e-09 8.76892e-10 -3.87881e-09 -2.51922e-08 4.82048e-09 -6.5819e-09 -4.5701e-09 1.81664e-08 -1.48437e-09 -2.44462e-09
894 0.89 400 0 -2.15614e-09 9.09656e-09 -2.33538e-09 1.94325e-09 -6.30549e-09 -2.55045e-08 4.349e-09 -7.67767e-09 -3.75277e-09 2.04506e-08 -1.56598e-09 -2.24471e-09
894 0.9 400 0 -1.77473e-09 1.19238e-08 -2.10838e-09 3.19762e-09 -9.0259e-09 -2.55452e-08 3.61879e-09 -8.91225e-09 -2.35414e-09 2.31536e-08 -1.63231e-09 -2.04005e-09
894 0.91 400 0 -6.64736e-10 1.53117e-08 -1.58752e-09 4.64055e-09 -1.20374e-08 -2.5222e-08 2.58179e-09 -1.02852e-08 -2.05619e-10 2.62889e-08 -1.68447e-09 -1.83036e-09
894 0.92 400 0 1.51151e-09 1.93099e-08 -6.521e-10 6.28683e-09 -1.53309e-08 -2.44314e-08 1.12115e-09 -1.18058e-08 3.01214e-09 2.98902e-08 -1.72315e-09 -1.6152e-09
894 0.93 400 0 5.29162e-09 2.39236e-08 8.92909e-10 8.13442e-09 -1.89071e-08 -2.30136e-08 -9.57471e-10 -1.34645e-08 7.82341e-09 3.39424e-08 -1.74843e-09 -1.39284e-09
894 0.94 400 0 1.15865e-08 2.90057e-08 3.37938e-09 1.01256e-08 -2.27424e-08 -2.07276e-08 -3.98621e-09 -1.51917e-08 1.51193e-08 3.82704e-08 -1.75961e-09 -1.15917e-09
894 0.95 400 0 2.19854e-08 3.3892e-08 7.38844e-09 1.20129e-08 -2.67393e-08 -1.71542e-08 -8.54937e-09 -1.67161e-08 2.64617e-08 4.21636e-08 -1.75267e-09 -9.05987e-10
894 0.96 400 0 3.91624e-08 3.61711e-08 1.39012e-08 1.29058e-08 -3.05082e-08 -1.15485e-08 -1.56273e-08 -1.70945e-08 4.44637e-08 4.31287e-08 -1.71283e-09 -6.18786e-10
894 0.97 400 0 6.57632e-08 2.77539e-08 2.38902e-08 9.82112e-09 -3.25014e-08 -2.72169e-09 -2.6144e-08 -1.32174e-08 7.15927e-08 3.29287e-08 -1.59055e-09 -2.85648e-10
894 0.98 400 0 9.08929e-08 -1.03409e-08 3.33418e-08 -4.24666e-09 -2.78943e-08 8.72299e-09 -3.57693e-08 2.08379e-09 9.63899e-08 -7.44035e-09 -1.27795e-09 1.76734e-11
894 0.99 400 0 6.59963e-08 -6.72435e-08 2.43435e-08 -2.53281e-08 -1.43567e-08 1.24937e-08 -2.59942e-08 2.43383e-08 6.97853e-08 -6.61347e-08 -8.76494e-10 8.10351e-12
894 1 400 0 1.73787e-10 -7.69806e-08 6.19365e-11 -2.93317e-08 2.62479e-09 6.18275e-11 -6.45274e-11 2.94643e-08 1.88933e-10 -7.93975e-08 -1.04377e-09 -5.97879e-12
894 1.01 400 0 -2.08689e-10 -3.75579e-08 -8.02391e-11 -1.46179e-08 -1.06533e-08 2.96235e-11 8.10088e-11 1.3121e-08 -1.96476e-10 -3.50477e-08 -6.59928e-10 -6.82866e-12
894 1.02 400 0 -2.37602e-10 -2.91821e-08 -9.06103e-11 -1.15562e-08 -1.10503e-08 4.8604e-11 8.95173e-11 9.88262e-09 -2.19036e-10 -2.60353e-08 -5.40909e-10 -6.99868e-12
894 1.03 400 0 -2.44395e-10 -2.47108e-08 -9.29109e-11 -9.92641e-09 -1.10026e-08 6.22559e-11 9.00783e-11 8.17956e-09 -2.2063e-10 -2.12024e-08 -4.40656e-10 -6.98595e-12
894 1.04 400 0 -2.46509e-10 -2.19419e-08 -9.35654e-11 -8.91811e-09 -1.08695e-08 7.3414e-11 8.90916e-11 7.13691e-09 -2.17986e-10 -1.81815e-08 -3.52526e-10 -6.96952e-12
894 1.05 400 0 -2.48622e-10 -2.01029e-08 -9.43032e-11 -8.24816e-09 -1.07413e-08 8.37025e-11 8.8195e-11 6.44963e-09 -2.15316e-10 -1.61427e-08 -2.73219e-10 -7.0157e-12
894 1.06 400 0 -2.50802e-10 -1.88425e-08 -9.50835e-11 -7.78834e-09 -1.06488e-08 9.28275e-11 8.74451e-11 5.97946e-09 -2.12978e-10 -1.47071e-08 -2.00629e-10 -7.07596e-12
894 1.07 400 0 -2.54386e-10 -1.79747e-08 -9.64243e-11 -7.47102e-09 -1.06025e-08 1.01836e-10 8.72471e-11 5.6536e-09 -2.11913e-10 -1.36737e-08 -1.33163e-10 -7.19355e-12
894 1.08 400 0 -2.60096e-10 -1.73925e-08 -9.861e-11 -7.25751e-09 -1.06066e-08 1.11433e-10 8.77968e-11 5.43033e-09 -2.12539e-10 -1.29263e-08 -6.95725e-11 -7.39828e-12
894 1.09 400 0 -2.67177e-10 -1.70327e-08 -1.01316e-10 -7.12503e-09 -1.06646e-08 1.21144e-10 8.88498e-11 5.28465e-09 -2.14371e-10 -1.23941e-08 -8.8451e-12 -7.64382e-12
894 1.1 400 0 -2.76528e-10 -1.68551e-08 -1.04904e-10 -7.05925e-09 -1.07788e-08 1.31752e-10 9.0659e-11 5.2007e-09 -2.17936e-10 -1.20315e-08 4.99457e-11 -7.97395e-12
894 1.11 400 0 -2.88877e-10 -1.68355e-08 -1.09662e-10 -7.05168e-09 -1.09521e-08 1.43918e-10 9.34157e-11 5.16866e-09 -2.23626e-10 -1.18092e-08 1.07671e-10 -8.42239e-12
894 1.12 400 0 -3.03811e-10 -1.69619e-08 -1.15406e-10 -7.09827e-09 -1.11903e-08 1.57351e-10 9.69846e-11 5.18299e-09 -2.31184e-10 -1.17095e-08 1.65169e-10 -8.95932e-12
894 1.13 400 0 -3.22441e-10 -1.72297e-08 -1.22575e-10 -7.19772e-09 -1.14998e-08 1.72931e-10 1.01674e-10 5.24095e-09 -2.41261e-10 -1.17219e-08 2.23344e-10 -9.63536e-12
894 1.14 400 0 -3.46104e-10 -1.76416e-08 -1.31696e-10 -7.35143e-09 -1.18897e-08 1.91675e-10 1.07858e-10 5.34223e-09 -2.54643e-10 -1.18424e-08 2.83181e-10 -1.0512e-11
894 1.15 400 0 -3.75118e-10 -1.82094e-08 -1.42867e-10 -7.56424e-09 -1.23736e-08 2.13775e-10 1.15614e-10 5.48932e-09 -2.71544e-10 -1.20736e-08 3.45832e-10 -1.15871e-11
894 1.16 400 0 -4.11709e-10 -1.89522e-08 -1.56958e-10 -7.8437e-09 -1.29692e-08 2.40852e-10 1.2557e-10 5.68697e-09 -2.93308e-10 -1.24236e-08 4.12701e-10 -1.29583e-11
894 1.17 400 0 -4.58806e-10 -1.98999e-08 -1.75105e-10 -8.20162e-09 -1.37009e-08 2.75016e-10 1.38544e-10 5.94317e-09 -3.21699e-10 -1.29075e-08 4.85582e-10 -1.47488e-11
894 1.18 400 0 -5.19277e-10 -2.1099e-08 -1.98395e-10 -8.65594e-09 -1.46042e-08 3.18222e-10 1.55346e-10 6.27045e-09 -3.58516e-10 -1.35508e-08 5.6685e-10 -1.70638e-11
894 1.19 400 0 -5.99882e-10 -2.26158e-08 -2.29451e-10 -9.2325e-09 -1.57285e-08 3.75288e-10 1.77877e-10 6.6872e-09 -4.07848e-10 -1.43915e-08 6.59796e-10 -2.01919e-11
894 1.2 400 0 -7.08785e-10 -2.45532e-08 -2.714e-10 -9.97101e-09 -1.7149e-08 4.51885e-10 2.08436e-10 7.22187e-09 -4.74732e-10 -1.54893e-08 7.69188e-10 -2.44553e-11
894 1.21 400 0 -8.63102e-10 -2.70681e-08 -3.30858e-10 -1.09322e-08 -1.89793e-08 5.6012e-10 2.5184e-10 7.91818e-09 -5.69559e-10 -1.69365e-08 9.02232e-10 -3.05787e-11
894 1.22 400 0 -1.08978e-09 -3.04193e-08 -4.18191e-10 -1.22159e-08 -2.14061e-08 7.18895e-10 3.15673e-10 8.84822e-09 -7.08778e-10 -1.8886e-08 1.07053e-09 -3.96701e-11
894 1.23 400 0 -1.4456e-09 -3.50533e-08 -5.55305e-10 -1.39945e-08 -2.47504e-08 9.68326e-10 4.15898e-10 1.01366e-08 -9.26842e-10 -2.16025e-08 1.29401e-09 -5.41233e-11
894 1.24 400 0 -2.05555e-09 -4.18147e-08 -7.90395e-10 -1.6594e-08 -2.96188e-08 1.39686e-09 5.87606e-10 1.20189e-08 -1.29935e-09 -2.55876e-08 1.61021e-09 -7.92367e-11
894 1.25 400 0 -3.23795e-09 -5.2517e-08 -1.24619e-09 -2.07142e-08 -3.73135e-08 2.23009e-09 9.20113e-10 1.50014e-08 -2.01849e-09 -3.19188e-08 2.09944e-09 -1.28569e-10
894 1.26 400 0 -6.06483e-09 -7.18448e-08 -2.33618e-09 -2.81631e-08 -5.11973e-08 4.23025e-09 1.71382e-09 2.03915e-08 -3.72899e-09 -4.33801e-08 2.96921e-09 -2.48225e-10
894 1.27 400 0 -1.6123e-08 -1.16646e-07 -6.21535e-09 -4.54424e-08 -8.33666e-08 1.13803e-08 4.53242e-09 3.28914e-08 -9.77975e-09 -6.99824e-08 4.96566e-09 -6.804e-10
894 1.28 400 0 -1.30432e-07 -3.09008e-07 -5.03145e-08 -1.19669e-07 -2.21557e-07 9.31032e-08 3.64871e-08 8.65611e-08 -7.80604e-08 -1.84183e-07 1.35118e-08 -5.67707e-09
894 1.29 400 0 -1.01136e-07 2.78033e-07 -3.90388e-08 1.06881e-07 1.99649e-07 7.29634e-08 2.81669e-08 -7.73292e-08 -5.97265e-08 1.64921e-07 -1.24345e-08 -4.54452e-09
894 1.3 400 0 -1.29632e-08 1.05272e-07 -5.00599e-09 4.02236e-08 7.58241e-08 9.44699e-09 3.59446e-09 -2.90769e-08 -7.55518e-09 6.20612e-08 -4.80831e-09 -6.00805e-10
894 1.31 400 0 -4.58076e-09 6.29644e-08 -1.76953e-09 2.39069e-08 4.54752e-08 3.37051e-09 1.26491e-09 -1.72681e-08 -2.6349e-09 3.69067e-08 -2.93006e-09 -2.19024e-10
894 1.32 400 0 -2.25754e-09 4.43243e-08 -8.72267e-10 1.67231e-08 3.2098e-08 1.67656e-09 6.20884e-10 -1.20685e-08 -1.28154e-09 2.58357e-08 -2.09713e-09 -1.11362e-10
894 1.33 400 0 -1.31483e-09 3.38783e-08 -5.08059e-10 1.27012e-08 2.4598e-08 9.85213e-10 3.60192e-10 -9.15691e-09 -7.36571e-10 1.9639e-08 -1.62669e-09 -6.68977e-11
894 1.34 400 0 -8.46088e-10 2.72111e-08 -3.26913e-10 1.01374e-08 1.98088e-08 6.39567e-10 2.30852e-10 -7.30039e-09 -4.67609e-10 1.56893e-08 -1.32374e-09 -4.43965e-11
894 1.35 400 0 -5.82462e-10 2.25936e-08 -2.25004e-10 8.36435e-09 1.649e-08 4.44098e-10 1.58268e-10 -6.01618e-09 -3.17498e-10 1.2958e-08 -1.11189e-09 -3.15075e-11
894 1.36 400 0 -4.20738e-10 1.92107e-08 -1.62469e-10 7.06764e-09 1.40572e-08 3.23576e-10 1.13817e-10 -5.0767e-09 -2.26071e-10 1.09604e-08 -9.55085e-10 -2.34541e-11
894 1.37 400 0 -3.15004e-10 1.66286e-08 -1.21578e-10 6.07977e-09 1.21991e-08 2.4445e-10 8.47821e-11 -4.36079e-09 -1.66661e-10 9.43828e-09 -8.34127e-10 -1.80936e-11
894 1.38 400 0 -2.42704e-10 1.4595e-08 -9.36099e-11 5.30345e-09 1.07346e-08 1.90118e-10 6.49413e-11 -3.79806e-09 -1.26285e-10 8.24189e-09 -7.3785e-10 -1.43567e-11
894 1.39 400 0 -1.91317e-10 1.29536e-08 -7.37284e-11 4.67828e-09 9.55159e-09 1.51395e-10 5.08275e-11 -3.3448e-09 -9.77054e-11 7.27814e-09 -6.59304e-10 -1.16494e-11
894 1.4 400 0 -1.53589e-10 1.16019e-08 -5.9132e-11 4.16478e-09 8.57657e-09 1.22978e-10 4.04227e-11 -2.97245e-09 -7.6708e-11 6.48622e-09 -5.9394e-10 -9.62699e-12
894 1.41 400 0 -1.2528e-10 1.04705e-08 -4.81784e-11 3.7361e-09 7.75962e-09 1.01692e-10 3.25682e-11 -2.66159e-09 -6.09072e-11 5.82485e-09 -5.3866e-10 -8.079e-12
894 1.42 400 0 -1.03537e-10 9.51025e-09 -3.97667e-11 3.37332e-09 7.06552e-09 8.54853e-11 2.64545e-11 -2.39854e-09 -4.86077e-11 5.26489e-09 -4.91272e-10 -6.86824e-12
894 1.43 400 0 -8.64923e-11 8.68562e-09 -3.31755e-11 3.06271e-09 6.46875e-09 7.30636e-11 2.15278e-11 -2.17336e-09 -3.86349e-11 4.78527e-09 -4.50181e-10 -5.90486e-12
894 1.44 400 0 -7.2952e-11 7.97031e-09 -2.79412e-11 2.79412e-09 5.95036e-09 6.35933e-11 1.74328e-11 -1.97873e-09 -3.02443e-11 4.37043e-09 -4.14206e-10 -5.12626e-12
894 1.45 400 0 -6.20021e-11 7.34433e-09 -2.37121e-11 2.55985e-09 5.49592e-09 5.66411e-11 1.38136e-11 -1.8091e-09 -2.26253e-11 4.00861e-09 -3.82442e-10 -4.48926e-12
894 1.46 400 0 -5.30045e-11 6.79228e-09 -2.0242e-11 2.35395e-09 5.09424e-09 5.21827e-11 1.03008e-11 -1.66024e-09 -1.48773e-11 3.69088e-09 -3.54187e-10 -3.96239e-12
894 1.47 400 0 -4.54524e-11 6.3021e-09 -1.73378e-11 2.17175e-09 4.73633e-09 5.09733e-11 6.26984e-12 -1.52889e-09 -5.35927e-12 3.41041e-09 -3.28886e-10 -3.52495e-12
894 1.48 400 0 -3.89046e-11 5.86416e-09 -1.48348e-11 2.00956e-09 4.41463e-09 5.59574e-11 1.91628e-13 -1.41268e-09 1.01023e-11 3.16237e-09 -3.06083e-10 -3.16398e-12
894 1.49 400 0 -3.27808e-11 5.47068e-09 -1.25271e-11 1.86436e-09 4.12222e-09 8.01493e-11 -1.38977e-11 -1.30997e-09 4.79935e-11 2.94371e-09 -2.85377e-10 -2.88464e-12
894 1.5 400 0 -2.53684e-11 5.11462e-09 -9.85035e-12 1.7334e-09 3.87303e-09 2.2818e-10 -8.24067e-11 -1.2106e-09 2.36937e-10 2.72761e-09 -2.66262e-10 -2.81087e-12
894 1.51 400 0 -3.16386e-11 4.76664e-09 -1.27615e-11 1.60704e-09 4.2363e-09 -3.22115e-09 1.42945e-09 -8.50525e-10 -3.94602e-09 1.78032e-09 -2.51059e-10 -6.31949e-12
894 1.52 400 0 -3.1223e-11 4.49973e-09 -1.1542e-11 1.50916e-09 3.29959e-09 1.19987e-10 -3.39302e-11 -1.10357e-09 1.007e-10 2.52916e-09 -2.35547e-10 -2.21896e-12
894 1.53 400 0 -2.57405e-11 4.23321e-09 -9.51922e-12 1.41222e-09 3.20636e-09 5.17184e-11 -7.12907e-12 -9.88448e-10 2.57753e-11 2.2536e-09 -2.20826e-10 -1.91167e-12
894 1.54 400 0 -2.2418e-11 3.98814e-09 -8.27821e-12 1.32353e-09 3.04265e-09 3.23807e-11 -5.6596e-13 -9.17225e-10 7.02713e-12 2.09526e-09 -2.0752e-10 -1.72891e-12
894 1.55 400 0 -1.98967e-11 3.76269e-09 -7.32944e-12 1.24229e-09 2.88188e-09 2.40777e-11 1.59307e-12 -8.56412e-10 5.47654e-13 1.96209e-09 -1.95305e-10 -1.57971e-12
894 1.56 400 0 -1.78353e-11 3.55478e-09 -6.55042e-12 1.16768e-09 2.73083e-09 1.94621e-11 2.38893e-12 -8.0174e-10 -2.0993e-12 1.84274e-09 -1.8403e-10 -1.45009e-12
894 1.57 400 0 -1.60925e-11 3.36256e-09 -5.89072e-12 1.099e-09 2.59004e-09 1.64558e-11 2.65936e-12 -7.51871e-10 -3.24143e-12 1.73384e-09 -1.7359e-10 -1.3354e-12
894 1.58 400 0 -1.4592e-11 3.18442e-09 -5.32216e-12 1.03562e-09 2.45893e-09 1.42868e-11 2.70229e-12 -7.06087e-10 -3.71109e-12 1.63374e-09 -1.63899e-10 -1.23307e-12
894 1.59 400 0 -1.32836e-11 3.01896e-09 -4.82667e-12 9.77002e-10 2.33675e-09 1.26126e-11 2.64111e-12 -6.63889e-10 -3.85477e-12 1.5413e-09 -1.54883e-10 -1.14149e-12
894 1.6 400 0 -1.21359e-11 2.86497e-09 -4.39211e-12 9.22679e-10 2.22272e-09 1.12749e-11 2.52669e-12 -6.24889e-10 -3.81949e-12 1.45568e-09 -1.46482e-10 -1.05848e-12
894 1.61 400 0 -1.11212e-11 2.72137e-09 -4.00826e-12 8.72241e-10 2.11613e-09 1.01652e-11 2.39166e-12 -5.88762e-10 -3.699e-12 1.37618e-09 -1.3864e-10 -9.83356e-13
894 1.62 400 0 -1.0219e-11 2.58722e-09 -3.66742e-12 8.25324e-10 2.01632e-09 9.22372e-12 2.25046e-12 -5.5523e-10 -3.5367e-12 1.30222e-09 -1.31309e-10 -9.15191e-13
894 1.63 400 0 -9.41429e-12 2.46169e-09 -3.36373e-12 7.8161e-10 1.92272e-09 8.4153e-12 2.10941e-12 -5.24054e-10 -3.35335e-12 1.23327e-09 -1.24446e-10 -8.52961e-13
894 1.64 400 0 -8.69262e-12 2.34404e-09 -3.09191e-12 7.40817e-10 1.83481e-09 7.70935e-12 1.9739e-12 -4.95021e-10 -3.16592e-12 1.1689e-09 -1.18013e-10 -7.96219e-13
894 1.65 400 0 -8.04357e-12 2.2336e-09 -2.84788e-12 7.02694e-10 1.75212e-09 7.08826e-12 1.84527e-12 -4.67945e-10 -2.98068e-12 1.10871e-09 -1.11976e-10 -7.44219e-13
894 1.66 400 0 -7.45831e-12 2.1298e-09 -2.62818e-12 6.67015e-10 1.67424e-09 6.53914e-12 1.72372e-12 -4.4266e-10 -2.8003e-12 1.05235e-09 -1.06305e-10 -6.96308e-13
894 1.67 400 0 -6.92831e-12 2.03211e-09 -2.42969e-12 6.33581e-10 1.60078e-09 6.04816e-12 1.61057e-12 -4.19018e-10 -2.62961e-12 9.99499e-10 -1.00972e-10 -6.52284e-13
894 1.68 400 0 -6.44737e-12 1.94005e-09 -2.24987e-12 6.02212e-10 1.53143e-09 5.60777e-12 1.50516e-12 -3.96885e-10 -2.46865e-12 9.49887e-10 -9.59521e-11 -6.11588e-13
894 1.69 400 0 -6.00976e-12 1.85321e-09 -2.08657e-12 5.72746e-10 1.46586e-09 5.21082e-12 1.4072e-12 -3.76142e-10 -2.31781e-12 9.03259e-10 -9.12223e-11 -5.73898e-13
894 1.7 400 0 -5.61056e-12 1.77119e-09 -1.93788e-12 5.45038e-10 1.40381e-09 4.85145e-12 1.31627e-12 -3.56682e-10 -2.17712e-12 8.59389e-10 -8.67625e-11 -5.38882e-13
894 1.71 400 0 -5.24554e-12 1.69365e-09 -1.80213e-12 5.18956e-10 1.34503e-09 4.52492e-12 1.23186e-12 -3.38408e-10 -2.04618e-12 8.18071e-10 -8.25537e-11 -5.06258e-13
894 1.72 400 0 -4.91091e-12 1.62027e-09 -1.67794e-12 4.94379e-10 1.28929e-09 4.22708e-12 1.15356e-12 -3.2123e-10 -1.92456e-12 7.79121e-10 -7.8579e-11 -4.75851e-13
894 1.73 400 0 -4.60356e-12 1.55077e-09 -1.56404e-12 4.712e-10 1.23639e-09 3.95469e-12 1.08078e-12 -3.0507e-10 -1.81164e-12 7.4237e-10 -7.48226e-11 -4.47339e-13
894 1.74 400 0 -4.32066e-12 1.48488e-09 -1.45922e-12 4.4932e-10 1.18614e-09 3.70466e-12 1.01307e-12 -2.89854e-10 -1.70713e-12 7.07663e-10 -7.12701e-11 -4.20472e-13
894 1.75 400 0 -4.05985e-12 1.42237e-09 -1.36242e-12 4.28648e-10 1.13836e-09 3.47454e-12 9.49887e-13 -2.75515e-10 -1.61051e-12 6.7486e-10 -6.79084e-11 -3.94954e-13
894 1.76 400 0 -3.81888e-12 1.36301e-09 -1.27189e-12 4.09102e-10 1.0929e-09 3.26125e-12 8.90091e-13 -2.61992e-10 -1.52237e-12 6.43833e-10 -6.47249e-11 -3.69432e-13
894 1.77 400 0 -3.57057e-12 1.30658e-09 -1.18137e-12 3.90594e-10 1.04955e-09 3.01966e-12 8.44844e-13 -2.49244e-10 -1.46381e-12 6.14511e-10 -6.17096e-11 -3.44501e-13
894 1.78 400 0 -3.35607e-12 1.25293e-09 -1.10431e-12 3.73076e-10 1.00828e-09 2.82849e-12 7.96752e-13 -2.37198e-10 -1.38843e-12 5.86709e-10 -5.88511e-11 -3.24313e-13
894 1.79 400 0 -3.16e-12 1.20189e-09 -1.03407e-12 3.56477e-10 9.68946e-10 2.65755e-12 7.50615e-13 -2.25815e-10 -1.31423e-12 5.60353e-10 -5.61401e-11 -3.05659e-13
894 1.8 400 0 -2.98e-12 1.15329e-09 -9.69676e-13 3.40739e-10 9.3142e-10 2.50311e-12 7.0668e-13 -2.1505e-10 -1.24261e-12 5.35355e-10 -5.35678e-11 -2.88201e-13
894 1.81 400 0 -2.81355e-12 1.10698e-09 -9.10284e-13 3.25806e-10 8.95598e-10 2.3615e-12 6.65342e-13 -2.04866e-10 -1.17471e-12 5.11632e-10 -5.11262e-11 -2.71869e-13
894 1.82 400 0 -2.65937e-12 1.06285e-09 -8.55379e-13 3.1163e-10 8.61383e-10 2.23122e-12 6.26473e-13 -1.95225e-10 -1.11057e-12 4.89106e-10 -4.88074e-11 -2.56533e-13
894 1.83 400 0 -2.51631e-12 1.02075e-09 -8.04526e-13 2.98164e-10 8.28685e-10 2.111e-12 5.89966e-13 -1.86094e-10 -1.05015e-12 4.67706e-10 -4.66045e-11 -2.42113e-13
894 1.84 400 0 -2.3834e-12 9.80577e-10 -7.57371e-13 2.85366e-10 7.97421e-10 1.9998e-12 5.55721e-13 -1.77442e-10 -9.93291e-13 4.47364e-10 -4.45109e-11 -2.28574e-13
894 1.85 400 0 -2.2597e-12 9.42221e-10 -7.13564e-13 2.73195e-10 7.67513e-10 1.89667e-12 5.2362e-13 -1.69239e-10 -9.39887e-13 4.28021e-10 -4.25203e-11 -2.15854e-13
894 1.86 400 0 -2.14439e-12 9.05582e-10 -6.72795e-13 2.61616e-10 7.38889e-10 1.80073e-12 4.93566e-13 -1.61459e-10 -8.89804e-13 4.09617e-10 -4.0627e-11 -2.03915e-13
894 1.87 400 0 -2.0368e-12 8.70568e-10 -6.3484e-13 2.50595e-10 7.11481e-10 1.71141e-12 4.65444e-13 -1.54076e-10 -8.42828e-13 3.92099e-10 -3.88257e-11 -1.9273e-13
894 1.88 400 0 -1.93627e-12 8.37092e-10 -5.9954e-13 2.40098e-10 6.85227e-10 1.62806e-12 4.39229e-13 -1.47068e-10 -7.98778e-13 3.75419e-10 -3.71114e-11 -1.82332e-13
894 1.89 400 0 -1.84181e-12 8.05073e-10 -5.66869e-13 2.30098e-10 6.60067e-10 1.54992e-12 4.14887e-13 -1.40412e-10 -7.57218e-13 3.59529e-10 -3.54792e-11 -1.72764e-13
894 1.9 400 0 -1.75301e-12 7.74434e-10 -5.36337e-13 2.20567e-10 6.35947e-10 1.47643e-12 3.92106e-13 -1.34088e-10 -7.18216e-13 3.44385e-10 -3.39249e-11 -1.63763e-13
894 1.91 400 0 -1.66947e-12 7.45106e-10 -5.07749e-13 2.11478e-10 6.12814e-10 1.40727e-12 3.7075e-13 -1.28078e-10 -6.81615e-13 3.29948e-10 -3.24441e-11 -1.55273e-13
894 1.92 400 0 -1.59082e-12 7.17022e-10 -4.80957e-13 2.02808e-10 5.90622e-10 1.34213e-12 3.50714e-13 -1.22363e-10 -6.4723e-13 3.1618e-10 -3.10332e-11 -1.4726e-13
894 1.93 400 0 -1.51672e-12 6.90119e-10 -4.55829e-13 1.94534e-10 5.69324e-10 1.28072e-12 3.31898e-13 -1.16928e-10 -6.14893e-13 3.03044e-10 -2.96883e-11 -1.39692e-13
894 1.94 400 0 -1.44684e-12 6.6434e-10 -4.32241e-13 1.86636e-10 5.48878e-10 1.22278e-12 3.14214e-13 -1.11757e-10 -5.84454e-13 2.90508e-10 -2.8406e-11 -1.3254e-13
894 1.95 400 0 -1.38089e-12 6.39629e-10 -4.10081e-13 1.79094e-10 5.29244e-10 1.16809e-12 2.97578e-13 -1.06835e-10 -5.55773e-13 2.7854e-10 -2.71833e-11 -1.25775e-13
894 1.96 400 0 -1.3186e-12 6.15935e-10 -3.89245e-13 1.71889e-10 5.10383e-10 1.11642e-12 2.81914e-13 -1.02149e-10 -5.28724e-13 2.67111e-10 -2.60169e-11 -1.1937e-13
894 1.97 400 0 -1.25975e-12 5.93209e-10 -3.69638e-13 1.65004e-10 4.92261e-10 1.0676e-12 2.67147e-13 -9.76861e-11 -5.03187e-13 2.56193e-10 -2.4904e-11 -1.13299e-13
894 1.98 400 0 -1.20412e-12 5.71406e-10 -3.51169e-13 1.58423e-10 4.74844e-10 1.02144e-12 2.53206e-13 -9.34348e-11 -4.7905e-13 2.45762e-10 -2.3842e-11 -1.07533e-13
894 1.99 400 0 -1.15154e-12 5.50481e-10 -3.33754e-13 1.5213e-10 4.581e-10 9.77847e-13 2.40006e-13 -8.93837e-11 -4.56194e-13 2.35791e-10 -2.28282e-11 -1.02034e-13
894 2 400 0 -1.10206e-12 5.30396e-10 -3.17294e-13 1.46111e-10 4.41998e-10 9.3696e-13 2.27377e-13 -8.55223e-11 -4.34416e-13 2.26259e-10 -2.18603e-11 -9.6706e-14
