894 0 490 0 5.31973e-09 -9.45458e-09 -1.31805e-09 2.48754e-08 0 0 0 0 0 0 1.25661e-09 2.72549e-08
894 0.01 490 0 5.31445e-09 -9.4576e-09 -1.30674e-09 2.48736e-08 8.19239e-11 1.37584e-10 1.2738e-10 -1.88066e-10 2.57875e-11 -2.3379e-10 1.27012e-09 2.72509e-08
894 0.02 490 0 5.29855e-09 -9.46662e-09 -1.2728e-09 2.4868e-08 1.64175e-10 2.74716e-10 2.543e-10 -3.76493e-10 5.0939e-11 -4.67447e-10 1.3107e-09 2.72388e-08
894 0.03 490 0 5.27208e-09 -9.48155e-09 -1.21628e-09 2.48585e-08 2.4708e-10 4.10939e-10 3.80302e-10 -5.65643e-10 7.48198e-11 -7.00836e-10 1.37821e-09 2.72184e-08
894 0.04 490 0 5.23491e-09 -9.50232e-09 -1.13718e-09 2.4845e-08 3.30958e-10 5.45798e-10 5.04919e-10 -7.55869e-10 9.67965e-11 -9.33812e-10 1.47263e-09 2.71895e-08
894 0.05 490 0 5.18693e-09 -9.52875e-09 -1.03551e-09 2.48273e-08 4.16116e-10 6.78829e-10 6.27677e-10 -9.47519e-10 1.16239e-10 -1.16622e-09 1.59394e-09 2.71518e-08
894 0.06 490 0 5.12809e-09 -9.56057e-09 -9.11352e-10 2.48049e-08 5.02855e-10 8.09571e-10 7.48096e-10 -1.14093e-09 1.32524e-10 -1.3979e-09 1.74194e-09 2.71047e-08
894 0.07 490 0 5.05821e-09 -9.5976e-09 -7.64729e-10 2.47774e-08 5.91459e-10 9.37547e-10 8.65682e-10 -1.33642e-09 1.45028e-10 -1.62867e-09 1.91652e-09 2.70479e-08
894 0.08 490 0 4.9771e-09 -9.63952e-09 -5.95708e-10 2.47445e-08 6.82191e-10 1.06228e-09 9.79926e-10 -1.5343e-09 1.53138e-10 -1.85832e-09 2.11754e-09 2.69805e-08
894 0.09 490 0 4.88462e-09 -9.68594e-09 -4.0439e-10 2.47054e-08 7.75295e-10 1.18327e-09 1.09031e-09 -1.73487e-09 1.56251e-10 -2.08662e-09 2.34474e-09 2.6902e-08
894 0.1 490 0 4.78051e-09 -9.73646e-09 -1.90858e-10 2.46597e-08 8.70985e-10 1.30004e-09 1.19628e-09 -1.93839e-09 1.5377e-10 -2.31332e-09 2.59792e-09 2.68113e-08
894 0.11 490 0 4.66461e-09 -9.79061e-09 4.47359e-11 2.46066e-08 9.69458e-10 1.41206e-09 1.29728e-09 -2.14509e-09 1.45112e-10 -2.53815e-09 2.87672e-09 2.67076e-08
894 0.12 490 0 4.53667e-09 -9.84789e-09 3.02238e-10 2.45453e-08 1.07087e-09 1.51883e-09 1.39275e-09 -2.35521e-09 1.29708e-10 -2.76078e-09 3.18079e-09 2.659e-08
894 0.13 490 0 4.39648e-09 -9.90767e-09 5.81436e-10 2.4475e-08 1.17535e-09 1.61983e-09 1.48206e-09 -2.5689e-09 1.07009e-10 -2.98086e-09 3.5097e-09 2.64571e-08
894 0.14 490 0 4.24373e-09 -9.96938e-09 8.82143e-10 2.43947e-08 1.28298e-09 1.71451e-09 1.56459e-09 -2.78632e-09 7.64758e-11 -3.19801e-09 3.86303e-09 2.63079e-08
894 0.15 490 0 4.07833e-09 -1.00322e-08 1.204e-09 2.43034e-08 1.3938e-09 1.80234e-09 1.63971e-09 -3.00757e-09 3.76111e-11 -3.4118e-09 4.24005e-09 2.61409e-08
894 0.16 490 0 3.89997e-09 -1.00955e-08 1.54673e-09 2.42001e-08 1.50783e-09 1.88277e-09 1.70674e-09 -3.2327e-09 -1.0078e-11 -3.62175e-09 4.64018e-09 2.59549e-08
894 0.17 490 0 3.70843e-09 -1.01583e-08 1.90993e-09 2.40835e-08 1.625e-09 1.95524e-09 1.76497e-09 -3.4617e-09 -6.70384e-11 -3.82734e-09 5.06269e-09 2.57482e-08
894 0.18 490 0 3.50355e-09 -1.02198e-08 2.29315e-09 2.39526e-08 1.74521e-09 2.0192e-09 1.8137e-09 -3.69455e-09 -1.33692e-10 -4.02801e-09 5.50667e-09 2.55194e-08
894 0.19 490 0 3.28514e-09 -1.0279e-08 2.69585e-09 2.38058e-08 1.86831e-09 2.0741e-09 1.85219e-09 -3.93108e-09 -2.10415e-10 -4.22315e-09 5.97115e-09 2.52667e-08
894 0.2 490 0 3.05309e-09 -1.03349e-08 3.1174e-09 2.36419e-08 1.99408e-09 2.11937e-09 1.87968e-09 -4.17116e-09 -2.97543e-10 -4.41209e-09 6.45498e-09 2.49885e-08
894 0.21 490 0 2.80736e-09 -1.03863e-08 3.55708e-09 2.34594e-08 2.12225e-09 2.15449e-09 1.89543e-09 -4.41449e-09 -3.95362e-10 -4.59411e-09 6.95683e-09 2.4683e-08
894 0.22 490 0 2.54788e-09 -1.0432e-08 4.0141e-09 2.32568e-08 2.25247e-09 2.17891e-09 1.89861e-09 -4.66074e-09 -5.0409e-10 -4.76845e-09 7.47537e-09 2.43483e-08
894 0.23 490 0 2.27475e-09 -1.04708e-08 4.48749e-09 2.30326e-08 2.38434e-09 2.19211e-09 1.88849e-09 -4.90948e-09 -6.23905e-10 -4.9343e-09 8.00886e-09 2.39825e-08
894 0.24 490 0 1.98801e-09 -1.05014e-08 4.97623e-09 2.2785e-08 2.51737e-09 2.1936e-09 1.86425e-09 -5.16018e-09 -7.549e-10 -5.09079e-09 8.55562e-09 2.35837e-08
894 0.25 490 0 1.68783e-09 -1.05224e-08 5.47914e-09 2.25125e-08 2.651e-09 2.1829e-09 1.82509e-09 -5.41221e-09 -8.971e-10 -5.23699e-09 9.11367e-09 2.315e-08
894 0.26 490 0 1.37459e-09 -1.05323e-08 5.99483e-09 2.22133e-08 2.78464e-09 2.15957e-09 1.77028e-09 -5.66488e-09 -1.05044e-09 -5.37195e-09 9.6807e-09 2.26794e-08
894 0.27 490 0 1.04866e-09 -1.05297e-08 6.5218e-09 2.18856e-08 2.91756e-09 2.12323e-09 1.69906e-09 -5.91727e-09 -1.21477e-09 -5.49466e-09 1.02543e-08 2.217e-08
894 0.28 490 0 7.10577e-10 -1.05129e-08 7.05835e-09 2.15278e-08 3.04902e-09 2.07352e-09 1.61074e-09 -6.16848e-09 -1.38983e-09 -5.60409e-09 1.08318e-08 2.16199e-08
894 0.29 490 0 3.60999e-10 -1.04803e-08 7.60261e-09 2.1138e-08 3.17817e-09 2.01016e-09 1.50466e-09 -6.41741e-09 -1.57526e-09 -5.69916e-09 1.14102e-08 2.10273e-08
894 0.3 490 0 6.86754e-13 -1.04304e-08 8.15253e-09 2.07143e-08 3.30408e-09 1.93291e-09 1.38019e-09 -6.66279e-09 -1.77059e-09 -5.77876e-09 1.19863e-08 2.03902e-08
894 0.31 490 0 -3.69452e-10 -1.03624e-08 8.70609e-09 2.02549e-08 3.42586e-09 1.84133e-09 1.23673e-09 -6.90344e-09 -1.97538e-09 -5.84186e-09 1.25572e-08 1.97074e-08
894 0.32 490 0 -7.50011e-10 -1.02734e-08 9.26042e-09 1.97532e-08 3.54127e-09 1.73441e-09 1.07307e-09 -7.13643e-09 -2.18868e-09 -5.88592e-09 1.31193e-08 1.89725e-08
894 0.33 490 0 -1.13836e-09 -1.01621e-08 9.81224e-09 1.92119e-08 3.65001e-09 1.61322e-09 8.89768e-10 -7.36116e-09 -2.40969e-09 -5.91096e-09 1.36675e-08 1.81879e-08
894 0.34 490 0 -1.53181e-09 -1.00263e-08 1.03585e-08 1.8632e-08 3.75152e-09 1.47868e-09 6.87119e-10 -7.57653e-09 -2.63727e-09 -5.91644e-09 1.41966e-08 1.7355e-08
894 0.35 490 0 -1.92911e-09 -9.86447e-09 1.0896e-08 1.80108e-08 3.84431e-09 1.33066e-09 4.64838e-10 -7.78034e-09 -2.87027e-09 -5.90094e-09 1.47025e-08 1.64715e-08
894 0.36 490 0 -2.32863e-09 -9.67525e-09 1.14211e-08 1.73461e-08 3.92701e-09 1.16932e-09 2.22978e-10 -7.97041e-09 -3.10739e-09 -5.86326e-09 1.51802e-08 1.55362e-08
894 0.37 490 0 -2.72816e-09 -9.45711e-09 1.193e-08 1.66369e-08 3.99835e-09 9.95151e-10 -3.8071e-11 -8.14465e-09 -3.34712e-09 -5.80239e-09 1.56244e-08 1.4549e-08
894 0.38 490 0 -3.1249e-09 -9.20838e-09 1.24183e-08 1.58827e-08 4.05725e-09 8.09109e-10 -3.17573e-10 -8.30093e-09 -3.58772e-09 -5.71756e-09 1.60291e-08 1.35104e-08
894 0.39 490 0 -3.51662e-09 -8.928e-09 1.28815e-08 1.50821e-08 4.10223e-09 6.11719e-10 -6.14783e-10 -8.43677e-09 -3.82739e-09 -5.60775e-09 1.63887e-08 1.24203e-08
894 0.4 490 0 -3.90024e-09 -8.61484e-09 1.33148e-08 1.42348e-08 4.1321e-09 4.03929e-10 -9.2845e-10 -8.54985e-09 -4.06407e-09 -5.47225e-09 1.66968e-08 1.12799e-08
894 0.41 490 0 -4.27269e-09 -8.26793e-09 1.37127e-08 1.33405e-08 4.14557e-09 1.86892e-10 -1.25712e-09 -8.63762e-09 -4.29555e-09 -5.31044e-09 1.69468e-08 1.00904e-08
894 0.42 490 0 -4.63046e-09 -7.88658e-09 1.40699e-08 1.23995e-08 4.14154e-09 -3.81344e-11 -1.59886e-09 -8.69771e-09 -4.51943e-09 -5.12189e-09 1.71319e-08 8.85433e-09
894 0.43 490 0 -4.96997e-09 -7.47035e-09 1.43803e-08 1.14126e-08 4.11886e-09 -2.69711e-10 -1.95147e-09 -8.72766e-09 -4.73316e-09 -4.90633e-09 1.72452e-08 7.57429e-09
894 0.44 490 0 -5.2872e-09 -7.01913e-09 1.46378e-08 1.03809e-08 4.0766e-09 -5.06239e-10 -2.3122e-09 -8.72514e-09 -4.93399e-09 -4.66372e-09 1.72794e-08 6.25388e-09
894 0.45 490 0 -5.57821e-09 -6.53384e-09 1.48363e-08 9.30622e-09 4.01396e-09 -7.46174e-10 -2.67821e-09 -8.6881e-09 -5.11925e-09 -4.39442e-09 1.7228e-08 4.8977e-09
894 0.46 490 0 -5.83833e-09 -6.01357e-09 1.4968e-08 8.1908e-09 3.92998e-09 -9.87137e-10 -3.04543e-09 -8.61407e-09 -5.28545e-09 -4.0985e-09 1.70823e-08 3.51035e-09
894 0.47 490 0 -6.06314e-09 -5.46014e-09 1.50264e-08 7.03778e-09 3.82422e-09 -1.22731e-09 -3.40999e-09 -8.50144e-09 -5.42964e-09 -3.77689e-09 1.68357e-08 2.09822e-09
894 0.48 490 0 -6.24792e-09 -4.87506e-09 1.50042e-08 5.85108e-09 3.69632e-09 -1.46449e-09 -3.7673e-09 -8.34873e-09 -5.54852e-09 -3.43065e-09 1.6481e-08 6.68441e-10
894 0.49 490 0 -6.38783e-09 -4.26037e-09 1.48939e-08 4.63542e-09 3.5461e-09 -1.69637e-09 -4.11225e-09 -8.15481e-09 -5.6387e-09 -3.06122e-09 1.60111e-08 -7.70914e-10
894 0.5 490 0 -6.47761e-09 -3.61863e-09 1.46882e-08 3.39692e-09 3.37394e-09 -1.92037e-09 -4.43917e-09 -7.91929e-09 -5.69674e-09 -2.67057e-09 1.54195e-08 -2.2102e-09
894 0.51 490 0 -6.51296e-09 -2.95319e-09 1.43789e-08 2.14142e-09 3.17957e-09 -2.13443e-09 -4.74197e-09 -7.64178e-09 -5.7191e-09 -2.26056e-09 1.46996e-08 -3.63989e-09
894 0.52 490 0 -6.48856e-09 -2.26785e-09 1.39587e-08 8.77281e-10 2.96386e-09 -2.33577e-09 -5.01403e-09 -7.32318e-09 -5.70229e-09 -1.83404e-09 1.3846e-08 -5.04799e-09
894 0.53 490 0 -6.39946e-09 -1.56724e-09 1.34201e-08 -3.86332e-10 2.72776e-09 -2.52192e-09 -5.2482e-09 -6.96508e-09 -5.64282e-09 -1.39418e-09 1.28533e-08 -6.42164e-09
894 0.54 490 0 -6.24103e-09 -8.56703e-10 1.27559e-08 -1.63908e-09 2.47239e-09 -2.69036e-09 -5.43701e-09 -6.56989e-09 -5.5373e-09 -9.44613e-10 1.17176e-08 -7.74696e-09
894 0.55 490 0 -6.01277e-09 -1.41243e-10 1.1957e-08 -2.87683e-09 2.19422e-09 -2.8374e-09 -5.57218e-09 -6.13687e-09 -5.38125e-09 -4.88633e-10 1.04378e-08 -9.01379e-09
894 0.56 490 0 -5.70681e-09 5.73433e-10 1.1018e-08 -4.08127e-09 1.90067e-09 -2.96142e-09 -5.64479e-09 -5.67363e-09 -5.17325e-09 -3.25559e-11 9.0105e-09 -1.02004e-08
894 0.57 490 0 -5.31702e-09 1.27707e-09 9.93568e-09 -5.2314e-09 1.59556e-09 -3.06043e-09 -5.64831e-09 -5.18961e-09 -4.91063e-09 4.18277e-10 7.43381e-09 -1.12865e-08
894 0.58 490 0 -4.84133e-09 1.96138e-09 8.70395e-09 -6.31262e-09 1.2798e-09 -3.13195e-09 -5.57394e-09 -4.69134e-09 -4.59035e-09 8.58034e-10 5.70909e-09 -1.22546e-08
894 0.59 490 0 -4.27642e-09 2.61601e-09 7.31997e-09 -7.3057e-09 9.56746e-10 -3.17523e-09 -5.41378e-09 -4.18875e-09 -4.21025e-09 1.28038e-09 3.83952e-09 -1.30846e-08
894 0.6 490 0 -3.62127e-09 3.23115e-09 5.78101e-09 -8.1916e-09 6.28285e-10 -3.1874e-09 -5.16011e-09 -3.69236e-09 -3.76844e-09 1.67793e-09 1.83118e-09 -1.37559e-08
894 0.61 490 0 -2.87471e-09 3.79523e-09 4.08695e-09 -8.94788e-09 2.98251e-10 -3.16776e-09 -4.80589e-09 -3.21553e-09 -3.26393e-09 2.04261e-09 -3.08408e-10 -1.42464e-08
894 0.62 490 0 -2.03676e-09 4.29582e-09 2.23954e-09 -9.54995e-09 -2.98845e-11 -3.11549e-09 -4.34513e-09 -2.77396e-09 -2.6962e-09 2.36574e-09 -2.56878e-09 -1.4533e-08
894 0.63 490 0 -1.10911e-09 4.71897e-09 2.4337e-10 -9.97079e-09 -3.52718e-10 -3.03034e-09 -3.77333e-09 -2.38586e-09 -2.06562e-09 2.63789e-09 -4.93603e-09 -1.45927e-08
894 0.64 490 0 -9.32634e-11 5.05131e-09 -1.89387e-09 -1.01814e-08 -6.65183e-10 -2.91186e-09 -3.08714e-09 -2.07205e-09 -1.37331e-09 2.84856e-09 -7.39348e-09 -1.44004e-08
894 0.65 490 0 1.00582e-09 5.27768e-09 -4.16029e-09 -1.01528e-08 -9.63035e-10 -2.76073e-09 -2.28661e-09 -1.85457e-09 -6.22222e-10 2.9867e-09 -9.91942e-09 -1.39328e-08
894 0.66 490 0 2.1819e-09 5.3818e-09 -6.54097e-09 -9.85062e-09 -1.24292e-09 -2.57807e-09 -1.37374e-09 -1.76013e-09 1.84496e-10 3.04078e-09 -1.24894e-08 -1.31664e-08
894 0.67 490 0 3.42658e-09 5.34742e-09 -9.01475e-09 -9.24185e-09 -1.50011e-09 -2.36541e-09 -3.54758e-10 -1.81633e-09 1.04124e-09 2.99824e-09 -1.50735e-08 -1.20787e-08
894 0.68 490 0 4.72887e-09 5.15765e-09 -1.15553e-08 -8.2914e-09 -1.73074e-09 -2.12409e-09 7.60041e-10 -2.05349e-09 1.94102e-09 2.84588e-09 -1.76368e-08 -1.06485e-08
894 0.69 490 0 6.07537e-09 4.79513e-09 -1.41288e-08 -6.96428e-09 -1.92988e-09 -1.8577e-09 1.95459e-09 -2.50377e-09 2.87434e-09 2.57017e-09 -2.01394e-08 -8.85695e-09
894 0.7 490 0 7.44861e-09 4.24187e-09 -1.66943e-08 -5.22319e-09 -2.09465e-09 -1.57034e-09 3.20688e-09 -3.20236e-09 3.8299e-09 2.1572e-09 -2.25366e-08 -6.68842e-09
894 0.71 490 0 8.82956e-09 3.48118e-09 -1.92016e-08 -3.0339e-09 -2.21992e-09 -1.26461e-09 4.48763e-09 -4.18452e-09 4.79321e-09 1.59228e-09 -2.4776e-08 -4.13037e-09
894 0.72 490 0 1.01931e-08 2.49585e-09 -2.15907e-08 -3.62352e-10 -2.30334e-09 -9.45961e-10 5.75849e-09 -5.4868e-09 5.74678e-09 8.61163e-10 -2.6801e-08 -1.17651e-09
894 0.73 490 0 1.15108e-08 1.27072e-09 -2.3791e-08 2.81897e-09 -2.34155e-09 -6.18984e-10 6.97132e-09 -7.14261e-09 6.66913e-09 -4.99035e-11 -2.85476e-08 2.17267e-09
894 0.74 490 0 1.27491e-08 -2.08473e-10 -2.57184e-08 6.53442e-09 -2.33187e-09 -2.91119e-10 8.06618e-09 -9.18516e-09 7.53481e-09 -1.15378e-09 -2.99473e-08 5.90892e-09
894 0.75 490 0 1.38688e-08 -1.95274e-09 -2.7277e-08 1.07992e-08 -2.27307e-09 3.24433e-11 8.97102e-09 -1.16418e-08 8.31365e-09 -2.46219e-09 -3.09249e-08 1.00137e-08
894 0.76 490 0 1.4825e-08 -3.96951e-09 -2.83563e-08 1.56164e-08 -2.16428e-09 3.44103e-10 9.59968e-09 -1.45317e-08 8.97035e-09 -3.98367e-09 -3.14017e-08 1.44557e-08
894 0.77 490 0 1.55675e-08 -6.2621e-09 -2.88292e-08 2.09765e-08 -2.0046e-09 6.35427e-10 9.8496e-09 -1.78669e-08 9.46342e-09 -5.72446e-09 -3.12946e-08 1.91911e-08
894 0.78 490 0 1.60387e-08 -8.82783e-09 -2.85566e-08 2.68473e-08 -1.79619e-09 8.96825e-10 9.60424e-09 -2.16408e-08 9.74567e-09 -7.68558e-09 -3.05195e-08 2.41581e-08
894 0.79 490 0 1.6172e-08 -1.16557e-08 -2.73843e-08 3.31732e-08 -1.5421e-09 1.11949e-09 8.72897e-09 -2.58286e-08 9.76074e-09 -9.86232e-09 -2.8993e-08 2.9275e-08
894 0.8 490 0 1.58971e-08 -1.47216e-08 -2.51465e-08 3.9863e-08 -1.24398e-09 1.29574e-09 7.07555e-09 -3.03756e-08 9.44749e-09 -1.22388e-08 -2.66369e-08 3.44372e-08
894 0.81 490 0 1.51366e-08 -1.79884e-08 -2.16701e-08 4.67872e-08 -9.06097e-10 1.41808e-09 4.48356e-09 -3.51936e-08 8.7372e-09 -1.4789e-08 -2.33823e-08 3.95169e-08
894 0.82 490 0 1.38092e-08 -2.14043e-08 -1.67765e-08 5.37706e-08 -5.33424e-10 1.4744e-09 7.81432e-10 -4.01549e-08 7.55535e-09 -1.74722e-08 -1.91745e-08 4.43626e-08
894 0.83 490 0 1.18287e-08 -2.48964e-08 -1.02962e-08 6.05798e-08 -1.33775e-10 1.45546e-09 -4.20117e-09 -4.50774e-08 5.82157e-09 -2.023e-08 -1.39815e-08 4.87953e-08
894 0.84 490 0 9.10816e-09 -2.83669e-08 -2.0758e-09 6.69178e-08 2.8479e-10 1.35152e-09 -1.06281e-08 -4.97188e-08 3.45212e-09 -2.29804e-08 -7.80144e-09 5.26119e-08
894 0.85 490 0 5.563e-09 -3.16909e-08 8.00376e-09 7.24146e-08 7.10477e-10 1.15073e-09 -1.86396e-08 -5.3766e-08 3.62873e-10 -2.56151e-08 -6.71667e-10 5.55877e-08
894 0.86 490 0 1.11499e-09 -3.47086e-08 2.00071e-08 7.66225e-08 1.12978e-09 8.42107e-10 -2.8334e-08 -5.68273e-08 -3.52701e-09 -2.79918e-08 7.32043e-09 5.74818e-08
894 0.87 490 0 -4.30013e-09 -3.72215e-08 3.3921e-08 7.90129e-08 1.52616e-09 4.11364e-10 -3.97461e-08 -5.84276e-08 -8.28901e-09 -2.99285e-08 1.60291e-08 5.80472e-08
894 0.88 490 0 -1.07278e-08 -3.89838e-08 4.96192e-08 7.8979e-08 1.87707e-09 -1.55767e-10 -5.28113e-08 -5.80058e-08 -1.39784e-08 -3.11947e-08 2.52385e-08 5.70426e-08
894 0.89 490 0 -1.81839e-08 -3.96926e-08 6.68297e-08 7.58463e-08 2.15735e-09 -8.75623e-10 -6.73328e-08 -5.49215e-08 -2.06243e-08 -3.15006e-08 3.46569e-08 5.42509e-08
894 0.9 490 0 -2.66542e-08 -3.90025e-08 8.50445e-08 6.88172e-08 2.30077e-09 -1.75461e-09 -8.28917e-08 -4.83979e-08 -2.82184e-08 -3.05039e-08 4.39101e-08 4.95229e-08
894 0.91 490 0 -3.59999e-08 -3.63626e-08 1.03569e-07 5.71733e-08 2.3253e-09 -2.83895e-09 -9.88776e-08 -3.77035e-08 -3.66538e-08 -2.76777e-08 5.25662e-08 4.27502e-08
894 0.92 490 0 -4.60655e-08 -3.12274e-08 1.21432e-07 4.03305e-08 2.11396e-09 -4.17199e-09 -1.14422e-07 -2.22483e-08 -4.57936e-08 -2.24542e-08 6.01146e-08 3.39048e-08
894 0.93 490 0 -5.65066e-08 -2.27678e-08 1.37291e-07 1.75959e-08 1.45905e-09 -5.77989e-09 -1.28283e-07 -1.28605e-09 -5.52814e-08 -1.39873e-08 6.59859e-08 2.31129e-08
894 0.94 490 0 -6.65558e-08 -9.7342e-09 1.49409e-07 -1.14803e-08 1.38837e-10 -7.66666e-09 -1.38807e-07 2.57055e-08 -6.43441e-08 -1.02101e-09 6.95745e-08 1.06491e-08
894 0.95 490 0 -7.45121e-08 9.73724e-09 1.55635e-07 -4.70358e-08 -2.31915e-09 -9.73593e-09 -1.43916e-07 5.89583e-08 -7.12374e-08 1.83179e-08 7.02733e-08 -3.037e-09
894 0.96 490 0 -7.60276e-08 3.8189e-08 1.53519e-07 -8.88709e-08 -6.77753e-09 -1.14674e-08 -1.41225e-07 9.83934e-08 -7.15117e-08 4.65417e-08 6.74969e-08 -1.72877e-08
894 0.97 490 0 -5.95591e-08 7.60439e-08 1.40746e-07 -1.37303e-07 -1.43851e-08 -1.07749e-08 -1.28476e-07 1.4451e-07 -5.34513e-08 8.3872e-08 6.07077e-08 -3.11909e-08
894 0.98 490 0 -4.6652e-09 1.02737e-07 1.12783e-07 -1.99032e-07 -2.31119e-08 -1.87345e-09 -1.01063e-07 2.04374e-07 3.30291e-09 1.09079e-07 4.94483e-08 -4.35183e-08
894 0.99 490 0 5.80886e-08 6.12593e-08 3.16285e-08 -2.92521e-07 -1.89893e-08 1.46956e-08 -2.01883e-08 2.96662e-07 6.68193e-08 6.48957e-08 3.31277e-08 -5.27355e-08
894 1 490 0 3.88244e-08 7.59169e-10 -5.80434e-06 -2.15733e-07 -5.32431e-11 2.07811e-08 5.82008e-06 2.15748e-07 4.95888e-08 7.72634e-10 5.66568e-11 -6.82956e-08
894 1.01 490 0 1.88474e-08 3.01829e-10 -1.20156e-07 5.37812e-10 4.35433e-11 8.48395e-09 1.28839e-07 -5.62449e-10 2.46609e-08 2.84263e-10 -9.77925e-11 -3.26099e-08
894 1.02 490 0 1.16242e-08 1.84184e-10 -7.32954e-08 3.98773e-10 4.65251e-11 6.25837e-09 8.06667e-08 -4.24725e-10 1.6482e-08 1.63988e-10 -9.75742e-11 -2.54418e-08
894 1.03 490 0 7.77347e-09 1.30266e-10 -5.22524e-08 3.21372e-10 4.54781e-11 5.0899e-09 5.87529e-08 -3.48008e-10 1.203e-08 1.0885e-10 -9.51305e-11 -2.11027e-08
894 1.04 490 0 5.40008e-09 1.00492e-10 -4.01552e-08 2.71258e-10 4.39054e-11 4.363e-09 4.60077e-08 -2.9837e-10 9.22911e-09 7.83186e-11 -9.24514e-11 -1.81019e-08
894 1.05 490 0 3.81117e-09 8.22721e-11 -3.23209e-08 2.36395e-10 4.25841e-11 3.86917e-09 3.76652e-08 -2.63954e-10 7.31785e-09 5.94501e-11 -9.01268e-11 -1.5883e-08
894 1.06 490 0 2.68648e-09 7.04126e-11 -2.68705e-08 2.10883e-10 4.14554e-11 3.51564e-09 3.1804e-08 -2.38858e-10 5.94186e-09 4.7053e-11 -8.82051e-11 -1.4174e-08
894 1.07 490 0 1.8567e-09 6.23715e-11 -2.28918e-08 1.91848e-10 4.06845e-11 3.25403e-09 2.7487e-08 -2.20308e-10 4.91219e-09 3.84337e-11 -8.68382e-11 -1.28213e-08
894 1.08 490 0 1.22383e-09 5.68272e-11 -1.98864e-08 1.77591e-10 4.03345e-11 3.05671e-09 2.41998e-08 -2.06671e-10 4.11868e-09 3.21787e-11 -8.61137e-11 -1.17301e-08
894 1.09 490 0 7.27236e-10 5.29905e-11 -1.75589e-08 1.66789e-10 4.02457e-11 2.90706e-09 2.16361e-08 -1.96598e-10 3.49283e-09 2.75671e-11 -8.59367e-11 -1.08389e-08
894 1.1 490 0 3.27407e-10 5.0425e-11 -1.57228e-08 1.58878e-10 4.05205e-11 2.79432e-09 1.9602e-08 -1.89599e-10 2.98972e-09 2.40605e-11 -8.64287e-11 -1.01054e-08
894 1.11 490 0 -2.55019e-12 4.88845e-11 -1.42555e-08 1.53481e-10 4.12292e-11 2.71153e-09 1.79695e-08 -1.85367e-10 2.57881e-09 2.13344e-11 -8.76968e-11 -9.50002e-09
894 1.12 490 0 -2.8179e-10 4.81654e-11 -1.30738e-08 1.50138e-10 4.228e-11 2.65436e-09 1.66515e-08 -1.83432e-10 2.23864e-09 1.92284e-11 -8.97018e-11 -9.00199e-09
894 1.13 490 0 -5.24403e-10 4.82153e-11 -1.21196e-08 1.48827e-10 4.37954e-11 2.62003e-09 1.55874e-08 -1.8387e-10 1.95367e-09 1.75805e-11 -9.26304e-11 -8.59639e-09
894 1.14 490 0 -7.41242e-10 4.90546e-11 -1.13517e-08 1.49658e-10 4.59189e-11 2.6071e-09 1.47346e-08 -1.86909e-10 1.71239e-09 1.62839e-11 -9.673e-11 -8.27292e-09
894 1.15 490 0 -9.41268e-10 5.06674e-11 -1.07419e-08 1.52559e-10 4.86501e-11 2.61552e-09 1.40643e-08 -1.9253e-10 1.50612e-09 1.53048e-11 -1.02105e-10 -8.02532e-09
894 1.16 490 0 -1.13219e-09 5.32006e-11 -1.02709e-08 1.57937e-10 5.223e-11 2.64615e-09 1.35577e-08 -2.01341e-10 1.32815e-09 1.45869e-11 -1.09189e-10 -7.85052e-09
894 1.17 490 0 -1.32131e-09 5.68875e-11 -9.92701e-09 1.66383e-10 5.69658e-11 2.70123e-09 1.32048e-08 -2.14196e-10 1.17319e-09 1.41032e-11 -1.18564e-10 -7.74895e-09
894 1.18 490 0 -1.51634e-09 6.19816e-11 -9.70624e-09 1.78517e-10 6.31352e-11 2.78476e-09 1.30048e-08 -2.32001e-10 1.037e-09 1.38658e-11 -1.30863e-10 -7.72515e-09
894 1.19 490 0 -1.72607e-09 6.90817e-11 -9.61179e-09 1.95857e-10 7.14521e-11 2.90285e-09 1.2966e-08 -2.56883e-10 9.16035e-10 1.38784e-11 -1.47442e-10 -7.78856e-09
894 1.2 490 0 -1.96189e-09 7.89427e-11 -9.65693e-09 2.2028e-10 8.27414e-11 3.06534e-09 1.31102e-08 -2.91489e-10 8.07254e-10 1.41984e-11 -1.70023e-10 -7.95626e-09
894 1.21 490 0 -2.2396e-09 9.31286e-11 -9.8684e-09 2.55723e-10 9.87816e-11 3.28749e-09 1.34776e-08 -3.41311e-10 7.07826e-10 1.49038e-11 -2.02087e-10 -8.25662e-09
894 1.22 490 0 -2.58366e-09 1.14128e-10 -1.02963e-08 3.08391e-10 1.22321e-10 3.59479e-09 1.41407e-08 -4.15042e-10 6.14877e-10 1.61742e-11 -2.49191e-10 -8.7384e-09
894 1.23 490 0 -3.03497e-09 1.47152e-10 -1.10323e-08 3.91287e-10 1.59176e-10 4.03141e-09 1.52308e-08 -5.30864e-10 5.24978e-10 1.83394e-11 -3.22903e-10 -9.48768e-09
894 1.24 490 0 -3.66955e-09 2.0363e-10 -1.22552e-08 5.32825e-10 2.22088e-10 4.68109e-09 1.70014e-08 -7.28555e-10 4.33168e-10 2.21233e-11 -4.48571e-10 -1.06693e-08
894 1.25 490 0 -4.6493e-09 3.12552e-10 -1.43538e-08 8.04855e-10 3.4334e-10 5.724e-09 2.00028e-08 -1.10886e-09 3.30392e-10 2.93355e-11 -6.90543e-10 -1.2639e-08
894 1.26 490 0 -6.39085e-09 5.71017e-10 -1.83385e-08 1.44713e-09 6.31251e-10 7.62558e-09 2.56626e-08 -2.00838e-09 1.95009e-10 4.57458e-11 -1.26416e-09 -1.63182e-08
894 1.27 490 0 -1.03901e-08 1.48212e-09 -2.78474e-08 3.69693e-09 1.64749e-09 1.20597e-08 3.91203e-08 -5.16723e-09 -4.80828e-11 9.99427e-11 -3.28532e-09 -2.50224e-08
894 1.28 490 0 -2.74605e-08 1.17162e-08 -6.91694e-08 2.87652e-08 1.30857e-08 3.11363e-08 9.75305e-08 -4.04824e-08 -9.26538e-10 6.52999e-10 -2.59832e-08 -6.27354e-08
894 1.29 490 0 2.46883e-08 8.88473e-09 5.81054e-08 2.1474e-08 9.96417e-09 -2.72665e-08 -8.21491e-08 -3.04233e-08 1.66267e-09 3.99269e-10 -1.97017e-08 5.30752e-08
894 1.3 490 0 9.28599e-09 1.11451e-09 2.06735e-08 2.65153e-09 1.25416e-09 -1.00653e-08 -2.93177e-08 -3.78085e-09 8.38009e-10 3.92125e-11 -2.46909e-09 1.90332e-08
894 1.31 490 0 5.51134e-09 3.8568e-10 1.16218e-08 9.03283e-10 4.35228e-10 -5.86895e-09 -1.65247e-08 -1.29608e-09 6.17171e-10 1.01483e-11 -8.53159e-10 1.07744e-08
894 1.32 490 0 3.84436e-09 1.86251e-10 7.6971e-09 4.29421e-10 2.10651e-10 -4.0284e-09 -1.09698e-08 -6.19904e-10 5.06389e-10 3.41058e-12 -4.11133e-10 7.1811e-09
894 1.33 490 0 2.90774e-09 1.06355e-10 5.54082e-09 2.41407e-10 1.20491e-10 -3.00277e-09 -7.91288e-09 -3.50545e-10 4.35057e-10 1.19048e-12 -2.34146e-10 5.19902e-09
894 1.34 490 0 2.30849e-09 6.71345e-11 4.19586e-09 1.50013e-10 7.61463e-11 -2.35256e-09 -6.00274e-09 -2.19079e-10 3.82935e-10 3.30968e-13 -1.4732e-10 3.95739e-09
894 1.35 490 0 1.89266e-09 4.53589e-11 3.288e-09 9.97829e-11 5.14808e-11 -1.90573e-09 -4.71099e-09 -1.46531e-10 3.41992e-10 -2.16582e-14 -9.91651e-11 3.1155e-09
894 1.36 490 0 1.58763e-09 3.21716e-11 2.64118e-09 6.96741e-11 3.65189e-11 -1.58121e-09 -3.78894e-09 -1.02867e-10 3.08356e-10 -1.62047e-13 -7.0037e-11 2.51294e-09
894 1.37 490 0 1.35468e-09 2.36613e-11 2.16193e-09 5.04433e-11 2.68485e-11 -1.33584e-09 -3.10449e-09 -7.48642e-11 2.79895e-10 -2.06294e-13 -5.12633e-11 2.06444e-09
894 1.38 490 0 1.17129e-09 1.79168e-11 1.79614e-09 3.76015e-11 2.03123e-11 -1.14457e-09 -2.58113e-09 -5.60892e-11 2.55323e-10 -2.06748e-13 -3.86155e-11 1.72058e-09
894 1.39 490 0 1.02344e-09 1.38866e-11 1.51035e-09 2.86884e-11 1.5721e-11 -9.91854e-10 -2.17151e-09 -4.30057e-11 2.33797e-10 -1.86853e-13 -2.97599e-11 1.45074e-09
894 1.4 490 0 9.01953e-10 1.0967e-11 1.2828e-09 2.22999e-11 1.23902e-11 -8.67541e-10 -1.84484e-09 -3.35909e-11 2.14736e-10 -1.57112e-13 -2.3357e-11 1.23498e-09
894 1.41 490 0 8.00564e-10 8.80478e-12 1.0988e-09 1.76221e-11 9.92102e-12 -7.64731e-10 -1.58028e-09 -2.66701e-11 1.97719e-10 -1.24987e-13 -1.86292e-11 1.05982e-09
894 1.42 490 0 7.14849e-10 7.16683e-12 9.48061e-10 1.41176e-11 8.04784e-12 -6.78567e-10 -1.36324e-09 -2.14657e-11 1.82428e-10 -9.21627e-14 -1.50578e-11 9.15777e-10
894 1.43 490 0 6.41592e-10 5.90178e-12 8.23189e-10 1.14406e-11 6.59768e-12 -6.05535e-10 -1.1832e-09 -1.74756e-11 1.68617e-10 -5.86169e-14 -1.23069e-11 7.96021e-10
894 1.44 490 0 5.784e-10 4.912e-12 7.18751e-10 9.37063e-12 5.46031e-12 -5.43033e-10 -1.03245e-09 -1.43796e-11 1.5609e-10 -2.59781e-14 -1.01631e-11 6.95528e-10
894 1.45 490 0 5.23453e-10 4.12582e-12 6.30669e-10 7.74533e-12 4.55252e-12 -4.89092e-10 -9.05172e-10 -1.19413e-11 1.44687e-10 7.65307e-15 -8.46667e-12 6.10511e-10
894 1.46 490 0 4.75342e-10 3.49411e-12 5.55832e-10 6.45437e-12 3.81673e-12 -4.42197e-10 -7.96941e-10 -9.99979e-12 1.34275e-10 4.42403e-14 -7.10895e-12 5.38075e-10
894 1.47 490 0 4.3296e-10 2.98075e-12 4.91831e-10 5.41754e-12 3.20798e-12 -4.01163e-10 -7.04312e-10 -8.43885e-12 1.24745e-10 8.85192e-14 -6.01035e-12 4.75967e-10
894 1.48 490 0 3.95422e-10 2.55965e-12 4.36774e-10 4.57712e-12 2.68834e-12 -3.65052e-10 -6.2458e-10 -7.17661e-12 1.15999e-10 1.50552e-13 -5.11339e-12 4.22416e-10
894 1.49 490 0 3.62016e-10 2.21124e-12 3.89161e-10 3.89005e-12 2.21014e-12 -3.33109e-10 -5.55597e-10 -6.15868e-12 1.07956e-10 2.61133e-13 -4.3749e-12 3.76011e-10
894 1.5 490 0 3.32159e-10 1.92074e-12 3.47788e-10 3.32404e-12 1.63174e-12 -3.04706e-10 -4.95642e-10 -5.38236e-12 1.00568e-10 5.71352e-13 -3.76233e-12 3.35617e-10
894 1.51 490 0 3.05373e-10 1.67721e-12 3.11679e-10 2.85457e-12 1.44055e-12 -2.77293e-10 -4.44054e-10 -4.63271e-12 9.62512e-11 4.83325e-13 -3.25067e-12 3.00309e-10
894 1.52 490 0 2.81257e-10 1.4706e-12 2.80039e-10 2.46237e-12 1.99765e-12 -2.56349e-10 -3.97565e-10 -3.74227e-12 8.78297e-11 -4.71183e-13 -2.82067e-12 2.69333e-10
894 1.53 490 0 2.59477e-10 1.29519e-12 2.52212e-10 2.13307e-12 1.62564e-12 -2.36075e-10 -3.57194e-10 -3.296e-12 8.18407e-11 -2.55512e-13 -2.45724e-12 2.42064e-10
894 1.54 490 0 2.39751e-10 1.14519e-12 2.27655e-10 1.85496e-12 1.38932e-12 -2.17704e-10 -3.21611e-10 -2.88911e-12 7.64083e-11 -1.6941e-13 -2.14841e-12 2.17982e-10
894 1.55 490 0 2.21837e-10 1.01628e-12 2.05917e-10 1.61895e-12 1.20902e-12 -2.0107e-10 -2.90133e-10 -2.53486e-12 7.13978e-11 -1.22628e-13 -1.88475e-12 1.96654e-10
894 1.56 490 0 2.0553e-10 9.04944e-13 1.86616e-10 1.41773e-12 1.06237e-12 -1.85977e-10 -2.62207e-10 -2.22885e-12 6.67589e-11 -9.29576e-14 -1.65864e-12 1.77714e-10
894 1.57 490 0 1.90654e-10 8.08367e-13 1.69433e-10 1.2454e-12 9.39549e-13 -1.72254e-10 -2.37366e-10 -1.9646e-12 6.24563e-11 -7.23371e-14 -1.4639e-12 1.60853e-10
894 1.58 490 0 1.77054e-10 7.2427e-13 1.54097e-10 1.09727e-12 8.3494e-13 -1.59747e-10 -2.15216e-10 -1.7361e-12 5.84607e-11 -5.70531e-14 -1.2956e-12 1.45808e-10
894 1.59 490 0 1.64597e-10 6.50738e-13 1.40376e-10 9.69519e-13 7.44885e-13 -1.48325e-10 -1.95422e-10 -1.53811e-12 5.47467e-11 -4.52743e-14 -1.14969e-12 1.32355e-10
894 1.6 490 0 1.53168e-10 5.86171e-13 1.28072e-10 8.58755e-13 6.6687e-13 -1.37874e-10 -1.77694e-10 -1.36568e-12 5.12914e-11 -3.61122e-14 -1.02251e-12 1.20301e-10
894 1.61 490 0 1.42665e-10 5.29318e-13 1.17015e-10 7.62518e-13 5.988e-13 -1.28294e-10 -1.61788e-10 -1.21533e-12 4.80745e-11 -2.87108e-14 -9.11464e-13 1.0948e-10
894 1.62 490 0 1.32997e-10 4.79086e-13 1.0706e-10 6.78665e-13 5.39119e-13 -1.19497e-10 -1.47487e-10 -1.08392e-12 4.50773e-11 -2.26676e-14 -8.14247e-13 9.97494e-11
894 1.63 490 0 1.24086e-10 4.34565e-13 9.80793e-11 6.05315e-13 4.86589e-13 -1.11405e-10 -1.34609e-10 -9.68617e-13 4.22831e-11 -1.76901e-14 -7.28802e-13 9.09837e-11
894 1.64 490 0 1.15861e-10 3.94997e-13 8.99632e-11 5.4104e-13 4.40155e-13 -1.03953e-10 -1.22993e-10 -8.67319e-13 3.96765e-11 -1.35308e-14 -6.536e-13 8.30753e-11
894 1.65 490 0 1.0826e-10 3.59738e-13 8.26161e-11 4.84542e-13 3.98975e-13 -9.70782e-11 -1.12498e-10 -7.7806e-13 3.72436e-11 -1.00191e-14 -5.87212e-13 7.59298e-11
894 1.66 490 0 1.01228e-10 3.28221e-13 7.59541e-11 4.34727e-13 3.62366e-13 -9.07285e-11 -1.03002e-10 -6.99154e-13 3.49716e-11 -7.09254e-15 -5.28425e-13 6.94644e-11
894 1.67 490 0 9.47137e-11 2.99991e-13 6.99043e-11 3.90748e-13 3.29701e-13 -8.48563e-11 -9.43977e-11 -6.29354e-13 3.28486e-11 -4.59785e-15 -4.76323e-13 6.36067e-11
894 1.68 490 0 8.86739e-11 2.74643e-13 6.44023e-11 3.51818e-13 3.00486e-13 -7.94193e-11 -8.65917e-11 -5.67444e-13 3.0864e-11 -2.47551e-15 -4.30026e-13 5.82929e-11
894 1.69 490 0 8.30681e-11 2.51831e-13 5.93914e-11 3.17287e-13 2.74289e-13 -7.43795e-11 -7.95005e-11 -5.12429e-13 2.90079e-11 -6.63198e-16 -3.8881e-13 5.34666e-11
894 1.7 490 0 7.78603e-11 2.3126e-13 5.48218e-11 2.866e-13 2.50743e-13 -6.9703e-11 -7.3051e-11 -4.63458e-13 2.72712e-11 8.93581e-16 -3.52057e-13 4.90782e-11
894 1.71 490 0 7.30179e-11 2.12668e-13 5.06493e-11 2.59281e-13 2.29531e-13 -6.53593e-11 -6.71784e-11 -4.19796e-13 2.56456e-11 2.22998e-15 -3.1923e-13 4.50836e-11
894 1.72 490 0 6.85114e-11 1.9583e-13 4.68346e-11 2.34921e-13 2.10382e-13 -6.13209e-11 -6.18251e-11 -3.80813e-13 2.41232e-11 3.3743e-15 -2.8987e-13 4.14437e-11
894 1.73 490 0 6.43143e-11 1.80555e-13 4.33431e-11 2.13168e-13 1.93059e-13 -5.75629e-11 -5.69401e-11 -3.45961e-13 2.2697e-11 4.36219e-15 -2.63578e-13 3.81236e-11
894 1.74 490 0 6.04023e-11 1.6667e-13 4.01437e-11 1.93724e-13 1.77356e-13 -5.40628e-11 -5.24779e-11 -3.14781e-13 2.13605e-11 5.2176e-15 -2.40018e-13 3.50925e-11
894 1.75 490 0 5.67534e-11 1.54029e-13 3.72088e-11 1.76337e-13 1.63095e-13 -5.08004e-11 -4.83981e-11 -2.86882e-13 2.01075e-11 5.9608e-15 -2.18906e-13 3.23227e-11
894 1.76 490 0 5.33475e-11 1.42484e-13 3.45139e-11 1.60836e-13 1.50108e-13 -4.77569e-11 -4.46646e-11 -2.61976e-13 1.89326e-11 6.61665e-15 -2.00039e-13 2.97895e-11
894 1.77 490 0 5.01663e-11 1.31056e-13 3.204e-11 1.48459e-13 1.37447e-13 -4.49143e-11 -4.12515e-11 -2.4205e-13 1.78321e-11 7.1848e-15 -1.85284e-13 2.74758e-11
894 1.78 490 0 4.71931e-11 1.21111e-13 2.97619e-11 1.36058e-13 1.26517e-13 -4.22599e-11 -3.81185e-11 -2.22041e-13 1.67979e-11 7.42944e-15 -1.70203e-13 2.53533e-11
894 1.79 490 0 4.44127e-11 1.12074e-13 2.76638e-11 1.24647e-13 1.16658e-13 -3.97786e-11 -3.52434e-11 -2.03575e-13 1.58268e-11 7.53596e-15 -1.56236e-13 2.34071e-11
894 1.8 490 0 4.18111e-11 1.03837e-13 2.57297e-11 1.14194e-13 1.07728e-13 -3.74576e-11 -3.26032e-11 -1.86612e-13 1.49148e-11 7.54685e-15 -1.43369e-13 2.16213e-11
894 1.81 490 0 3.93755e-11 9.62951e-14 2.39454e-11 1.04674e-13 9.95991e-14 -3.52853e-11 -3.0177e-11 -1.71129e-13 1.40581e-11 7.48902e-15 -1.31602e-13 1.99817e-11
894 1.82 490 0 3.7094e-11 8.93836e-14 2.2298e-11 9.60026e-14 9.21869e-14 -3.3251e-11 -2.79459e-11 -1.56997e-13 1.32531e-11 7.37978e-15 -1.20843e-13 1.84754e-11
894 1.83 490 0 3.49558e-11 8.3043e-14 2.07758e-11 8.81024e-14 8.54199e-14 -3.13447e-11 -2.58927e-11 -1.44099e-13 1.24965e-11 7.2305e-15 -1.11007e-13 1.70906e-11
894 1.84 490 0 3.29511e-11 7.72197e-14 1.93681e-11 8.09007e-14 7.92343e-14 -2.95574e-11 -2.4002e-11 -1.3232e-13 1.17852e-11 7.04919e-15 -1.02011e-13 1.58166e-11
894 1.85 490 0 3.10704e-11 7.18668e-14 1.80654e-11 7.43329e-14 7.35732e-14 -2.7881e-11 -2.22599e-11 -1.21563e-13 1.11164e-11 6.84424e-15 -9.3783e-14 1.4644e-11
894 1.86 490 0 2.93055e-11 6.69417e-14 1.68591e-11 6.83419e-14 6.83869e-14 -2.63076e-11 -2.06536e-11 -1.11737e-13 1.04872e-11 6.62098e-15 -8.62587e-14 1.35641e-11
894 1.87 490 0 2.76485e-11 6.24075e-14 1.57411e-11 6.28701e-14 6.36309e-14 -2.48304e-11 -1.91717e-11 -1.02753e-13 9.89536e-12 6.38595e-15 -7.93709e-14 1.25689e-11
894 1.88 490 0 2.60921e-11 5.82282e-14 1.47043e-11 5.78701e-14 5.92622e-14 -2.34427e-11 -1.78038e-11 -9.45338e-14 9.33837e-12 6.14602e-15 -7.30655e-14 1.16514e-11
894 1.89 490 0 2.46297e-11 5.43529e-14 1.37423e-11 5.33025e-14 5.52225e-14 -2.21387e-11 -1.65403e-11 -8.70102e-14 8.81409e-12 5.90864e-15 -6.72922e-14 1.08049e-11
894 1.9 490 0 2.3255e-11 5.07639e-14 1.2849e-11 4.91307e-14 5.14893e-14 -2.09127e-11 -1.53726e-11 -8.01351e-14 8.32053e-12 5.67671e-15 -6.20115e-14 1.00237e-11
894 1.91 490 0 2.19622e-11 4.74394e-14 1.2019e-11 4.53162e-14 4.80384e-14 -1.97596e-11 -1.4293e-11 -7.38472e-14 7.85577e-12 5.45017e-15 -5.7177e-14 9.30235e-12
894 1.92 490 0 2.07462e-11 4.43573e-14 1.12475e-11 4.1825e-14 4.48459e-14 -1.86747e-11 -1.32942e-11 -6.8091e-14 7.41805e-12 5.22918e-15 -5.2747e-14 8.63591e-12
894 1.93 490 0 1.96019e-11 4.14976e-14 1.05298e-11 3.86269e-14 4.18901e-14 -1.76535e-11 -1.23698e-11 -6.2817e-14 7.00571e-12 5.01386e-15 -4.86843e-14 8.01993e-12
894 1.94 490 0 1.85248e-11 3.88423e-14 9.86187e-12 3.56945e-14 3.91512e-14 -1.66919e-11 -1.15138e-11 -5.79806e-14 6.6172e-12 4.80435e-15 -4.49554e-14 7.45034e-12
894 1.95 490 0 1.75105e-11 3.63749e-14 9.23988e-12 3.30035e-14 3.66114e-14 -1.57862e-11 -1.07207e-11 -5.35418e-14 6.25109e-12 4.60069e-15 -4.15299e-14 6.92342e-12
894 1.96 490 0 1.65551e-11 3.40803e-14 8.66039e-12 3.05317e-14 3.42545e-14 -1.49328e-11 -9.98561e-12 -4.94642e-14 5.906e-12 4.40289e-15 -3.83804e-14 6.43576e-12
894 1.97 490 0 1.56549e-11 3.1945e-14 8.12021e-12 2.82591e-14 3.20659e-14 -1.41284e-11 -9.304e-12 -4.5715e-14 5.58068e-12 4.21086e-15 -3.54821e-14 5.98426e-12
894 1.98 490 0 1.48066e-11 2.99566e-14 7.61643e-12 2.61675e-14 3.00323e-14 -1.337e-11 -8.67168e-12 -4.22637e-14 5.27394e-12 4.02434e-15 -3.28116e-14 5.56607e-12
894 1.99 490 0 1.40068e-11 2.81036e-14 7.14637e-12 2.42392e-14 2.81417e-14 -1.26548e-11 -8.08485e-12 -3.90806e-14 4.98467e-12 3.84253e-15 -3.03462e-14 5.17858e-12
894 2 490 0 1.32526e-11 2.63762e-14 6.70756e-12 2.24523e-14 2.63864e-14 -1.19801e-11 -7.53999e-12 -3.61256e-14 4.71183e-12 3.66109e-15 -2.80535e-14 4.81939e-12
