894 0 410 0 -1.94013e-09 5.34402e-09 -5.408e-09 -1.27136e-08 0 0 0 0 0 0 -7.98288e-09 -1.41024e-08
894 0.01 410 0 -1.94976e-09 5.34413e-09 -5.41464e-09 -1.27108e-08 9.65518e-10 -1.95302e-11 3.53292e-10 2.55799e-10 -8.44213e-10 -5.45678e-11 -7.9854e-09 -1.40976e-08
894 0.02 410 0 -1.97862e-09 5.34459e-09 -5.43458e-09 -1.27022e-08 1.93e-09 -4.13079e-11 7.06859e-10 5.10711e-10 -1.68807e-09 -1.06995e-10 -7.99297e-09 -1.40833e-08
894 0.03 410 0 -2.02663e-09 5.34542e-09 -5.4677e-09 -1.2688e-08 2.8924e-09 -6.75804e-11 1.06097e-09 7.63848e-10 -2.53122e-09 -1.5514e-10 -8.00549e-09 -1.40594e-08
894 0.04 410 0 -2.0938e-09 5.34687e-09 -5.51398e-09 -1.26678e-08 3.85165e-09 -1.00578e-10 1.41589e-09 1.01432e-09 -3.37327e-09 -1.96869e-10 -8.02294e-09 -1.40259e-08
894 0.05 410 0 -2.18088e-09 5.35012e-09 -5.5736e-09 -1.26411e-08 4.80663e-09 -1.42485e-10 1.77186e-09 1.26124e-09 -4.21383e-09 -2.30083e-10 -8.0459e-09 -1.3982e-08
894 0.06 410 0 -2.28588e-09 5.35425e-09 -5.64586e-09 -1.26085e-08 5.75626e-09 -1.95517e-10 2.12912e-09 1.5037e-09 -5.05242e-09 -2.52606e-10 -8.07278e-09 -1.39291e-08
894 0.07 410 0 -2.40965e-09 5.36044e-09 -5.73095e-09 -1.25692e-08 6.69935e-09 -2.61815e-10 2.48788e-09 1.7408e-09 -5.88854e-09 -2.62345e-10 -8.10418e-09 -1.38664e-08
894 0.08 410 0 -2.55199e-09 5.36946e-09 -5.82871e-09 -1.25229e-08 7.63465e-09 -3.43479e-10 2.84834e-09 1.97163e-09 -6.72164e-09 -2.57198e-10 -8.13991e-09 -1.37938e-08
894 0.09 410 0 -2.71345e-09 5.38262e-09 -5.93905e-09 -1.24689e-08 8.56082e-09 -4.42527e-10 3.21064e-09 2.19531e-09 -7.55112e-09 -2.35154e-10 -8.18037e-09 -1.37104e-08
894 0.1 410 0 -2.89204e-09 5.39973e-09 -6.06139e-09 -1.24072e-08 9.47658e-09 -5.61004e-10 3.57493e-09 2.41086e-09 -8.37618e-09 -1.94028e-10 -8.22397e-09 -1.36177e-08
894 0.11 410 0 -3.0883e-09 5.42267e-09 -6.196e-09 -1.23364e-08 1.03804e-08 -7.00762e-10 3.94136e-09 2.6173e-09 -9.19607e-09 -1.31893e-10 -8.26992e-09 -1.35161e-08
894 0.12 410 0 -3.3026e-09 5.45224e-09 -6.34196e-09 -1.22571e-08 1.12708e-08 -8.63728e-10 4.30985e-09 2.81388e-09 -1.00099e-08 -4.67036e-11 -8.3209e-09 -1.34022e-08
894 0.13 410 0 -3.53276e-09 5.48886e-09 -6.49882e-09 -1.21686e-08 1.21461e-08 -1.05166e-09 4.68046e-09 2.99952e-09 -1.08166e-08 6.35936e-11 -8.37397e-09 -1.32784e-08
894 0.14 410 0 -3.78003e-09 5.53504e-09 -6.66673e-09 -1.20694e-08 1.30046e-08 -1.26615e-09 5.05314e-09 3.17335e-09 -1.16152e-08 2.00788e-10 -8.43019e-09 -1.31434e-08
894 0.15 410 0 -4.04189e-09 5.59079e-09 -6.84453e-09 -1.19599e-08 1.38445e-08 -1.50884e-09 5.4278e-09 3.33435e-09 -1.24042e-08 3.66922e-10 -8.48758e-09 -1.29984e-08
894 0.16 410 0 -4.31937e-09 5.65907e-09 -7.03261e-09 -1.18375e-08 1.46638e-08 -1.78098e-09 5.80436e-09 3.48153e-09 -1.31824e-08 5.63539e-10 -8.54599e-09 -1.28431e-08
894 0.17 410 0 -4.60995e-09 5.73955e-09 -7.22916e-09 -1.17039e-08 1.54606e-08 -2.08408e-09 6.18242e-09 3.61407e-09 -1.39481e-08 7.92763e-10 -8.60578e-09 -1.26763e-08
894 0.18 410 0 -4.91434e-09 5.83518e-09 -7.43427e-09 -1.15568e-08 1.62325e-08 -2.41915e-09 6.56174e-09 3.73101e-09 -1.46998e-08 1.05599e-09 -8.66663e-09 -1.24977e-08
894 0.19 410 0 -5.23061e-09 5.94693e-09 -7.64691e-09 -1.13957e-08 1.69773e-08 -2.78713e-09 6.94197e-09 3.83136e-09 -1.54356e-08 1.35485e-09 -8.72718e-09 -1.23079e-08
894 0.2 410 0 -5.55655e-09 6.07654e-09 -7.8665e-09 -1.12194e-08 1.76929e-08 -3.18884e-09 7.32281e-09 3.914e-09 -1.61534e-08 1.69091e-09 -8.78503e-09 -1.2109e-08
894 0.21 410 0 -5.89261e-09 6.22556e-09 -8.09155e-09 -1.10279e-08 1.83764e-08 -3.62496e-09 7.70341e-09 3.97837e-09 -1.68511e-08 2.06545e-09 -8.84301e-09 -1.18967e-08
894 0.22 410 0 -6.23625e-09 6.39589e-09 -8.32129e-09 -1.082e-08 1.90256e-08 -4.09575e-09 8.08331e-09 4.02342e-09 -1.75264e-08 2.4797e-09 -8.89858e-09 -1.16732e-08
894 0.23 410 0 -6.58579e-09 6.58915e-09 -8.55488e-09 -1.05939e-08 1.96376e-08 -4.60137e-09 8.46193e-09 4.04808e-09 -1.81767e-08 2.93462e-09 -8.94982e-09 -1.14396e-08
894 0.24 410 0 -6.93875e-09 6.80626e-09 -8.79023e-09 -1.0351e-08 2.02098e-08 -5.14194e-09 8.83819e-09 4.05178e-09 -1.87993e-08 3.43155e-09 -8.99744e-09 -1.11942e-08
894 0.25 410 0 -7.29432e-09 7.05025e-09 -9.02701e-09 -1.00879e-08 2.07392e-08 -5.71672e-09 9.21144e-09 4.03349e-09 -1.93914e-08 3.97054e-09 -9.03973e-09 -1.09382e-08
894 0.26 410 0 -7.64976e-09 7.32156e-09 -9.26278e-09 -9.80604e-09 2.12229e-08 -6.32548e-09 9.58035e-09 3.99273e-09 -1.995e-08 4.55265e-09 -9.07718e-09 -1.06698e-08
894 0.27 410 0 -8.00232e-09 7.62209e-09 -9.49626e-09 -9.50388e-09 2.16582e-08 -6.96709e-09 9.94396e-09 3.92865e-09 -2.04718e-08 5.17792e-09 -9.1077e-09 -1.03906e-08
894 0.28 410 0 -8.34918e-09 7.95347e-09 -9.72608e-09 -9.17985e-09 2.2042e-08 -7.64028e-09 1.03012e-08 3.84039e-09 -2.09534e-08 5.84624e-09 -9.12926e-09 -1.01022e-08
894 0.29 410 0 -8.68777e-09 8.31653e-09 -9.94964e-09 -8.83522e-09 2.23714e-08 -8.34374e-09 1.06504e-08 3.72779e-09 -2.13914e-08 6.55775e-09 -9.14284e-09 -9.80219e-09
894 0.3 410 0 -9.0146e-09 8.71294e-09 -1.01657e-08 -8.46766e-09 2.26434e-08 -9.07522e-09 1.09904e-08 3.58997e-09 -2.17822e-08 7.31142e-09 -9.14529e-09 -9.49373e-09
894 0.31 410 0 -9.32978e-09 9.14152e-09 -1.03725e-08 -8.07955e-09 2.28543e-08 -9.8337e-09 1.13196e-08 3.42693e-09 -2.21221e-08 8.10725e-09 -9.13749e-09 -9.17467e-09
894 0.32 410 0 -9.63516e-09 9.61292e-09 -1.05702e-08 -7.66593e-09 2.29974e-08 -1.06138e-08 1.16361e-08 3.23719e-09 -2.24055e-08 8.94479e-09 -9.11438e-09 -8.84935e-09
894 0.33 410 0 -9.92025e-09 1.01203e-08 -1.07535e-08 -7.23002e-09 2.30735e-08 -1.14141e-08 1.19381e-08 3.02162e-09 -2.26297e-08 9.82158e-09 -9.0788e-09 -8.51454e-09
894 0.34 410 0 -1.01744e-08 1.06619e-08 -1.09182e-08 -6.77056e-09 2.3083e-08 -1.22314e-08 1.22238e-08 2.7803e-09 -2.27913e-08 1.07339e-08 -9.02884e-09 -8.1729e-09
894 0.35 410 0 -1.03955e-08 1.12388e-08 -1.10623e-08 -6.28908e-09 2.30226e-08 -1.30619e-08 1.24912e-08 2.51329e-09 -2.28857e-08 1.16807e-08 -8.96254e-09 -7.82546e-09
894 0.36 410 0 -1.05821e-08 1.18513e-08 -1.11835e-08 -5.78652e-09 2.28889e-08 -1.39016e-08 1.2738e-08 2.22112e-09 -2.29087e-08 1.26594e-08 -8.87998e-09 -7.47148e-09
894 0.37 410 0 -1.0729e-08 1.24989e-08 -1.12794e-08 -5.26182e-09 2.26802e-08 -1.47458e-08 1.29624e-08 1.90375e-09 -2.28563e-08 1.36661e-08 -8.77813e-09 -7.11482e-09
894 0.38 410 0 -1.083e-08 1.31798e-08 -1.13459e-08 -4.71685e-09 2.23959e-08 -1.55897e-08 1.31617e-08 1.56247e-09 -2.27249e-08 1.46967e-08 -8.65738e-09 -6.75491e-09
894 0.39 410 0 -1.08817e-08 1.38933e-08 -1.13807e-08 -4.15402e-09 2.20341e-08 -1.64284e-08 1.33338e-08 1.19815e-09 -2.251e-08 1.57481e-08 -8.51621e-09 -6.39312e-09
894 0.4 410 0 -1.08789e-08 1.46369e-08 -1.13809e-08 -3.57306e-09 2.15938e-08 -1.72562e-08 1.34764e-08 8.11459e-10 -2.22081e-08 1.68149e-08 -8.35231e-09 -6.03325e-09
894 0.41 410 0 -1.08176e-08 1.54085e-08 -1.13431e-08 -2.97639e-09 2.10745e-08 -1.80673e-08 1.35869e-08 4.0421e-10 -2.18159e-08 1.78916e-08 -8.16612e-09 -5.67526e-09
894 0.42 410 0 -1.06915e-08 1.62049e-08 -1.12643e-08 -2.3669e-09 2.04767e-08 -1.8856e-08 1.3663e-08 -2.2048e-11 -2.13297e-08 1.89732e-08 -7.95556e-09 -5.32226e-09
894 0.43 410 0 -1.04968e-08 1.70225e-08 -1.11413e-08 -1.74667e-09 1.98006e-08 -1.96158e-08 1.37022e-08 -4.65206e-10 -2.07469e-08 2.00527e-08 -7.72095e-09 -4.97542e-09
894 0.44 410 0 -1.02278e-08 1.7857e-08 -1.09711e-08 -1.11937e-09 1.9048e-08 -2.03407e-08 1.37021e-08 -9.23099e-10 -2.00644e-08 2.11242e-08 -7.46042e-09 -4.63809e-09
894 0.45 410 0 -9.8826e-09 1.87027e-08 -1.07512e-08 -4.89409e-10 1.82196e-08 -2.10246e-08 1.36603e-08 -1.39258e-09 -1.9281e-08 2.21801e-08 -7.17535e-09 -4.31069e-09
894 0.46 410 0 -9.45148e-09 1.95564e-08 -1.04777e-08 1.41795e-10 1.73196e-08 -2.16597e-08 1.35746e-08 -1.87164e-09 -1.83936e-08 2.32125e-08 -6.8627e-09 -3.99943e-09
894 0.47 410 0 -8.93342e-09 2.04107e-08 -1.01483e-08 7.68732e-10 1.63501e-08 -2.224e-08 1.34427e-08 -2.35645e-09 -1.7402e-08 2.4213e-08 -6.52413e-09 -3.70509e-09
894 0.48 410 0 -8.32384e-09 2.12589e-08 -9.76062e-09 1.38633e-09 1.53151e-08 -2.27592e-08 1.32626e-08 -2.84343e-09 -1.63052e-08 2.51734e-08 -6.15923e-09 -3.43126e-09
894 0.49 410 0 -7.61937e-09 2.20937e-08 -9.31259e-09 1.98925e-09 1.42193e-08 -2.3211e-08 1.30325e-08 -3.32859e-09 -1.51034e-08 2.60846e-08 -5.7683e-09 -3.1812e-09
894 0.5 410 0 -6.81517e-09 2.29057e-08 -8.80207e-09 2.57204e-09 1.30692e-08 -2.359e-08 1.27513e-08 -3.8077e-09 -1.37979e-08 2.69369e-08 -5.35145e-09 -2.95948e-09
894 0.51 410 0 -5.9119e-09 2.36893e-08 -8.22832e-09 3.12745e-09 1.18684e-08 -2.38894e-08 1.24168e-08 -4.27575e-09 -1.23888e-08 2.77223e-08 -4.91025e-09 -2.76779e-09
894 0.52 410 0 -4.90666e-09 2.44337e-08 -7.58977e-09 3.6494e-09 1.06246e-08 -2.41042e-08 1.20282e-08 -4.72762e-09 -1.08794e-08 2.84297e-08 -4.44648e-09 -2.61029e-09
894 0.53 410 0 -3.79784e-09 2.51291e-08 -6.88611e-09 4.13033e-09 9.34522e-09 -2.42299e-08 1.15849e-08 -5.1578e-09 -9.27272e-09 2.90495e-08 -3.96135e-09 -2.49122e-09
894 0.54 410 0 -2.5851e-09 2.57648e-08 -6.11773e-09 4.56321e-09 8.03845e-09 -2.42622e-08 1.10868e-08 -5.5608e-09 -7.573e-09 2.9571e-08 -3.45649e-09 -2.41537e-09
894 0.55 410 0 -1.27278e-09 2.63316e-08 -5.28617e-09 4.93864e-09 6.71027e-09 -2.41971e-08 1.05336e-08 -5.92969e-09 -5.78495e-09 2.99855e-08 -2.93607e-09 -2.38445e-09
894 0.56 410 0 1.44978e-10 2.68172e-08 -4.39105e-09 5.24821e-09 5.37496e-09 -2.40322e-08 9.92639e-09 -6.25785e-09 -3.91414e-09 3.0282e-08 -2.40181e-09 -2.40415e-09
894 0.57 410 0 1.66238e-09 2.72093e-08 -3.4361e-09 5.48358e-09 4.03978e-09 -2.37659e-08 9.26661e-09 -6.53876e-09 -1.96805e-09 3.04502e-08 -1.85736e-09 -2.47887e-09
894 0.58 410 0 3.27552e-09 2.74981e-08 -2.42441e-09 5.63422e-09 2.71491e-09 -2.33964e-08 8.55575e-09 -6.76427e-09 4.59537e-11 3.04812e-08 -1.30806e-09 -2.61075e-09
894 0.59 410 0 4.97984e-09 2.76693e-08 -1.36054e-09 5.69131e-09 1.41035e-09 -2.29245e-08 7.79679e-09 -6.92728e-09 2.11826e-09 3.03646e-08 -7.58286e-10 -2.80497e-09
894 0.6 410 0 6.7701e-09 2.77119e-08 -2.50383e-10 5.6442e-09 1.37501e-10 -2.23509e-08 6.99355e-09 -7.01954e-09 4.23994e-09 3.00921e-08 -2.13246e-10 -3.06469e-09
894 0.61 410 0 8.63846e-09 2.76137e-08 8.99583e-10 5.48272e-09 -1.0933e-09 -2.16776e-08 6.14998e-09 -7.03253e-09 6.39934e-09 2.96544e-08 3.19834e-10 -3.39263e-09
894 0.62 410 0 1.05767e-08 2.73639e-08 2.081e-09 5.19619e-09 -2.27159e-09 -2.0907e-08 5.27144e-09 -6.95746e-09 8.58581e-09 2.90443e-08 8.33924e-10 -3.79143e-09
894 0.63 410 0 1.25737e-08 2.69483e-08 3.28257e-09 4.77509e-09 -3.38715e-09 -2.00445e-08 4.36583e-09 -6.7865e-09 1.07856e-08 2.8253e-08 1.32254e-09 -4.26492e-09
894 0.64 410 0 1.46225e-08 2.63548e-08 4.49541e-09 4.208e-09 -4.42679e-09 -1.90967e-08 3.43986e-09 -6.50975e-09 1.2985e-08 2.72737e-08 1.77558e-09 -4.81395e-09
894 0.65 410 0 1.67089e-08 2.55717e-08 5.70504e-09 3.48493e-09 -5.38094e-09 -1.80707e-08 2.50363e-09 -6.11856e-09 1.51691e-08 2.61002e-08 2.18398e-09 -5.43988e-09
894 0.66 410 0 1.88184e-08 2.45873e-08 6.8958e-09 2.59654e-09 -6.24119e-09 -1.69744e-08 1.56819e-09 -5.60437e-09 1.73225e-08 2.47261e-08 2.53796e-09 -6.14342e-09
894 0.67 410 0 2.09363e-08 2.33927e-08 8.0509e-09 1.53293e-09 -6.99781e-09 -1.58167e-08 6.45674e-10 -4.95772e-09 1.94288e-08 2.31482e-08 2.825e-09 -6.92267e-09
894 0.68 410 0 2.30452e-08 2.19744e-08 9.14963e-09 2.86334e-10 -7.64206e-09 -1.46098e-08 -2.4789e-10 -4.17109e-09 2.14699e-08 2.13605e-08 3.03468e-09 -7.77719e-09
894 0.69 410 0 2.51273e-08 2.03254e-08 1.01704e-08 -1.15117e-09 -8.16679e-09 -1.33643e-08 -1.09658e-09 -3.23589e-09 2.3428e-08 1.93616e-08 3.1527e-09 -8.70231e-09
894 0.7 410 0 2.71591e-08 1.84343e-08 1.10866e-08 -2.78524e-09 -8.56738e-09 -1.20926e-08 -1.8797e-09 -2.14544e-09 2.52825e-08 1.71464e-08 3.16713e-09 -9.69463e-09
894 0.71 410 0 2.91222e-08 1.62905e-08 1.1872e-08 -4.62186e-09 -8.83512e-09 -1.08127e-08 -2.57527e-09 -8.92694e-10 2.70123e-08 1.47142e-08 3.0624e-09 -1.07471e-08
894 0.72 410 0 3.09897e-08 1.38867e-08 1.24946e-08 -6.66171e-09 -8.96821e-09 -9.53947e-09 -3.15771e-09 5.25934e-10 2.85948e-08 1.20642e-08 2.8232e-09 -1.18502e-08
894 0.73 410 0 3.27352e-08 1.12155e-08 1.29192e-08 -8.9022e-09 -8.96446e-09 -8.28981e-09 -3.59844e-09 2.11152e-09 3.00067e-08 9.19647e-09 2.43436e-09 -1.29926e-08
894 0.74 410 0 3.43288e-08 8.26917e-09 1.31069e-08 -1.13383e-08 -8.82362e-09 -7.08256e-09 -3.86475e-09 3.863e-09 3.12221e-08 6.11123e-09 1.88124e-09 -1.41595e-08
894 0.75 410 0 3.57386e-08 5.04363e-09 1.3016e-08 -1.39599e-08 -8.54703e-09 -5.93521e-09 -3.92098e-09 5.77605e-09 3.22141e-08 2.81114e-09 1.14837e-09 -1.53329e-08
894 0.76 410 0 3.69259e-08 1.53557e-09 1.26005e-08 -1.67511e-08 -8.13959e-09 -4.86411e-09 -3.72727e-09 7.84164e-09 3.29517e-08 -7.01802e-10 2.21511e-10 -1.64912e-08
894 0.77 410 0 3.7855e-08 -2.25929e-09 1.18112e-08 -1.96894e-08 -7.6039e-09 -3.89463e-09 -3.23902e-09 1.00443e-08 3.34031e-08 -4.4218e-09 -9.11566e-10 -1.76089e-08
894 0.78 410 0 3.84772e-08 -6.34265e-09 1.05954e-08 -2.27438e-08 -6.95054e-09 -3.04572e-09 -2.40817e-09 1.23619e-08 3.35295e-08 -8.34467e-09 -2.26197e-09 -1.86559e-08
894 0.79 410 0 3.87395e-08 -1.07145e-08 8.8969e-09 -2.58726e-08 -6.19102e-09 -2.33987e-09 -1.18232e-09 1.47626e-08 3.32877e-08 -1.24635e-08 -3.83628e-09 -1.95975e-08
894 0.8 410 0 3.85827e-08 -1.53677e-08 6.65787e-09 -2.90211e-08 -5.33768e-09 -1.79868e-09 4.94065e-10 1.72033e-08 3.26288e-08 -1.67661e-08 -5.63752e-09 -2.03944e-08
894 0.81 410 0 3.79347e-08 -2.02914e-08 3.81856e-09 -3.21207e-08 -4.40781e-09 -1.44277e-09 2.6794e-09 1.96277e-08 3.14935e-08 -2.12379e-08 -7.66172e-09 -2.10024e-08
894 0.82 410 0 3.67157e-08 -2.54727e-08 3.23342e-10 -3.50862e-08 -3.4234e-09 -1.30231e-09 5.43186e-09 2.19625e-08 2.98145e-08 -2.58574e-08 -9.90017e-09 -2.1374e-08
894 0.83 410 0 3.48262e-08 -3.0881e-08 -3.88413e-09 -3.78119e-08 -2.4091e-09 -1.3991e-09 8.8104e-09 2.41156e-08 2.75083e-08 -3.05926e-08 -1.23317e-08 -2.14572e-08
894 0.84 410 0 3.21479e-08 -3.64752e-08 -8.85015e-09 -4.01684e-08 -1.39736e-09 -1.75989e-09 1.28676e-08 2.59708e-08 2.44743e-08 -3.53998e-08 -1.49272e-08 -2.11993e-08
894 0.85 410 0 2.85423e-08 -4.21821e-08 -1.46151e-08 -4.20012e-08 -4.21892e-10 -2.41225e-09 1.76529e-08 2.73861e-08 2.05911e-08 -4.02051e-08 -1.76418e-08 -2.05463e-08
894 0.86 410 0 2.3838e-08 -4.79013e-08 -2.11994e-08 -4.3125e-08 4.71495e-10 -3.38304e-09 2.31978e-08 2.81885e-08 1.57091e-08 -4.49096e-08 -2.04187e-08 -1.94491e-08
894 0.87 410 0 1.78848e-08 -5.34747e-08 -2.86453e-08 -4.33538e-08 1.26108e-09 -4.73076e-09 2.95519e-08 2.82209e-08 9.69718e-09 -4.93675e-08 -2.31596e-08 -1.78756e-08
894 0.88 410 0 1.03991e-08 -5.8684e-08 -3.68641e-08 -4.23357e-08 1.8421e-09 -6.49725e-09 3.66667e-08 2.70972e-08 2.30004e-09 -5.3365e-08 -2.58132e-08 -1.57723e-08
894 0.89 410 0 1.09692e-09 -6.31645e-08 -4.58091e-08 -3.97972e-08 2.10732e-09 -8.72116e-09 4.45008e-08 2.45475e-08 -6.74112e-09 -5.6531e-08 -2.82637e-08 -1.31244e-08
894 0.9 410 0 -1.03387e-08 -6.63591e-08 -5.53952e-08 -3.53789e-08 1.88209e-09 -1.14684e-08 5.29788e-08 2.02071e-08 -1.77046e-08 -5.83075e-08 -3.03858e-08 -9.93768e-09
894 0.91 410 0 -2.41991e-08 -6.74113e-08 -6.54356e-08 -2.85863e-08 9.37576e-10 -1.48068e-08 6.19256e-08 1.35728e-08 -3.08334e-08 -5.78595e-08 -3.20511e-08 -6.24648e-09
894 0.92 410 0 -4.06782e-08 -6.49761e-08 -7.56155e-08 -1.87586e-08 -1.03823e-09 -1.87841e-08 7.10304e-08 3.95443e-09 -4.62718e-08 -5.3865e-08 -3.31295e-08 -2.10897e-09
894 0.93 410 0 -5.96331e-08 -5.68749e-08 -8.53983e-08 -4.9757e-09 -4.5783e-09 -2.34186e-08 7.97421e-08 -9.60315e-09 -6.38038e-08 -4.41731e-08 -3.34945e-08 2.3804e-09
894 0.94 410 0 -7.98827e-08 -3.95657e-08 -9.37379e-08 1.4137e-08 -1.05883e-08 -2.85854e-08 8.69664e-08 -2.85189e-08 -8.21365e-08 -2.5285e-08 -3.30356e-08 7.09533e-09
894 0.95 410 0 -9.72443e-08 -7.3935e-09 -9.83108e-08 4.06711e-08 -2.06559e-08 -3.36623e-08 9.02654e-08 -5.49271e-08 -9.68982e-08 8.35953e-09 -3.16679e-08 1.18877e-08
894 0.96 410 0 -9.87789e-08 4.70098e-08 -9.33128e-08 7.72938e-08 -3.74768e-08 -3.63191e-08 8.35801e-08 -9.14816e-08 -9.48179e-08 6.38625e-08 -2.93329e-08 1.66207e-08
894 0.97 410 0 -4.8226e-08 1.21089e-07 -6.38794e-08 1.23071e-07 -6.3831e-08 -2.86087e-08 5.15495e-08 -1.36911e-07 -3.91988e-08 1.37796e-07 -2.59246e-08 2.12439e-08
894 0.98 410 0 1.10982e-07 1.3355e-07 1.38683e-08 1.48719e-07 -8.93141e-08 8.45733e-09 -2.99299e-08 -1.60431e-07 1.25792e-07 1.46579e-07 -2.08862e-08 2.57368e-08
894 0.99 410 0 2.21284e-07 -1.11945e-07 9.30228e-08 8.35799e-08 -6.5673e-08 6.50633e-08 -1.11015e-07 -8.98948e-08 2.37531e-07 -1.06182e-07 -1.3051e-08 2.87795e-08
894 1 410 0 -5.71056e-06 -2.12626e-07 6.16601e-08 1.20165e-09 -1.78474e-10 7.59971e-08 -8.05275e-08 -1.26187e-09 -5.69358e-06 -2.12621e-07 -6.01042e-11 3.18819e-08
894 1.01 410 0 -6.77103e-08 2.04892e-09 3.20235e-08 5.23295e-10 1.97593e-10 3.63427e-08 -4.40401e-08 -5.18581e-10 -5.76172e-08 1.99654e-09 1.96043e-11 1.84694e-08
894 1.02 410 0 -4.30272e-08 1.42175e-09 2.06894e-08 3.37744e-10 2.24189e-10 2.80509e-08 -3.10181e-08 -3.20319e-10 -3.43859e-08 1.35983e-09 2.81703e-11 1.51682e-08
894 1.03 410 0 -3.41236e-08 1.1097e-09 1.43553e-08 2.50196e-10 2.29614e-10 2.36228e-08 -2.35958e-08 -2.25599e-10 -2.63348e-08 1.04231e-09 3.24304e-11 1.30557e-08
894 1.04 410 0 -2.96723e-08 9.25475e-10 1.02836e-08 2.01003e-10 2.30654e-10 2.08723e-08 -1.87399e-08 -1.71421e-10 -2.24355e-08 8.53931e-10 3.50141e-11 1.15333e-08
894 1.05 410 0 -2.70802e-08 8.06776e-10 7.44628e-09 1.70702e-10 2.31735e-10 1.90347e-08 -1.53061e-08 -1.37062e-10 -2.02119e-08 7.31258e-10 3.68477e-11 1.0369e-08
894 1.06 410 0 -2.54497e-08 7.26284e-10 5.35671e-09 1.51056e-10 2.32924e-10 1.77631e-08 -1.27499e-08 -1.14019e-10 -1.88242e-08 6.47112e-10 3.83382e-11 9.44607e-09
894 1.07 410 0 -2.43937e-08 6.70517e-10 3.75195e-09 1.38002e-10 2.35448e-10 1.68738e-08 -1.07743e-08 -9.77721e-11 -1.79182e-08 5.87443e-10 3.97218e-11 8.69685e-09
894 1.08 410 0 -2.37209e-08 6.32221e-10 2.47651e-09 1.29425e-10 2.39949e-10 1.62611e-08 -9.20294e-09 -8.59173e-11 -1.73223e-08 5.44622e-10 4.11476e-11 8.07891e-09
894 1.09 410 0 -2.3329e-08 6.06568e-10 1.4319e-09 1.23997e-10 2.45718e-10 1.58622e-08 -7.92386e-09 -7.7202e-11 -1.69456e-08 5.14137e-10 4.26954e-11 7.56415e-09
894 1.1 410 0 -2.316e-08 5.913e-10 5.52413e-10 1.21054e-10 2.53561e-10 1.56371e-08 -6.86223e-09 -7.06952e-11 -1.67373e-08 4.93277e-10 4.44667e-11 7.13303e-09
894 1.11 410 0 -2.31815e-08 5.85236e-10 -2.0797e-10 1.2026e-10 2.64121e-10 1.55611e-08 -5.96608e-09 -6.58433e-11 -1.66687e-08 4.80483e-10 4.65578e-11 6.77175e-09
894 1.12 410 0 -2.33782e-08 5.8708e-10 -8.83233e-10 1.21278e-10 2.77004e-10 1.56215e-08 -5.19807e-09 -6.2366e-11 -1.6725e-08 4.74656e-10 4.90288e-11 6.47062e-09
894 1.13 410 0 -2.37459e-08 5.97087e-10 -1.49948e-09 1.24144e-10 2.93199e-10 1.58125e-08 -4.53039e-09 -6.00132e-11 -1.69005e-08 4.75517e-10 5.20071e-11 6.22278e-09
894 1.14 410 0 -2.42897e-08 6.16165e-10 -2.078e-09 1.29061e-10 3.13887e-10 1.61351e-08 -3.94172e-09 -5.8656e-11 -1.71967e-08 4.83337e-10 5.56576e-11 6.02366e-09
894 1.15 410 0 -2.50261e-08 6.44693e-10 -2.63772e-09 1.36104e-10 3.39329e-10 1.6599e-08 -3.41528e-09 -5.82784e-11 -1.76227e-08 4.98391e-10 6.0123e-11 5.87089e-09
894 1.16 410 0 -2.5981e-08 6.85036e-10 -3.19639e-09 1.45819e-10 3.71498e-10 1.72199e-08 -2.93715e-09 -5.88964e-11 -1.81945e-08 5.22022e-10 6.56894e-11 5.76388e-09
894 1.17 410 0 -2.71943e-08 7.40666e-10 -3.77246e-09 1.59021e-10 4.12974e-10 1.80236e-08 -2.49533e-09 -6.06309e-11 -1.89374e-08 5.56369e-10 7.27554e-11 5.70413e-09
894 1.18 410 0 -2.87265e-08 8.15506e-10 -4.38726e-09 1.76603e-10 4.6628e-10 1.90502e-08 -2.07877e-09 -6.37044e-11 -1.98899e-08 6.04129e-10 8.18137e-11 5.69585e-09
894 1.19 410 0 -3.0664e-08 9.18041e-10 -5.06696e-09 2.00551e-10 5.37379e-10 2.03578e-08 -1.67636e-09 -6.85223e-11 -2.1108e-08 6.70729e-10 9.37766e-11 5.74647e-09
894 1.2 410 0 -3.31397e-08 1.05927e-09 -5.84742e-09 2.334e-10 6.33455e-10 2.20361e-08 -1.27572e-09 -7.57236e-11 -2.26775e-08 7.63589e-10 1.09903e-10 5.86874e-09
894 1.21 410 0 -3.63563e-08 1.26136e-09 -6.78024e-09 2.80328e-10 7.69591e-10 2.42225e-08 -8.61445e-10 -8.64997e-11 -2.47299e-08 8.97208e-10 1.32585e-10 6.08326e-09
894 1.22 410 0 -4.06473e-08 1.56006e-09 -7.94706e-09 3.49632e-10 9.695e-10 2.71439e-08 -4.11814e-10 -1.02892e-10 -2.74816e-08 1.09538e-09 1.65781e-10 6.42507e-09
894 1.23 410 0 -4.65877e-08 2.02976e-09 -9.48597e-09 4.58663e-10 1.28317e-09 3.11916e-08 1.07646e-10 -1.2905e-10 -3.13056e-08 1.40715e-09 2.17596e-10 6.9556e-09
894 1.24 410 0 -5.52647e-08 2.83401e-09 -1.16553e-08 6.45613e-10 1.82052e-09 3.71061e-08 7.58982e-10 -1.74117e-10 -3.69078e-08 1.94015e-09 3.05845e-10 7.79212e-09
894 1.25 410 0 -6.90121e-08 4.38887e-09 -1.50069e-08 1.00772e-09 2.86141e-09 4.6478e-08 1.672e-09 -2.61344e-10 -4.58032e-08 2.96807e-09 4.75942e-10 9.1876e-09
894 1.26 410 0 -9.38575e-08 8.08981e-09 -2.09627e-08 1.87183e-09 5.34783e-09 6.34154e-08 3.17847e-09 -4.68283e-10 -6.19044e-08 5.40553e-09 8.79853e-10 1.17966e-08
894 1.27 410 0 -1.51472e-07 2.11858e-08 -3.46318e-08 4.93861e-09 1.41861e-08 1.02694e-07 6.46552e-09 -1.1961e-09 -9.92755e-08 1.39914e-08 2.30694e-09 1.79745e-08
894 1.28 410 0 -3.98699e-07 1.68983e-07 -9.30068e-08 3.96773e-08 1.14515e-07 2.71358e-07 2.01023e-08 -9.33714e-09 -2.59603e-07 1.1033e-07 1.83904e-08 4.47686e-08
894 1.29 410 0 3.5696e-07 1.29299e-07 8.49571e-08 3.05735e-08 8.86038e-08 -2.4353e-07 -2.11722e-08 -7.01967e-09 2.31139e-07 8.34849e-08 1.40388e-08 -3.74673e-08
894 1.3 410 0 1.34289e-07 1.63677e-08 3.24648e-08 3.89638e-09 1.13327e-08 -9.19813e-08 -8.84809e-09 -8.76138e-10 8.63886e-08 1.04545e-08 1.77027e-09 -1.33217e-08
894 1.31 410 0 7.9824e-08 5.71647e-09 1.95743e-08 1.36969e-09 3.99611e-09 -5.48813e-08 -5.76705e-09 -3.02913e-10 5.10259e-08 3.61322e-09 6.14871e-10 -7.46502e-09
894 1.32 410 0 5.5848e-08 2.78637e-09 1.38696e-08 6.71823e-10 1.96524e-09 -3.85415e-08 -4.36496e-09 -1.46746e-10 3.54745e-08 1.74338e-09 2.97557e-10 -4.91961e-09
894 1.33 410 0 4.24251e-08 1.60618e-09 1.06553e-08 3.89598e-10 1.14218e-09 -2.93887e-08 -3.54796e-09 -8.44129e-11 2.67786e-08 9.95195e-10 1.70035e-10 -3.51794e-09
894 1.34 410 0 3.38681e-08 1.0236e-09 8.5916e-09 2.49726e-10 7.3344e-10 -2.355e-08 -3.00363e-09 -5.39004e-11 2.12431e-08 6.28287e-10 1.0724e-10 -2.64192e-09
894 1.35 410 0 2.79502e-08 6.98337e-10 7.15349e-09 1.71311e-10 5.03854e-10 -1.95086e-08 -2.60941e-09 -3.6989e-11 1.74212e-08 4.24823e-10 7.22996e-11 -2.04963e-09
894 1.36 410 0 2.36217e-08 5.00219e-10 6.09337e-09 1.23355e-10 3.63193e-10 -1.65499e-08 -2.30728e-09 -2.67543e-11 1.46312e-08 3.01727e-10 5.10976e-11 -1.62719e-09
894 1.37 410 0 2.03239e-08 3.71593e-10 5.27926e-09 9.20982e-11 2.71349e-10 -1.42932e-08 -2.06619e-09 -2.0149e-11 1.251e-08 2.2235e-10 3.73876e-11 -1.31406e-09
894 1.38 410 0 1.77322e-08 2.84258e-10 4.63439e-09 7.07873e-11 2.08631e-10 -1.25174e-08 -1.86796e-09 -1.56816e-11 1.08468e-08 1.6883e-10 2.81305e-11 -1.07511e-09
894 1.39 410 0 1.56448e-08 2.22611e-10 4.11101e-09 5.56846e-11 1.64113e-10 -1.10852e-08 -1.70121e-09 -1.25393e-11 9.51056e-09 1.31319e-10 2.16348e-11 -8.8862e-10
894 1.4 410 0 1.39301e-08 1.77662e-10 3.67785e-09 4.46322e-11 1.3147e-10 -9.90694e-09 -1.5584e-09 -1.02593e-11 8.41587e-09 1.04169e-10 1.69263e-11 -7.4042e-10
894 1.41 410 0 1.24986e-08 1.4417e-10 3.31358e-09 3.6363e-11 1.07011e-10 -8.92156e-09 -1.43435e-09 -8.56305e-12 7.50449e-09 8.40935e-11 1.34465e-11 -6.20916e-10
894 1.42 410 0 1.12869e-08 1.18634e-10 3.00315e-09 3.00342e-11 8.82511e-11 -8.08609e-09 -1.32534e-09 -7.2754e-12 6.73543e-09 6.89128e-11 1.0815e-11 -5.23377e-10
894 1.43 410 0 1.02494e-08 9.87761e-11 2.73559e-09 2.50959e-11 7.35633e-11 -7.36935e-09 -1.22863e-09 -6.28573e-12 6.07899e-09 5.72248e-11 8.78538e-12 -4.42956e-10
894 1.44 410 0 9.3522e-09 8.31392e-11 2.50276e-09 2.1192e-11 6.19122e-11 -6.74828e-09 -1.14216e-09 -5.51483e-12 5.51316e-09 4.81229e-11 7.20445e-12 -3.7608e-10
894 1.45 410 0 8.56953e-09 7.06343e-11 2.29847e-09 1.80589e-11 5.2503e-11 -6.20534e-09 -1.06434e-09 -4.91606e-12 5.02126e-09 4.09548e-11 5.95372e-12 -3.20059e-10
894 1.46 410 0 7.88158e-09 6.05166e-11 2.11792e-09 1.55152e-11 4.47828e-11 -5.72705e-09 -9.93896e-10 -4.45969e-12 4.59044e-09 3.52856e-11 4.95374e-12 -2.72836e-10
894 1.47 410 0 7.27281e-09 5.22362e-11 1.95733e-09 1.34264e-11 3.83141e-11 -5.3028e-09 -9.29841e-10 -4.13589e-12 4.21066e-09 3.08293e-11 4.1455e-12 -2.32814e-10
894 1.48 410 0 6.73089e-09 4.53955e-11 1.8137e-09 1.16953e-11 3.27213e-11 -4.92414e-09 -8.71379e-10 -3.96234e-12 3.87398e-09 2.74505e-11 3.48686e-12 -1.98736e-10
894 1.49 410 0 6.2459e-09 3.96943e-11 1.68459e-09 1.02479e-11 2.75317e-11 -4.58411e-09 -8.17916e-10 -4.03333e-12 3.57421e-09 2.52767e-11 2.94586e-12 -1.69602e-10
894 1.5 410 0 5.80976e-09 3.49057e-11 1.56801e-09 9.02862e-12 2.15161e-11 -4.27601e-09 -7.69402e-10 -4.7932e-12 3.30758e-09 2.54623e-11 2.49839e-12 -1.44606e-10
894 1.51 410 0 5.41584e-09 3.08576e-11 1.46233e-09 7.99503e-12 3.62976e-11 -3.97947e-09 -7.32166e-10 3.03929e-12 3.08909e-09 1.62921e-12 2.12663e-12 -1.23095e-10
894 1.52 410 0 5.05866e-09 2.74005e-11 1.36617e-09 7.10932e-12 2.6867e-11 -3.75131e-09 -6.79882e-10 3.56978e-13 2.84171e-09 7.84803e-12 1.81478e-12 -1.04538e-10
894 1.53 410 0 4.73361e-09 2.44423e-11 1.2784e-09 6.3497e-12 2.17508e-11 -3.52145e-09 -6.40836e-10 -6.91965e-13 2.6436e-09 9.65728e-12 1.5526e-12 -8.84908e-11
894 1.54 410 0 4.43683e-09 2.18922e-11 1.19803e-09 5.6932e-12 1.88213e-11 -3.31091e-09 -6.0462e-10 -9.58772e-13 2.46363e-09 9.42633e-12 1.33106e-12 -7.45889e-11
894 1.55 410 0 4.16504e-09 1.9683e-11 1.12425e-09 5.12303e-12 1.6639e-11 -3.11763e-09 -5.70903e-10 -1.03356e-12 2.29947e-09 8.79721e-12 1.14314e-12 -6.25274e-11
894 1.56 410 0 3.91545e-09 1.77592e-11 1.05634e-09 4.62538e-12 1.487e-11 -2.93968e-09 -5.39463e-10 -1.03863e-12 2.14933e-09 8.09152e-12 9.83106e-13 -5.20496e-11
894 1.57 410 0 3.68564e-09 1.60765e-11 9.93692e-10 4.18913e-12 1.33822e-11 -2.77541e-09 -5.10107e-10 -1.01419e-12 2.01168e-09 7.4034e-12 8.46329e-13 -4.29394e-11
894 1.58 410 0 3.47356e-09 1.45989e-11 9.35772e-10 3.80518e-12 1.21057e-11 -2.62341e-09 -4.82658e-10 -9.76786e-13 1.88519e-09 6.76385e-12 7.29242e-13 -3.50132e-11
894 1.59 410 0 3.27738e-09 1.3296e-11 8.82118e-10 3.4659e-12 1.09958e-11 -2.48244e-09 -4.56961e-10 -9.34314e-13 1.76871e-09 6.18219e-12 6.28782e-13 -2.81147e-11
894 1.6 410 0 3.09556e-09 1.21417e-11 8.32324e-10 3.16484e-12 1.00244e-11 -2.35142e-09 -4.32876e-10 -8.89198e-13 1.66123e-09 5.65303e-12 5.41977e-13 -2.21105e-11
894 1.61 410 0 2.92672e-09 1.11163e-11 7.86034e-10 2.89691e-12 9.16749e-12 -2.22942e-09 -4.10279e-10 -8.44368e-13 1.56186e-09 5.17664e-12 4.67099e-13 -1.68861e-11
894 1.62 410 0 2.76964e-09 1.02021e-11 7.42934e-10 2.65763e-12 8.4069e-12 -2.11562e-09 -3.89055e-10 -8.00948e-13 1.46985e-09 4.74864e-12 4.02404e-13 -1.23426e-11
894 1.63 410 0 2.62327e-09 9.38443e-12 7.02742e-10 2.44329e-12 7.72971e-12 -2.00928e-09 -3.69102e-10 -7.59027e-13 1.38449e-09 4.36267e-12 3.4628e-13 -8.39502e-12
894 1.64 410 0 2.48665e-09 8.65094e-12 6.65212e-10 2.25072e-12 7.12342e-12 -1.90976e-09 -3.50328e-10 -7.19286e-13 1.30519e-09 4.01575e-12 2.97662e-13 -4.96948e-12
894 1.65 410 0 2.35896e-09 7.9912e-12 6.30121e-10 2.07726e-12 6.5791e-12 -1.81649e-09 -3.3265e-10 -6.8162e-13 1.23142e-09 3.70311e-12 2.55472e-13 -2.00204e-12
894 1.66 410 0 2.23944e-09 7.39574e-12 5.97269e-10 1.92054e-12 6.08901e-12 -1.72895e-09 -3.15989e-10 -6.45818e-13 1.16269e-09 3.41994e-12 2.18703e-13 5.63111e-13
894 1.67 410 0 2.12743e-09 6.85721e-12 5.6648e-10 1.77862e-12 5.6459e-12 -1.64668e-09 -3.00276e-10 -6.12152e-13 1.09857e-09 3.16427e-12 1.86791e-13 2.77463e-12
894 1.68 410 0 2.02232e-09 6.36888e-12 5.37592e-10 1.64977e-12 5.24437e-12 -1.56927e-09 -2.85446e-10 -5.80391e-13 1.03869e-09 2.93257e-12 1.5906e-13 4.67502e-12
894 1.69 410 0 1.92357e-09 5.92502e-12 5.10459e-10 1.53252e-12 4.87954e-12 -1.49636e-09 -2.71443e-10 -5.50438e-13 9.82701e-10 2.72226e-12 1.34972e-13 6.30152e-12
894 1.7 410 0 1.8307e-09 5.5207e-12 4.84951e-10 1.42559e-12 4.54718e-12 -1.4276e-09 -2.5821e-10 -5.22201e-13 9.30293e-10 2.53113e-12 1.14089e-13 7.68677e-12
894 1.71 410 0 1.74327e-09 5.15154e-12 4.60948e-10 1.32784e-12 4.24366e-12 -1.36269e-09 -2.45699e-10 -4.95562e-13 8.81187e-10 2.35709e-12 9.60187e-14 8.85952e-12
894 1.72 410 0 1.66087e-09 4.81372e-12 4.38342e-10 1.23828e-12 3.96574e-12 -1.30136e-09 -2.33864e-10 -4.70433e-13 8.35131e-10 2.19841e-12 8.04038e-14 9.84504e-12
894 1.73 410 0 1.58315e-09 4.504e-12 4.17034e-10 1.15606e-12 3.71073e-12 -1.24336e-09 -2.22662e-10 -4.4669e-13 7.91894e-10 2.05354e-12 6.69776e-14 1.06656e-11
894 1.74 410 0 1.50977e-09 4.21949e-12 3.96933e-10 1.08037e-12 3.47613e-12 -1.18846e-09 -2.12055e-10 -4.24271e-13 7.51269e-10 1.92127e-12 5.55692e-14 1.13408e-11
894 1.75 410 0 1.44044e-09 3.95769e-12 3.77958e-10 1.01051e-12 3.25971e-12 -1.13644e-09 -2.02005e-10 -4.03084e-13 7.13066e-10 1.80056e-12 4.6035e-14 1.1888e-11
894 1.76 410 0 1.37487e-09 3.71627e-12 3.60031e-10 9.45557e-13 3.05886e-12 -1.08713e-09 -1.92479e-10 -3.83091e-13 6.77111e-10 1.69126e-12 3.87402e-14 1.23223e-11
894 1.77 410 0 1.31283e-09 3.4896e-12 3.43079e-10 8.86402e-13 2.8545e-12 -1.04032e-09 -1.83454e-10 -3.75286e-13 6.43296e-10 1.61257e-12 3.08252e-14 1.26511e-11
894 1.78 410 0 1.25406e-09 3.28021e-12 3.27047e-10 8.31358e-13 2.67827e-12 -9.95887e-10 -1.7489e-10 -3.59947e-13 6.11395e-10 1.52167e-12 2.36126e-14 1.28978e-11
894 1.79 410 0 1.19837e-09 3.0861e-12 3.11872e-10 7.80305e-13 2.51734e-12 -9.53676e-10 -1.66762e-10 -3.44e-13 5.81303e-10 1.43395e-12 1.73231e-14 1.30692e-11
894 1.8 410 0 1.14555e-09 2.90607e-12 2.97501e-10 7.32963e-13 2.36973e-12 -9.13549e-10 -1.59045e-10 -3.27999e-13 5.52899e-10 1.35025e-12 1.18763e-14 1.31743e-11
894 1.81 410 0 1.09544e-09 2.73885e-12 2.83882e-10 6.89021e-13 2.23337e-12 -8.75378e-10 -1.51717e-10 -3.12459e-13 5.26073e-10 1.27145e-12 7.15954e-15 1.32213e-11
894 1.82 410 0 1.04785e-09 2.58338e-12 2.7097e-10 6.48194e-13 2.10718e-12 -8.39048e-10 -1.44756e-10 -2.9745e-13 5.00724e-10 1.1974e-12 3.11283e-15 1.32176e-11
894 1.83 410 0 1.00264e-09 2.43871e-12 2.58722e-10 6.10225e-13 1.99017e-12 -8.0445e-10 -1.3814e-10 -2.83024e-13 4.76755e-10 1.1279e-12 -3.40026e-16 1.31699e-11
894 1.84 410 0 9.59664e-10 2.30396e-12 2.47097e-10 5.749e-13 1.88155e-12 -7.71485e-10 -1.31852e-10 -2.69218e-13 4.5408e-10 1.06267e-12 -3.29418e-15 1.30839e-11
894 1.85 410 0 9.18793e-10 2.17835e-12 2.36059e-10 5.41997e-13 1.78052e-12 -7.4006e-10 -1.25872e-10 -2.56049e-13 4.32617e-10 1.00153e-12 -5.80447e-15 1.2965e-11
894 1.86 410 0 8.79902e-10 2.06112e-12 2.25573e-10 5.11318e-13 1.68637e-12 -7.10088e-10 -1.20184e-10 -2.43534e-13 4.12291e-10 9.44277e-13 -7.93203e-15 1.28176e-11
894 1.87 410 0 8.42879e-10 1.95165e-12 2.15607e-10 4.82705e-13 1.59858e-12 -6.81489e-10 -1.14773e-10 -2.31663e-13 3.93034e-10 8.90634e-13 -9.75449e-15 1.2646e-11
894 1.88 410 0 8.07617e-10 1.84933e-12 2.06132e-10 4.56035e-13 1.51663e-12 -6.54189e-10 -1.09624e-10 -2.20456e-13 3.74779e-10 8.40374e-13 -1.13849e-14 1.24539e-11
894 1.89 410 0 7.74017e-10 1.75355e-12 1.9712e-10 4.31246e-13 1.44002e-12 -6.28117e-10 -1.04722e-10 -2.09908e-13 3.57469e-10 7.93198e-13 -1.29735e-14 1.22444e-11
894 1.9 410 0 7.41988e-10 1.66376e-12 1.88544e-10 4.08058e-13 1.36813e-12 -6.03208e-10 -1.00055e-10 -1.99919e-13 3.41045e-10 7.49097e-13 -1.43169e-14 1.20206e-11
894 1.91 410 0 7.11443e-10 1.5795e-12 1.80381e-10 3.86329e-13 1.30061e-12 -5.79402e-10 -9.56099e-11 -1.90446e-13 3.25457e-10 7.07838e-13 -1.54231e-14 1.17848e-11
894 1.92 410 0 6.82303e-10 1.50036e-12 1.72608e-10 3.65952e-13 1.23713e-12 -5.56641e-10 -9.13758e-11 -1.81456e-13 3.10656e-10 6.69193e-13 -1.63207e-14 1.15395e-11
894 1.93 410 0 6.54492e-10 1.42595e-12 1.65204e-10 3.46825e-13 1.17741e-12 -5.34871e-10 -8.73414e-11 -1.7292e-13 2.96597e-10 6.3296e-13 -1.70346e-14 1.12866e-11
894 1.94 410 0 6.2794e-10 1.35595e-12 1.58149e-10 3.28858e-13 1.12116e-12 -5.14043e-10 -8.34967e-11 -1.64809e-13 2.83237e-10 5.98952e-13 -1.75866e-14 1.1028e-11
894 1.95 410 0 6.02582e-10 1.29002e-12 1.51424e-10 3.11966e-13 1.06816e-12 -4.94109e-10 -7.98318e-11 -1.57098e-13 2.70538e-10 5.67e-13 -1.79956e-14 1.07651e-11
894 1.96 410 0 5.78355e-10 1.22789e-12 1.45012e-10 2.96074e-13 1.01818e-12 -4.75025e-10 -7.63376e-11 -1.49762e-13 2.58462e-10 5.36945e-13 -1.82781e-14 1.04994e-11
894 1.97 410 0 5.55202e-10 1.16928e-12 1.38896e-10 2.81108e-13 9.71012e-13 -4.56749e-10 -7.30056e-11 -1.42776e-13 2.46975e-10 5.08639e-13 -1.84479e-14 1.02321e-11
894 1.98 410 0 5.33067e-10 1.11397e-12 1.33061e-10 2.67004e-13 9.26484e-13 -4.39243e-10 -6.98275e-11 -1.36115e-13 2.36045e-10 4.81934e-13 -1.85158e-14 9.96431e-12
894 1.99 410 0 5.11901e-10 1.06172e-12 1.27493e-10 2.53698e-13 8.84447e-13 -4.22468e-10 -6.67957e-11 -1.29746e-13 2.25642e-10 4.56658e-13 -1.84872e-14 9.69688e-12
894 2 410 0 4.91655e-10 1.01233e-12 1.22178e-10 2.41117e-13 8.44885e-13 -4.06391e-10 -6.3903e-11 -1.23587e-13 2.15736e-10 4.32441e-13 -1.83459e-14 9.43063e-12
