894 0 510 0 0 0 0 0 2.03431e-08 6.58243e-08 -6.83471e-10 1.89089e-08 -9.94176e-09 -6.29299e-08 0 0
894 0.01 510 0 -2.76808e-10 -7.39477e-10 -4.0039e-11 -1.41852e-10 2.03657e-08 6.58002e-08 -6.75647e-10 1.89049e-08 -9.96735e-09 -6.29147e-08 2.11905e-11 7.76651e-11
894 0.02 510 0 -5.55406e-10 -1.47745e-09 -8.04875e-11 -2.83372e-10 2.04335e-08 6.57277e-08 -6.52202e-10 1.8893e-08 -1.00441e-08 -6.28691e-08 4.25124e-11 1.55253e-10
894 0.03 510 0 -8.37583e-10 -2.21243e-09 -1.21754e-10 -4.24231e-10 2.05462e-08 6.56068e-08 -6.13174e-10 1.8873e-08 -1.01717e-08 -6.27928e-08 6.40974e-11 2.32687e-10
894 0.04 510 0 -1.1251e-09 -2.94288e-09 -1.64241e-10 -5.6409e-10 2.07033e-08 6.54372e-08 -5.58659e-10 1.8845e-08 -1.035e-08 -6.26856e-08 8.60768e-11 3.09888e-10
894 0.05 510 0 -1.41969e-09 -3.66725e-09 -2.08343e-10 -7.02606e-10 2.09041e-08 6.52186e-08 -4.88803e-10 1.88087e-08 -1.05784e-08 -6.25468e-08 1.0858e-10 3.86778e-10
894 0.06 510 0 -1.72306e-09 -4.38397e-09 -2.54447e-10 -8.39433e-10 2.11478e-08 6.49506e-08 -4.03751e-10 1.87639e-08 -1.08565e-08 -6.2376e-08 1.31737e-10 4.63274e-10
894 0.07 510 0 -2.03686e-09 -5.09143e-09 -3.02925e-10 -9.74208e-10 2.14331e-08 6.46328e-08 -3.03724e-10 1.87105e-08 -1.11835e-08 -6.21723e-08 1.55677e-10 5.39293e-10
894 0.08 510 0 -2.36267e-09 -5.78796e-09 -3.54135e-10 -1.10656e-09 2.1759e-08 6.42647e-08 -1.88975e-10 1.86482e-08 -1.15585e-08 -6.1935e-08 1.80526e-10 6.14751e-10
894 0.09 510 0 -2.70202e-09 -6.47184e-09 -4.08418e-10 -1.2361e-09 2.21238e-08 6.38457e-08 -5.97844e-11 1.85766e-08 -1.19805e-08 -6.1663e-08 2.06409e-10 6.89559e-10
894 0.1 510 0 -3.05634e-09 -7.14131e-09 -4.66089e-10 -1.36244e-09 2.25259e-08 6.33753e-08 8.34966e-11 1.84956e-08 -1.24485e-08 -6.13552e-08 2.33448e-10 7.63625e-10
894 0.11 510 0 -3.42699e-09 -7.79453e-09 -5.27449e-10 -1.48515e-09 2.29634e-08 6.28526e-08 2.40499e-10 1.84046e-08 -1.29611e-08 -6.10104e-08 2.61764e-10 8.36852e-10
894 0.12 510 0 -3.81521e-09 -8.42958e-09 -5.92767e-10 -1.60381e-09 2.34342e-08 6.22772e-08 4.10787e-10 1.83033e-08 -1.35169e-08 -6.06274e-08 2.91475e-10 9.09142e-10
894 0.13 510 0 -4.22214e-09 -9.04453e-09 -6.62275e-10 -1.71798e-09 2.39359e-08 6.16482e-08 5.93896e-10 1.81913e-08 -1.41142e-08 -6.02047e-08 3.227e-10 9.80391e-10
894 0.14 510 0 -4.64875e-09 -9.63728e-09 -7.3618e-10 -1.82717e-09 2.44661e-08 6.0965e-08 7.89266e-10 1.80682e-08 -1.47513e-08 -5.97409e-08 3.55542e-10 1.05049e-09
894 0.15 510 0 -5.09594e-09 -1.02058e-08 -8.14658e-10 -1.93092e-09 2.5022e-08 6.0227e-08 9.96354e-10 1.79335e-08 -1.54261e-08 -5.92344e-08 3.90119e-10 1.11932e-09
894 0.16 510 0 -5.56439e-09 -1.07478e-08 -8.97835e-10 -2.02873e-09 2.56007e-08 5.94335e-08 1.2145e-09 1.77868e-08 -1.61366e-08 -5.86838e-08 4.26527e-10 1.18677e-09
894 0.17 510 0 -6.05462e-09 -1.1261e-08 -9.85782e-10 -2.12006e-09 2.6199e-08 5.8584e-08 1.443e-09 1.76275e-08 -1.68803e-08 -5.80874e-08 4.64868e-10 1.25271e-09
894 0.18 510 0 -6.56698e-09 -1.17432e-08 -1.07855e-09 -2.2044e-09 2.68136e-08 5.7678e-08 1.68109e-09 1.74552e-08 -1.76546e-08 -5.74436e-08 5.05229e-10 1.317e-09
894 0.19 510 0 -7.10159e-09 -1.21919e-08 -1.17611e-09 -2.28119e-09 2.74408e-08 5.67151e-08 1.92797e-09 1.72694e-08 -1.84568e-08 -5.67507e-08 5.4771e-10 1.37951e-09
894 0.2 510 0 -7.6584e-09 -1.26047e-08 -1.27839e-09 -2.34988e-09 2.80771e-08 5.56952e-08 2.18274e-09 1.70697e-08 -1.9284e-08 -5.60072e-08 5.92373e-10 1.44009e-09
894 0.21 510 0 -8.23714e-09 -1.2979e-08 -1.38528e-09 -2.40992e-09 2.87183e-08 5.46179e-08 2.44446e-09 1.68555e-08 -2.01328e-08 -5.52114e-08 6.39309e-10 1.49859e-09
894 0.22 510 0 -8.83717e-09 -1.33124e-08 -1.49656e-09 -2.46071e-09 2.93605e-08 5.34835e-08 2.71211e-09 1.66264e-08 -2.09998e-08 -5.4362e-08 6.88569e-10 1.55485e-09
894 0.23 510 0 -9.45781e-09 -1.36024e-08 -1.61199e-09 -2.5017e-09 2.99993e-08 5.22922e-08 2.98463e-09 1.63821e-08 -2.18815e-08 -5.34575e-08 7.40222e-10 1.60869e-09
894 0.24 510 0 -1.00979e-08 -1.38462e-08 -1.73123e-09 -2.53232e-09 3.06303e-08 5.10445e-08 3.26084e-09 1.61221e-08 -2.27739e-08 -5.24965e-08 7.94306e-10 1.65995e-09
894 0.25 510 0 -1.0756e-08 -1.40414e-08 -1.85386e-09 -2.55199e-09 3.12488e-08 4.97411e-08 3.53953e-09 1.58461e-08 -2.36729e-08 -5.1478e-08 8.50858e-10 1.70843e-09
894 0.26 510 0 -1.14305e-08 -1.41855e-08 -1.97943e-09 -2.56017e-09 3.18503e-08 4.8383e-08 3.81942e-09 1.55538e-08 -2.45741e-08 -5.04009e-08 9.09899e-10 1.75394e-09
894 0.27 510 0 -1.21194e-08 -1.42759e-08 -2.10737e-09 -2.55636e-09 3.24298e-08 4.69716e-08 4.09918e-09 1.5245e-08 -2.54731e-08 -4.92644e-08 9.71441e-10 1.79629e-09
894 0.28 510 0 -1.28205e-08 -1.43104e-08 -2.23704e-09 -2.54004e-09 3.29827e-08 4.55084e-08 4.37741e-09 1.49195e-08 -2.6365e-08 -4.80681e-08 1.03548e-09 1.83527e-09
894 0.29 510 0 -1.35311e-08 -1.42866e-08 -2.36775e-09 -2.51077e-09 3.35039e-08 4.39954e-08 4.65263e-09 1.45773e-08 -2.72449e-08 -4.68115e-08 1.102e-09 1.87064e-09
894 0.3 510 0 -1.42482e-08 -1.42024e-08 -2.49865e-09 -2.46812e-09 3.39885e-08 4.2435e-08 4.92333e-09 1.42184e-08 -2.81077e-08 -4.54947e-08 1.17095e-09 1.90221e-09
894 0.31 510 0 -1.4969e-08 -1.40549e-08 -2.62909e-09 -2.41149e-09 3.44314e-08 4.083e-08 5.18792e-09 1.38427e-08 -2.89478e-08 -4.41177e-08 1.24227e-09 1.9297e-09
894 0.32 510 0 -1.56852e-08 -1.38415e-08 -2.75776e-09 -2.33965e-09 3.48274e-08 3.91815e-08 5.44472e-09 1.34501e-08 -2.97584e-08 -4.26789e-08 1.31471e-09 1.95277e-09
894 0.33 510 0 -1.63965e-08 -1.35619e-08 -2.88358e-09 -2.25324e-09 3.51723e-08 3.74953e-08 5.6921e-09 1.30413e-08 -3.05351e-08 -4.11818e-08 1.38929e-09 1.97147e-09
894 0.34 510 0 -1.71003e-08 -1.32165e-08 -3.00551e-09 -2.15291e-09 3.54622e-08 3.57761e-08 5.92853e-09 1.26172e-08 -3.12733e-08 -3.96293e-08 1.4664e-09 1.98556e-09
894 0.35 510 0 -1.7791e-08 -1.28038e-08 -3.12237e-09 -2.03829e-09 3.56924e-08 3.40278e-08 6.15233e-09 1.21784e-08 -3.19667e-08 -3.80226e-08 1.54562e-09 1.99473e-09
894 0.36 510 0 -1.84634e-08 -1.23228e-08 -3.23291e-09 -1.90924e-09 3.58589e-08 3.22551e-08 6.36179e-09 1.17253e-08 -3.26095e-08 -3.63636e-08 1.62665e-09 1.99874e-09
894 0.37 510 0 -1.91123e-08 -1.17734e-08 -3.33584e-09 -1.76595e-09 3.59579e-08 3.04632e-08 6.55529e-09 1.1259e-08 -3.3196e-08 -3.46553e-08 1.70931e-09 1.99733e-09
894 0.38 510 0 -1.97328e-08 -1.11566e-08 -3.42985e-09 -1.60906e-09 3.59862e-08 2.86579e-08 6.73126e-09 1.07806e-08 -3.3721e-08 -3.29014e-08 1.79351e-09 1.99023e-09
894 0.39 510 0 -2.03188e-08 -1.04728e-08 -3.51351e-09 -1.43876e-09 3.59409e-08 2.68452e-08 6.8881e-09 1.02911e-08 -3.41787e-08 -3.11054e-08 1.87888e-09 1.97723e-09
894 0.4 510 0 -2.08648e-08 -9.72316e-09 -3.58551e-09 -1.25567e-09 3.58195e-08 2.50316e-08 7.02434e-09 9.79214e-09 -3.45639e-08 -2.92719e-08 1.96515e-09 1.95808e-09
894 0.41 510 0 -2.13647e-08 -8.90988e-09 -3.64436e-09 -1.0606e-09 3.56202e-08 2.32238e-08 7.13856e-09 9.28511e-09 -3.48716e-08 -2.74059e-08 2.05203e-09 1.93257e-09
894 0.42 510 0 -2.18129e-08 -8.03546e-09 -3.68877e-09 -8.5449e-10 3.53417e-08 2.1429e-08 7.22947e-09 8.77176e-09 -3.50971e-08 -2.5513e-08 2.13917e-09 1.90047e-09
894 0.43 510 0 -2.22033e-08 -7.1031e-09 -3.71734e-09 -6.38445e-10 3.49836e-08 1.96544e-08 7.29591e-09 8.25401e-09 -3.52362e-08 -2.35992e-08 2.22622e-09 1.86159e-09
894 0.44 510 0 -2.25303e-08 -6.11662e-09 -3.72885e-09 -4.13777e-10 3.45458e-08 1.79075e-08 7.33687e-09 7.73386e-09 -3.5285e-08 -2.16712e-08 2.31278e-09 1.81574e-09
894 0.45 510 0 -2.27887e-08 -5.07979e-09 -3.72227e-09 -1.81779e-10 3.40293e-08 1.61965e-08 7.35153e-09 7.21349e-09 -3.52402e-08 -1.9736e-08 2.39844e-09 1.76267e-09
894 0.46 510 0 -2.29721e-08 -3.99951e-09 -3.6961e-09 5.55457e-11 3.34361e-08 1.45281e-08 7.33924e-09 6.69526e-09 -3.50991e-08 -1.78014e-08 2.48267e-09 1.70244e-09
894 0.47 510 0 -2.30759e-08 -2.88081e-09 -3.64958e-09 2.96539e-10 3.27685e-08 1.29101e-08 7.29958e-09 6.18156e-09 -3.48597e-08 -1.58751e-08 2.56502e-09 1.63483e-09
894 0.48 510 0 -2.30955e-08 -1.73031e-09 -3.58191e-09 5.39219e-10 3.203e-08 1.13502e-08 7.23238e-09 5.67494e-09 -3.45205e-08 -1.39656e-08 2.64494e-09 1.5598e-09
894 0.49 510 0 -2.30267e-08 -5.55241e-10 -3.49245e-09 7.81427e-10 3.12248e-08 9.85539e-09 7.13771e-09 5.17799e-09 -3.40812e-08 -1.20815e-08 2.72189e-09 1.47729e-09
894 0.5 510 0 -2.28667e-08 6.36022e-10 -3.38103e-09 1.02066e-09 3.0358e-08 8.43214e-09 7.01606e-09 4.69339e-09 -3.35422e-08 -1.02315e-08 2.79528e-09 1.38726e-09
894 0.51 510 0 -2.26111e-08 1.83616e-09 -3.24696e-09 1.25499e-09 2.94357e-08 7.08755e-09 6.86784e-09 4.22377e-09 -3.2904e-08 -8.42483e-09 2.86445e-09 1.28989e-09
894 0.52 510 0 -2.22584e-08 3.0355e-09 -3.09052e-09 1.48163e-09 2.84648e-08 5.82702e-09 6.69413e-09 3.77184e-09 -3.21693e-08 -6.67046e-09 2.9288e-09 1.18524e-09
894 0.53 510 0 -2.18074e-08 4.22479e-09 -2.9121e-09 1.69805e-09 2.74528e-08 4.65565e-09 6.49622e-09 3.3402e-09 -3.1341e-08 -4.97738e-09 2.98766e-09 1.07349e-09
894 0.54 510 0 -2.12576e-08 5.3942e-09 -2.71228e-09 1.90162e-09 2.6408e-08 3.57767e-09 6.27569e-09 2.9314e-09 -3.04233e-08 -3.35442e-09 3.04036e-09 9.5485e-10
894 0.55 510 0 -2.06087e-08 6.53513e-09 -2.49182e-09 2.09021e-09 2.534e-08 2.59767e-09 6.03437e-09 2.54783e-09 -2.94208e-08 -1.81035e-09 3.08616e-09 8.29623e-10
894 0.56 510 0 -1.98643e-08 7.63431e-09 -2.2524e-09 2.2602e-09 2.42574e-08 1.71556e-09 5.7747e-09 2.19179e-09 -2.83403e-08 -3.5304e-10 3.12449e-09 6.98205e-10
894 0.57 510 0 -1.90263e-08 8.68292e-09 -1.99545e-09 2.40957e-09 2.31706e-08 9.33747e-10 5.49914e-09 1.86531e-09 -2.71887e-08 1.00966e-09 3.15461e-09 5.61029e-10
894 0.58 510 0 -1.80987e-08 9.67051e-09 -1.7229e-09 2.53584e-09 2.20902e-08 2.52056e-10 5.21056e-09 1.57018e-09 -2.59739e-08 2.2707e-09 3.17586e-09 4.18634e-10
894 0.59 510 0 -1.70867e-08 1.05873e-08 -1.4371e-09 2.63684e-09 2.10263e-08 -3.30502e-10 4.91207e-09 1.30791e-09 -2.47048e-08 3.42374e-09 3.18758e-09 2.71607e-10
894 0.6 510 0 -1.59967e-08 1.14235e-08 -1.1407e-09 2.71047e-09 1.99899e-08 -8.16747e-10 4.60709e-09 1.07965e-09 -2.33914e-08 4.46336e-09 3.18915e-09 1.20662e-10
894 0.61 510 0 -1.48364e-08 1.21696e-08 -8.36609e-10 2.75488e-09 1.89912e-08 -1.21083e-09 4.29921e-09 8.86214e-10 -2.20441e-08 5.38511e-09 3.18e-09 -3.34373e-11
894 0.62 510 0 -1.3608e-08 1.27948e-08 -5.25494e-10 2.76619e-09 1.80381e-08 -1.52656e-09 3.99121e-09 7.29537e-10 -2.06746e-08 6.17885e-09 3.15904e-09 -1.88668e-10
894 0.63 510 0 -1.23346e-08 1.33222e-08 -2.15407e-10 2.74699e-09 1.71438e-08 -1.75917e-09 3.68936e-09 6.0712e-10 -1.92974e-08 6.8497e-09 3.12688e-09 -3.45758e-10
894 0.64 510 0 -1.10247e-08 1.37372e-08 9.07242e-11 2.69461e-09 1.63149e-08 -1.92015e-09 3.39697e-09 5.19404e-10 -1.79231e-08 7.39648e-09 3.08298e-09 -5.03382e-10
894 0.65 510 0 -9.68994e-09 1.40342e-08 3.88834e-10 2.60949e-09 1.556e-08 -2.01916e-09 3.11812e-09 4.64941e-10 -1.65645e-08 7.81989e-09 3.02699e-09 -6.60733e-10
894 0.66 510 0 -8.34213e-09 1.42097e-08 6.76301e-10 2.49006e-09 1.48871e-08 -2.06611e-09 2.85595e-09 4.43421e-10 -1.52343e-08 8.12228e-09 2.95788e-09 -8.15138e-10
894 0.67 510 0 -6.99567e-09 1.42593e-08 9.46792e-10 2.34022e-09 1.43014e-08 -2.07431e-09 2.61579e-09 4.50531e-10 -1.39455e-08 8.30677e-09 2.87677e-09 -9.67769e-10
894 0.68 510 0 -5.66606e-09 1.4182e-08 1.19729e-09 2.15841e-09 1.38066e-08 -2.05747e-09 2.40052e-09 4.85339e-10 -1.27115e-08 8.37897e-09 2.78268e-09 -1.11528e-09
894 0.69 510 0 -4.36808e-09 1.39783e-08 1.42216e-09 1.94964e-09 1.34056e-08 -2.02928e-09 2.21462e-09 5.42532e-10 -1.15442e-08 8.34563e-09 2.67655e-09 -1.2585e-09
894 0.7 510 0 -3.11605e-09 1.36513e-08 1.61897e-09 1.71352e-09 1.31012e-08 -2.00538e-09 2.06055e-09 6.20219e-10 -1.04567e-08 8.21566e-09 2.55782e-09 -1.39381e-09
894 0.71 510 0 -1.92979e-09 1.32057e-08 1.78204e-09 1.45405e-09 1.2887e-08 -2.00034e-09 1.94127e-09 7.13317e-10 -9.45915e-09 7.99992e-09 2.42729e-09 -1.5204e-09
894 0.72 510 0 -8.24051e-10 1.26475e-08 1.9073e-09 1.17622e-09 1.27611e-08 -2.03093e-09 1.85991e-09 8.16124e-10 -8.56288e-09 7.70971e-09 2.28576e-09 -1.63799e-09
894 0.73 510 0 1.85763e-10 1.19863e-08 1.9916e-09 8.84151e-10 1.27177e-08 -2.11239e-09 1.81808e-09 9.23496e-10 -7.77709e-09 7.35891e-09 2.13381e-09 -1.74469e-09
894 0.74 510 0 1.08342e-09 1.12345e-08 2.03178e-09 5.8144e-10 1.27471e-08 -2.26028e-09 1.81689e-09 1.03065e-09 -7.11002e-09 6.96354e-09 1.97244e-09 -1.83808e-09
894 0.75 510 0 1.85531e-09 1.04046e-08 2.02487e-09 2.77254e-10 1.28393e-08 -2.4888e-09 1.85737e-09 1.12891e-09 -6.56796e-09 6.53908e-09 1.80278e-09 -1.9192e-09
894 0.76 510 0 2.48933e-09 9.51351e-09 1.96958e-09 -2.53055e-11 1.29832e-08 -2.81557e-09 1.9394e-09 1.21365e-09 -6.15727e-09 6.10579e-09 1.62613e-09 -1.98476e-09
894 0.77 510 0 2.96914e-09 8.58272e-09 1.86283e-09 -3.18442e-10 1.31576e-08 -3.24921e-09 2.0624e-09 1.27782e-09 -5.88077e-09 5.6835e-09 1.44417e-09 -2.03411e-09
894 0.78 510 0 3.28595e-09 7.63036e-09 1.70453e-09 -5.91203e-10 1.33462e-08 -3.80252e-09 2.22475e-09 1.31133e-09 -5.73997e-09 5.29194e-09 1.25791e-09 -2.06877e-09
894 0.79 510 0 3.43115e-09 6.68506e-09 1.49492e-09 -8.38474e-10 1.35267e-08 -4.48498e-09 2.42353e-09 1.30909e-09 -5.73352e-09 4.95721e-09 1.06982e-09 -2.08515e-09
894 0.8 510 0 3.40021e-09 5.77526e-09 1.23726e-09 -1.04468e-09 1.36739e-08 -5.3028e-09 2.65319e-09 1.25836e-09 -5.8562e-09 4.7045e-09 8.81222e-10 -2.08429e-09
894 0.81 510 0 3.19253e-09 4.93783e-09 9.3522e-10 -1.2016e-09 1.37612e-08 -6.26485e-09 2.90822e-09 1.15167e-09 -6.09998e-09 4.56701e-09 6.94948e-10 -2.06527e-09
894 0.82 510 0 2.80613e-09 4.20784e-09 5.91918e-10 -1.29817e-09 1.37579e-08 -7.36352e-09 3.18273e-09 9.80655e-10 -6.45514e-09 4.56998e-09 5.1224e-10 -2.02954e-09
894 0.83 510 0 2.25021e-09 3.62466e-09 2.13665e-10 -1.32595e-09 1.36323e-08 -8.59876e-09 3.46845e-09 7.38134e-10 -6.90457e-09 4.74701e-09 3.35586e-10 -1.97655e-09
894 0.84 510 0 1.53923e-09 3.23289e-09 -1.905e-10 -1.27218e-09 1.33496e-08 -9.96162e-09 3.75447e-09 4.14363e-10 -7.4255e-09 5.13306e-09 1.66725e-10 -1.90719e-09
894 0.85 510 0 6.93767e-10 3.07988e-09 -6.10401e-10 -1.12551e-09 1.28731e-08 -1.1437e-08 4.02879e-09 1.02326e-12 -7.98952e-09 5.76453e-09 7.82341e-12 -1.82203e-09
894 0.86 510 0 -2.53289e-10 3.21834e-09 -1.03302e-09 -8.74682e-10 1.21611e-08 -1.30078e-08 4.2766e-09 -5.10343e-10 -8.55663e-09 6.68349e-09 -1.38747e-10 -1.72192e-09
894 0.87 510 0 -1.25907e-09 3.71184e-09 -1.44337e-09 -5.05437e-10 1.11776e-08 -1.46366e-08 4.48181e-09 -1.12866e-09 -9.07954e-09 7.93404e-09 -2.70756e-10 -1.60843e-09
894 0.88 510 0 -2.26276e-09 4.62503e-09 -1.82203e-09 -3.63521e-12 9.87832e-09 -1.62886e-08 4.62389e-09 -1.86424e-09 -9.49317e-09 9.56701e-09 -3.85875e-10 -1.48339e-09
894 0.89 510 0 -3.17875e-09 6.035e-09 -2.14422e-09 6.48507e-10 8.21908e-09 -1.79131e-08 4.67733e-09 -2.72971e-09 -9.70966e-09 1.16412e-08 -4.81574e-10 -1.34929e-09
894 0.9 510 0 -3.89201e-09 8.031e-09 -2.37895e-09 1.47314e-09 6.15437e-09 -1.94433e-08 4.61057e-09 -3.74132e-09 -9.61281e-09 1.42257e-08 -5.5505e-10 -1.20962e-09
894 0.91 510 0 -4.32538e-09 1.0682e-08 -2.43034e-09 2.48492e-09 3.64181e-09 -2.08063e-08 4.33189e-09 -4.90624e-09 -9.10949e-09 1.7371e-08 -6.23339e-10 -1.07319e-09
894 0.92 510 0 -4.16144e-09 1.42328e-08 -2.33934e-09 3.73636e-09 6.30128e-10 -2.187e-08 3.87254e-09 -6.27481e-09 -7.90348e-09 2.12792e-08 -6.72838e-10 -9.30397e-10
894 0.93 510 0 -2.77267e-09 1.88599e-08 -1.83431e-09 5.28682e-09 -2.97184e-09 -2.249e-08 2.9756e-09 -7.88844e-09 -5.39037e-09 2.60959e-08 -7.03758e-10 -7.875e-10
894 0.94 510 0 6.14097e-10 2.46126e-08 -7.14523e-10 7.13784e-09 -7.21395e-09 -2.24124e-08 1.43677e-09 -9.74216e-09 -7.98143e-10 3.18367e-08 -7.19549e-10 -6.45011e-10
894 0.95 510 0 7.56615e-09 3.12734e-08 1.47265e-09 9.21922e-09 -1.215e-08 -2.12016e-08 -1.196e-09 -1.17482e-08 7.42424e-09 3.82271e-08 -7.20794e-10 -5.01473e-10
894 0.96 510 0 2.09801e-08 3.7303e-08 5.56724e-09 1.10753e-08 -1.76673e-08 -1.80316e-08 -5.75902e-09 -1.34175e-08 2.21351e-08 4.36317e-08 -7.04883e-10 -3.52069e-10
894 0.97 510 0 4.48995e-08 3.61251e-08 1.27442e-08 1.07776e-08 -2.2744e-08 -1.13245e-08 -1.33975e-08 -1.2748e-08 4.72477e-08 4.12897e-08 -6.56421e-10 -1.90455e-10
894 0.98 510 0 7.35722e-08 8.75316e-09 2.13125e-08 2.76485e-09 -2.28803e-08 -1.20685e-10 -2.22441e-08 -4.08136e-09 7.64897e-08 1.20523e-08 -5.33664e-10 -3.9028e-11
894 0.99 510 0 6.17215e-08 -4.48653e-08 1.80084e-08 -1.29934e-08 -1.29713e-08 7.08688e-09 -1.86946e-08 1.23508e-08 6.38443e-08 -4.33174e-08 -3.61523e-10 -7.80531e-12
894 1 510 0 1.76876e-10 -6.56682e-08 5.03589e-11 -1.9341e-08 6.11423e-10 4.69461e-11 -5.12403e-11 1.93007e-08 1.82822e-10 -6.62905e-08 -3.99143e-10 -2.18158e-12
894 1.01 510 0 -1.25796e-10 -2.55728e-08 -3.87579e-11 -7.55503e-09 -6.84174e-09 1.57981e-11 3.89669e-11 6.89126e-09 -1.21565e-10 -2.38363e-08 -2.40331e-10 -2.3479e-12
894 1.02 510 0 -1.3337e-10 -1.83932e-08 -4.07456e-11 -5.48641e-09 -6.46511e-09 2.50968e-11 4.02005e-11 4.80293e-09 -1.2633e-10 -1.65128e-08 -1.89502e-10 -2.31349e-12
894 1.03 510 0 -1.29124e-10 -1.46332e-08 -3.93295e-11 -4.40749e-09 -6.00098e-09 3.0738e-11 3.81712e-11 3.73619e-09 -1.20007e-10 -1.27242e-08 -1.49301e-10 -2.23013e-12
894 1.04 510 0 -1.23529e-10 -1.22976e-08 -3.7566e-11 -3.73846e-09 -5.58844e-09 3.46781e-11 3.58862e-11 3.08804e-09 -1.12688e-10 -1.03966e-08 -1.15987e-10 -2.15442e-12
894 1.05 510 0 -1.18805e-10 -1.07122e-08 -3.61006e-11 -3.28439e-09 -5.24154e-09 3.79122e-11 3.39415e-11 2.65668e-09 -1.06363e-10 -8.83177e-09 -8.76639e-11 -2.10412e-12
894 1.06 510 0 -1.14732e-10 -9.57688e-09 -3.48411e-11 -2.95887e-09 -4.95531e-09 4.04066e-11 3.22706e-11 2.35307e-09 -1.00909e-10 -7.71948e-09 -6.31436e-11 -2.06144e-12
894 1.07 510 0 -1.11748e-10 -8.73527e-09 -3.39218e-11 -2.71709e-09 -4.72134e-09 4.26876e-11 3.09637e-11 2.13133e-09 -9.65906e-11 -6.89883e-09 -4.15781e-11 -2.03769e-12
894 1.08 510 0 -1.09986e-10 -8.09774e-09 -3.33858e-11 -2.53346e-09 -4.5321e-09 4.50635e-11 3.0034e-11 1.96545e-09 -9.3425e-11 -6.27796e-09 -2.23396e-11 -2.0398e-12
894 1.09 510 0 -1.08972e-10 -7.61012e-09 -3.30772e-11 -2.39259e-09 -4.38213e-09 4.73349e-11 2.93505e-11 1.83977e-09 -9.10417e-11 -5.80114e-09 -4.94852e-12 -2.05259e-12
894 1.1 510 0 -1.08967e-10 -7.23715e-09 -3.30806e-11 -2.28452e-09 -4.26687e-09 4.98064e-11 2.89648e-11 1.74427e-09 -8.95699e-11 -5.43227e-09 1.09944e-11 -2.08684e-12
894 1.11 510 0 -1.10136e-10 -6.9557e-09 -3.34489e-11 -2.20274e-09 -4.18314e-09 5.26987e-11 2.89043e-11 1.6724e-09 -8.90713e-11 -5.14752e-09 2.58283e-11 -2.1497e-12
894 1.12 510 0 -1.12202e-10 -6.75092e-09 -3.40904e-11 -2.14312e-09 -4.12927e-09 5.58664e-11 2.90944e-11 1.61991e-09 -8.93394e-11 -4.93109e-09 3.98454e-11 -2.23126e-12
894 1.13 510 0 -1.15475e-10 -6.61288e-09 -3.51033e-11 -2.10293e-09 -4.10435e-09 5.95857e-11 2.96013e-11 1.584e-09 -9.05507e-11 -4.77218e-09 5.33254e-11 -2.34249e-12
894 1.14 510 0 -1.20306e-10 -6.53568e-09 -3.6599e-11 -2.08062e-09 -4.10848e-09 6.41469e-11 3.0502e-11 1.56292e-09 -9.29114e-11 -4.66374e-09 6.65387e-11 -2.49619e-12
894 1.15 510 0 -1.26661e-10 -6.51737e-09 -3.85607e-11 -2.07578e-09 -4.14335e-09 6.95373e-11 3.17824e-11 1.55597e-09 -9.63914e-11 -4.60212e-09 7.97674e-11 -2.68844e-12
894 1.16 510 0 -1.35136e-10 -6.55869e-09 -4.11756e-11 -2.08879e-09 -4.21172e-09 7.61979e-11 3.35785e-11 1.56313e-09 -1.01367e-10 -4.58595e-09 9.33253e-11 -2.93882e-12
894 1.17 510 0 -1.46487e-10 -6.66387e-09 -4.46778e-11 -2.12109e-09 -4.31818e-09 8.46711e-11 3.60606e-11 1.58525e-09 -1.08314e-10 -4.61653e-09 1.07584e-10 -3.27082e-12
894 1.18 510 0 -1.61365e-10 -6.84172e-09 -4.92639e-11 -2.17547e-09 -4.47012e-09 9.53943e-11 3.93778e-11 1.62424e-09 -1.17664e-10 -4.69839e-09 1.23005e-10 -3.70152e-12
894 1.19 510 0 -1.81526e-10 -7.10624e-09 -5.54797e-11 -2.25636e-09 -4.67823e-09 1.09593e-10 4.39335e-11 1.68326e-09 -1.30548e-10 -4.83962e-09 1.40205e-10 -4.28575e-12
894 1.2 510 0 -2.08957e-10 -7.48061e-09 -6.39326e-11 -2.37096e-09 -4.95935e-09 1.28606e-10 5.01845e-11 1.76755e-09 -1.48268e-10 -5.0543e-09 1.60052e-10 -5.08019e-12
894 1.21 510 0 -2.48003e-10 -8.00112e-09 -7.59673e-11 -2.53054e-09 -5.33927e-09 1.5542e-10 5.91327e-11 1.88542e-09 -1.73643e-10 -5.36505e-09 1.83834e-10 -6.21874e-12
894 1.22 510 0 -3.05318e-10 -8.72878e-09 -9.36312e-11 -2.754e-09 -5.86085e-09 1.94556e-10 7.23116e-11 2.0508e-09 -2.11013e-10 -5.81037e-09 2.13603e-10 -7.89988e-12
894 1.23 510 0 -3.95037e-10 -9.76964e-09 -1.21286e-10 -3.07413e-09 -6.59809e-09 2.55683e-10 9.29778e-11 2.28799e-09 -2.69548e-10 -6.45754e-09 2.5286e-10 -1.05563e-11
894 1.24 510 0 -5.48062e-10 -1.13252e-08 -1.68469e-10 -3.5532e-09 -7.69127e-09 3.59975e-10 1.28246e-10 2.64313e-09 -3.69257e-10 -7.4348e-09 3.08176e-10 -1.51396e-11
894 1.25 510 0 -8.42579e-10 -1.38291e-08 -2.59301e-10 -4.32523e-09 -9.44187e-09 5.61059e-10 1.96106e-10 3.21558e-09 -5.60687e-10 -9.01854e-09 3.93586e-10 -2.40693e-11
894 1.26 510 0 -1.54068e-09 -1.84021e-08 -4.74686e-10 -5.73652e-09 -1.26287e-08 1.03929e-09 3.56803e-10 4.26211e-09 -1.01273e-09 -1.19234e-08 5.45309e-10 -4.55393e-11
894 1.27 510 0 -3.99946e-09 -2.9075e-08 -1.23361e-09 -9.03242e-09 -2.00529e-08 2.73098e-09 9.21977e-10 6.70606e-09 -2.5974e-09 -1.87193e-08 8.93497e-10 -1.22345e-10
894 1.28 510 0 -3.16006e-08 -7.49951e-08 -9.75749e-09 -2.32197e-08 -5.19893e-08 2.18287e-08 7.25373e-09 1.72225e-08 -2.02788e-08 -4.79721e-08 2.38233e-09 -1.00068e-09
894 1.29 510 0 -2.39366e-08 6.56844e-08 -7.39921e-09 2.02462e-08 4.57016e-08 1.67171e-08 5.47376e-09 -1.50146e-08 -1.51798e-08 4.18001e-08 -2.14832e-09 -7.85373e-10
894 1.3 510 0 -2.99777e-09 2.42333e-08 -9.27537e-10 7.44217e-09 1.69421e-08 2.1156e-09 6.82976e-10 -5.51285e-09 -1.87891e-09 1.5326e-08 -8.14194e-10 -1.01808e-10
894 1.31 510 0 -1.03521e-09 1.41264e-08 -3.20592e-10 4.32129e-09 9.92027e-09 7.37911e-10 2.35039e-10 -3.19766e-09 -6.41291e-10 8.88147e-09 -4.86314e-10 -3.63961e-11
894 1.32 510 0 -4.98651e-10 9.69516e-09 -1.54557e-10 2.95382e-09 6.83792e-09 3.58904e-10 1.12845e-10 -2.1833e-09 -3.05293e-10 6.06026e-09 -3.41205e-10 -1.81497e-11
894 1.33 510 0 -2.839e-10 7.22682e-09 -8.80615e-11 2.19275e-09 5.11856e-09 2.0626e-10 6.40436e-11 -1.61879e-09 -1.71772e-10 4.49163e-09 -2.59471e-10 -1.06945e-11
894 1.34 510 0 -1.78609e-10 5.66258e-09 -5.54396e-11 1.71096e-09 4.02724e-09 1.3097e-10 4.01624e-11 -1.26147e-09 -1.06765e-10 3.49962e-09 -2.07025e-10 -6.9624e-12
894 1.35 510 0 -1.20227e-10 4.58798e-09 -3.73398e-11 1.38042e-09 3.27621e-09 8.89683e-11 2.69459e-11 -1.01634e-09 -7.09818e-11 2.81971e-09 -1.70513e-10 -4.84769e-12
894 1.36 510 0 -8.49261e-11 3.80774e-09 -2.63891e-11 1.14078e-09 2.72986e-09 6.34273e-11 1.89666e-11 -8.38647e-10 -4.94951e-11 2.3273e-09 -1.43634e-10 -3.54075e-12
894 1.37 510 0 -6.2185e-11 3.21796e-09 -1.93306e-11 9.59936e-10 2.31604e-09 4.68928e-11 1.38305e-11 -7.04583e-10 -3.57374e-11 1.95608e-09 -1.23028e-10 -2.68041e-12
894 1.38 510 0 -4.68628e-11 2.75831e-09 -1.4572e-11 8.1926e-10 1.99282e-09 3.56969e-11 1.03722e-11 -6.00322e-10 -2.65258e-11 1.6676e-09 -1.06743e-10 -2.08728e-12
894 1.39 510 0 -3.61347e-11 2.39136e-09 -1.12384e-11 7.07181e-10 1.7342e-09 2.78286e-11 7.9493e-12 -5.17284e-10 -2.01063e-11 1.43799e-09 -9.35595e-11 -1.6624e-12
894 1.4 510 0 -2.83779e-11 2.09267e-09 -8.82717e-12 6.16153e-10 1.5232e-09 2.21347e-11 6.19161e-12 -4.49868e-10 -1.54688e-11 1.25167e-09 -8.26823e-11 -1.34857e-12
894 1.41 510 0 -2.26455e-11 1.84565e-09 -7.04434e-12 5.41047e-10 1.34827e-09 1.7927e-11 4.88642e-12 -3.94274e-10 -1.20395e-11 1.0981e-09 -7.35679e-11 -1.11112e-12
894 1.42 510 0 -1.83108e-11 1.63861e-09 -5.69578e-12 4.78252e-10 1.20127e-09 1.47647e-11 3.88859e-12 -3.47823e-10 -9.42252e-12 9.69819e-10 -6.58313e-11 -9.27564e-13
894 1.43 510 0 -1.49661e-11 1.4631e-09 -4.65529e-12 4.25159e-10 1.07633e-09 1.23695e-11 3.10086e-12 -3.08578e-10 -7.35068e-12 8.61465e-10 -5.91927e-11 -7.83213e-13
894 1.44 510 0 -1.23511e-11 1.31287e-09 -3.84173e-12 3.79836e-10 9.6908e-10 1.05598e-11 2.46127e-12 -2.7511e-10 -5.65598e-12 7.69072e-10 -5.3444e-11 -6.67981e-13
894 1.45 510 0 -1.02708e-11 1.18318e-09 -3.19489e-12 3.40821e-10 8.76211e-10 9.2343e-12 1.91252e-12 -2.46337e-10 -4.17297e-12 6.89647e-10 -4.84264e-11 -5.74888e-13
894 1.46 510 0 -8.59055e-12 1.07039e-09 -2.67301e-12 3.0699e-10 7.95161e-10 8.3664e-12 1.39983e-12 -2.21434e-10 -2.73479e-12 6.2091e-10 -4.40165e-11 -4.98933e-13
894 1.47 510 0 -7.20614e-12 9.71665e-10 -2.24419e-12 2.77463e-10 7.23897e-10 8.0594e-12 8.39065e-13 -1.99762e-10 -1.06497e-12 5.61109e-10 -4.0117e-11 -4.36781e-13
894 1.48 510 0 -6.03122e-12 8.84732e-10 -1.88251e-12 2.51545e-10 6.60737e-10 8.76434e-12 3.56367e-14 -1.80842e-10 1.50362e-12 5.0894e-10 -3.6649e-11 -3.86361e-13
894 1.49 510 0 -4.96298e-12 8.07771e-10 -1.55886e-12 2.2867e-10 6.04212e-10 1.2508e-11 -1.7523e-12 -1.64322e-10 7.55329e-12 4.63487e-10 -3.35459e-11 -3.48109e-13
894 1.5 510 0 -3.72782e-12 7.392e-10 -1.20254e-12 2.08353e-10 5.56224e-10 3.55406e-11 -1.02416e-11 -1.48811e-10 3.70384e-11 4.20164e-10 -3.07388e-11 -3.36522e-13
894 1.51 510 0 -4.60562e-12 6.74091e-10 -1.49577e-12 1.89303e-10 6.03928e-10 -4.96371e-10 1.74545e-10 -1.02083e-10 -6.06755e-10 2.66136e-10 -2.84803e-11 -6.19799e-13
894 1.52 510 0 -4.50368e-12 6.23334e-10 -1.34787e-12 1.74245e-10 4.53157e-10 1.78759e-11 -4.07757e-12 -1.30409e-10 1.50944e-11 3.73688e-10 -2.61716e-11 -2.30668e-13
894 1.53 510 0 -3.62362e-12 5.74253e-10 -1.09173e-12 1.59837e-10 4.32781e-10 7.45059e-12 -8.44385e-13 -1.14435e-10 3.745e-12 3.25601e-10 -2.40957e-11 -2.02271e-13
894 1.54 510 0 -3.08616e-12 5.29847e-10 -9.31508e-13 1.46855e-10 4.02659e-10 4.51882e-12 -6.98145e-14 -1.04094e-10 9.65111e-13 2.96304e-10 -2.22355e-11 -1.81786e-13
894 1.55 510 0 -2.68044e-12 4.8964e-10 -8.09046e-13 1.35144e-10 3.73844e-10 3.26573e-12 1.7656e-13 -9.529e-11 3.30257e-14 2.71656e-10 -2.05494e-11 -1.6405e-13
894 1.56 510 0 -2.35215e-12 4.53148e-10 -7.09272e-13 1.24553e-10 3.47252e-10 2.57219e-12 2.62015e-13 -8.74701e-11 -3.30488e-13 2.49823e-10 -1.90146e-11 -1.48386e-13
894 1.57 510 0 -2.07807e-12 4.19949e-10 -6.25687e-13 1.14952e-10 3.2286e-10 2.123e-12 2.86817e-13 -8.04398e-11 -4.75225e-13 2.302e-10 -1.76136e-11 -1.34497e-13
894 1.58 510 0 -1.84531e-12 3.89676e-10 -5.5455e-13 1.0623e-10 3.00501e-10 1.80132e-12 2.86222e-13 -7.40841e-11 -5.24844e-13 2.12449e-10 -1.63322e-11 -1.22162e-13
894 1.59 510 0 -1.64527e-12 3.62013e-10 -4.93379e-13 9.82881e-11 2.79986e-10 1.55534e-12 2.74601e-13 -6.83182e-11 -5.30111e-13 1.9633e-10 -1.51577e-11 -1.11198e-13
894 1.6 510 0 -1.47234e-12 3.36686e-10 -4.40463e-13 9.10433e-11 2.61137e-10 1.36073e-12 2.57825e-13 -6.30741e-11 -5.12394e-13 1.81651e-10 -1.40797e-11 -1.01369e-13
894 1.61 510 0 -1.32173e-12 3.13454e-10 -3.94383e-13 8.44221e-11 2.4379e-10 1.20114e-12 2.39496e-13 -5.82947e-11 -4.84791e-13 1.68255e-10 -1.30886e-11 -9.25695e-14
894 1.62 510 0 -1.18984e-12 2.92108e-10 -3.54054e-13 7.83606e-11 2.27803e-10 1.06742e-12 2.21151e-13 -5.39304e-11 -4.53206e-13 1.56004e-10 -1.21761e-11 -8.46777e-14
894 1.63 510 0 -1.07397e-12 2.72462e-10 -3.18642e-13 7.28024e-11 2.13046e-10 9.54046e-13 2.03423e-13 -4.99389e-11 -4.20379e-13 1.44782e-10 -1.13351e-11 -7.75648e-14
894 1.64 510 0 -9.71646e-13 2.54354e-10 -2.8741e-13 6.76982e-11 1.99405e-10 8.56383e-13 1.86809e-13 -4.62826e-11 -3.88396e-13 1.34486e-10 -1.05589e-11 -7.11597e-14
894 1.65 510 0 -8.81032e-13 2.3764e-10 -2.59783e-13 6.30043e-11 1.86779e-10 7.71636e-13 1.7139e-13 -4.29288e-11 -3.57941e-13 1.25026e-10 -9.84186e-12 -6.53679e-14
894 1.66 510 0 -8.00574e-13 2.22193e-10 -2.35278e-13 5.8682e-11 1.75077e-10 6.97727e-13 1.5713e-13 -3.98484e-11 -3.2924e-13 1.16322e-10 -9.17872e-12 -6.01077e-14
894 1.67 510 0 -7.28844e-13 2.07897e-10 -2.13469e-13 5.46969e-11 1.64219e-10 6.32599e-13 1.441e-13 -3.70156e-11 -3.02741e-13 1.08303e-10 -8.56485e-12 -5.53395e-14
894 1.68 510 0 -6.64759e-13 1.94653e-10 -1.9401e-13 5.10183e-11 1.54131e-10 5.75019e-13 1.32185e-13 -3.44077e-11 -2.78333e-13 1.00907e-10 -7.99609e-12 -5.09962e-14
894 1.69 510 0 -6.07351e-13 1.82369e-10 -1.76604e-13 4.7619e-11 1.4475e-10 5.23872e-13 1.21311e-13 -3.20042e-11 -2.5595e-13 9.40784e-11 -7.46869e-12 -4.70332e-14
894 1.7 510 0 -5.55799e-13 1.70963e-10 -1.60996e-13 4.44743e-11 1.36017e-10 4.78249e-13 1.11393e-13 -2.97867e-11 -2.35489e-13 8.77663e-11 -6.97925e-12 -4.34077e-14
894 1.71 510 0 -5.09396e-13 1.60363e-10 -1.46967e-13 4.15623e-11 1.2788e-10 4.37411e-13 1.02347e-13 -2.77391e-11 -2.1681e-13 8.1926e-11 -6.5247e-12 -4.00831e-14
894 1.72 510 0 -4.67527e-13 1.50501e-10 -1.3433e-13 3.88633e-11 1.2029e-10 4.00722e-13 9.40974e-14 -2.58465e-11 -1.99777e-13 7.65173e-11 -6.10226e-12 -3.70327e-14
894 1.73 510 0 -4.29677e-13 1.41319e-10 -1.2292e-13 3.63594e-11 1.13205e-10 3.67678e-13 8.65602e-14 -2.40957e-11 -1.84245e-13 7.15038e-11 -5.7094e-12 -3.422e-14
894 1.74 510 0 -3.95388e-13 1.32762e-10 -1.12589e-13 3.40346e-11 1.06586e-10 3.37812e-13 7.96689e-14 -2.24748e-11 -1.70108e-13 6.68527e-11 -5.34381e-12 -3.16165e-14
894 1.75 510 0 -3.6427e-13 1.24782e-10 -1.03207e-13 3.18742e-11 1.00398e-10 3.1075e-13 7.3352e-14 -2.09729e-11 -1.57245e-13 6.25345e-11 -5.00341e-12 -2.91908e-14
894 1.76 510 0 -3.35957e-13 1.17334e-10 -9.45978e-14 2.98651e-11 9.46083e-11 2.86073e-13 6.74964e-14 -1.95803e-11 -1.45642e-13 5.85221e-11 -4.68623e-12 -2.68387e-14
894 1.77 510 0 -3.07756e-13 1.10374e-10 -8.6188e-14 2.79943e-11 8.91807e-11 2.59396e-13 6.28661e-14 -1.8289e-11 -1.37235e-13 5.47957e-11 -4.3905e-12 -2.459e-14
894 1.78 510 0 -2.83606e-13 1.03871e-10 -7.90754e-14 2.62526e-11 8.40997e-11 2.3824e-13 5.82015e-14 -1.70896e-11 -1.27584e-13 5.13257e-11 -4.11475e-12 -2.27473e-14
894 1.79 510 0 -2.61851e-13 9.7789e-11 -7.26855e-14 2.46296e-11 7.93369e-11 2.19537e-13 5.38332e-14 -1.59752e-11 -1.18379e-13 4.80945e-11 -3.85748e-12 -2.10691e-14
894 1.8 510 0 -2.42169e-13 9.20973e-11 -6.69148e-14 2.31162e-11 7.48696e-11 2.02845e-13 4.97647e-14 -1.49391e-11 -1.09722e-13 4.50839e-11 -3.61731e-12 -1.95254e-14
894 1.81 510 0 -2.24246e-13 8.67677e-11 -6.16738e-14 2.17041e-11 7.06768e-11 1.8775e-13 4.60085e-14 -1.39754e-11 -1.01688e-13 4.22773e-11 -3.39302e-12 -1.8105e-14
894 1.82 510 0 -2.07897e-13 8.17742e-11 -5.69036e-14 2.03856e-11 6.67395e-11 1.74055e-13 4.25421e-14 -1.30784e-11 -9.42504e-14 3.96595e-11 -3.18348e-12 -1.67941e-14
894 1.83 510 0 -1.92957e-13 7.70932e-11 -5.25543e-14 1.91541e-11 6.30403e-11 1.61593e-13 3.93455e-14 -1.22432e-11 -8.73779e-14 3.72164e-11 -2.98763e-12 -1.55829e-14
894 1.84 510 0 -1.79285e-13 7.27027e-11 -4.85839e-14 1.8003e-11 5.95629e-11 1.50228e-13 3.64001e-14 -1.14651e-11 -8.1032e-14 3.49352e-11 -2.80451e-12 -1.44647e-14
894 1.85 510 0 -1.66755e-13 6.85827e-11 -4.49534e-14 1.69265e-11 5.62926e-11 1.39835e-13 3.36874e-14 -1.07398e-11 -7.5179e-14 3.28041e-11 -2.63322e-12 -1.34316e-14
894 1.86 510 0 -1.5525e-13 6.47148e-11 -4.16285e-14 1.59194e-11 5.32157e-11 1.30306e-13 3.11908e-14 -1.00634e-11 -6.97864e-14 3.08124e-11 -2.47296e-12 -1.24776e-14
894 1.87 510 0 -1.44678e-13 6.10818e-11 -3.8582e-14 1.49768e-11 5.03194e-11 1.2156e-13 2.88938e-14 -9.43244e-12 -6.48168e-14 2.895e-11 -2.32296e-12 -1.15975e-14
894 1.88 510 0 -1.34951e-13 5.76679e-11 -3.5791e-14 1.4094e-11 4.7592e-11 1.13515e-13 2.67853e-14 -8.84351e-12 -6.02384e-14 2.72078e-11 -2.18252e-12 -1.07893e-14
894 1.89 510 0 -1.25963e-13 5.44587e-11 -3.32383e-14 1.32669e-11 4.50227e-11 1.06087e-13 2.48528e-14 -8.29361e-12 -5.60027e-14 2.55774e-11 -2.05098e-12 -1.00515e-14
894 1.9 510 0 -1.17649e-13 5.14406e-11 -3.08886e-14 1.24918e-11 4.26014e-11 9.92086e-14 2.30727e-14 -7.77995e-12 -5.20965e-14 2.40509e-11 -1.92775e-12 -9.36783e-15
894 1.91 510 0 -1.09955e-13 4.86012e-11 -2.87228e-14 1.17649e-11 4.03188e-11 9.28354e-14 2.1431e-14 -7.29996e-12 -4.84931e-14 2.26212e-11 -1.81227e-12 -8.73326e-15
894 1.92 510 0 -1.02827e-13 4.59289e-11 -2.67249e-14 1.10832e-11 3.81661e-11 8.69255e-14 1.99155e-14 -6.85126e-12 -4.51656e-14 2.12817e-11 -1.70401e-12 -8.14392e-15
894 1.93 510 0 -9.62198e-14 4.34129e-11 -2.48804e-14 1.04434e-11 3.61354e-11 8.14408e-14 1.85156e-14 -6.43167e-12 -4.20899e-14 2.00262e-11 -1.60251e-12 -7.59629e-15
894 1.94 510 0 -9.0089e-14 4.10434e-11 -2.3176e-14 9.8429e-12 3.4219e-11 7.63467e-14 1.72214e-14 -6.03917e-12 -3.92445e-14 1.8849e-11 -1.50731e-12 -7.08711e-15
894 1.95 510 0 -8.43963e-14 3.88111e-11 -2.16001e-14 9.279e-12 3.24101e-11 7.16122e-14 1.60239e-14 -5.67188e-12 -3.66098e-14 1.77449e-11 -1.41801e-12 -6.61338e-15
894 1.96 510 0 -7.91067e-14 3.67073e-11 -2.01417e-14 8.74931e-12 3.07021e-11 6.72089e-14 1.49149e-14 -5.32808e-12 -3.41679e-14 1.67089e-11 -1.3342e-12 -6.17233e-15
894 1.97 510 0 -7.41884e-14 3.47241e-11 -1.8791e-14 8.25159e-12 2.90889e-11 6.31115e-14 1.38871e-14 -5.00616e-12 -3.19028e-14 1.57367e-11 -1.25555e-12 -5.76133e-15
894 1.98 510 0 -6.96133e-14 3.2854e-11 -1.75393e-14 7.78377e-12 2.75648e-11 5.92974e-14 1.29332e-14 -4.70464e-12 -2.97993e-14 1.4824e-11 -1.18172e-12 -5.37783e-15
894 1.99 510 0 -6.53569e-14 3.10901e-11 -1.63782e-14 7.34392e-12 2.61246e-11 5.57485e-14 1.20463e-14 -4.42215e-12 -2.78429e-14 1.39669e-11 -1.11238e-12 -5.01906e-15
894 2 510 0 -6.14077e-14 2.94258e-11 -1.53004e-14 6.93024e-12 2.47633e-11 5.24629e-14 1.12159e-14 -4.1574e-12 -2.60141e-14 1.31618e-11 -1.04727e-12 -4.68024e-15
