894 0 370 0 0 0 0 0 8.14758e-08 -4.44221e-08 3.23599e-08 -1.84913e-09 -7.97991e-08 2.51149e-08 0 0
894 0.01 370 0 -9.33882e-10 4.95791e-10 -2.48844e-10 1.3052e-10 8.14426e-08 -4.44374e-08 3.23522e-08 -1.85853e-09 -7.97778e-08 2.51369e-08 1.21943e-10 -2.8403e-11
894 0.02 370 0 -1.8657e-09 9.93078e-10 -4.97009e-10 2.61541e-10 8.13429e-08 -4.44832e-08 3.23292e-08 -1.88668e-09 -7.9714e-08 2.52026e-08 2.43805e-10 -5.69317e-11
894 0.03 370 0 -2.79339e-09 1.49336e-09 -7.43814e-10 3.93563e-10 8.11766e-08 -4.45592e-08 3.22908e-08 -1.93354e-09 -7.96074e-08 2.5312e-08 3.655e-10 -8.57125e-11
894 0.04 370 0 -3.71486e-09 1.9981e-09 -9.88577e-10 5.27075e-10 8.09438e-08 -4.4665e-08 3.22369e-08 -1.99897e-09 -7.94579e-08 2.54646e-08 4.86949e-10 -1.14872e-10
894 0.05 370 0 -4.62802e-09 2.50873e-09 -1.2306e-09 6.62555e-10 8.06445e-08 -4.47998e-08 3.21673e-08 -2.08276e-09 -7.92651e-08 2.56601e-08 6.08065e-10 -1.44534e-10
894 0.06 370 0 -5.53078e-09 3.02665e-09 -1.4692e-09 8.00468e-10 8.02784e-08 -4.49627e-08 3.2082e-08 -2.18471e-09 -7.90286e-08 2.58978e-08 7.28765e-10 -1.74826e-10
894 0.07 370 0 -6.42099e-09 3.55322e-09 -1.70367e-09 9.4126e-10 7.98456e-08 -4.51526e-08 3.19806e-08 -2.30451e-09 -7.87479e-08 2.6177e-08 8.48962e-10 -2.05872e-10
894 0.08 370 0 -7.29646e-09 4.08965e-09 -1.93338e-09 1.08535e-09 7.93459e-08 -4.53695e-08 3.18635e-08 -2.44182e-09 -7.8423e-08 2.64968e-08 9.68658e-10 -2.37842e-10
894 0.09 370 0 -8.15504e-09 4.63726e-09 -2.15743e-09 1.23314e-09 7.87797e-08 -4.56094e-08 3.17294e-08 -2.59622e-09 -7.80521e-08 2.68561e-08 1.0876e-09 -2.70776e-10
894 0.1 370 0 -8.99449e-09 5.19708e-09 -2.37515e-09 1.38497e-09 7.81467e-08 -4.58718e-08 3.15785e-08 -2.76725e-09 -7.76353e-08 2.72538e-08 1.20577e-09 -3.04832e-10
894 0.11 370 0 -9.81254e-09 5.77019e-09 -2.58581e-09 1.54119e-09 7.74469e-08 -4.61548e-08 3.14104e-08 -2.9544e-09 -7.71715e-08 2.76885e-08 1.32307e-09 -3.40135e-10
894 0.12 370 0 -1.0607e-08 6.35739e-09 -2.78857e-09 1.70196e-09 7.66796e-08 -4.64582e-08 3.12253e-08 -3.15714e-09 -7.66609e-08 2.81587e-08 1.43937e-09 -3.76758e-10
894 0.13 370 0 -1.13754e-08 6.95965e-09 -2.98277e-09 1.86774e-09 7.58465e-08 -4.67761e-08 3.10219e-08 -3.37472e-09 -7.61009e-08 2.8663e-08 1.55465e-09 -4.14913e-10
894 0.14 370 0 -1.21153e-08 7.57752e-09 -3.16753e-09 2.03862e-09 7.49471e-08 -4.71077e-08 3.08003e-08 -3.60643e-09 -7.54915e-08 2.91994e-08 1.66877e-09 -4.54665e-10
894 0.15 370 0 -1.28244e-08 8.2115e-09 -3.34229e-09 2.21476e-09 7.39813e-08 -4.74518e-08 3.05607e-08 -3.8516e-09 -7.4832e-08 2.9766e-08 1.78177e-09 -4.96238e-10
894 0.16 370 0 -1.35003e-08 8.86208e-09 -3.50583e-09 2.39622e-09 7.29498e-08 -4.7803e-08 3.03015e-08 -4.10931e-09 -7.41208e-08 3.03606e-08 1.89325e-09 -5.39562e-10
894 0.17 370 0 -1.41406e-08 9.52933e-09 -3.65722e-09 2.58283e-09 7.18524e-08 -4.816e-08 3.00227e-08 -4.37868e-09 -7.33576e-08 3.09808e-08 2.003e-09 -5.84657e-10
894 0.18 370 0 -1.47426e-08 1.02132e-08 -3.7964e-09 2.77493e-09 7.06907e-08 -4.85199e-08 2.97248e-08 -4.65868e-09 -7.25413e-08 3.16244e-08 2.11155e-09 -6.32081e-10
894 0.19 370 0 -1.53038e-08 1.09137e-08 -3.92182e-09 2.97216e-09 6.9465e-08 -4.88774e-08 2.94062e-08 -4.94827e-09 -7.16703e-08 3.22885e-08 2.21819e-09 -6.81576e-10
894 0.2 370 0 -1.58221e-08 1.16302e-08 -4.03277e-09 3.17418e-09 6.81754e-08 -4.92321e-08 2.90674e-08 -5.24637e-09 -7.07452e-08 3.29702e-08 2.3229e-09 -7.33247e-10
894 0.21 370 0 -1.62943e-08 1.23623e-08 -4.12857e-09 3.38108e-09 6.68244e-08 -4.95767e-08 2.87072e-08 -5.5517e-09 -6.97633e-08 3.36669e-08 2.42567e-09 -7.8737e-10
894 0.22 370 0 -1.67183e-08 1.3109e-08 -4.20858e-09 3.59234e-09 6.54124e-08 -4.99106e-08 2.83264e-08 -5.86303e-09 -6.87254e-08 3.4375e-08 2.52653e-09 -8.44105e-10
894 0.23 370 0 -1.70919e-08 1.38695e-08 -4.27108e-09 3.8072e-09 6.39404e-08 -5.02281e-08 2.79233e-08 -6.17899e-09 -6.76302e-08 3.50911e-08 2.62457e-09 -9.03011e-10
894 0.24 370 0 -1.74121e-08 1.4642e-08 -4.31655e-09 4.02567e-09 6.2411e-08 -5.05264e-08 2.74992e-08 -6.4982e-09 -6.64772e-08 3.58119e-08 2.72071e-09 -9.64973e-10
894 0.25 370 0 -1.76767e-08 1.54253e-08 -4.34324e-09 4.24677e-09 6.08261e-08 -5.07999e-08 2.70526e-08 -6.81907e-09 -6.52658e-08 3.65335e-08 2.81402e-09 -1.0295e-09
894 0.26 370 0 -1.78837e-08 1.62173e-08 -4.35063e-09 4.46957e-09 5.91866e-08 -5.10472e-08 2.65842e-08 -7.14013e-09 -6.39968e-08 3.72519e-08 2.90447e-09 -1.09672e-09
894 0.27 370 0 -1.80305e-08 1.7016e-08 -4.33852e-09 4.69379e-09 5.74964e-08 -5.12621e-08 2.6094e-08 -7.45973e-09 -6.2669e-08 3.79633e-08 2.99231e-09 -1.16712e-09
894 0.28 370 0 -1.81155e-08 1.78191e-08 -4.30507e-09 4.91778e-09 5.57575e-08 -5.14405e-08 2.55809e-08 -7.77607e-09 -6.1283e-08 3.86631e-08 3.07642e-09 -1.23992e-09
894 0.29 370 0 -1.81361e-08 1.86236e-08 -4.25123e-09 5.14131e-09 5.39735e-08 -5.15795e-08 2.50467e-08 -8.0876e-09 -5.98391e-08 3.93474e-08 3.1578e-09 -1.31625e-09
894 0.3 370 0 -1.80913e-08 1.94267e-08 -4.17526e-09 5.36241e-09 5.21469e-08 -5.16749e-08 2.44905e-08 -8.39233e-09 -5.83385e-08 4.00113e-08 3.2353e-09 -1.39526e-09
894 0.31 370 0 -1.79776e-08 2.02254e-08 -4.07712e-09 5.58091e-09 5.02827e-08 -5.17215e-08 2.3913e-08 -8.68851e-09 -5.67809e-08 4.06501e-08 3.30935e-09 -1.47766e-09
894 0.32 370 0 -1.77934e-08 2.10104e-08 -3.95392e-09 5.7937e-09 4.83815e-08 -5.17144e-08 2.33129e-08 -8.97342e-09 -5.51648e-08 4.12567e-08 3.37811e-09 -1.5606e-09
894 0.33 370 0 -1.75383e-08 2.17821e-08 -3.80827e-09 6.00057e-09 4.64511e-08 -5.16524e-08 2.26932e-08 -9.24592e-09 -5.34951e-08 4.18283e-08 3.4435e-09 -1.64706e-09
894 0.34 370 0 -1.72144e-08 2.25395e-08 -3.63999e-09 6.19932e-09 4.44963e-08 -5.1533e-08 2.20541e-08 -9.50419e-09 -5.1776e-08 4.23617e-08 3.50451e-09 -1.73684e-09
894 0.35 370 0 -1.68201e-08 2.3277e-08 -3.44904e-09 6.38867e-09 4.25222e-08 -5.13521e-08 2.13967e-08 -9.74622e-09 -5.00082e-08 4.28514e-08 3.56105e-09 -1.82984e-09
894 0.36 370 0 -1.63541e-08 2.39889e-08 -3.23568e-09 6.56734e-09 4.05344e-08 -5.11062e-08 2.07219e-08 -9.97009e-09 -4.81934e-08 4.32923e-08 3.61317e-09 -1.92626e-09
894 0.37 370 0 -1.58178e-08 2.4671e-08 -2.99926e-09 6.73258e-09 3.85375e-08 -5.07938e-08 2.00306e-08 -1.01736e-08 -4.63357e-08 4.36795e-08 3.6599e-09 -2.02516e-09
894 0.38 370 0 -1.52124e-08 2.5319e-08 -2.74124e-09 6.88317e-09 3.65382e-08 -5.04125e-08 1.93245e-08 -1.03553e-08 -4.44384e-08 4.4009e-08 3.70135e-09 -2.12712e-09
894 0.39 370 0 -1.45376e-08 2.59266e-08 -2.4623e-09 7.01764e-09 3.45431e-08 -4.99601e-08 1.86053e-08 -1.05132e-08 -4.25044e-08 4.42758e-08 3.73758e-09 -2.23233e-09
894 0.4 370 0 -1.37962e-08 2.64897e-08 -2.16234e-09 7.13313e-09 3.25579e-08 -4.94362e-08 1.78741e-08 -1.06454e-08 -4.05391e-08 4.44755e-08 3.7676e-09 -2.33969e-09
894 0.41 370 0 -1.299e-08 2.70023e-08 -1.84293e-09 7.22811e-09 3.05897e-08 -4.88398e-08 1.71334e-08 -1.07503e-08 -3.85466e-08 4.46041e-08 3.79152e-09 -2.44955e-09
894 0.42 370 0 -1.21217e-08 2.74595e-08 -1.50532e-09 7.30083e-09 2.86455e-08 -4.81708e-08 1.6385e-08 -1.08264e-08 -3.65322e-08 4.46579e-08 3.80905e-09 -2.56176e-09
894 0.43 370 0 -1.1194e-08 2.78557e-08 -1.15145e-09 7.34998e-09 2.67331e-08 -4.74292e-08 1.56317e-08 -1.08726e-08 -3.45009e-08 4.46332e-08 3.82024e-09 -2.67668e-09
894 0.44 370 0 -1.02117e-08 2.81864e-08 -7.82576e-10 7.37285e-09 2.4858e-08 -4.66179e-08 1.48758e-08 -1.08875e-08 -3.24598e-08 4.4527e-08 3.82441e-09 -2.79345e-09
894 0.45 370 0 -9.17776e-09 2.84474e-08 -3.99826e-10 7.36821e-09 2.30291e-08 -4.57365e-08 1.41191e-08 -1.08697e-08 -3.04145e-08 4.43368e-08 3.82096e-09 -2.91158e-09
894 0.46 370 0 -8.09942e-09 2.86324e-08 -6.49305e-12 7.33397e-09 2.1252e-08 -4.47889e-08 1.3365e-08 -1.08187e-08 -2.83718e-08 4.40601e-08 3.81019e-09 -3.03101e-09
894 0.47 370 0 -6.98107e-09 2.87375e-08 3.94876e-10 7.26931e-09 1.95341e-08 -4.37786e-08 1.2617e-08 -1.07341e-08 -2.6339e-08 4.36954e-08 3.7919e-09 -3.15206e-09
894 0.48 370 0 -5.82895e-09 2.87592e-08 8.02639e-10 7.17245e-09 1.78825e-08 -4.27084e-08 1.18769e-08 -1.06151e-08 -2.4323e-08 4.32417e-08 3.76539e-09 -3.2734e-09
894 0.49 370 0 -4.64977e-09 2.86936e-08 1.21348e-09 7.04253e-09 1.63035e-08 -4.15835e-08 1.11485e-08 -1.04618e-08 -2.23315e-08 4.26985e-08 3.73067e-09 -3.39515e-09
894 0.5 370 0 -3.45148e-09 2.85385e-08 1.62351e-09 6.87947e-09 1.48024e-08 -4.041e-08 1.04355e-08 -1.0275e-08 -2.03725e-08 4.20664e-08 3.68758e-09 -3.51751e-09
894 0.51 370 0 -2.2408e-09 2.82902e-08 2.0313e-09 6.68081e-09 1.33856e-08 -3.9194e-08 9.7403e-09 -1.00541e-08 -1.84542e-08 4.13456e-08 3.63575e-09 -3.63876e-09
894 0.52 370 0 -1.0258e-09 2.79466e-08 2.43265e-09 6.44772e-09 1.20588e-08 -3.79408e-08 9.06624e-09 -9.80073e-09 -1.65833e-08 4.05381e-08 3.57515e-09 -3.75917e-09
894 0.53 370 0 1.84645e-10 2.75069e-08 2.82366e-09 6.18023e-09 1.08257e-08 -3.66595e-08 8.41738e-09 -9.51623e-09 -1.47686e-08 3.96462e-08 3.50572e-09 -3.87869e-09
894 0.54 370 0 1.38156e-09 2.69707e-08 3.20118e-09 5.87824e-09 9.69019e-09 -3.53576e-08 7.7964e-09 -9.20188e-09 -1.30178e-08 3.86734e-08 3.42718e-09 -3.99629e-09
894 0.55 370 0 2.55742e-09 2.63387e-08 3.56322e-09 5.54122e-09 8.65666e-09 -3.40441e-08 7.20563e-09 -8.85879e-09 -1.13392e-08 3.76235e-08 3.33922e-09 -4.11018e-09
894 0.56 370 0 3.69955e-09 2.56118e-08 3.90271e-09 5.17281e-09 7.72442e-09 -3.27275e-08 6.64977e-09 -8.4909e-09 -9.73909e-09 3.65017e-08 3.24231e-09 -4.22217e-09
894 0.57 370 0 4.79973e-09 2.47936e-08 4.21791e-09 4.7726e-09 6.89559e-09 -3.14181e-08 6.13067e-09 -8.09968e-09 -8.22569e-09 3.53139e-08 3.13612e-09 -4.32992e-09
894 0.58 370 0 5.84907e-09 2.3885e-08 4.50453e-09 4.34368e-09 6.17082e-09 -3.01248e-08 5.6514e-09 -7.68884e-09 -6.80474e-09 3.40659e-08 3.02084e-09 -4.43382e-09
894 0.59 370 0 6.83784e-09 2.28926e-08 4.75967e-09 3.88729e-09 5.5488e-09 -2.88584e-08 5.21399e-09 -7.26104e-09 -5.48338e-09 3.27658e-08 2.89645e-09 -4.53222e-09
894 0.6 370 0 7.75696e-09 2.18205e-08 4.97954e-09 3.40679e-09 5.02757e-09 -2.76287e-08 4.82081e-09 -6.82036e-09 -4.26677e-09 3.14212e-08 2.76319e-09 -4.62494e-09
894 0.61 370 0 8.59766e-09 2.06729e-08 5.16032e-09 2.90606e-09 4.60396e-09 -2.64459e-08 4.47422e-09 -6.37141e-09 -3.15964e-09 3.004e-08 2.62113e-09 -4.71226e-09
894 0.62 370 0 9.35119e-09 1.94601e-08 5.30018e-09 2.38679e-09 4.2737e-09 -2.53208e-08 4.17471e-09 -5.91715e-09 -2.16714e-09 2.86332e-08 2.47079e-09 -4.79154e-09
894 0.63 370 0 1.00111e-08 1.81879e-08 5.39645e-09 1.85384e-09 4.03186e-09 -2.42636e-08 3.92364e-09 -5.4629e-09 -1.29207e-09 2.72099e-08 2.31225e-09 -4.86293e-09
894 0.64 370 0 1.0567e-08 1.68679e-08 5.44512e-09 1.31296e-09 3.8691e-09 -2.32814e-08 3.72201e-09 -5.01394e-09 -5.3675e-10 2.5781e-08 2.14593e-09 -4.92625e-09
894 0.65 370 0 1.10138e-08 1.55109e-08 5.44535e-09 7.69598e-10 3.77764e-09 -2.23828e-08 3.56903e-09 -4.5753e-09 9.78852e-11 2.43578e-08 1.97237e-09 -4.98e-09
894 0.66 370 0 1.13464e-08 1.41289e-08 5.39611e-09 2.28843e-10 3.74856e-09 -2.15778e-08 3.46433e-09 -4.15236e-09 6.10703e-10 2.2953e-08 1.79219e-09 -5.02341e-09
894 0.67 370 0 1.15593e-08 1.27317e-08 5.29559e-09 -3.04156e-10 3.77188e-09 -2.08723e-08 3.40769e-09 -3.75045e-09 1.00247e-09 2.1577e-08 1.606e-09 -5.05657e-09
894 0.68 370 0 1.16487e-08 1.13337e-08 5.14352e-09 -8.24045e-10 3.83553e-09 -2.02731e-08 3.39739e-09 -3.37475e-09 1.27497e-09 2.02427e-08 1.4146e-09 -5.07853e-09
894 0.69 370 0 1.1613e-08 9.95049e-09 4.94039e-09 -1.32468e-09 3.92704e-09 -1.97856e-08 3.43106e-09 -3.03071e-09 1.43142e-09 1.89633e-08 1.21872e-09 -5.08871e-09
894 0.7 370 0 1.14517e-08 8.59204e-09 4.68744e-09 -1.8008e-09 4.03372e-09 -1.94169e-08 3.50595e-09 -2.72376e-09 1.47575e-09 1.77506e-08 1.01915e-09 -5.08653e-09
894 0.71 370 0 1.11633e-08 7.27945e-09 4.38488e-09 -2.24386e-09 4.13947e-09 -1.91623e-08 3.61872e-09 -2.45931e-09 1.41451e-09 1.66171e-08 8.16859e-10 -5.07178e-09
894 0.72 370 0 1.07514e-08 6.02687e-09 4.03591e-09 -2.64715e-09 4.22966e-09 -1.90255e-08 3.76491e-09 -2.24309e-09 1.25496e-09 1.55755e-08 6.12797e-10 -5.04371e-09
894 0.73 370 0 1.02193e-08 4.84984e-09 3.64326e-09 -3.00539e-09 4.28917e-09 -1.9006e-08 3.94002e-09 -2.0794e-09 1.00498e-09 1.46378e-08 4.08083e-10 -5.00206e-09
894 0.74 370 0 9.57336e-09 3.76702e-09 3.21119e-09 -3.31143e-09 4.30155e-09 -1.91e-08 4.13814e-09 -1.97311e-09 6.75307e-10 1.38169e-08 2.03768e-10 -4.94697e-09
894 0.75 370 0 8.81943e-09 2.79242e-09 2.74323e-09 -3.55974e-09 4.25126e-09 -1.93032e-08 4.35415e-09 -1.92815e-09 2.7594e-10 1.31228e-08 1.17001e-12 -4.87768e-09
894 0.76 370 0 7.96839e-09 1.94211e-09 2.24611e-09 -3.74429e-09 4.11938e-09 -1.96152e-08 4.58022e-09 -1.94957e-09 -1.79365e-10 1.25695e-08 -1.9894e-10 -4.79473e-09
894 0.77 370 0 7.03343e-09 1.24066e-09 1.72609e-09 -3.85561e-09 3.89167e-09 -2.00195e-08 4.80888e-09 -2.04164e-09 -6.74714e-10 1.21684e-08 -3.95241e-10 -4.698e-09
894 0.78 370 0 6.02578e-09 6.99544e-10 1.18867e-09 -3.89087e-09 3.55095e-09 -2.05084e-08 5.03338e-09 -2.20641e-09 -1.19584e-09 1.19288e-08 -5.86025e-10 -4.587e-09
894 0.79 370 0 4.9655e-09 3.39272e-10 6.43592e-10 -3.84273e-09 3.08022e-09 -2.10697e-08 5.2435e-09 -2.44791e-09 -1.72171e-09 1.1863e-08 -7.70078e-10 -4.46237e-09
894 0.8 370 0 3.86972e-09 1.75366e-10 9.87841e-11 -3.70649e-09 2.46389e-09 -2.16872e-08 5.43061e-09 -2.76816e-09 -2.23354e-09 1.198e-08 -9.46134e-10 -4.32466e-09
894 0.81 370 0 2.76041e-09 2.22857e-10 -4.34724e-10 -3.47704e-09 1.6819e-09 -2.23459e-08 5.58298e-09 -3.17e-09 -2.70727e-09 1.22898e-08 -1.11331e-09 -4.17495e-09
894 0.82 370 0 1.66751e-09 5.05662e-10 -9.4722e-10 -3.14743e-09 7.28647e-10 -2.30182e-08 5.69177e-09 -3.65496e-09 -3.11708e-09 1.28021e-08 -1.26891e-09 -4.01305e-09
894 0.83 370 0 6.1873e-10 1.03783e-09 -1.42474e-09 -2.71229e-09 -4.13201e-10 -2.36824e-08 5.74305e-09 -4.22576e-09 -3.43453e-09 1.35258e-08 -1.41275e-09 -3.84115e-09
894 0.84 370 0 -3.65706e-10 1.81875e-09 -1.83171e-09 -2.16971e-09 -1.75602e-09 -2.4314e-08 5.7062e-09 -4.8793e-09 -3.63608e-09 1.44566e-08 -1.547e-09 -3.66715e-09
894 0.85 370 0 -1.24148e-09 2.87949e-09 -2.15946e-09 -1.51373e-09 -3.30771e-09 -2.48905e-08 5.57097e-09 -5.62096e-09 -3.68188e-09 1.56088e-08 -1.68442e-09 -3.48526e-09
894 0.86 370 0 -1.96987e-09 4.25304e-09 -2.42121e-09 -7.45199e-10 -5.08416e-09 -2.53639e-08 5.34494e-09 -6.44759e-09 -3.53625e-09 1.70074e-08 -1.80663e-09 -3.28879e-09
894 0.87 370 0 -2.48805e-09 5.97764e-09 -2.59182e-09 1.52693e-10 -7.0797e-09 -2.56909e-08 5.00781e-09 -7.36921e-09 -3.14718e-09 1.86763e-08 -1.9136e-09 -3.0821e-09
894 0.88 370 0 -2.72787e-09 8.09273e-09 -2.64447e-09 1.19994e-09 -9.3002e-09 -2.58224e-08 4.53414e-09 -8.40172e-09 -2.44948e-09 2.06456e-08 -2.0089e-09 -2.86782e-09
894 0.89 370 0 -2.48096e-09 1.06522e-08 -2.46459e-09 2.41463e-09 -1.17692e-08 -2.57179e-08 3.82272e-09 -9.55392e-09 -1.25901e-09 2.29557e-08 -2.09002e-09 -2.64656e-09
894 0.9 370 0 -1.6456e-09 1.3668e-08 -2.03126e-09 3.79517e-09 -1.44706e-08 -2.53073e-08 2.84861e-09 -1.08247e-08 5.25842e-10 2.56114e-08 -2.1584e-09 -2.41777e-09
894 0.91 370 0 3.98699e-12 1.71775e-08 -1.25689e-09 5.35287e-09 -1.7404e-08 -2.4504e-08 1.52585e-09 -1.22204e-08 3.12126e-09 2.86365e-08 -2.21384e-09 -2.18087e-09
894 0.92 370 0 2.8207e-09 2.12055e-08 -4.11464e-12 7.09505e-09 -2.055e-08 -2.32118e-08 -2.78771e-10 -1.37433e-08 6.85955e-09 3.20432e-08 -2.25656e-09 -1.93438e-09
894 0.93 370 0 7.35552e-09 2.57187e-08 1.94227e-09 9.00546e-09 -2.38935e-08 -2.12748e-08 -2.78084e-09 -1.53693e-08 1.2277e-08 3.57796e-08 -2.28595e-09 -1.67517e-09
894 0.94 370 0 1.45349e-08 3.05031e-08 4.94564e-09 1.0997e-08 -2.73881e-08 -1.84585e-08 -6.34573e-09 -1.69983e-08 2.02778e-08 3.96065e-08 -2.30009e-09 -1.39709e-09
894 0.95 370 0 2.5953e-08 3.477e-08 9.6332e-09 1.27556e-08 -3.08972e-08 -1.43553e-08 -1.16067e-08 -1.82881e-08 3.24242e-08 4.26913e-08 -2.29227e-09 -1.08887e-09
894 0.96 370 0 4.42182e-08 3.58604e-08 1.70342e-08 1.32278e-08 -3.39598e-08 -8.25611e-09 -1.95947e-08 -1.81216e-08 5.12533e-08 4.22995e-08 -2.24092e-09 -7.31624e-10
894 0.97 370 0 7.15676e-08 2.52551e-08 2.80335e-08 9.04062e-09 -3.49012e-08 8.93708e-10 -3.11378e-08 -1.29696e-08 7.88072e-08 2.97842e-08 -2.07823e-09 -3.12024e-10
894 0.98 370 0 9.56088e-08 -1.60016e-08 3.77316e-08 -7.3208e-09 -2.88808e-08 1.20385e-08 -4.09482e-08 4.88445e-09 1.02135e-07 -1.37728e-08 -1.66327e-09 6.28773e-11
894 0.99 370 0 6.68694e-08 -7.3808e-08 2.65288e-08 -3.03202e-08 -1.44163e-08 1.45163e-08 -2.86901e-08 2.92856e-08 7.13681e-08 -7.32875e-08 -1.14549e-09 2.01466e-11
894 1 370 0 1.65393e-10 -7.96997e-08 6.35417e-11 -3.31227e-08 3.88281e-09 6.93097e-11 -6.73412e-11 3.34563e-08 1.86064e-10 -8.33429e-08 -1.39013e-09 -8.0747e-12
894 1.01 370 0 -2.44975e-10 -4.12476e-08 -1.0049e-10 -1.76518e-08 -1.18863e-08 3.67554e-11 1.0139e-10 1.58e-08 -2.27521e-10 -3.87363e-08 -8.91876e-10 -9.34936e-12
894 1.02 370 0 -2.83099e-10 -3.26709e-08 -1.15308e-10 -1.42734e-08 -1.26998e-08 6.00068e-11 1.13779e-10 1.21394e-08 -2.57504e-10 -2.92556e-08 -7.39031e-10 -9.67411e-12
894 1.03 370 0 -2.95452e-10 -2.8116e-08 -1.20016e-10 -1.24831e-08 -1.29168e-08 7.73838e-11 1.16131e-10 1.02099e-08 -2.63059e-10 -2.41422e-08 -6.07988e-10 -9.73978e-12
894 1.04 370 0 -3.01957e-10 -2.53379e-08 -1.22498e-10 -1.13915e-08 -1.29869e-08 9.20727e-11 1.16331e-10 9.0355e-09 -2.63202e-10 -2.09476e-08 -4.90896e-10 -9.79439e-12
894 1.05 370 0 -3.08222e-10 -2.35413e-08 -1.24987e-10 -1.0685e-08 -1.3033e-08 1.05959e-10 1.165e-10 8.2722e-09 -2.62956e-10 -1.88043e-08 -3.8388e-10 -9.933e-12
894 1.06 370 0 -3.14404e-10 -2.23635e-08 -1.2746e-10 -1.02207e-08 -1.31022e-08 1.1861e-10 1.16756e-10 7.76307e-09 -2.6286e-10 -1.73138e-08 -2.8444e-10 -1.00906e-11
894 1.07 370 0 -3.22232e-10 -2.16119e-08 -1.30637e-10 -9.92346e-09 -1.32143e-08 1.31308e-10 1.17665e-10 7.42517e-09 -2.64129e-10 -1.62639e-08 -1.90642e-10 -1.033e-11
894 1.08 370 0 -3.32711e-10 -2.11765e-08 -1.34942e-10 -9.75027e-09 -1.33797e-08 1.44954e-10 1.19532e-10 7.21093e-09 -2.67362e-10 -1.55312e-08 -1.00939e-10 -1.06953e-11
894 1.09 370 0 -3.44973e-10 -2.09935e-08 -1.39971e-10 -9.67642e-09 -1.36071e-08 1.58943e-10 1.2206e-10 7.09207e-09 -2.72043e-10 -1.50413e-08 -1.4039e-11 -1.1123e-11
894 1.1 370 0 -3.60245e-10 -2.10231e-08 -1.46252e-10 -9.68669e-09 -1.39029e-08 1.74305e-10 1.25624e-10 7.05087e-09 -2.7889e-10 -1.47464e-08 7.12756e-11 -1.16779e-11
894 1.11 370 0 -3.79571e-10 -2.12431e-08 -1.54227e-10 -9.77276e-09 -1.42742e-08 1.91946e-10 1.30519e-10 7.07673e-09 -2.88467e-10 -1.46165e-08 1.56191e-10 -1.24115e-11
894 1.12 370 0 -4.02509e-10 -2.16454e-08 -1.63679e-10 -9.93181e-09 -1.47312e-08 2.11524e-10 1.36594e-10 7.16432e-09 -3.00527e-10 -1.46345e-08 2.41885e-10 -1.32838e-11
894 1.13 370 0 -4.3063e-10 -2.223e-08 -1.75269e-10 -1.01644e-08 -1.52857e-08 2.34265e-10 1.44314e-10 7.31174e-09 -3.15973e-10 -1.47916e-08 3.29674e-10 -1.43723e-11
894 1.14 370 0 -4.65845e-10 -2.30065e-08 -1.89807e-10 -1.04749e-08 -1.59524e-08 2.61618e-10 1.54247e-10 7.52033e-09 -3.3591e-10 -1.50865e-08 4.21029e-10 -1.5772e-11
894 1.15 370 0 -5.08743e-10 -2.39963e-08 -2.07498e-10 -1.08723e-08 -1.67533e-08 2.93943e-10 1.66556e-10 7.7953e-09 -3.60726e-10 -1.55265e-08 5.17711e-10 -1.74862e-11
894 1.16 370 0 -5.62524e-10 -2.52308e-08 -2.29681e-10 -1.13699e-08 -1.77157e-08 3.33579e-10 1.82199e-10 8.14515e-09 -3.92309e-10 -1.61258e-08 6.21908e-10 -1.96675e-11
894 1.17 370 0 -6.31439e-10 -2.67572e-08 -2.58122e-10 -1.19874e-08 -1.88772e-08 3.83611e-10 2.02437e-10 8.58324e-09 -4.33158e-10 -1.69086e-08 7.36453e-10 -2.25111e-11
894 1.18 370 0 -7.19772e-10 -2.8646e-08 -2.94561e-10 -1.27539e-08 -2.02918e-08 4.46991e-10 2.28552e-10 9.12988e-09 -4.8589e-10 -1.7913e-08 8.65133e-10 -2.61897e-11
894 1.19 370 0 -8.37338e-10 -3.09978e-08 -3.43075e-10 -1.37114e-08 -2.20346e-08 5.3079e-10 2.63469e-10 9.81448e-09 -5.56291e-10 -1.91952e-08 1.01323e-09 -3.11612e-11
894 1.2 370 0 -9.96189e-10 -3.39664e-08 -4.08608e-10 -1.49232e-08 -2.42189e-08 6.43476e-10 3.10787e-10 1.06821e-08 -6.51596e-10 -2.08424e-08 1.18842e-09 -3.79466e-11
894 1.21 370 0 -1.22135e-09 -3.77862e-08 -5.0152e-10 -1.64864e-08 -2.70163e-08 8.02959e-10 3.77962e-10 1.18019e-08 -7.86585e-10 -2.29886e-08 1.40236e-09 -4.77045e-11
894 1.22 370 0 -1.55248e-09 -4.28425e-08 -6.38151e-10 -1.85601e-08 -3.07077e-08 1.03741e-09 4.76819e-10 1.32874e-08 -9.84822e-10 -2.58552e-08 1.67383e-09 -6.22194e-11
894 1.23 370 0 -2.07308e-09 -4.97993e-08 -8.52981e-10 -2.14189e-08 -3.57763e-08 1.40652e-09 6.32206e-10 1.53347e-08 -1.29556e-09 -2.98248e-08 2.03515e-09 -8.53401e-11
894 1.24 370 0 -2.96718e-09 -5.9912e-08 -1.222e-09 -2.55812e-08 -4.31349e-08 2.04213e-09 8.98834e-10 1.83144e-08 -1.82704e-09 -3.56216e-08 2.54716e-09 -1.25599e-10
894 1.25 370 0 -4.70443e-09 -7.58757e-08 -1.93908e-09 -3.21605e-08 -5.4742e-08 3.28122e-09 1.4162e-09 2.30226e-08 -2.85489e-09 -4.4801e-08 3.34019e-09 -2.04869e-10
894 1.26 370 0 -8.86854e-09 -1.04652e-07 -3.6582e-09 -4.40323e-08 -7.56561e-08 6.26372e-09 2.65406e-09 3.15151e-08 -5.30485e-09 -6.13811e-08 4.75093e-09 -3.97603e-10
894 1.27 370 0 -2.37277e-08 -1.71277e-07 -9.79368e-09 -7.15394e-08 -1.24074e-07 1.6957e-08 7.06176e-09 5.11859e-08 -1.39928e-08 -9.98117e-08 7.99031e-09 -1.09553e-09
894 1.28 370 0 -1.93174e-07 -4.57284e-07 -7.97744e-08 -1.89675e-07 -3.32056e-07 1.39595e-07 5.71918e-08 1.35623e-07 -1.12327e-07 -2.64728e-07 2.18636e-08 -9.18825e-09
894 1.29 370 0 -1.50734e-07 4.14736e-07 -6.22774e-08 1.70564e-07 3.01337e-07 1.10078e-07 4.44146e-08 -1.21991e-07 -8.64332e-08 2.3896e-07 -2.02337e-08 -7.39321e-09
894 1.3 370 0 -1.94421e-08 1.58221e-07 -8.03458e-09 6.46161e-08 1.15226e-07 1.43402e-08 5.70151e-09 -4.61744e-08 -1.09953e-08 9.06029e-08 -7.86737e-09 -9.82453e-10
894 1.31 370 0 -6.91322e-09 9.5344e-08 -2.85725e-09 3.86574e-08 6.95741e-08 5.14764e-09 2.01821e-09 -2.76022e-08 -3.85621e-09 5.42859e-08 -4.82053e-09 -3.59993e-10
894 1.32 370 0 -3.4283e-09 6.76146e-08 -1.41688e-09 2.72173e-08 4.94365e-08 2.57611e-09 9.9644e-10 -1.94163e-08 -1.88604e-09 3.82848e-08 -3.46904e-09 -1.83976e-10
894 1.33 370 0 -2.00911e-09 5.20563e-08 -8.30182e-10 2.08048e-08 3.81358e-08 1.52297e-09 5.81423e-10 -1.48268e-08 -1.09006e-09 2.93162e-08 -2.70546e-09 -1.11082e-10
894 1.34 370 0 -1.30086e-09 4.21119e-08 -5.37338e-10 1.67112e-08 3.09116e-08 9.94596e-10 3.74795e-10 -1.1896e-08 -6.95867e-10 2.35904e-08 -2.21349e-09 -7.40947e-11
894 1.35 370 0 -9.01063e-10 3.52134e-08 -3.72e-10 1.38755e-08 2.58992e-08 6.9474e-10 2.58428e-10 -9.86512e-09 -4.751e-10 1.96235e-08 -1.86923e-09 -5.28508e-11
894 1.36 370 0 -6.54886e-10 3.01501e-08 -2.70177e-10 1.17978e-08 2.22197e-08 5.09199e-10 1.86907e-10 -8.37654e-09 -3.40159e-10 1.6716e-08 -1.6142e-09 -3.9541e-11
894 1.37 370 0 -4.93324e-10 2.62775e-08 -2.03347e-10 1.02118e-08 1.94048e-08 3.86946e-10 1.40017e-10 -7.23975e-09 -2.52147e-10 1.44955e-08 -1.41727e-09 -3.06579e-11
894 1.38 370 0 -3.82428e-10 2.3221e-08 -1.5747e-10 8.96265e-09 1.71825e-08 3.02701e-10 1.07855e-10 -6.34414e-09 -1.92107e-10 1.27458e-08 -1.26032e-09 -2.44482e-11
894 1.39 370 0 -3.03304e-10 2.0748e-08 -1.24736e-10 7.95438e-09 1.5384e-08 2.42446e-10 8.48882e-11 -5.62097e-09 -1.4944e-10 1.13326e-08 -1.13209e-09 -1.99371e-11
894 1.4 370 0 -2.44983e-10 1.87065e-08 -1.00611e-10 7.12414e-09 1.38988e-08 1.98067e-10 6.78867e-11 -5.02531e-09 -1.17954e-10 1.0168e-08 -1.0252e-09 -1.65581e-11
894 1.41 370 0 -2.0105e-10 1.69932e-08 -8.2439e-11 6.42924e-09 1.26518e-08 1.64711e-10 5.49976e-11 -4.52666e-09 -9.41514e-11 9.19248e-09 -9.34642e-10 -1.39644e-11
894 1.42 370 0 -1.67174e-10 1.5535e-08 -6.84297e-11 5.83955e-09 1.15899e-08 1.39229e-10 4.49175e-11 -4.10346e-09 -7.5523e-11 8.36399e-09 -8.56853e-10 -1.19299e-11
894 1.43 370 0 -1.40508e-10 1.42792e-08 -5.74086e-11 5.33324e-09 1.06748e-08 1.19639e-10 3.67492e-11 -3.7401e-09 -6.03158e-11 7.65206e-09 -7.89254e-10 -1.03066e-11
894 1.44 370 0 -1.19238e-10 1.31866e-08 -4.86216e-11 4.89415e-09 9.87798e-09 1.0467e-10 2.9915e-11 -3.42508e-09 -4.74158e-11 7.03424e-09 -7.29932e-10 -8.9906e-12
894 1.45 370 0 -1.01965e-10 1.22276e-08 -4.14924e-11 4.50998e-09 9.17766e-09 9.36735e-11 2.38233e-11 -3.14964e-09 -3.5571e-11 6.49354e-09 -6.77422e-10 -7.91062e-12
894 1.46 370 0 -8.77079e-11 1.13791e-08 -3.56171e-11 4.17128e-09 8.55696e-09 8.66598e-11 1.78439e-11 -2.90714e-09 -2.33517e-11 6.01709e-09 -6.30588e-10 -7.01426e-12
894 1.47 370 0 -7.56842e-11 1.06232e-08 -3.0676e-11 3.87062e-09 8.00233e-09 8.49133e-11 1.08853e-11 -2.69249e-09 -8.08654e-12 5.59512e-09 -5.88529e-10 -6.26729e-12
894 1.48 370 0 -6.52012e-11 9.94559e-09 -2.63923e-11 3.60208e-09 7.50224e-09 9.33373e-11 2.36568e-13 -2.502e-09 1.71054e-11 5.22077e-09 -5.50505e-10 -5.64818e-12
894 1.49 370 0 -5.53244e-11 9.33466e-09 -2.24103e-11 3.36085e-09 7.04604e-09 1.33543e-10 -2.47332e-11 -2.33322e-09 7.95396e-11 4.89003e-09 -5.15849e-10 -5.16698e-12
894 1.5 370 0 -4.32301e-11 8.77977e-09 -1.77236e-11 3.14248e-09 6.65733e-09 3.79446e-10 -1.46956e-10 -2.16842e-09 3.92862e-10 4.55939e-09 -4.83667e-10 -5.05033e-12
894 1.51 370 0 -5.40582e-11 8.23306e-09 -2.32086e-11 2.92999e-09 7.28598e-09 -5.36416e-09 2.55996e-09 -1.53444e-09 -6.56925e-09 3.00681e-09 -4.58275e-10 -1.20353e-11
894 1.52 370 0 -5.33097e-11 7.81671e-09 -2.09945e-11 2.76684e-09 5.74458e-09 2.02111e-10 -6.10791e-11 -1.99816e-09 1.68955e-10 4.27639e-09 -4.32406e-10 -4.13871e-12
894 1.53 370 0 -4.42706e-11 7.39697e-09 -1.74053e-11 2.60356e-09 5.60723e-09 8.80834e-11 -1.29064e-11 -1.80008e-09 4.36668e-11 3.83551e-09 -4.07387e-10 -3.54796e-12
894 1.54 370 0 -3.88077e-11 7.00951e-09 -1.52174e-11 2.45358e-09 5.34971e-09 5.57171e-11 -1.03714e-12 -1.67967e-09 1.21299e-11 3.58781e-09 -3.84746e-10 -3.2142e-12
894 1.55 370 0 -3.46577e-11 6.65167e-09 -1.35458e-11 2.31569e-09 5.09491e-09 4.18004e-11 2.90544e-12 -1.57694e-09 1.13662e-12 3.37995e-09 -3.63903e-10 -2.94675e-12
894 1.56 370 0 -3.12565e-11 6.32039e-09 -1.21711e-11 2.18859e-09 4.85447e-09 3.40541e-11 4.38424e-12 -1.48436e-09 -3.41348e-12 3.19323e-09 -3.44602e-10 -2.71589e-12
894 1.57 370 0 -2.8372e-11 6.01289e-09 -1.10041e-11 2.07113e-09 4.62948e-09 2.90009e-11 4.90778e-12 -1.39961e-09 -5.42018e-12 3.02227e-09 -3.26668e-10 -2.51195e-12
894 1.58 370 0 -2.588e-11 5.72679e-09 -9.99528e-12 1.96232e-09 4.41919e-09 2.5348e-11 5.01407e-12 -1.32151e-09 -6.28211e-12 2.86446e-09 -3.09961e-10 -2.32996e-12
894 1.59 370 0 -2.36991e-11 5.45998e-09 -9.11319e-12 1.8613e-09 4.2225e-09 2.25215e-11 4.92687e-12 -1.24924e-09 -6.58358e-12 2.71813e-09 -2.94362e-10 -2.16689e-12
894 1.6 370 0 -2.17789e-11 5.21065e-09 -8.33691e-12 1.76731e-09 4.03825e-09 2.02576e-11 4.7386e-12 -1.18217e-09 -6.57284e-12 2.582e-09 -2.79771e-10 -2.01872e-12
894 1.61 370 0 -2.0075e-11 4.97719e-09 -7.64878e-12 1.67969e-09 3.86536e-09 1.83742e-11 4.50917e-12 -1.11979e-09 -6.41002e-12 2.45504e-09 -2.66099e-10 -1.88431e-12
894 1.62 370 0 -1.85541e-11 4.75818e-09 -7.0355e-12 1.59786e-09 3.70288e-09 1.67712e-11 4.26542e-12 -1.06165e-09 -6.1696e-12 2.33639e-09 -2.53269e-10 -1.76202e-12
894 1.63 370 0 -1.71923e-11 4.55238e-09 -6.48708e-12 1.52131e-09 3.54991e-09 1.53905e-11 4.01918e-12 -1.00736e-09 -5.88748e-12 2.22529e-09 -2.41211e-10 -1.65003e-12
894 1.64 370 0 -1.59662e-11 4.35868e-09 -5.99435e-12 1.44959e-09 3.40569e-09 1.41807e-11 3.78075e-12 -9.56589e-10 -5.59353e-12 2.12108e-09 -2.29865e-10 -1.54762e-12
894 1.65 370 0 -1.48593e-11 4.1761e-09 -5.55035e-12 1.38228e-09 3.2695e-09 1.31127e-11 3.5529e-12 -9.09039e-10 -5.29901e-12 2.02319e-09 -2.19175e-10 -1.45345e-12
894 1.66 370 0 -1.38572e-11 4.00374e-09 -5.1491e-12 1.31903e-09 3.14072e-09 1.21652e-11 3.33621e-12 -8.64442e-10 -5.00894e-12 1.9311e-09 -2.09092e-10 -1.36637e-12
894 1.67 370 0 -1.29461e-11 3.84083e-09 -4.78517e-12 1.25951e-09 3.01878e-09 1.1315e-11 3.13343e-12 -8.22561e-10 -4.73229e-12 1.84435e-09 -1.99571e-10 -1.28609e-12
894 1.68 370 0 -1.21161e-11 3.68665e-09 -4.45423e-12 1.20344e-09 2.90317e-09 1.05496e-11 2.94354e-12 -7.83183e-10 -4.4695e-12 1.76253e-09 -1.90573e-10 -1.2116e-12
894 1.69 370 0 -1.13578e-11 3.54056e-09 -4.15249e-12 1.15054e-09 2.79344e-09 9.85722e-12 2.76619e-12 -7.46117e-10 -4.22164e-12 1.68528e-09 -1.8206e-10 -1.14234e-12
894 1.7 370 0 -1.06634e-11 3.40199e-09 -3.87666e-12 1.10059e-09 2.68917e-09 9.22806e-12 2.60078e-12 -7.1119e-10 -3.98912e-12 1.61225e-09 -1.74e-10 -1.07773e-12
894 1.71 370 0 -1.00259e-11 3.27041e-09 -3.62384e-12 1.05337e-09 2.58999e-09 8.65425e-12 2.44648e-12 -6.78246e-10 -3.77153e-12 1.54314e-09 -1.66363e-10 -1.01728e-12
894 1.72 370 0 -9.43905e-12 3.14534e-09 -3.39161e-12 1.00869e-09 2.49554e-09 8.12887e-12 2.30272e-12 -6.47142e-10 -3.5684e-12 1.47769e-09 -1.59119e-10 -9.60703e-13
894 1.73 370 0 -8.89786e-12 3.02634e-09 -3.17773e-12 9.66363e-10 2.40552e-09 7.64652e-12 2.16844e-12 -6.1775e-10 -3.37888e-12 1.41563e-09 -1.52245e-10 -9.07407e-13
894 1.74 370 0 -8.39773e-12 2.91304e-09 -2.98007e-12 9.26239e-10 2.31965e-09 7.20202e-12 2.04292e-12 -5.89952e-10 -3.2027e-12 1.35675e-09 -1.45717e-10 -8.56931e-13
894 1.75 370 0 -7.93479e-12 2.80505e-09 -2.79674e-12 8.88167e-10 2.23766e-09 6.79131e-12 1.92524e-12 -5.63639e-10 -3.03917e-12 1.30084e-09 -1.39513e-10 -8.08724e-13
894 1.76 370 0 -7.50548e-12 2.70205e-09 -2.62435e-12 8.52012e-10 2.15932e-09 6.40905e-12 1.81322e-12 -5.38712e-10 -2.88976e-12 1.24769e-09 -1.33613e-10 -7.60016e-13
894 1.77 370 0 -7.05857e-12 2.60367e-09 -2.45103e-12 8.17626e-10 2.08427e-09 5.96995e-12 1.73028e-12 -5.15112e-10 -2.79479e-12 1.19724e-09 -1.28002e-10 -7.12177e-13
894 1.78 370 0 -6.67168e-12 2.50974e-09 -2.30324e-12 7.84938e-10 2.01253e-09 5.62306e-12 1.64026e-12 -4.92709e-10 -2.66607e-12 1.14916e-09 -1.22659e-10 -6.73703e-13
894 1.79 370 0 -6.31673e-12 2.41996e-09 -2.16799e-12 7.53829e-10 1.94385e-09 5.31203e-12 1.55323e-12 -4.71441e-10 -2.53801e-12 1.10337e-09 -1.1757e-10 -6.38013e-13
894 1.8 370 0 -5.9897e-12 2.33409e-09 -2.04351e-12 7.24203e-10 1.87804e-09 5.03026e-12 1.46978e-12 -4.51239e-10 -2.41335e-12 1.05973e-09 -1.12721e-10 -6.04443e-13
894 1.81 370 0 -5.6861e-12 2.25191e-09 -1.92824e-12 6.95971e-10 1.81495e-09 4.77104e-12 1.39084e-12 -4.3204e-10 -2.29442e-12 1.01811e-09 -1.08098e-10 -5.72894e-13
894 1.82 370 0 -5.40379e-12 2.17321e-09 -1.82125e-12 6.6905e-10 1.75442e-09 4.53174e-12 1.31622e-12 -4.13782e-10 -2.18144e-12 9.78401e-10 -1.03689e-10 -5.43118e-13
894 1.83 370 0 -5.14085e-12 2.0978e-09 -1.72174e-12 6.43364e-10 1.69632e-09 4.31016e-12 1.24578e-12 -3.96412e-10 -2.07442e-12 9.40495e-10 -9.94815e-11 -5.14986e-13
894 1.84 370 0 -4.89564e-12 2.02551e-09 -1.6291e-12 6.18844e-10 1.64052e-09 4.10454e-12 1.17938e-12 -3.79877e-10 -1.97319e-12 9.04292e-10 -9.54656e-11 -4.88448e-13
894 1.85 370 0 -4.66659e-12 1.95617e-09 -1.54268e-12 5.95423e-10 1.5869e-09 3.91318e-12 1.11684e-12 -3.6413e-10 -1.87763e-12 8.69697e-10 -9.16307e-11 -4.63397e-13
894 1.86 370 0 -4.45226e-12 1.88964e-09 -1.46191e-12 5.7304e-10 1.53535e-09 3.73456e-12 1.058e-12 -3.49125e-10 -1.78759e-12 8.36624e-10 -8.79674e-11 -4.39782e-13
894 1.87 370 0 -4.25153e-12 1.82576e-09 -1.38639e-12 5.51639e-10 1.48577e-09 3.56768e-12 1.00269e-12 -3.34822e-10 -1.70274e-12 8.04993e-10 -8.44668e-11 -4.17568e-13
894 1.88 370 0 -4.06322e-12 1.7644e-09 -1.31587e-12 5.31168e-10 1.43807e-09 3.41143e-12 9.50926e-13 -3.21182e-10 -1.62278e-12 7.74726e-10 -8.11207e-11 -3.96861e-13
894 1.89 370 0 -3.88551e-12 1.70544e-09 -1.25044e-12 5.11576e-10 1.39214e-09 3.26439e-12 9.02711e-13 -3.08169e-10 -1.5469e-12 7.45755e-10 -7.7921e-11 -3.7779e-13
894 1.9 370 0 -3.71771e-12 1.64877e-09 -1.18905e-12 4.92819e-10 1.34792e-09 3.12556e-12 8.57399e-13 -2.95749e-10 -1.47535e-12 7.18012e-10 -7.48605e-11 -3.59778e-13
894 1.91 370 0 -3.55921e-12 1.59426e-09 -1.13133e-12 4.74852e-10 1.30531e-09 2.99438e-12 8.14739e-13 -2.8389e-10 -1.40789e-12 6.91435e-10 -7.19321e-11 -3.42714e-13
894 1.92 370 0 -3.40935e-12 1.54183e-09 -1.07702e-12 4.57636e-10 1.26425e-09 2.87033e-12 7.74538e-13 -2.72564e-10 -1.34422e-12 6.65966e-10 -6.91293e-11 -3.26539e-13
894 1.93 370 0 -3.26756e-12 1.49137e-09 -1.02586e-12 4.41134e-10 1.22466e-09 2.75294e-12 7.3662e-13 -2.61741e-10 -1.28406e-12 6.4155e-10 -6.64461e-11 -3.11196e-13
894 1.94 370 0 -3.13327e-12 1.44279e-09 -9.77641e-13 4.25309e-10 1.18648e-09 2.64175e-12 7.00823e-13 -2.51396e-10 -1.22717e-12 6.18136e-10 -6.38766e-11 -2.9663e-13
894 1.95 370 0 -3.00602e-12 1.39601e-09 -9.32149e-13 4.10129e-10 1.14965e-09 2.53637e-12 6.66998e-13 -2.41506e-10 -1.17331e-12 5.95676e-10 -6.14154e-11 -2.8279e-13
894 1.96 370 0 -2.88533e-12 1.35094e-09 -8.89195e-13 3.95562e-10 1.11411e-09 2.43644e-12 6.35002e-13 -2.32046e-10 -1.12227e-12 5.74123e-10 -5.90573e-11 -2.69628e-13
894 1.97 370 0 -2.77082e-12 1.30752e-09 -8.486e-13 3.81578e-10 1.07981e-09 2.34162e-12 6.04701e-13 -2.22995e-10 -1.07385e-12 5.53436e-10 -5.67975e-11 -2.57091e-13
894 1.98 370 0 -2.66212e-12 1.26566e-09 -8.10199e-13 3.68151e-10 1.04669e-09 2.25165e-12 5.75955e-13 -2.14334e-10 -1.02787e-12 5.33574e-10 -5.46313e-11 -2.45123e-13
894 1.99 370 0 -2.55899e-12 1.22531e-09 -7.73824e-13 3.55254e-10 1.0147e-09 2.16636e-12 5.486e-13 -2.06042e-10 -9.84107e-13 5.14499e-10 -5.25545e-11 -2.33645e-13
894 2 370 0 -2.4616e-12 1.18639e-09 -7.39266e-13 3.42863e-10 9.83795e-10 2.08614e-12 5.22251e-13 -1.98102e-10 -9.42188e-13 4.96174e-10 -5.05626e-11 -2.22428e-13
