894 0 280 0 -2.19802e-08 8.7469e-09 2.03865e-08 -1.47153e-08 0 0 0 0 0 0 2.02182e-08 -2.97365e-08
894 0.01 280 0 -2.19779e-08 8.75745e-09 2.03786e-08 -1.47157e-08 3.97678e-11 -4.79045e-10 -1.52304e-10 5.42427e-11 -4.06762e-10 5.03476e-10 2.02065e-08 -2.97376e-08
894 0.02 280 0 -2.1971e-08 8.78914e-09 2.0355e-08 -1.47169e-08 7.84282e-11 -9.5753e-10 -3.04885e-10 1.08855e-10 -8.12448e-10 1.00733e-09 2.01713e-08 -2.97408e-08
894 0.03 280 0 -2.19595e-08 8.8418e-09 2.03156e-08 -1.4719e-08 1.14873e-10 -1.43489e-09 -4.58021e-10 1.64206e-10 -1.21598e-09 1.51195e-09 2.01128e-08 -2.9746e-08
894 0.04 280 0 -2.19431e-08 8.91544e-09 2.02605e-08 -1.47217e-08 1.48004e-10 -1.91056e-09 -6.11984e-10 2.20671e-10 -1.61628e-09 2.0177e-09 2.00307e-08 -2.97531e-08
894 0.05 280 0 -2.19212e-08 9.00986e-09 2.01891e-08 -1.47254e-08 1.76696e-10 -2.38395e-09 -7.67013e-10 2.78656e-10 -2.01227e-09 2.52494e-09 1.99257e-08 -2.97619e-08
894 0.06 280 0 -2.1894e-08 9.12508e-09 2.01026e-08 -1.47292e-08 1.99943e-10 -2.85446e-09 -9.23416e-10 3.38498e-10 -2.40285e-09 3.03399e-09 1.97965e-08 -2.97719e-08
894 0.07 280 0 -2.18609e-08 9.26095e-09 2.00005e-08 -1.47333e-08 2.16649e-10 -3.32147e-09 -1.08142e-09 4.00615e-10 -2.78691e-09 3.54519e-09 1.96436e-08 -2.97829e-08
894 0.08 280 0 -2.18212e-08 9.41733e-09 1.98829e-08 -1.47376e-08 2.25777e-10 -3.78432e-09 -1.24128e-09 4.65414e-10 -3.16336e-09 4.05882e-09 1.94668e-08 -2.97945e-08
894 0.09 280 0 -2.17745e-08 9.59386e-09 1.97498e-08 -1.47417e-08 2.26316e-10 -4.24234e-09 -1.4032e-09 5.33308e-10 -3.53108e-09 4.57514e-09 1.92661e-08 -2.98062e-08
894 0.1 280 0 -2.17193e-08 9.79089e-09 1.96011e-08 -1.4746e-08 2.17328e-10 -4.69481e-09 -1.56739e-09 6.04868e-10 -3.88892e-09 5.09441e-09 1.90408e-08 -2.98173e-08
894 0.11 280 0 -2.16563e-08 1.00071e-08 1.94373e-08 -1.47491e-08 1.9777e-10 -5.141e-09 -1.73406e-09 6.80281e-10 -4.23576e-09 5.61672e-09 1.87918e-08 -2.98273e-08
894 0.12 280 0 -2.15839e-08 1.02425e-08 1.92582e-08 -1.47512e-08 1.6676e-10 -5.5801e-09 -1.90338e-09 7.6013e-10 -4.57042e-09 6.14223e-09 1.85183e-08 -2.98355e-08
894 0.13 280 0 -2.15011e-08 1.04966e-08 1.90633e-08 -1.47524e-08 1.23348e-10 -6.0113e-09 -2.07541e-09 8.44956e-10 -4.89177e-09 6.67101e-09 1.8221e-08 -2.9841e-08
894 0.14 280 0 -2.14072e-08 1.07695e-08 1.88542e-08 -1.47515e-08 6.68763e-11 -6.43369e-09 -2.25042e-09 9.35136e-10 -5.19858e-09 7.20312e-09 1.78983e-08 -2.98431e-08
894 0.15 280 0 -2.13005e-08 1.10606e-08 1.86299e-08 -1.47491e-08 -3.45245e-12 -6.84641e-09 -2.42842e-09 1.03142e-09 -5.48971e-09 7.73859e-09 1.75506e-08 -2.98405e-08
894 0.16 280 0 -2.11812e-08 1.13684e-08 1.83912e-08 -1.47437e-08 -8.84834e-11 -7.24845e-09 -2.6095e-09 1.13397e-09 -5.76392e-09 8.27712e-09 1.71783e-08 -2.98326e-08
894 0.17 280 0 -2.10471e-08 1.16927e-08 1.81372e-08 -1.47356e-08 -1.88897e-10 -7.63878e-09 -2.79354e-09 1.24361e-09 -6.02004e-09 8.81859e-09 1.67815e-08 -2.9818e-08
894 0.18 280 0 -2.08976e-08 1.2033e-08 1.78696e-08 -1.47238e-08 -3.05072e-10 -8.01633e-09 -2.98077e-09 1.36074e-09 -6.25681e-09 9.36278e-09 1.63592e-08 -2.97957e-08
894 0.19 280 0 -2.07303e-08 1.23886e-08 1.75876e-08 -1.47085e-08 -4.3751e-10 -8.37998e-09 -3.17095e-09 1.48625e-09 -6.47302e-09 9.90944e-09 1.59111e-08 -2.97641e-08
894 0.2 280 0 -2.05455e-08 1.27578e-08 1.72918e-08 -1.46882e-08 -5.86795e-10 -8.72855e-09 -3.36407e-09 1.62028e-09 -6.66745e-09 1.04579e-08 1.54384e-08 -2.97222e-08
894 0.21 280 0 -2.03402e-08 1.314e-08 1.69816e-08 -1.46638e-08 -7.53273e-10 -9.06085e-09 -3.55977e-09 1.76403e-09 -6.83891e-09 1.10078e-08 1.49407e-08 -2.96682e-08
894 0.22 280 0 -2.01146e-08 1.35335e-08 1.66588e-08 -1.46328e-08 -9.36955e-10 -9.37556e-09 -3.75812e-09 1.91741e-09 -6.98614e-09 1.15583e-08 1.44177e-08 -2.96008e-08
894 0.23 280 0 -1.98667e-08 1.39373e-08 1.63228e-08 -1.45955e-08 -1.13812e-09 -9.67141e-09 -3.95873e-09 2.08136e-09 -7.10799e-09 1.21087e-08 1.38699e-08 -2.9518e-08
894 0.24 280 0 -1.9594e-08 1.435e-08 1.5973e-08 -1.45523e-08 -1.35678e-09 -9.94702e-09 -4.16102e-09 2.257e-09 -7.20325e-09 1.26583e-08 1.32974e-08 -2.94182e-08
894 0.25 280 0 -1.92968e-08 1.47698e-08 1.56118e-08 -1.45005e-08 -1.59264e-09 -1.02009e-08 -4.36497e-09 2.4441e-09 -7.27076e-09 1.32059e-08 1.27004e-08 -2.92996e-08
894 0.26 280 0 -1.8972e-08 1.5195e-08 1.52374e-08 -1.44414e-08 -1.84568e-09 -1.04319e-08 -4.56972e-09 2.64418e-09 -7.30941e-09 1.37506e-08 1.20794e-08 -2.91601e-08
894 0.27 280 0 -1.86201e-08 1.56234e-08 1.48522e-08 -1.43723e-08 -2.11526e-09 -1.06382e-08 -4.77509e-09 2.85691e-09 -7.31814e-09 1.42908e-08 1.14347e-08 -2.89977e-08
894 0.28 280 0 -1.82377e-08 1.60532e-08 1.44548e-08 -1.42944e-08 -2.40109e-09 -1.08187e-08 -4.98001e-09 3.08386e-09 -7.29591e-09 1.48254e-08 1.07672e-08 -2.88101e-08
894 0.29 280 0 -1.78255e-08 1.64817e-08 1.40473e-08 -1.4205e-08 -2.70228e-09 -1.09717e-08 -5.18425e-09 3.32462e-09 -7.24176e-09 1.53527e-08 1.00775e-08 -2.85952e-08
894 0.3 280 0 -1.73804e-08 1.69068e-08 1.36286e-08 -1.41052e-08 -3.01811e-09 -1.10959e-08 -5.3864e-09 3.58075e-09 -7.1548e-09 1.58712e-08 9.36636e-09 -2.83504e-08
894 0.31 280 0 -1.69046e-08 1.73276e-08 1.31998e-08 -1.39913e-08 -3.3481e-09 -1.11891e-08 -5.58623e-09 3.85169e-09 -7.03413e-09 1.63793e-08 8.63479e-09 -2.80741e-08
894 0.32 280 0 -1.63903e-08 1.77419e-08 1.27592e-08 -1.38568e-08 -3.69026e-09 -1.12469e-08 -5.78101e-09 4.13782e-09 -6.877e-09 1.68725e-08 7.88043e-09 -2.77562e-08
894 0.33 280 0 -1.58404e-08 1.81456e-08 1.2311e-08 -1.37063e-08 -4.04308e-09 -1.12706e-08 -5.9712e-09 4.43961e-09 -6.68448e-09 1.73507e-08 7.10758e-09 -2.73999e-08
894 0.34 280 0 -1.52554e-08 1.85311e-08 1.18557e-08 -1.35442e-08 -4.40539e-09 -1.12614e-08 -6.15573e-09 4.75798e-09 -6.45753e-09 1.78121e-08 6.32147e-09 -2.70058e-08
894 0.35 280 0 -1.46334e-08 1.88973e-08 1.13943e-08 -1.33674e-08 -4.77484e-09 -1.12168e-08 -6.33332e-09 5.09328e-09 -6.19502e-09 1.82541e-08 5.52081e-09 -2.65694e-08
894 0.36 280 0 -1.39739e-08 1.92406e-08 1.09259e-08 -1.31736e-08 -5.15019e-09 -1.11352e-08 -6.50205e-09 5.44539e-09 -5.89663e-09 1.86739e-08 4.70865e-09 -2.6087e-08
894 0.37 280 0 -1.32777e-08 1.9557e-08 1.04525e-08 -1.2961e-08 -5.5292e-09 -1.10155e-08 -6.66095e-09 5.81375e-09 -5.56247e-09 1.90684e-08 3.88746e-09 -2.55562e-08
894 0.38 280 0 -1.25439e-08 1.98419e-08 9.97536e-09 -1.27305e-08 -5.90896e-09 -1.08577e-08 -6.80847e-09 6.1989e-09 -5.19292e-09 1.94355e-08 3.05878e-09 -2.49742e-08
894 0.39 280 0 -1.17729e-08 2.00914e-08 9.49406e-09 -1.24798e-08 -6.28771e-09 -1.06603e-08 -6.94252e-09 6.60038e-09 -4.78822e-09 1.97716e-08 2.22648e-09 -2.43378e-08
894 0.4 280 0 -1.09657e-08 2.0301e-08 9.01041e-09 -1.22074e-08 -6.66273e-09 -1.04228e-08 -7.06185e-09 7.01745e-09 -4.34906e-09 2.00736e-08 1.39363e-09 -2.3644e-08
894 0.41 280 0 -1.0123e-08 2.04661e-08 8.52566e-09 -1.19118e-08 -7.031e-09 -1.01448e-08 -7.16459e-09 7.4494e-09 -3.87636e-09 2.03382e-08 5.63557e-10 -2.28898e-08
894 0.42 280 0 -9.24743e-09 2.05819e-08 8.0421e-09 -1.15911e-08 -7.38953e-09 -9.82601e-09 -7.24973e-09 7.8947e-09 -3.37151e-09 2.05619e-08 -2.59393e-10 -2.20728e-08
894 0.43 280 0 -8.33884e-09 2.06432e-08 7.55916e-09 -1.12455e-08 -7.73564e-09 -9.46694e-09 -7.31438e-09 8.35341e-09 -2.83573e-09 2.07416e-08 -1.07117e-09 -2.11898e-08
894 0.44 280 0 -7.40053e-09 2.0645e-08 7.07943e-09 -1.08727e-08 -8.06604e-09 -9.06784e-09 -7.35742e-09 8.82347e-09 -2.27104e-09 2.08736e-08 -1.86674e-09 -2.02384e-08
894 0.45 280 0 -6.43645e-09 2.05836e-08 6.6039e-09 -1.04713e-08 -8.37808e-09 -8.6291e-09 -7.37715e-09 9.30349e-09 -1.6797e-09 2.0955e-08 -2.64111e-09 -1.92171e-08
894 0.46 280 0 -5.44714e-09 2.04505e-08 6.13616e-09 -1.00395e-08 -8.66713e-09 -8.1522e-09 -7.37203e-09 9.79097e-09 -1.06407e-09 2.09805e-08 -3.38835e-09 -1.81216e-08
894 0.47 280 0 -4.43717e-09 2.02417e-08 5.67724e-09 -9.57588e-09 -8.93056e-09 -7.63849e-09 -7.34027e-09 1.0284e-08 -4.26868e-10 2.09473e-08 -4.1029e-09 -1.69502e-08
894 0.48 280 0 -3.41246e-09 1.9952e-08 5.23011e-09 -9.07848e-09 -9.16513e-09 -7.08922e-09 -7.28122e-09 1.07796e-08 2.27844e-10 2.08515e-08 -4.77699e-09 -1.57022e-08
894 0.49 280 0 -2.37719e-09 1.9576e-08 4.79719e-09 -8.54574e-09 -9.36742e-09 -6.50661e-09 -7.1934e-09 1.1275e-08 8.96617e-10 2.06893e-08 -5.40418e-09 -1.43757e-08
894 0.5 280 0 -1.33711e-09 1.91067e-08 4.38103e-09 -7.9771e-09 -9.53453e-09 -5.8946e-09 -7.07555e-09 1.17671e-08 1.57504e-09 2.04574e-08 -5.97688e-09 -1.29692e-08
894 0.51 280 0 -2.98352e-10 1.854e-08 3.98508e-09 -7.36834e-09 -9.66323e-09 -5.25422e-09 -6.92712e-09 1.22515e-08 2.25893e-09 2.01512e-08 -6.48716e-09 -1.14812e-08
894 0.52 280 0 7.31615e-10 1.78717e-08 3.61278e-09 -6.71935e-09 -9.75078e-09 -4.5888e-09 -6.74803e-09 1.27253e-08 2.94235e-09 1.9768e-08 -6.92564e-09 -9.91329e-09
894 0.53 280 0 1.74467e-09 1.70988e-08 3.27021e-09 -6.02725e-09 -9.79354e-09 -3.90045e-09 -6.54036e-09 1.31839e-08 3.6197e-09 1.93049e-08 -7.28343e-09 -8.26647e-09
894 0.54 280 0 2.73273e-09 1.62143e-08 2.96052e-09 -5.29076e-09 -9.78955e-09 -3.19465e-09 -6.30317e-09 1.36226e-08 4.28487e-09 1.87579e-08 -7.55128e-09 -6.54021e-09
894 0.55 280 0 3.68598e-09 1.52174e-08 2.68819e-09 -4.5074e-09 -9.73721e-09 -2.47348e-09 -6.03796e-09 1.4037e-08 4.93121e-09 1.81249e-08 -7.71862e-09 -4.73732e-09
894 0.56 280 0 4.59482e-09 1.41004e-08 2.46177e-09 -3.6771e-09 -9.63279e-09 -1.74394e-09 -5.74828e-09 1.44216e-08 5.55037e-09 1.74023e-08 -7.77437e-09 -2.85992e-09
894 0.57 280 0 5.44802e-09 1.28618e-08 2.28591e-09 -2.79812e-09 -9.47599e-09 -1.00981e-09 -5.43593e-09 1.47716e-08 6.13451e-09 1.65881e-08 -7.70696e-09 -9.11812e-10
894 0.58 280 0 6.2334e-09 1.14997e-08 2.16944e-09 -1.86862e-09 -9.26437e-09 -2.75526e-10 -5.10578e-09 1.50813e-08 6.67487e-09 1.56801e-08 -7.50544e-09 1.10257e-09
894 0.59 280 0 6.93789e-09 1.00104e-08 2.1189e-09 -8.8858e-10 -8.99861e-09 4.52341e-10 -4.7613e-09 1.53453e-08 7.16174e-09 1.46762e-08 -7.15702e-09 3.17789e-09
894 0.6 280 0 7.54777e-09 8.39557e-09 2.14571e-09 1.42829e-10 -8.67669e-09 1.17031e-09 -4.41072e-09 1.55587e-08 7.58473e-09 1.35761e-08 -6.64878e-09 5.30634e-09
894 0.61 280 0 8.04839e-09 6.65335e-09 2.25845e-09 1.22471e-09 -8.2999e-09 1.87131e-09 -4.05948e-09 1.57162e-08 7.93256e-09 1.23787e-08 -5.96744e-09 7.47997e-09
894 0.62 280 0 8.42367e-09 4.78478e-09 2.46937e-09 2.35656e-09 -7.86823e-09 2.55034e-09 -3.71694e-09 1.5813e-08 8.19326e-09 1.10836e-08 -5.09977e-09 9.6891e-09
894 0.63 280 0 8.65582e-09 2.79244e-09 2.79003e-09 3.53674e-09 -7.38317e-09 3.20166e-09 -3.39215e-09 1.58446e-08 8.35386e-09 9.69167e-09 -4.03328e-09 1.19219e-08
894 0.64 280 0 8.72748e-09 6.77447e-10 3.23625e-09 4.75996e-09 -6.84622e-09 3.81775e-09 -3.09886e-09 1.58079e-08 8.39939e-09 8.20468e-09 -2.75158e-09 1.41644e-08
894 0.65 280 0 8.618e-09 -1.55571e-09 3.82183e-09 6.02207e-09 -6.26016e-09 4.39227e-09 -2.84898e-09 1.56999e-08 8.31463e-09 6.62468e-09 -1.24287e-09 1.64011e-08
894 0.66 280 0 8.30732e-09 -3.89942e-09 4.56421e-09 7.31688e-09 -5.62749e-09 4.92074e-09 -2.65845e-09 1.55198e-08 8.08331e-09 4.95562e-09 5.07392e-10 1.86139e-08
894 0.67 280 0 7.77373e-09 -6.34526e-09 5.481e-09 8.63473e-09 -4.95294e-09 5.3967e-09 -2.54416e-09 1.52682e-08 7.68748e-09 3.20367e-09 2.51348e-09 2.07814e-08
894 0.68 280 0 6.99255e-09 -8.88345e-09 6.59238e-09 9.96474e-09 -4.23898e-09 5.81439e-09 -2.52562e-09 1.49474e-08 7.10754e-09 1.37428e-09 4.78599e-09 2.28807e-08
894 0.69 280 0 5.93905e-09 -1.15014e-08 7.91846e-09 1.12917e-08 -3.49213e-09 6.1675e-09 -2.62324e-09 1.45627e-08 6.32264e-09 -5.23456e-10 7.33715e-09 2.48846e-08
894 0.7 280 0 4.58796e-09 -1.41795e-08 9.48202e-09 1.25978e-08 -2.71671e-09 6.45362e-09 -2.86061e-09 1.41229e-08 5.31099e-09 -2.47692e-09 1.01781e-08 2.6763e-08
894 0.71 280 0 2.9103e-09 -1.69024e-08 1.13066e-08 1.38577e-08 -1.9203e-09 6.66357e-09 -3.26385e-09 1.36406e-08 4.04717e-09 -4.47275e-09 1.33175e-08 2.84819e-08
894 0.72 280 0 8.76702e-10 -1.96446e-08 1.34159e-08 1.5044e-08 -1.10874e-09 6.79425e-09 -3.85904e-09 1.3133e-08 2.50565e-09 -6.49362e-09 1.67599e-08 3.00035e-08
894 0.73 280 0 -1.54281e-09 -2.23769e-08 1.58341e-08 1.61214e-08 -2.89848e-10 6.84156e-09 -4.6746e-09 1.26233e-08 6.589e-10 -8.51718e-09 2.05089e-08 3.12859e-08
894 0.74 280 0 -4.38012e-09 -2.50655e-08 1.85845e-08 1.7048e-08 5.26775e-10 6.80078e-09 -5.73898e-09 1.21407e-08 -1.52251e-09 -1.05164e-08 2.45626e-08 3.22823e-08
894 0.75 280 0 -7.66966e-09 -2.76724e-08 2.16852e-08 1.77745e-08 1.32982e-09 6.673e-09 -7.07814e-09 1.17202e-08 -4.06895e-09 -1.24619e-08 2.89128e-08 3.29463e-08
894 0.76 280 0 -1.14489e-08 -3.01534e-08 2.51218e-08 1.82079e-08 2.09786e-09 6.46478e-09 -8.69723e-09 1.14406e-08 -7.01018e-09 -1.43164e-08 3.35464e-08 3.32331e-08
894 0.77 280 0 -1.57349e-08 -3.24314e-08 2.89534e-08 1.83075e-08 2.84837e-09 6.15234e-09 -1.06519e-08 1.13388e-08 -1.03792e-08 -1.60195e-08 3.84496e-08 3.30654e-08
894 0.78 280 0 -2.05633e-08 -3.44463e-08 3.31788e-08 1.79952e-08 3.56341e-09 5.74078e-09 -1.29546e-08 1.14764e-08 -1.42091e-08 -1.75199e-08 4.35901e-08 3.23855e-08
894 0.79 280 0 -2.59627e-08 -3.61201e-08 3.77922e-08 1.71741e-08 4.23172e-09 5.22898e-09 -1.56155e-08 1.19373e-08 -1.85311e-08 -1.87502e-08 4.8926e-08 3.11293e-08
894 0.8 280 0 -3.19582e-08 -3.73626e-08 4.27768e-08 1.57371e-08 4.83824e-09 4.61464e-09 -1.86359e-08 1.28152e-08 -2.33755e-08 -1.9629e-08 5.44048e-08 2.92308e-08
894 0.81 280 0 -3.85677e-08 -3.80636e-08 4.80979e-08 1.35635e-08 5.37681e-09 3.89815e-09 -2.20013e-08 1.42214e-08 -2.87677e-08 -2.00605e-08 5.99552e-08 2.66245e-08
894 0.82 280 0 -4.58041e-08 -3.8104e-08 5.36973e-08 1.0517e-08 5.82646e-09 3.07444e-09 -2.56794e-08 1.62812e-08 -3.47289e-08 -1.99303e-08 6.54937e-08 2.32472e-08
894 0.83 280 0 -5.36681e-08 -3.73397e-08 5.94866e-08 6.45553e-09 6.17388e-09 2.14238e-09 -2.96087e-08 1.91301e-08 -4.12717e-08 -1.91044e-08 7.09155e-08 1.90436e-08
894 0.84 280 0 -6.21474e-08 -3.5606e-08 6.53412e-08 1.23035e-09 6.4086e-09 1.09992e-09 -3.3694e-08 2.29136e-08 -4.83987e-08 -1.74267e-08 7.60956e-08 1.39677e-08
894 0.85 280 0 -7.12358e-08 -3.27246e-08 7.10869e-08 -5.32371e-09 6.455e-09 -6.21954e-11 -3.78056e-08 2.7794e-08 -5.61029e-08 -1.47066e-08 8.08967e-08 7.99168e-09
894 0.86 280 0 -8.08644e-08 -2.84545e-08 7.64985e-08 -1.3353e-08 6.32172e-09 -1.33784e-09 -4.17466e-08 3.39305e-08 -6.43378e-08 -1.07218e-08 8.51489e-08 1.10996e-09
894 0.87 280 0 -9.09549e-08 -2.25367e-08 8.12869e-08 -2.29884e-08 5.96934e-09 -2.73153e-09 -4.52661e-08 4.14674e-08 -7.30392e-08 -5.21027e-09 8.86716e-08 -6.65564e-09
894 0.88 280 0 -1.01392e-07 -1.46575e-08 8.50908e-08 -3.43198e-08 5.35373e-09 -4.24585e-09 -4.80384e-08 5.05145e-08 -8.21063e-08 2.14437e-09 9.12706e-08 -1.52466e-08
894 0.89 280 0 -1.12015e-07 -4.43379e-09 8.74705e-08 -4.73765e-08 4.41317e-09 -5.88414e-09 -4.96584e-08 6.11275e-08 -9.13886e-08 1.17321e-08 9.27447e-08 -2.45625e-08
894 0.9 280 0 -1.22593e-07 8.62272e-09 8.79048e-08 -6.20916e-08 3.06143e-09 -7.64774e-09 -4.96365e-08 7.3271e-08 -1.00662e-07 2.4051e-08 9.28934e-08 -3.44548e-08
894 0.91 280 0 -1.32784e-07 2.5169e-08 8.57969e-08 -7.82521e-08 1.17533e-09 -9.53171e-09 -4.74029e-08 8.67657e-08 -1.09587e-07 3.97668e-08 9.15267e-08 -4.47223e-08
894 0.92 280 0 -1.42046e-07 4.61283e-08 8.04969e-08 -9.54346e-08 -1.43878e-09 -1.15114e-08 -4.23339e-08 1.01223e-07 -1.17608e-07 5.98124e-08 8.84754e-08 -5.51099e-08
894 0.93 280 0 -1.49414e-07 7.28885e-08 7.13747e-08 -1.12886e-07 -5.07789e-09 -1.35135e-08 -3.38275e-08 1.15915e-07 -1.23737e-07 8.55699e-08 8.36004e-08 -6.5304e-08
894 0.94 280 0 -1.52961e-07 1.07591e-07 5.8017e-08 -1.29371e-07 -1.02318e-08 -1.533e-08 -2.15204e-08 1.29617e-07 -1.2601e-07 1.1915e-07 7.67992e-08 -7.49304e-08
894 0.95 280 0 -1.48342e-07 1.53474e-07 4.08029e-08 -1.4299e-07 -1.77098e-08 -1.6374e-08 -5.90933e-09 1.40429e-07 -1.2004e-07 1.63698e-07 6.80093e-08 -8.35337e-08
894 0.96 280 0 -1.24811e-07 2.14195e-07 2.25548e-08 -1.51523e-07 -2.87195e-08 -1.49279e-08 9.88384e-09 1.46171e-07 -9.50787e-08 2.22655e-07 5.72245e-08 -9.05161e-08
894 0.97 280 0 -5.58348e-08 2.85152e-07 1.23767e-08 -1.56785e-07 -4.37454e-08 -6.05235e-09 1.60812e-08 1.49098e-07 -2.48878e-08 2.90984e-07 4.46422e-08 -9.49766e-08
894 0.98 280 0 9.60892e-08 3.08317e-07 2.05428e-08 -1.87337e-07 -5.42327e-08 1.96986e-08 1.99063e-09 1.79931e-07 1.26716e-07 3.10565e-07 3.14065e-08 -9.57986e-08
894 0.99 280 0 2.31326e-07 1.63543e-07 -2.85307e-08 -3.03087e-07 -3.39928e-08 5.01401e-08 4.77069e-08 3.01123e-07 2.59265e-07 1.64127e-07 1.95168e-08 -9.41208e-08
894 1 280 0 1.59463e-07 2.97917e-09 -5.92732e-06 -2.14407e-07 -3.82965e-11 4.63663e-08 5.95316e-06 2.1431e-07 1.90633e-07 2.88065e-09 -7.19585e-11 -9.89966e-08
894 1.01 280 0 9.22788e-08 1.49547e-09 -1.88059e-07 1.70748e-09 2.21842e-10 3.01744e-08 2.10669e-07 -1.81321e-09 1.18888e-07 1.32675e-09 -2.58257e-10 -7.47928e-08
894 1.02 280 0 6.49763e-08 1.05669e-09 -1.35027e-07 1.37792e-09 2.61315e-10 2.60303e-08 1.57579e-07 -1.47565e-09 9.11141e-08 8.74147e-10 -2.81178e-10 -6.83133e-08
894 1.03 280 0 4.85398e-08 8.44146e-10 -1.10064e-07 1.20015e-09 2.81902e-10 2.4027e-08 1.32497e-07 -1.2962e-09 7.45104e-08 6.47924e-10 -2.99051e-10 -6.40304e-08
894 1.04 280 0 3.72088e-08 7.2446e-10 -9.51917e-08 1.0906e-09 2.97965e-10 2.3015e-08 1.1749e-07 -1.18784e-09 6.32092e-08 5.13808e-10 -3.15533e-10 -6.09314e-08
894 1.05 280 0 2.87482e-08 6.52673e-10 -8.53429e-08 1.02002e-09 3.14107e-10 2.25779e-08 1.07518e-07 -1.12018e-09 5.49339e-08 4.25978e-10 -3.32364e-10 -5.86102e-08
894 1.06 280 0 2.20665e-08 6.0935e-10 -7.84481e-08 9.74301e-10 3.30462e-10 2.25269e-08 1.00523e-07 -1.0786e-09 4.85756e-08 3.65691e-10 -3.49958e-10 -5.68577e-08
894 1.07 280 0 1.65547e-08 5.84736e-10 -7.34852e-08 9.46896e-10 3.48822e-10 2.27634e-08 9.54911e-08 -1.05644e-09 4.35169e-08 3.22172e-10 -3.69337e-10 -5.55525e-08
894 1.08 280 0 1.184e-08 5.73882e-10 -6.9888e-08 9.34432e-10 3.70452e-10 2.32349e-08 9.18634e-08 -1.05039e-09 3.93839e-08 2.89562e-10 -3.91408e-10 -5.462e-08
894 1.09 280 0 7.6759e-09 5.73641e-10 -6.73213e-08 9.34028e-10 3.94696e-10 2.39162e-08 8.93093e-08 -1.05755e-09 3.59359e-08 2.65205e-10 -4.16301e-10 -5.40149e-08
894 1.1 280 0 3.88973e-09 5.82794e-10 -6.55762e-08 9.4538e-10 4.2313e-10 2.47964e-08 8.76256e-08 -1.07787e-09 3.3009e-08 2.46561e-10 -4.45199e-10 -5.37103e-08
894 1.11 280 0 3.52238e-10 6.01171e-10 -6.45227e-08 9.68919e-10 4.57283e-10 2.5877e-08 8.66883e-08 -1.11211e-09 3.04882e-08 2.32101e-10 -4.79369e-10 -5.36941e-08
894 1.12 280 0 -3.0411e-09 6.28393e-10 -6.40842e-08 1.00432e-09 4.97059e-10 2.71712e-08 8.64285e-08 -1.16016e-09 2.82903e-08 2.21402e-10 -5.19387e-10 -5.39672e-08
894 1.13 280 0 -6.37969e-09 6.6568e-10 -6.42213e-08 1.05362e-09 5.4475e-10 2.87009e-08 8.68163e-08 -1.22464e-09 2.63526e-08 2.13617e-10 -5.67234e-10 -5.45416e-08
894 1.14 280 0 -9.7467e-09 7.15174e-10 -6.49256e-08 1.12002e-09 6.03287e-10 3.04984e-08 8.78555e-08 -1.30951e-09 2.46271e-08 2.08206e-10 -6.25557e-10 -5.54413e-08
894 1.15 280 0 -1.32286e-08 7.78563e-10 -6.62213e-08 1.2058e-09 6.74175e-10 3.26125e-08 8.95862e-08 -1.4178e-09 2.30765e-08 2.05346e-10 -6.96462e-10 -5.67065e-08
894 1.16 280 0 -1.69192e-08 8.60216e-10 -6.81619e-08 1.31712e-09 7.62431e-10 3.51078e-08 9.20832e-08 -1.55713e-09 2.16706e-08 2.0479e-10 -7.84645e-10 -5.83951e-08
894 1.17 280 0 -2.09303e-08 9.6653e-10 -7.08402e-08 1.46279e-09 8.74929e-10 3.80741e-08 9.54682e-08 -1.73832e-09 2.03844e-08 2.06558e-10 -8.96674e-10 -6.05904e-08
894 1.18 280 0 -2.54057e-08 1.10516e-09 -7.44028e-08 1.65332e-09 1.01921e-09 4.16398e-08 9.99279e-08 -1.97452e-09 1.91967e-08 2.11202e-10 -1.04057e-09 -6.34135e-08
894 1.19 280 0 -3.05367e-08 1.29124e-09 -7.90683e-08 1.90944e-09 1.21121e-09 4.59857e-08 1.05738e-07 -2.29122e-09 1.80881e-08 2.1906e-10 -1.23158e-09 -6.70385e-08
894 1.2 280 0 -3.65991e-08 1.54532e-09 -8.51747e-08 2.25923e-09 1.47155e-09 5.13833e-08 1.13321e-07 -2.72322e-09 1.70402e-08 2.31344e-10 -1.49071e-09 -7.1728e-08
894 1.21 280 0 -4.40034e-08 1.90755e-09 -9.32451e-08 2.75744e-09 1.84175e-09 5.82453e-08 1.2333e-07 -3.33806e-09 1.60331e-08 2.49468e-10 -1.8584e-09 -7.78843e-08
894 1.22 280 0 -5.34108e-08 2.44422e-09 -1.04141e-07 3.49428e-09 2.38919e-09 6.72457e-08 1.36838e-07 -4.2474e-09 1.50432e-08 2.76589e-10 -2.40188e-09 -8.61658e-08
894 1.23 280 0 -6.59519e-08 3.29287e-09 -1.19356e-07 4.65643e-09 3.25492e-09 7.95452e-08 1.55699e-07 -5.68204e-09 1.40369e-08 3.18104e-10 -3.2601e-09 -9.77091e-08
894 1.24 280 0 -8.37541e-08 4.75821e-09 -1.41716e-07 6.65647e-09 4.75155e-09 9.73356e-08 1.83425e-07 -8.15243e-09 1.29585e-08 3.8551e-10 -4.74098e-09 -1.14663e-07
894 1.25 280 0 -1.11372e-07 7.62228e-09 -1.7729e-07 1.05511e-08 7.68155e-09 1.25319e-07 2.27556e-07 -1.29672e-08 1.16977e-08 5.06977e-10 -7.63602e-09 -1.41637e-07
894 1.26 280 0 -1.60559e-07 1.45265e-08 -2.41764e-07 1.98996e-08 1.47611e-08 1.75643e-07 3.07576e-07 -2.4536e-08 9.97907e-09 7.69211e-10 -1.4618e-08 -1.90546e-07
894 1.27 280 0 -2.73588e-07 3.93152e-08 -3.91563e-07 5.33067e-08 4.0247e-08 2.92006e-07 4.93571e-07 -6.59272e-08 6.83497e-09 1.58751e-09 -3.97065e-08 -3.04251e-07
894 1.28 280 0 -7.57252e-07 3.2394e-07 -1.03592e-06 4.34784e-07 3.33823e-07 7.91771e-07 1.29398e-06 -5.39253e-07 -4.42987e-09 9.30835e-09 -3.28075e-07 -7.93939e-07
894 1.29 280 0 7.13298e-07 2.55962e-07 9.29533e-07 3.40139e-07 2.65335e-07 -7.28569e-07 -1.14704e-06 -4.22992e-07 2.94676e-08 4.59536e-09 -2.59778e-07 6.98062e-07
894 1.3 280 0 2.80678e-07 3.34444e-08 3.51884e-07 4.40017e-08 3.48485e-08 -2.82097e-07 -4.2992e-07 -5.48533e-08 1.84052e-08 2.73389e-10 -3.39831e-08 2.60222e-07
894 1.31 280 0 1.74224e-07 1.20521e-08 2.1048e-07 1.57008e-08 1.26148e-08 -1.72465e-07 -2.54403e-07 -1.96169e-08 1.54364e-08 -8.75765e-12 -1.22523e-08 1.5302e-07
894 1.32 280 0 1.27045e-07 6.05933e-09 1.48256e-07 7.81652e-09 6.36682e-09 -1.24054e-07 -1.77208e-07 -9.78619e-09 1.39142e-08 -5.30702e-11 -6.15849e-09 1.05882e-07
894 1.33 280 0 1.00413e-07 3.60146e-09 1.13443e-07 4.60074e-09 3.79652e-09 -9.68526e-08 -1.34054e-07 -5.77082e-09 1.29033e-08 -5.72489e-11 -3.65705e-09 7.95437e-08
894 1.34 280 0 8.32697e-08 2.36578e-09 9.12673e-08 2.99282e-09 2.50056e-09 -7.94372e-08 -1.06595e-07 -3.76026e-09 1.21372e-08 -5.24325e-11 -2.39836e-09 6.27959e-08
894 1.35 280 0 7.12836e-08 1.66313e-09 7.59427e-08 2.08358e-09 1.7615e-09 -6.73334e-08 -8.76437e-08 -2.62181e-09 1.15116e-08 -4.58099e-11 -1.68222e-09 5.12486e-08
894 1.36 280 0 6.24117e-08 1.22716e-09 6.47421e-08 1.52254e-09 1.30168e-09 -5.84313e-08 -7.38153e-08 -1.91839e-09 1.09764e-08 -3.93262e-11 -1.23764e-09 4.28322e-08
894 1.37 280 0 5.55651e-08 9.38786e-10 5.62138e-08 1.15343e-09 9.96701e-10 -5.16072e-08 -6.33059e-08 -1.45502e-09 1.05047e-08 -3.34619e-11 -9.43392e-10 3.64447e-08
894 1.38 280 0 5.01111e-08 7.39323e-10 4.95145e-08 8.99568e-10 7.85188e-10 -4.62082e-08 -5.50685e-08 -1.13596e-09 1.00804e-08 -2.83434e-11 -7.39858e-10 3.1446e-08
894 1.39 280 0 4.5656e-08 5.95888e-10 4.41207e-08 7.1801e-10 6.32682e-10 -4.18287e-08 -4.84525e-08 -9.07516e-10 9.6931e-09 -2.38897e-11 -5.93478e-10 2.74386e-08
894 1.4 280 0 4.19424e-08 4.89329e-10 3.96905e-08 5.83834e-10 5.1904e-10 -3.82035e-08 -4.30333e-08 -7.38543e-10 9.33594e-09 -1.99553e-11 -4.84693e-10 2.41627e-08
894 1.41 280 0 3.8795e-08 4.0845e-10 3.59913e-08 4.82578e-10 4.32535e-10 -3.51522e-08 -3.8522e-08 -6.10932e-10 9.00391e-09 -1.65131e-11 -4.02181e-10 2.14418e-08
894 1.42 280 0 3.60897e-08 3.4563e-10 3.28594e-08 4.04357e-10 3.65107e-10 -3.25476e-08 -3.4715e-08 -5.12311e-10 8.69331e-09 -1.34291e-11 -3.38114e-10 1.91513e-08
894 1.43 280 0 3.37367e-08 2.95863e-10 3.0176e-08 3.42704e-10 3.11423e-10 -3.02975e-08 -3.14648e-08 -4.34599e-10 8.40132e-09 -1.05668e-11 -2.8736e-10 1.72011e-08
894 1.44 280 0 3.16691e-08 2.55951e-10 2.78535e-08 2.93549e-10 2.68118e-10 -2.83334e-08 -2.86625e-08 -3.72695e-10 8.1257e-09 -7.89599e-12 -2.46714e-10 1.55245e-08
894 1.45 280 0 2.98362e-08 2.23444e-10 2.58252e-08 2.53732e-10 2.3251e-10 -2.66036e-08 -2.62251e-08 -3.2268e-10 7.86462e-09 -5.25588e-12 -2.13642e-10 1.40707e-08
894 1.46 280 0 2.81987e-08 1.96661e-10 2.40399e-08 2.21099e-10 2.02713e-10 -2.5068e-08 -2.40888e-08 -2.8191e-10 7.61651e-09 -2.47911e-12 -1.86421e-10 1.28008e-08
894 1.47 280 0 2.67257e-08 1.74341e-10 2.24574e-08 1.94052e-10 1.7713e-10 -2.36955e-08 -2.22037e-08 -2.4853e-10 7.37996e-09 7.75591e-13 -1.63767e-10 1.16843e-08
894 1.48 280 0 2.53926e-08 1.55566e-10 2.10458e-08 1.71425e-10 1.54212e-10 -2.24614e-08 -2.05299e-08 -2.2142e-10 7.15349e-09 5.22319e-12 -1.44741e-10 1.06968e-08
894 1.49 280 0 2.41795e-08 1.39637e-10 1.97796e-08 1.5233e-10 1.31362e-10 -2.13465e-08 -1.9035e-08 -2.00578e-10 6.93505e-09 1.31065e-11 -1.28626e-10 9.81896e-09
894 1.5 280 0 2.30703e-08 1.26016e-10 1.8638e-08 1.36092e-10 9.80219e-11 -2.03376e-08 -1.76914e-08 -1.9118e-10 6.72026e-09 3.64263e-11 -1.14877e-10 9.0349e-09
894 1.51 280 0 2.20516e-08 1.14321e-10 1.7604e-08 1.222e-10 1.92294e-11 -1.92506e-08 -1.65807e-08 -2.13663e-10 6.71319e-09 1.17188e-10 -1.03063e-10 8.33165e-09
894 1.52 280 0 2.11123e-08 1.04131e-10 1.66633e-08 1.10196e-10 1.29299e-10 -1.85015e-08 -1.54278e-08 -1.25141e-10 6.40092e-09 -2.77281e-11 -9.28353e-11 7.69842e-09
894 1.53 280 0 2.0243e-08 9.52622e-11 1.58043e-08 9.97953e-11 1.11749e-10 -1.77324e-08 -1.44281e-08 -1.16691e-10 6.20068e-09 -1.75278e-11 -8.39483e-11 7.12627e-09
894 1.54 280 0 1.94358e-08 8.74856e-11 1.5017e-08 9.07238e-11 9.97662e-11 -1.70113e-08 -1.35235e-08 -1.07295e-10 6.02116e-09 -1.26342e-11 -7.6175e-11 6.60764e-09
894 1.55 280 0 1.86841e-08 8.06332e-11 1.4293e-08 8.27732e-11 9.04002e-11 -1.63401e-08 -1.26986e-08 -9.83501e-11 5.85162e-09 -9.73857e-12 -6.93459e-11 6.13613e-09
894 1.56 280 0 1.7982e-08 7.4564e-11 1.36253e-08 7.57707e-11 8.26159e-11 -1.57148e-08 -1.19432e-08 -9.017e-11 5.68963e-09 -7.77763e-12 -6.33173e-11 5.7063e-09
894 1.57 280 0 1.73245e-08 6.91657e-11 1.30075e-08 6.95756e-11 7.59486e-11 -1.5131e-08 -1.12495e-08 -8.27824e-11 5.53418e-09 -6.33356e-12 -5.7973e-11 5.31348e-09
894 1.58 280 0 1.67075e-08 6.4346e-11 1.24345e-08 6.40732e-11 7.01318e-11 -1.45848e-08 -1.06108e-08 -7.61427e-11 5.38468e-09 -5.20061e-12 -5.3217e-11 4.95365e-09
894 1.59 280 0 1.6127e-08 6.00254e-11 1.19017e-08 5.91723e-11 6.50009e-11 -1.40725e-08 -1.00214e-08 -7.01843e-11 5.24069e-09 -4.28134e-12 -4.89746e-11 4.62333e-09
894 1.6 280 0 1.55798e-08 5.61336e-11 1.14052e-08 5.47789e-11 6.04438e-11 -1.35911e-08 -9.47608e-09 -6.48071e-11 5.10185e-09 -3.52577e-12 -4.51655e-11 4.31949e-09
894 1.61 280 0 1.5063e-08 5.26198e-11 1.09413e-08 5.08334e-11 5.63641e-11 -1.31376e-08 -8.97066e-09 -5.99613e-11 4.96788e-09 -2.88153e-12 -4.17401e-11 4.03948e-09
894 1.62 280 0 1.45741e-08 4.94364e-11 1.05071e-08 4.7281e-11 5.26947e-11 -1.27097e-08 -8.50129e-09 -5.55876e-11 4.83851e-09 -2.32804e-12 -3.86522e-11 3.78098e-09
894 1.63 280 0 1.41107e-08 4.65425e-11 1.00999e-08 4.40671e-11 4.93788e-11 -1.23052e-08 -8.06461e-09 -5.16227e-11 4.71351e-09 -1.84509e-12 -3.58559e-11 3.54196e-09
894 1.64 280 0 1.36709e-08 4.39051e-11 9.71736e-09 4.11563e-11 4.637e-11 -1.19221e-08 -7.65766e-09 -4.80292e-11 4.59266e-09 -1.41958e-12 -3.33213e-11 3.32059e-09
894 1.65 280 0 1.32528e-08 4.14951e-11 9.35726e-09 3.851e-11 4.36291e-11 -1.15587e-08 -7.27781e-09 -4.47616e-11 4.47576e-09 -1.03891e-12 -3.10157e-11 3.11529e-09
894 1.66 280 0 1.28548e-08 3.92853e-11 9.01778e-09 3.60962e-11 4.11273e-11 -1.12135e-08 -6.92272e-09 -4.17786e-11 4.36262e-09 -7.01766e-13 -2.89114e-11 2.92463e-09
894 1.67 280 0 1.24754e-08 3.72554e-11 8.69722e-09 3.38925e-11 3.88341e-11 -1.08851e-08 -6.5903e-09 -3.90578e-11 4.25309e-09 -3.97192e-13 -2.69897e-11 2.74733e-09
894 1.68 280 0 1.21134e-08 3.53861e-11 8.3941e-09 3.18741e-11 3.67271e-11 -1.05722e-08 -6.27868e-09 -3.65678e-11 4.147e-09 -1.21348e-13 -2.52288e-11 2.58227e-09
894 1.69 280 0 1.17675e-08 3.36608e-11 8.10705e-09 3.00215e-11 3.47858e-11 -1.02737e-08 -5.98619e-09 -3.42852e-11 4.0442e-09 1.29765e-13 -2.36124e-11 2.42842e-09
894 1.7 280 0 1.14367e-08 3.20651e-11 7.83487e-09 2.83175e-11 3.29925e-11 -9.98862e-09 -5.71131e-09 -3.21896e-11 3.94456e-09 3.60265e-13 -2.21255e-11 2.28487e-09
894 1.71 280 0 1.11199e-08 3.05861e-11 7.57645e-09 2.67474e-11 3.13325e-11 -9.71603e-09 -5.4527e-09 -3.02627e-11 3.84794e-09 5.71786e-13 -2.07554e-11 2.15078e-09
894 1.72 280 0 1.08163e-08 2.92122e-11 7.3308e-09 2.52985e-11 2.97926e-11 -9.45508e-09 -5.20911e-09 -2.84894e-11 3.75422e-09 7.65925e-13 -1.94918e-11 2.02542e-09
894 1.73 280 0 1.05251e-08 2.79342e-11 7.09702e-09 2.39591e-11 2.83612e-11 -9.20503e-09 -4.97943e-09 -2.68552e-11 3.6633e-09 9.45614e-13 -1.83246e-11 1.90811e-09
894 1.74 280 0 1.02455e-08 2.67434e-11 6.87429e-09 2.27197e-11 2.70289e-11 -8.96516e-09 -4.76265e-09 -2.53487e-11 3.57506e-09 1.11157e-12 -1.7245e-11 1.79824e-09
894 1.75 280 0 9.97675e-09 2.56332e-11 6.66187e-09 2.15726e-11 2.57886e-11 -8.73485e-09 -4.55785e-09 -2.39603e-11 3.4894e-09 1.264e-12 -1.62469e-11 1.69524e-09
894 1.76 280 0 9.71832e-09 2.4598e-11 6.45907e-09 2.05132e-11 2.46397e-11 -8.51349e-09 -4.3642e-09 -2.2681e-11 3.40625e-09 1.39881e-12 -1.53219e-11 1.59861e-09
894 1.77 280 0 9.46962e-09 2.34814e-11 6.26553e-09 1.96572e-11 2.34566e-11 -8.30044e-09 -4.1815e-09 -2.17652e-11 3.32568e-09 1.48491e-12 -1.4684e-11 1.50827e-09
894 1.78 280 0 9.23004e-09 2.2508e-11 6.08026e-09 1.87648e-11 2.24128e-11 -8.09546e-09 -4.0081e-09 -2.07195e-11 3.24721e-09 1.56432e-12 -1.39537e-11 1.4232e-09
894 1.79 280 0 8.99911e-09 2.16015e-11 5.90288e-09 1.7914e-11 2.14465e-11 -7.89799e-09 -3.84367e-09 -1.97068e-11 3.17093e-09 1.62901e-12 -1.32465e-11 1.3432e-09
894 1.8 280 0 8.77638e-09 2.07533e-11 5.73291e-09 1.71067e-11 2.05475e-11 -7.70762e-09 -3.68764e-09 -1.87353e-11 3.09675e-09 1.6818e-12 -1.2567e-11 1.26794e-09
894 1.81 280 0 8.56142e-09 1.99547e-11 5.56992e-09 1.63454e-11 1.97062e-11 -7.52396e-09 -3.53949e-09 -1.7815e-11 3.02461e-09 1.72387e-12 -1.19233e-11 1.1971e-09
894 1.82 280 0 8.35383e-09 1.92021e-11 5.41351e-09 1.56275e-11 1.89177e-11 -7.34665e-09 -3.39872e-09 -1.69441e-11 2.95444e-09 1.75689e-12 -1.13138e-11 1.13038e-09
894 1.83 280 0 8.15325e-09 1.84927e-11 5.2633e-09 1.49507e-11 1.81783e-11 -7.17535e-09 -3.26488e-09 -1.61205e-11 2.88618e-09 1.78177e-12 -1.07369e-11 1.06752e-09
894 1.84 280 0 7.95934e-09 1.78235e-11 5.11894e-09 1.43121e-11 1.74844e-11 -7.00977e-09 -3.13754e-09 -1.53417e-11 2.81976e-09 1.7993e-12 -1.0191e-11 1.00825e-09
894 1.85 280 0 7.77176e-09 1.71924e-11 4.98011e-09 1.37096e-11 1.6833e-11 -6.84961e-09 -3.0163e-09 -1.46058e-11 2.75512e-09 1.81033e-12 -9.67476e-12 9.52346e-10
894 1.86 280 0 7.59023e-09 1.65971e-11 4.84651e-09 1.31409e-11 1.62215e-11 -6.69461e-09 -2.90082e-09 -1.3911e-11 2.69219e-09 1.81517e-12 -9.18714e-12 8.99593e-10
894 1.87 280 0 7.41446e-09 1.60357e-11 4.71787e-09 1.26033e-11 1.56474e-11 -6.54452e-09 -2.79074e-09 -1.32543e-11 2.63093e-09 1.81476e-12 -8.72641e-12 8.4979e-10
894 1.88 280 0 7.2442e-09 1.55051e-11 4.59391e-09 1.20947e-11 1.51071e-11 -6.39911e-09 -2.68577e-09 -1.26338e-11 2.57127e-09 1.81013e-12 -8.29244e-12 8.02756e-10
894 1.89 280 0 7.0792e-09 1.49964e-11 4.47441e-09 1.16145e-11 1.45914e-11 -6.25818e-09 -2.5856e-09 -1.20471e-11 2.51316e-09 1.80347e-12 -7.88538e-12 7.58322e-10
894 1.9 280 0 6.91922e-09 1.45115e-11 4.35914e-09 1.11604e-11 1.41008e-11 -6.1215e-09 -2.48996e-09 -1.14939e-11 2.45656e-09 1.79532e-12 -7.50187e-12 7.16326e-10
894 1.91 280 0 6.76404e-09 1.40494e-11 4.24789e-09 1.07304e-11 1.36343e-11 -5.98889e-09 -2.39861e-09 -1.09716e-11 2.40142e-09 1.78564e-12 -7.13991e-12 6.76618e-10
894 1.92 280 0 6.61346e-09 1.36088e-11 4.14046e-09 1.03228e-11 1.31904e-11 -5.86018e-09 -2.31131e-09 -1.04781e-11 2.34768e-09 1.77454e-12 -6.79793e-12 6.39061e-10
894 1.93 280 0 6.46729e-09 1.31882e-11 4.03666e-09 9.93608e-12 1.27675e-11 -5.73518e-09 -2.22783e-09 -1.00112e-11 2.29532e-09 1.76209e-12 -6.47448e-12 6.03527e-10
894 1.94 280 0 6.32535e-09 1.27864e-11 3.93634e-09 9.56872e-12 1.23645e-11 -5.61375e-09 -2.14798e-09 -9.56903e-12 2.24429e-09 1.7484e-12 -6.16823e-12 5.69897e-10
894 1.95 280 0 6.18746e-09 1.24021e-11 3.83932e-09 9.21943e-12 1.19799e-11 -5.49574e-09 -2.07156e-09 -9.14984e-12 2.19454e-09 1.73353e-12 -5.87792e-12 5.3806e-10
894 1.96 280 0 6.05346e-09 1.20345e-11 3.74545e-09 8.88696e-12 1.16128e-11 -5.381e-09 -1.99839e-09 -8.75195e-12 2.14603e-09 1.71755e-12 -5.60234e-12 5.07911e-10
894 1.97 280 0 5.9232e-09 1.16823e-11 3.65459e-09 8.57011e-12 1.1262e-11 -5.26941e-09 -1.9283e-09 -8.37371e-12 2.09874e-09 1.70049e-12 -5.34029e-12 4.79354e-10
894 1.98 280 0 5.79654e-09 1.13448e-11 3.56661e-09 8.26768e-12 1.09266e-11 -5.16084e-09 -1.86115e-09 -8.01341e-12 2.05262e-09 1.68233e-12 -5.09043e-12 4.52297e-10
894 1.99 280 0 5.67333e-09 1.10209e-11 3.48139e-09 7.97827e-12 1.06058e-11 -5.05518e-09 -1.79676e-09 -7.66885e-12 2.00763e-09 1.66285e-12 -4.8509e-12 4.26657e-10
894 2 280 0 5.55344e-09 1.07103e-11 3.39879e-09 7.69882e-12 1.02998e-11 -4.9523e-09 -1.73502e-09 -7.33437e-12 1.96375e-09 1.64063e-12 -4.61621e-12 4.02348e-10
