894 0 340 0 -1.62552e-08 -6.06694e-09 2.54604e-08 -5.36422e-09 0 0 0 0 0 0 2.99522e-08 -1.04614e-08
894 0.01 340 0 -1.62585e-08 -6.0589e-09 2.54548e-08 -5.37151e-09 2.23623e-10 -2.52011e-10 -2.00315e-10 -7.73182e-11 -4.42282e-10 7.96007e-11 2.99439e-08 -1.04711e-08
894 0.02 340 0 -1.62685e-08 -6.0347e-09 2.54379e-08 -5.39335e-09 4.46313e-10 -5.04266e-10 -4.00995e-10 -1.54334e-10 -8.84088e-10 1.60021e-10 2.9919e-08 -1.05004e-08
894 0.03 340 0 -1.6285e-08 -5.99445e-09 2.54096e-08 -5.42973e-09 6.67136e-10 -7.57011e-10 -6.02401e-10 -2.30745e-10 -1.32494e-09 2.42076e-10 2.98773e-08 -1.05489e-08
894 0.04 340 0 -1.63079e-08 -5.938e-09 2.537e-08 -5.48055e-09 8.85159e-10 -1.01048e-09 -8.04895e-10 -3.06244e-10 -1.76436e-09 3.2658e-10 2.98188e-08 -1.06168e-08
894 0.05 340 0 -1.63369e-08 -5.86522e-09 2.53188e-08 -5.54573e-09 1.09944e-09 -1.26488e-09 -1.00883e-09 -3.80512e-10 -2.20184e-09 4.14339e-10 2.97431e-08 -1.07038e-08
894 0.06 340 0 -1.63712e-08 -5.77526e-09 2.5256e-08 -5.62573e-09 1.3091e-09 -1.5204e-09 -1.21458e-09 -4.53157e-10 -2.63689e-09 5.06152e-10 2.965e-08 -1.08096e-08
894 0.07 340 0 -1.64114e-08 -5.66969e-09 2.51813e-08 -5.71923e-09 1.51311e-09 -1.77726e-09 -1.42245e-09 -5.23975e-10 -3.06895e-09 6.02794e-10 2.95391e-08 -1.09342e-08
894 0.08 340 0 -1.64567e-08 -5.54737e-09 2.50939e-08 -5.82677e-09 1.7105e-09 -2.03556e-09 -1.63278e-09 -5.92545e-10 -3.49748e-09 7.05044e-10 2.94106e-08 -1.10773e-08
894 0.09 340 0 -1.65064e-08 -5.40837e-09 2.49947e-08 -5.94784e-09 1.90047e-09 -2.29546e-09 -1.84591e-09 -6.58527e-10 -3.92191e-09 8.13649e-10 2.92627e-08 -1.12383e-08
894 0.1 340 0 -1.65599e-08 -5.25232e-09 2.48829e-08 -6.08233e-09 2.08201e-09 -2.55702e-09 -2.06215e-09 -7.21522e-10 -4.34163e-09 9.29346e-10 2.90954e-08 -1.14171e-08
894 0.11 340 0 -1.66167e-08 -5.07921e-09 2.47582e-08 -6.22999e-09 2.25418e-09 -2.82029e-09 -2.2818e-09 -7.81144e-10 -4.75601e-09 1.05284e-09 2.89083e-08 -1.1613e-08
894 0.12 340 0 -1.66756e-08 -4.88791e-09 2.46204e-08 -6.39113e-09 2.41612e-09 -3.08519e-09 -2.50519e-09 -8.36818e-10 -5.1644e-09 1.18485e-09 2.87008e-08 -1.18255e-08
894 0.13 340 0 -1.67364e-08 -4.68002e-09 2.44688e-08 -6.56411e-09 2.56678e-09 -3.35178e-09 -2.73246e-09 -8.88378e-10 -5.56604e-09 1.32596e-09 2.84717e-08 -1.20541e-08
894 0.14 340 0 -1.67981e-08 -4.45429e-09 2.43025e-08 -6.74937e-09 2.70512e-09 -3.61983e-09 -2.9639e-09 -9.35192e-10 -5.96019e-09 1.47685e-09 2.82212e-08 -1.22983e-08
894 0.15 340 0 -1.68595e-08 -4.21099e-09 2.41224e-08 -6.94612e-09 2.83051e-09 -3.88928e-09 -3.19976e-09 -9.76833e-10 -6.3461e-09 1.63805e-09 2.79471e-08 -1.2557e-08
894 0.16 340 0 -1.69192e-08 -3.9489e-09 2.39274e-08 -7.15473e-09 2.94201e-09 -4.15976e-09 -3.44026e-09 -1.01255e-09 -6.72294e-09 1.81016e-09 2.76493e-08 -1.28295e-08
894 0.17 340 0 -1.69768e-08 -3.66959e-09 2.37168e-08 -7.37335e-09 3.03853e-09 -4.43111e-09 -3.68542e-09 -1.04217e-09 -7.08976e-09 1.99359e-09 2.73265e-08 -1.3115e-08
894 0.18 340 0 -1.70308e-08 -3.37211e-09 2.34898e-08 -7.60225e-09 3.11912e-09 -4.7028e-09 -3.93541e-09 -1.06491e-09 -7.44565e-09 2.18881e-09 2.69785e-08 -1.34125e-08
894 0.19 340 0 -1.70794e-08 -3.05574e-09 2.32468e-08 -7.8411e-09 3.18337e-09 -4.97443e-09 -4.19039e-09 -1.07999e-09 -7.7897e-09 2.39623e-09 2.66031e-08 -1.37206e-08
894 0.2 340 0 -1.71219e-08 -2.72206e-09 2.29869e-08 -8.08813e-09 3.23007e-09 -5.24556e-09 -4.45028e-09 -1.0872e-09 -8.12078e-09 2.61608e-09 2.61998e-08 -1.40383e-08
894 0.21 340 0 -1.71562e-08 -2.3696e-09 2.27087e-08 -8.34405e-09 3.25847e-09 -5.51535e-09 -4.71509e-09 -1.08538e-09 -8.43789e-09 2.84867e-09 2.57681e-08 -1.43642e-08
894 0.22 340 0 -1.71814e-08 -2.00012e-09 2.24129e-08 -8.60641e-09 3.26797e-09 -5.78338e-09 -4.98474e-09 -1.07439e-09 -8.73981e-09 3.09407e-09 2.53057e-08 -1.46968e-08
894 0.23 340 0 -1.7195e-08 -1.61238e-09 2.20983e-08 -8.87587e-09 3.25791e-09 -6.04868e-09 -5.25917e-09 -1.05302e-09 -9.02548e-09 3.35244e-09 2.48121e-08 -1.50343e-08
894 0.24 340 0 -1.71963e-08 -1.20808e-09 2.17635e-08 -9.15029e-09 3.22717e-09 -6.3104e-09 -5.53793e-09 -1.02099e-09 -9.29353e-09 3.62364e-09 2.42866e-08 -1.53753e-08
894 0.25 340 0 -1.71824e-08 -7.86229e-10 2.14092e-08 -9.4297e-09 3.17586e-09 -6.56756e-09 -5.82105e-09 -9.77072e-10 -9.54283e-09 3.90768e-09 2.37271e-08 -1.57176e-08
894 0.26 340 0 -1.71525e-08 -3.48952e-10 2.10342e-08 -9.71181e-09 3.10294e-09 -6.81924e-09 -6.10798e-09 -9.21099e-10 -9.77193e-09 4.20418e-09 2.31331e-08 -1.60593e-08
894 0.27 340 0 -1.71037e-08 1.0453e-10 2.06372e-08 -9.99701e-09 3.00809e-09 -7.06398e-09 -6.39827e-09 -8.51574e-10 -9.9796e-09 4.51289e-09 2.2504e-08 -1.6398e-08
894 0.28 340 0 -1.70348e-08 5.71855e-10 2.02187e-08 -1.02823e-08 2.89107e-09 -7.30098e-09 -6.69146e-09 -7.68545e-10 -1.01644e-08 4.83322e-09 2.18376e-08 -1.67313e-08
894 0.29 340 0 -1.6943e-08 1.05346e-09 1.97769e-08 -1.05681e-08 2.75148e-09 -7.5285e-09 -6.98687e-09 -6.70414e-10 -1.03249e-08 5.16466e-09 2.11343e-08 -1.70567e-08
894 0.3 340 0 -1.68266e-08 1.54743e-09 1.93124e-08 -1.08518e-08 2.58956e-09 -7.74543e-09 -7.28382e-09 -5.56876e-10 -1.04597e-08 5.50639e-09 2.03918e-08 -1.73713e-08
894 0.31 340 0 -1.66858e-08 2.05223e-09 1.88224e-08 -1.11318e-08 2.4039e-09 -7.95023e-09 -7.58133e-09 -4.27435e-10 -1.05675e-08 5.8577e-09 1.96107e-08 -1.76727e-08
894 0.32 340 0 -1.65149e-08 2.57008e-09 1.83025e-08 -1.14037e-08 2.19446e-09 -8.13896e-09 -7.87716e-09 -2.80567e-10 -1.06445e-08 6.21699e-09 1.87833e-08 -1.79554e-08
894 0.33 340 0 -1.63132e-08 3.09651e-09 1.77563e-08 -1.16678e-08 1.96213e-09 -8.31166e-09 -8.17118e-09 -1.16223e-10 -1.0691e-08 6.58331e-09 1.79151e-08 -1.82172e-08
894 0.34 340 0 -1.60778e-08 3.62714e-09 1.71874e-08 -1.1924e-08 1.70886e-09 -8.46812e-09 -8.46305e-09 6.59973e-11 -1.07069e-08 6.95514e-09 1.70084e-08 -1.8455e-08
894 0.35 340 0 -1.58074e-08 4.15998e-09 1.6594e-08 -1.21686e-08 1.43475e-09 -8.60625e-09 -8.75113e-09 2.66146e-10 -1.06902e-08 7.33074e-09 1.60608e-08 -1.86645e-08
894 0.36 340 0 -1.54992e-08 4.69433e-09 1.59735e-08 -1.24007e-08 1.14e-09 -8.72356e-09 -9.03359e-09 4.85729e-10 -1.06393e-08 7.7085e-09 1.50727e-08 -1.88419e-08
894 0.37 340 0 -1.51519e-08 5.22664e-09 1.5327e-08 -1.26167e-08 8.25961e-10 -8.81869e-09 -9.30909e-09 7.2437e-10 -1.0553e-08 8.08635e-09 1.40434e-08 -1.89826e-08
894 0.38 340 0 -1.4763e-08 5.75314e-09 1.46538e-08 -1.28152e-08 4.93656e-10 -8.89002e-09 -9.57572e-09 9.82449e-10 -1.04303e-08 8.4619e-09 1.29752e-08 -1.90823e-08
894 0.39 340 0 -1.43313e-08 6.27121e-09 1.39535e-08 -1.29927e-08 1.44286e-10 -8.93557e-09 -9.83162e-09 1.25987e-09 -1.027e-08 8.83282e-09 1.18675e-08 -1.91363e-08
894 0.4 340 0 -1.38552e-08 6.77689e-09 1.32263e-08 -1.31464e-08 -2.20638e-10 -8.95379e-09 -1.00749e-08 1.55635e-09 -1.00711e-08 9.19643e-09 1.0722e-08 -1.91394e-08
894 0.41 340 0 -1.33334e-08 7.26635e-09 1.24726e-08 -1.3273e-08 -5.98937e-10 -8.94311e-09 -1.03034e-08 1.87141e-09 -9.8328e-09 9.54988e-09 9.53928e-09 -1.90866e-08
894 0.42 340 0 -1.27647e-08 7.73516e-09 1.16919e-08 -1.33696e-08 -9.8934e-10 -8.90179e-09 -1.05149e-08 2.20459e-09 -9.55449e-09 9.89001e-09 8.32271e-09 -1.89726e-08
894 0.43 340 0 -1.21484e-08 8.17885e-09 1.08851e-08 -1.34327e-08 -1.38934e-09 -8.82853e-09 -1.07071e-08 2.5549e-09 -9.23574e-09 1.02136e-08 7.07414e-09 -1.87919e-08
894 0.44 340 0 -1.14838e-08 8.59235e-09 1.00529e-08 -1.34586e-08 -1.79657e-09 -8.72214e-09 -1.08778e-08 2.92103e-09 -8.87636e-09 1.0517e-08 5.79663e-09 -1.85389e-08
894 0.45 340 0 -1.07723e-08 8.9709e-09 9.19602e-09 -1.34439e-08 -2.2089e-09 -8.58162e-09 -1.10247e-08 3.30173e-09 -8.47677e-09 1.0797e-08 4.494e-09 -1.82088e-08
894 0.46 340 0 -1.00112e-08 9.3082e-09 8.31632e-09 -1.33835e-08 -2.62257e-09 -8.40575e-09 -1.11452e-08 3.69456e-09 -8.03654e-09 1.10488e-08 3.1697e-09 -1.7794e-08
894 0.47 340 0 -9.20202e-09 9.59919e-09 7.41478e-09 -1.32744e-08 -3.03487e-09 -8.194e-09 -1.1237e-08 4.09798e-09 -7.55666e-09 1.12688e-08 1.8287e-09 -1.72897e-08
894 0.48 340 0 -8.34701e-09 9.83705e-09 6.49387e-09 -1.31106e-08 -3.44315e-09 -7.94596e-09 -1.1298e-08 4.50819e-09 -7.03814e-09 1.14524e-08 4.76754e-10 -1.66899e-08
894 0.49 340 0 -7.44732e-09 1.00159e-08 5.55567e-09 -1.28881e-08 -3.84386e-09 -7.66142e-09 -1.13261e-08 4.92253e-09 -6.4823e-09 1.15952e-08 -8.80168e-10 -1.59888e-08
894 0.5 340 0 -6.50462e-09 1.01289e-08 4.60323e-09 -1.26032e-08 -4.23306e-09 -7.34114e-09 -1.13193e-08 5.33792e-09 -5.89118e-09 1.16929e-08 -2.2348e-09 -1.51812e-08
894 0.51 340 0 -5.52304e-09 1.017e-08 3.63937e-09 -1.22481e-08 -4.60842e-09 -6.98429e-09 -1.12759e-08 5.74897e-09 -5.26632e-09 1.17401e-08 -3.58001e-09 -1.42608e-08
894 0.52 340 0 -4.5055e-09 1.01321e-08 2.66839e-09 -1.18188e-08 -4.96569e-09 -6.59225e-09 -1.11945e-08 6.15167e-09 -4.61072e-09 1.17322e-08 -4.90687e-09 -1.32229e-08
894 0.53 340 0 -3.45576e-09 1.00082e-08 1.69397e-09 -1.13106e-08 -5.30149e-09 -6.1662e-09 -1.10739e-08 6.54142e-09 -3.92744e-09 1.16643e-08 -6.20557e-09 -1.20624e-08
894 0.54 340 0 -2.37963e-09 9.7914e-09 7.22807e-10 -1.07165e-08 -5.61173e-09 -5.7077e-09 -1.09142e-08 6.91148e-09 -3.22015e-09 1.15312e-08 -7.46642e-09 -1.07746e-08
894 0.55 340 0 -1.28473e-09 9.47548e-09 -2.39938e-10 -1.00303e-08 -5.89424e-09 -5.21768e-09 -1.07154e-08 7.25562e-09 -2.49325e-09 1.13279e-08 -8.67759e-09 -9.35611e-09
894 0.56 340 0 -1.74349e-10 9.05123e-09 -1.18663e-09 -9.24764e-09 -6.14375e-09 -4.70017e-09 -1.0478e-08 7.56741e-09 -1.75165e-09 1.10487e-08 -9.82584e-09 -7.80242e-09
894 0.57 340 0 9.41718e-10 8.51288e-09 -2.10849e-09 -8.36135e-09 -6.35726e-09 -4.15716e-09 -1.02044e-08 7.83882e-09 -1.00088e-09 1.06887e-08 -1.08986e-08 -6.11124e-09
894 0.58 340 0 2.05515e-09 7.85349e-09 -2.99744e-09 -7.3661e-09 -6.53201e-09 -3.59182e-09 -9.89654e-09 8.06255e-09 -2.47372e-10 1.02428e-08 -1.18807e-08 -4.28084e-09
894 0.59 340 0 3.15454e-09 7.0663e-09 -3.84143e-09 -6.25515e-09 -6.66522e-09 -3.00753e-09 -9.55958e-09 8.22915e-09 5.01683e-10 9.70556e-09 -1.27561e-08 -2.30993e-09
894 0.6 340 0 4.22989e-09 6.1446e-09 -4.62989e-09 -5.0239e-09 -6.75426e-09 -2.40893e-09 -9.19745e-09 8.33077e-09 1.23814e-09 9.07224e-09 -1.35079e-08 -1.99155e-10
894 0.61 340 0 5.26828e-09 5.08214e-09 -5.34879e-09 -3.66651e-09 -6.79678e-09 -1.80067e-09 -8.81707e-09 8.35773e-09 1.95306e-09 8.33781e-09 -1.41183e-08 2.05022e-09
894 0.62 340 0 6.25573e-09 3.87495e-09 -5.98243e-09 -2.17834e-09 -6.79062e-09 -1.18607e-09 -8.42749e-09 8.30128e-09 2.63636e-09 7.49812e-09 -1.45679e-08 4.43396e-09
894 0.63 340 0 7.17642e-09 2.51881e-09 -6.51445e-09 -5.55615e-10 -6.73481e-09 -5.70331e-10 -8.03834e-09 8.15262e-09 3.27702e-09 6.54946e-09 -1.4837e-08 6.9467e-09
894 0.64 340 0 8.01511e-09 1.00955e-09 -6.92293e-09 1.20409e-09 -6.6266e-09 4.13997e-11 -7.66412e-09 7.90253e-09 3.86226e-09 5.48788e-09 -1.49027e-08 9.58102e-09
894 0.65 340 0 8.75271e-09 -6.56473e-10 -7.18776e-09 3.10228e-09 -6.46631e-09 6.42211e-10 -7.31845e-09 7.54262e-09 4.37851e-09 4.31034e-09 -1.47434e-08 1.23275e-08
894 0.66 340 0 9.3694e-09 -2.47845e-09 -7.28379e-09 5.13912e-09 -6.25332e-09 1.22878e-09 -7.02013e-09 7.06582e-09 4.81073e-09 3.01502e-09 -1.43353e-08 1.51731e-08
894 0.67 340 0 9.84338e-09 -4.45868e-09 -7.18547e-09 7.31185e-09 -5.98907e-09 1.79276e-09 -6.78825e-09 6.4655e-09 5.14212e-09 1.60003e-09 -1.36544e-08 1.81028e-08
894 0.68 340 0 1.01507e-08 -6.59407e-09 -6.86155e-09 9.61592e-09 -5.6732e-09 2.32943e-09 -6.64805e-09 5.7369e-09 5.35416e-09 6.55063e-11 -1.26766e-08 2.10973e-08
894 0.69 340 0 1.02658e-08 -8.88126e-09 -6.28038e-09 1.20421e-08 -5.30857e-09 2.8319e-09 -6.62585e-09 4.87819e-09 5.42635e-09 -1.58726e-09 -1.1376e-08 2.41333e-08
894 0.7 340 0 1.01601e-08 -1.13131e-08 -5.40616e-09 1.45791e-08 -4.89668e-09 3.29537e-09 -6.75237e-09 3.88975e-09 5.33662e-09 -3.35548e-09 -9.7294e-09 2.71836e-08
894 0.71 340 0 9.80502e-09 -1.38815e-08 -4.19915e-09 1.72071e-08 -4.44101e-09 3.71131e-09 -7.06333e-09 2.77656e-09 5.05956e-09 -5.23345e-09 -7.70965e-09 3.02155e-08
894 0.72 340 0 9.1671e-09 -1.65739e-08 -2.61859e-09 1.9903e-08 -3.94533e-09 4.0738e-09 -7.59613e-09 1.54782e-09 4.56841e-09 -7.21379e-09 -5.29536e-09 3.31912e-08
894 0.73 340 0 8.21264e-09 -1.9372e-08 -6.20116e-10 2.26349e-08 -3.4147e-09 4.37744e-09 -8.39317e-09 2.199e-10 3.83367e-09 -9.28428e-09 -2.46389e-09 3.60664e-08
894 0.74 340 0 6.90372e-09 -2.22545e-08 1.84301e-09 2.53632e-08 -2.85293e-09 4.61588e-09 -9.50037e-09 -1.18451e-09 2.82309e-09 -1.14304e-08 8.01579e-10 3.8791e-08
894 0.75 340 0 5.20196e-09 -2.51937e-08 4.81776e-09 2.80363e-08 -2.26762e-09 4.78278e-09 -1.09657e-08 -2.63248e-09 1.50212e-09 -1.36317e-08 4.51609e-09 4.13073e-08
894 0.76 340 0 3.06721e-09 -2.8152e-08 8.35223e-09 3.05916e-08 -1.66445e-09 4.87529e-09 -1.28401e-08 -4.07995e-09 -1.66053e-10 -1.58608e-08 8.68883e-09 4.35504e-08
894 0.77 340 0 4.57226e-10 -3.10893e-08 1.24939e-08 3.29498e-08 -1.05129e-09 4.88457e-09 -1.51769e-08 -5.4701e-09 -2.22136e-09 -1.8085e-08 1.33216e-08 4.54479e-08
894 0.78 340 0 -2.67042e-09 -3.39514e-08 1.72846e-08 3.50168e-08 -4.37749e-10 4.80672e-09 -1.80262e-08 -6.72999e-09 -4.70472e-09 -2.0261e-08 1.84071e-08 4.69193e-08
894 0.79 340 0 -6.3584e-09 -3.66735e-08 2.27604e-08 3.66792e-08 1.67865e-10 4.63735e-09 -2.1436e-08 -7.76869e-09 -7.65865e-09 -2.23356e-08 2.39256e-08 4.78774e-08
894 0.8 340 0 -1.06481e-08 -3.91781e-08 2.89464e-08 3.78028e-08 7.55979e-10 4.372e-09 -2.54469e-08 -8.47445e-09 -1.11258e-08 -2.42435e-08 2.9843e-08 4.82287e-08
894 0.81 340 0 -1.55773e-08 -4.13717e-08 3.58507e-08 3.82317e-08 1.31535e-09 4.00754e-09 -3.00868e-08 -8.71371e-09 -1.51473e-08 -2.59039e-08 3.61074e-08 4.78749e-08
894 0.82 340 0 -2.1191e-08 -4.31691e-08 4.34207e-08 3.77489e-08 1.80459e-09 3.55375e-09 -3.53368e-08 -8.298e-09 -1.97613e-08 -2.72344e-08 4.26443e-08 4.67333e-08
894 0.83 340 0 -2.74899e-08 -4.43948e-08 5.16417e-08 3.6163e-08 2.25493e-09 2.98687e-09 -4.12038e-08 -7.03713e-09 -2.49927e-08 -2.80885e-08 4.93691e-08 4.46879e-08
894 0.84 340 0 -3.44912e-08 -4.49101e-08 6.04329e-08 3.32774e-08 2.64332e-09 2.30484e-09 -4.76381e-08 -4.75709e-09 -3.08677e-08 -2.83346e-08 5.61594e-08 4.16443e-08
894 0.85 340 0 -4.21928e-08 -4.45435e-08 6.96544e-08 2.88475e-08 2.95139e-09 1.50312e-09 -5.45404e-08 -1.22624e-09 -3.7397e-08 -2.78095e-08 6.28648e-08 3.75207e-08
894 0.86 340 0 -5.05718e-08 -4.30925e-08 7.91049e-08 2.26212e-08 3.1604e-09 5.75092e-10 -6.17531e-08 3.80092e-09 -4.45742e-08 -2.63171e-08 6.93059e-08 3.22533e-08
894 0.87 340 0 -5.95872e-08 -4.03295e-08 8.85091e-08 1.43486e-08 3.24047e-09 -4.91144e-10 -6.90521e-08 1.05734e-08 -5.23764e-08 -2.3628e-08 7.5275e-08 2.58028e-08
894 0.88 340 0 -6.91832e-08 -3.59836e-08 9.74958e-08 3.76963e-09 3.10275e-09 -1.70654e-09 -7.61257e-08 1.93632e-08 -6.07481e-08 -1.94582e-08 8.05408e-08 1.81701e-08
894 0.89 340 0 -7.92227e-08 -2.96975e-08 1.05589e-07 -9.32687e-09 2.73446e-09 -3.07377e-09 -8.25442e-08 3.04065e-08 -6.9575e-08 -1.3458e-08 8.48392e-08 9.40429e-09
894 0.9 340 0 -8.9529e-08 -2.10496e-08 1.12198e-07 -2.50834e-08 2.06669e-09 -4.60336e-09 -8.77658e-08 4.38785e-08 -7.8692e-08 -5.1956e-09 8.78987e-08 -3.90771e-10
894 0.91 340 0 -9.9838e-08 -9.48927e-09 1.16605e-07 -4.35347e-08 1.00053e-09 -6.30435e-09 -9.1118e-08 5.98556e-08 -8.78412e-08 5.89343e-09 8.94442e-08 -1.10457e-08
894 0.92 340 0 -1.09733e-07 5.73779e-09 1.17969e-07 -6.45554e-08 -6.20065e-10 -8.17799e-09 -9.17988e-08 7.82633e-08 -9.66005e-08 2.05831e-08 8.92117e-08 -2.23209e-08
894 0.93 340 0 -1.18487e-07 2.57443e-08 1.15346e-07 -8.77683e-08 -3.03903e-09 -1.01966e-08 -8.88974e-08 9.87773e-08 -1.04224e-07 4.00028e-08 8.69612e-08 -3.38993e-08
894 0.94 340 0 -1.2467e-07 5.22387e-08 1.07783e-07 -1.12428e-07 -6.66793e-09 -1.22446e-08 -8.14946e-08 1.20704e-07 -1.09236e-07 6.58705e-08 8.24909e-08 -4.53852e-08
894 0.95 340 0 -1.25058e-07 8.78396e-08 9.46243e-08 -1.37273e-07 -1.22137e-08 -1.39335e-08 -6.89886e-08 1.42831e-07 -1.08327e-07 1.00783e-07 7.56478e-08 -5.6295e-08
894 0.96 340 0 -1.11571e-07 1.3571e-07 7.64601e-08 -1.60684e-07 -2.08175e-08 -1.39978e-08 -5.21033e-08 1.63609e-07 -9.32758e-08 1.47791e-07 6.6341e-08 -6.60304e-08
894 0.97 340 0 -6.37669e-08 1.93188e-07 5.74413e-08 -1.83401e-07 -3.33341e-08 -8.4657e-09 -3.52861e-08 1.84063e-07 -4.3512e-08 2.03835e-07 5.46059e-08 -7.37992e-08
894 0.98 340 0 4.84454e-08 2.16678e-07 4.13885e-08 -2.23567e-07 -4.35381e-08 1.1124e-08 -2.24382e-08 2.2348e-07 7.05361e-08 2.24459e-07 4.0925e-08 -7.86404e-08
894 0.99 340 0 1.5021e-07 1.13772e-07 -2.98535e-08 -3.20402e-07 -2.91274e-08 3.66463e-08 4.71425e-08 3.22158e-07 1.72054e-07 1.17876e-07 2.60309e-08 -8.05165e-08
894 1 340 0 9.85124e-08 1.06499e-10 -5.90918e-06 -2.17195e-07 -9.27216e-11 3.74282e-08 5.93192e-06 2.17223e-07 1.22929e-07 1.3867e-10 6.45927e-11 -8.87126e-08
894 1.01 340 0 5.40645e-08 4.65232e-11 -1.74838e-07 -5.38802e-12 -3.79969e-11 2.13353e-08 1.91807e-07 1.08598e-11 7.18709e-08 6.49794e-11 8.03384e-12 -5.84885e-08
894 1.02 340 0 3.64159e-08 2.49149e-11 -1.2029e-07 -1.16905e-11 -3.02464e-11 1.76406e-08 1.36336e-07 1.68824e-11 5.29323e-08 4.22594e-11 8.98698e-12 -5.10484e-08
894 1.03 340 0 2.61505e-08 1.43603e-11 -9.44245e-08 -1.47627e-11 -2.65657e-11 1.57075e-08 1.09798e-07 1.98645e-11 4.18647e-08 3.11708e-11 9.72396e-12 -4.6207e-08
894 1.04 340 0 1.93028e-08 7.99746e-12 -7.88952e-08 -1.65939e-11 -2.43403e-11 1.4561e-08 9.37349e-08 2.16696e-11 3.44752e-08 2.44798e-11 1.03486e-11 -4.26978e-08
894 1.05 340 0 1.43549e-08 3.71216e-12 -6.84845e-08 -1.76175e-11 -2.25237e-11 1.38539e-08 8.28894e-08 2.26485e-11 2.91574e-08 1.97616e-11 1.07785e-11 -4.00243e-08
894 1.06 340 0 1.05756e-08 6.43605e-13 -6.10492e-08 -1.86681e-11 -2.166e-11 1.3428e-08 7.50987e-08 2.3785e-11 2.51368e-08 1.66959e-11 1.14009e-11 -3.79341e-08
894 1.07 340 0 7.56251e-09 -1.74337e-12 -5.55261e-08 -1.95982e-11 -2.11186e-11 1.31998e-08 6.92875e-08 2.48387e-11 2.19866e-08 1.44109e-11 1.20453e-11 -3.62805e-08
894 1.08 340 0 5.07363e-09 -3.61874e-12 -5.13228e-08 -2.02535e-11 -2.053e-11 1.31221e-08 6.48561e-08 2.55996e-11 1.94502e-08 1.25109e-11 1.25812e-11 -3.49717e-08
894 1.09 340 0 2.9522e-09 -5.31968e-12 -4.80835e-08 -2.1302e-11 -2.05622e-11 1.31688e-08 6.14448e-08 2.68878e-11 1.7364e-08 1.11923e-11 1.34128e-11 -3.39486e-08
894 1.1 340 0 1.09119e-09 -6.87381e-12 -4.55819e-08 -2.24138e-11 -2.07756e-11 1.33243e-08 5.88248e-08 2.82858e-11 1.56174e-08 1.01222e-11 1.43241e-11 -3.31718e-08
894 1.11 340 0 -5.86777e-10 -8.22178e-12 -4.367e-08 -2.33761e-11 -2.08882e-11 1.35814e-08 5.6848e-08 2.95264e-11 1.41334e-08 9.15122e-12 1.51735e-11 -3.26163e-08
894 1.12 340 0 -2.1413e-09 -9.72602e-12 -4.22508e-08 -2.49031e-11 -2.15715e-11 1.39399e-08 5.54191e-08 3.14957e-11 1.28564e-08 8.46365e-12 1.64263e-11 -3.22683e-08
894 1.13 340 0 -3.62056e-09 -1.13141e-11 -4.12612e-08 -2.67272e-11 -2.25142e-11 1.44039e-08 5.44783e-08 3.38624e-11 1.17454e-08 7.89828e-12 1.79157e-11 -3.21229e-08
894 1.14 340 0 -5.06652e-09 -1.28344e-11 -4.06635e-08 -2.85004e-11 -2.33944e-11 1.49826e-08 5.39933e-08 3.61989e-11 1.07688e-08 7.3485e-12 1.9416e-11 -3.21832e-08
894 1.15 340 0 -6.51971e-09 -1.47872e-11 -4.04432e-08 -3.11547e-11 -2.49936e-11 1.56924e-08 5.39582e-08 3.96714e-11 9.90248e-09 6.97098e-12 2.15665e-11 -3.24624e-08
894 1.16 340 0 -8.02126e-09 -1.70562e-11 -4.06044e-08 -3.43915e-11 -2.70223e-11 1.6556e-08 5.43888e-08 4.39184e-11 9.12709e-09 6.65379e-12 2.41854e-11 -3.29834e-08
894 1.17 340 0 -9.61757e-09 -1.95252e-11 -4.11731e-08 -3.80132e-11 -2.92705e-11 1.76062e-08 5.53279e-08 4.87026e-11 8.4268e-09 6.34517e-12 2.71541e-11 -3.37829e-08
894 1.18 340 0 -1.13659e-08 -2.29008e-11 -4.22026e-08 -4.32044e-11 -3.26688e-11 1.88907e-08 5.68528e-08 5.55356e-11 7.78846e-09 6.14429e-12 3.13387e-11 -3.49168e-08
894 1.19 340 0 -1.33402e-08 -2.6865e-11 -4.37807e-08 -4.93949e-11 -3.67019e-11 2.04774e-08 5.90858e-08 6.3722e-11 7.20031e-09 5.94469e-12 3.63761e-11 -3.64681e-08
894 1.2 340 0 -1.56452e-08 -3.26268e-11 -4.60506e-08 -5.86079e-11 -4.28472e-11 2.24693e-08 6.22222e-08 7.58763e-11 6.65159e-09 5.84158e-12 4.38042e-11 -3.85638e-08
894 1.21 340 0 -1.84351e-08 -4.00123e-11 -4.92398e-08 -7.0493e-11 -5.07473e-11 2.50229e-08 6.65693e-08 9.16092e-11 6.13107e-09 5.73002e-12 5.34622e-11 -4.14007e-08
894 1.22 340 0 -2.1957e-08 -5.15468e-11 -5.37295e-08 -8.92162e-11 -6.33118e-11 2.83955e-08 7.26385e-08 1.16373e-10 5.62596e-09 5.69077e-12 6.86342e-11 -4.53029e-08
894 1.23 340 0 -2.66331e-08 -6.95051e-11 -6.01855e-08 -1.18459e-10 -8.29292e-11 3.3031e-08 8.13216e-08 1.55101e-10 5.11883e-09 5.65e-12 9.24163e-11 -5.08325e-08
894 1.24 340 0 -3.32583e-08 -9.8906e-11 -6.98781e-08 -1.66423e-10 -1.14995e-10 3.97713e-08 9.43171e-08 2.18745e-10 4.58146e-09 5.53281e-12 1.31646e-10 -5.9058e-08
894 1.25 340 0 -4.35435e-08 -1.57686e-10 -8.55561e-08 -2.6224e-10 -1.79037e-10 5.04331e-08 1.15298e-07 3.45987e-10 3.95836e-09 5.14798e-12 2.10262e-10 -7.22865e-08
894 1.26 340 0 -6.19576e-08 -2.95205e-10 -1.1442e-07 -4.86186e-10 -3.28167e-10 6.97689e-08 1.53883e-07 6.4388e-10 3.10986e-09 3.60855e-12 3.95059e-10 -9.65574e-08
894 1.27 340 0 -1.0513e-07 -7.98662e-10 -1.83285e-07 -1.30395e-09 -8.71051e-10 1.15471e-07 2.45892e-07 1.73321e-09 1.52462e-09 -5.01805e-12 1.07349e-09 -1.54357e-07
894 1.28 340 0 -3.30907e-07 -7.38838e-09 -5.46757e-07 -1.19752e-08 -7.92401e-09 3.55495e-07 7.31394e-07 1.59742e-08 -5.63482e-09 -1.65882e-10 9.98638e-09 -4.59158e-07
894 1.29 340 0 2.95528e-07 -5.58029e-09 4.64413e-07 -8.98976e-09 -5.89856e-09 -3.11288e-07 -6.19202e-07 1.20329e-08 1.33038e-08 -2.03351e-10 7.59249e-09 3.88621e-07
894 1.3 340 0 1.02709e-07 -6.32927e-10 1.53982e-07 -1.01438e-09 -6.60848e-10 -1.06293e-07 -2.04551e-07 1.36209e-09 7.19746e-09 -3.06123e-11 8.67435e-10 1.28304e-07
894 1.31 340 0 6.22172e-08 -2.18588e-10 8.92397e-08 -3.4887e-10 -2.25977e-10 -6.33777e-08 -1.18068e-07 4.69828e-10 5.76071e-09 -1.2692e-11 3.02007e-10 7.39934e-08
894 1.32 340 0 4.46033e-08 -1.07255e-10 6.1363e-08 -1.70658e-10 -1.10102e-10 -4.4794e-08 -8.08305e-08 2.30432e-10 5.03632e-09 -6.95512e-12 1.49528e-10 5.05985e-08
894 1.33 340 0 3.47222e-08 -6.14956e-11 4.5925e-08 -9.76177e-11 -6.28527e-11 -3.44273e-08 -6.02102e-08 1.32097e-10 4.56017e-09 -4.2542e-12 8.65526e-11 3.76379e-08
894 1.34 340 0 2.83822e-08 -3.93124e-11 3.61671e-08 -6.23397e-11 -4.01531e-11 -2.78183e-08 -4.71792e-08 8.45043e-11 4.20305e-09 -2.73461e-12 5.59267e-11 2.94439e-08
894 1.35 340 0 2.39596e-08 -2.65875e-11 2.94729e-08 -4.21364e-11 -2.723e-11 -2.32402e-08 -3.82426e-08 5.71765e-11 3.91444e-09 -1.77255e-12 3.8239e-11 2.38224e-08
894 1.36 340 0 2.06928e-08 -1.88398e-11 2.4616e-08 -2.98684e-11 -1.94325e-11 -1.98833e-08 -3.1762e-08 4.05386e-11 3.67025e-09 -1.11298e-12 2.74149e-11 1.97445e-08
894 1.37 340 0 1.81769e-08 -1.39557e-11 2.09458e-08 -2.21638e-11 -1.45832e-11 -1.73176e-08 -2.68679e-08 3.00593e-11 3.4574e-09 -6.20666e-13 2.05736e-11 1.66644e-08
894 1.38 340 0 1.61771e-08 -1.05353e-11 1.80852e-08 -1.67661e-11 -1.12163e-11 -1.52938e-08 -2.30569e-08 2.26902e-11 3.26806e-09 -2.4637e-13 1.57358e-11 1.42656e-08
894 1.39 340 0 1.45475e-08 -8.10986e-12 1.58009e-08 -1.29478e-11 -8.8615e-12 -1.36574e-08 -2.00167e-08 1.74556e-11 3.09719e-09 5.70285e-14 1.22854e-11 1.23521e-08
894 1.4 340 0 1.31928e-08 -6.41139e-12 1.39404e-08 -1.02852e-11 -7.26321e-12 -1.23073e-08 -1.75437e-08 1.37824e-11 2.94136e-09 3.31663e-13 9.86579e-12 1.07958e-08
894 1.41 340 0 1.20479e-08 -5.09839e-12 1.24005e-08 -8.22177e-12 -6.05029e-12 -1.11749e-08 -1.54997e-08 1.09159e-11 2.79811e-09 5.699e-13 7.9706e-12 9.50982e-09
894 1.42 340 0 1.1067e-08 -4.10054e-12 1.11083e-08 -6.65645e-12 -5.16848e-12 -1.02118e-08 -1.37874e-08 8.71857e-12 2.6656e-09 7.99672e-13 6.5213e-12 8.43304e-09
894 1.43 340 0 1.02167e-08 -3.35462e-12 1.00114e-08 -5.49206e-12 -4.57275e-12 -9.38286e-09 -1.23366e-08 7.05326e-12 2.5424e-09 1.04957e-12 5.4377e-12 7.52116e-09
894 1.44 340 0 9.47234e-09 -2.74991e-12 9.07092e-09 -4.54276e-12 -4.13996e-12 -8.6622e-09 -1.10952e-08 5.66526e-12 2.42741e-09 1.31241e-12 4.54439e-12 6.74147e-09
894 1.45 340 0 8.81504e-09 -2.27043e-12 8.25742e-09 -3.78963e-12 -3.88243e-12 -8.03009e-09 -1.00239e-08 4.51901e-12 2.31969e-09 1.62491e-12 3.82964e-12 6.06917e-09
894 1.46 340 0 8.23025e-09 -1.88174e-12 7.54835e-09 -3.18089e-12 -3.79307e-12 -7.47135e-09 -9.09239e-09 3.53018e-12 2.21847e-09 2.02338e-12 3.24709e-12 5.48519e-09
894 1.47 340 0 7.70651e-09 -1.56868e-12 6.92605e-09 -2.68999e-12 -3.92504e-12 -6.97412e-09 -8.27703e-09 2.62834e-12 2.12308e-09 2.59137e-12 2.77349e-12 4.97462e-09
894 1.48 340 0 7.2347e-09 -1.31266e-12 6.37656e-09 -2.28798e-12 -4.40326e-12 -6.52904e-09 -7.55904e-09 1.7009e-12 2.03284e-09 3.50389e-12 2.38246e-12 4.52565e-09
894 1.49 340 0 6.80744e-09 -1.10187e-12 5.88867e-09 -1.95679e-12 -5.66118e-12 -6.12883e-09 -6.92321e-09 4.97385e-13 1.94687e-09 5.2999e-12 2.05772e-12 4.12879e-09
894 1.5 340 0 6.41873e-09 -9.2712e-13 5.45333e-09 -1.68145e-12 -9.95184e-12 -5.76911e-09 -6.35648e-09 -2.15156e-12 1.8626e-09 1.07133e-11 1.785e-12 3.77637e-09
894 1.51 340 0 6.06364e-09 -7.55764e-13 5.06313e-09 -1.44405e-12 2.71738e-10 -5.33758e-09 -5.90333e-09 1.40465e-10 1.90923e-09 -3.29364e-10 1.56836e-12 3.4621e-09
894 1.52 340 0 5.73786e-09 -6.54206e-13 4.71186e-09 -1.25649e-12 7.45443e-12 -5.12454e-09 -5.40592e-09 5.95923e-12 1.73048e-09 -9.95507e-12 1.36183e-12 3.18075e-09
894 1.53 340 0 5.43809e-09 -5.50536e-13 4.39449e-09 -1.09265e-12 3.43659e-12 -4.85137e-09 -4.99713e-09 3.63793e-12 1.65854e-09 -4.96326e-12 1.19532e-12 2.92801e-09
894 1.54 340 0 5.16135e-09 -4.62613e-13 4.10674e-09 -9.53727e-13 2.12568e-12 -4.59851e-09 -4.62885e-09 2.73358e-12 1.59235e-09 -3.26217e-12 1.05334e-12 2.70023e-09
894 1.55 340 0 4.90511e-09 -3.87161e-13 3.84498e-09 -8.34766e-13 1.49474e-12 -4.36489e-09 -4.29549e-09 2.20836e-12 1.52992e-09 -2.39868e-12 9.30735e-13 2.49434e-09
894 1.56 340 0 4.66723e-09 -3.2274e-13 3.60614e-09 -7.32739e-13 1.13308e-12 -4.14864e-09 -3.99276e-09 1.84876e-12 1.47069e-09 -1.87486e-12 8.24759e-13 2.30774e-09
894 1.57 340 0 4.44585e-09 -2.67242e-13 3.38762e-09 -6.45046e-13 9.03529e-13 -3.94801e-09 -3.71711e-09 1.58065e-12 1.41434e-09 -1.52219e-12 7.32932e-13 2.13818e-09
894 1.58 340 0 4.23937e-09 -2.18738e-13 3.18715e-09 -5.68849e-13 7.45986e-13 -3.76144e-09 -3.46547e-09 1.36851e-12 1.36066e-09 -1.26552e-12 6.52523e-13 1.98376e-09
894 1.59 340 0 4.04638e-09 -1.76356e-13 3.00279e-09 -5.01097e-13 6.3194e-13 -3.58757e-09 -3.23523e-09 1.19268e-12 1.30946e-09 -1.0696e-12 5.80231e-13 1.84282e-09
894 1.6 340 0 3.86564e-09 -1.40468e-13 2.83286e-09 -4.4431e-13 5.48091e-13 -3.42519e-09 -3.02411e-09 1.0513e-12 1.26058e-09 -9.18443e-13 5.19328e-13 1.71391e-09
894 1.61 340 0 3.69608e-09 -1.08927e-13 2.67589e-09 -3.94629e-13 4.82692e-13 -3.27324e-09 -2.83014e-09 9.31307e-13 1.21388e-09 -7.95189e-13 4.65599e-13 1.59579e-09
894 1.62 340 0 3.53674e-09 -8.13605e-14 2.5306e-09 -3.50516e-13 4.30566e-13 -3.13079e-09 -2.65158e-09 8.27488e-13 1.16923e-09 -6.93359e-13 4.17528e-13 1.48736e-09
894 1.63 340 0 3.38676e-09 -5.7369e-14 2.39586e-09 -3.12722e-13 3.88038e-13 -2.99701e-09 -2.48693e-09 7.39454e-13 1.12653e-09 -6.07599e-13 3.7603e-13 1.38766e-09
894 1.64 340 0 3.24539e-09 -3.62594e-14 2.27068e-09 -2.78936e-13 3.52228e-13 -2.87117e-09 -2.33484e-09 6.61557e-13 1.08566e-09 -5.33879e-13 3.38611e-13 1.29584e-09
894 1.65 340 0 3.11194e-09 -1.75667e-14 2.15418e-09 -2.49305e-13 3.21304e-13 -2.75262e-09 -2.19414e-09 5.93173e-13 1.04652e-09 -4.69121e-13 3.05479e-13 1.21116e-09
894 1.66 340 0 2.98582e-09 -1.42477e-15 2.04558e-09 -2.23814e-13 2.94903e-13 -2.64077e-09 -2.06378e-09 5.34366e-13 1.00903e-09 -4.13101e-13 2.76823e-13 1.13295e-09
894 1.67 340 0 2.86647e-09 1.28666e-14 1.9442e-09 -2.00901e-13 2.71185e-13 -2.53511e-09 -1.94283e-09 4.81177e-13 9.73091e-10 -3.62826e-13 2.50789e-13 1.06062e-09
894 1.68 340 0 2.7534e-09 2.54858e-14 1.8494e-09 -1.80699e-13 2.49915e-13 -2.43515e-09 -1.83046e-09 4.33809e-13 9.38633e-10 -3.17693e-13 2.27721e-13 9.93648e-10
894 1.69 340 0 2.64617e-09 3.6559e-14 1.76065e-09 -1.62777e-13 2.30464e-13 -2.34049e-09 -1.72593e-09 3.91234e-13 9.05578e-10 -2.76769e-13 2.07062e-13 9.31562e-10
894 1.7 340 0 2.54437e-09 4.64127e-14 1.67744e-09 -1.46788e-13 2.12418e-13 -2.25073e-09 -1.62857e-09 3.52556e-13 8.73858e-10 -2.39105e-13 1.88486e-13 8.73942e-10
894 1.71 340 0 2.44762e-09 5.50963e-14 1.59933e-09 -1.32418e-13 1.9555e-13 -2.16553e-09 -1.5378e-09 3.17152e-13 8.43408e-10 -2.04389e-13 1.71657e-13 8.20408e-10
894 1.72 340 0 2.3556e-09 6.26968e-14 1.52593e-09 -1.19285e-13 1.79671e-13 -2.08457e-09 -1.45307e-09 2.84239e-13 8.14166e-10 -1.72337e-13 1.56087e-13 7.70621e-10
894 1.73 340 0 2.268e-09 6.94356e-14 1.45686e-09 -1.07189e-13 1.64617e-13 -2.00757e-09 -1.37389e-09 2.53394e-13 7.86077e-10 -1.42356e-13 1.41565e-13 7.24273e-10
894 1.74 340 0 2.18454e-09 7.54541e-14 1.3918e-09 -9.57381e-14 1.50322e-13 -1.93427e-09 -1.29983e-09 2.23796e-13 7.59087e-10 -1.1424e-13 1.27689e-13 6.81088e-10
894 1.75 340 0 2.10496e-09 8.10064e-14 1.33045e-09 -8.43888e-14 1.36995e-13 -1.86442e-09 -1.2305e-09 1.9456e-13 7.33145e-10 -8.7864e-14 1.13814e-13 6.40812e-10
894 1.76 340 0 2.02902e-09 8.61352e-14 1.27254e-09 -7.17607e-14 1.25421e-13 -1.7978e-09 -1.16553e-09 1.64371e-13 7.0821e-10 -6.36535e-14 9.92646e-14 6.03221e-10
894 1.77 340 0 1.95651e-09 5.6236e-14 1.21791e-09 -2.18686e-14 8.65277e-14 -1.73419e-09 -1.10477e-09 6.65158e-14 6.84279e-10 -4.64829e-14 2.59612e-14 5.68224e-10
894 1.78 340 0 1.88721e-09 4.61126e-14 1.16619e-09 -4.75863e-15 6.77012e-14 -1.67346e-09 -1.04762e-09 2.84678e-14 6.61211e-10 -3.32806e-14 -8.45848e-16 5.35442e-10
894 1.79 340 0 1.82095e-09 3.8664e-14 1.11724e-09 5.76345e-15 5.34436e-14 -1.61542e-09 -9.9393e-10 3.67648e-15 6.39005e-10 -2.30545e-14 -1.77898e-14 5.04766e-10
894 1.8 340 0 1.75755e-09 3.26802e-14 1.07087e-09 1.2433e-14 4.2112e-14 -1.5599e-09 -9.43443e-10 -1.30073e-14 6.17627e-10 -1.4998e-14 -2.86934e-14 4.76046e-10
894 1.81 340 0 1.69685e-09 2.7759e-14 1.02689e-09 1.64187e-14 3.30479e-14 -1.50677e-09 -8.95937e-10 -2.38015e-14 5.97042e-10 -8.69465e-15 -3.51813e-14 4.49138e-10
894 1.82 340 0 1.63872e-09 2.36511e-14 9.85171e-10 1.85719e-14 2.57313e-14 -1.45589e-09 -8.51207e-10 -3.04446e-14 5.77217e-10 -3.75634e-15 -3.85373e-14 4.23915e-10
894 1.83 340 0 1.583e-09 1.99761e-14 9.45553e-10 1.99422e-14 1.9665e-14 -1.40713e-09 -8.09065e-10 -3.51022e-14 5.58119e-10 -5.17136e-17 -4.04766e-14 4.00257e-10
894 1.84 340 0 1.52957e-09 1.69315e-14 9.07905e-10 2.03999e-14 1.49289e-14 -1.36038e-09 -7.69332e-10 -3.75341e-14 5.39719e-10 2.58029e-15 -4.0764e-14 3.78053e-10
894 1.85 340 0 1.47831e-09 1.45668e-14 8.72105e-10 2.01951e-14 1.1432e-14 -1.31553e-09 -7.31849e-10 -3.83366e-14 5.21986e-10 4.3224e-15 -3.98348e-14 3.57204e-10
894 1.86 340 0 1.42911e-09 1.28781e-14 8.38039e-10 1.95561e-14 9.13134e-15 -1.27248e-09 -6.96466e-10 -3.80352e-14 5.04894e-10 5.22486e-15 -3.81393e-14 3.37614e-10
894 1.87 340 0 1.38187e-09 1.18838e-14 8.05602e-10 1.84631e-14 7.92881e-15 -1.23114e-09 -6.63046e-10 -3.67008e-14 4.88415e-10 5.47068e-15 -3.5774e-14 3.192e-10
894 1.88 340 0 1.33649e-09 1.14404e-14 7.74698e-10 1.70744e-14 7.58615e-15 -1.19143e-09 -6.31463e-10 -3.46449e-14 4.72524e-10 5.2599e-15 -3.31554e-14 3.01882e-10
894 1.89 340 0 1.29288e-09 1.03229e-14 7.45236e-10 1.57021e-14 6.74639e-15 -1.15325e-09 -6.01599e-10 -3.20042e-14 4.57196e-10 4.94811e-15 -3.06345e-14 2.85587e-10
894 1.9 340 0 1.25094e-09 9.13305e-15 7.17133e-10 1.44114e-14 5.81999e-15 -1.11654e-09 -5.73345e-10 -2.94463e-14 4.42411e-10 4.67077e-15 -2.82199e-14 2.70247e-10
894 1.91 340 0 1.21061e-09 8.01582e-15 6.9031e-10 1.31563e-14 4.95275e-15 -1.08122e-09 -5.46602e-10 -2.69603e-14 4.28147e-10 4.40045e-15 -2.58537e-14 2.55801e-10
894 1.92 340 0 1.1718e-09 6.96436e-15 6.64696e-10 1.19269e-14 4.14477e-15 -1.04723e-09 -5.21276e-10 -2.4521e-14 4.14383e-10 4.12706e-15 -2.35192e-14 2.42189e-10
894 1.93 340 0 1.13445e-09 5.97272e-15 6.40223e-10 1.07148e-14 3.39532e-15 -1.0145e-09 -4.97281e-10 -2.21072e-14 4.01099e-10 3.84304e-15 -2.12014e-14 2.29358e-10
894 1.94 340 0 1.09848e-09 5.03543e-15 6.16828e-10 9.51191e-15 2.70308e-15 -9.82973e-10 -4.74534e-10 -1.96992e-14 3.88277e-10 3.54222e-15 -1.88851e-14 2.1726e-10
894 1.95 340 0 1.06384e-09 4.14703e-15 5.94453e-10 8.30901e-15 2.06635e-15 -9.52596e-10 -4.52963e-10 -1.72755e-14 3.75899e-10 3.21889e-15 -1.65522e-14 2.05846e-10
894 1.96 340 0 1.03046e-09 3.30152e-15 5.73044e-10 7.09382e-15 1.48325e-15 -9.23316e-10 -4.32498e-10 -1.48084e-14 3.63947e-10 2.86645e-15 -1.41779e-14 1.95075e-10
894 1.97 340 0 9.98286e-10 2.49146e-15 5.52549e-10 5.84712e-15 9.52149e-16 -8.95084e-10 -4.13072e-10 -1.22557e-14 3.52405e-10 2.47522e-15 -1.17229e-14 1.84907e-10
894 1.98 340 0 9.6727e-10 1.7061e-15 5.32921e-10 4.53298e-15 4.72838e-16 -8.67853e-10 -3.94627e-10 -9.53962e-15 3.41257e-10 2.02714e-15 -9.11368e-15 1.75305e-10
894 1.99 340 0 9.3736e-10 9.2573e-16 5.14115e-10 3.06157e-15 5.24968e-17 -8.4158e-10 -3.77105e-10 -6.46748e-15 3.30489e-10 1.4751e-15 -6.16724e-15 1.66233e-10
894 2 340 0 9.08507e-10 8.33547e-19 4.9609e-10 9.61071e-18 -2.28403e-18 -8.16223e-10 -3.60458e-10 -2.03363e-17 3.20087e-10 5.57288e-18 -1.92846e-17 1.57664e-10
