894 0 440 0 -7.51958e-10 -1.25961e-08 1.39704e-08 2.1463e-08 0 0 0 0 0 0 1.79084e-08 2.2369e-08
894 0.01 440 0 -7.58699e-10 -1.25957e-08 1.39777e-08 2.1455e-08 1.8453e-10 7.52847e-11 -1.9545e-12 -2.32585e-10 -1.39014e-10 -2.47578e-10 1.79164e-08 2.23578e-08
894 0.02 440 0 -7.78953e-10 -1.25944e-08 1.39994e-08 2.1431e-08 3.69038e-10 1.49913e-10 -4.45539e-12 -4.6525e-10 -2.78509e-10 -4.94614e-10 1.79404e-08 2.23241e-08
894 0.03 440 0 -8.12633e-10 -1.25922e-08 1.40356e-08 2.13909e-08 5.53501e-10 2.23229e-10 -8.0477e-12 -6.98074e-10 -4.18963e-10 -7.40568e-10 1.79803e-08 2.2268e-08
894 0.04 440 0 -8.59781e-10 -1.2589e-08 1.4086e-08 2.13345e-08 7.37886e-10 2.94578e-10 -1.32794e-11 -9.31125e-10 -5.60848e-10 -9.84891e-10 1.80358e-08 2.21892e-08
894 0.05 440 0 -9.20415e-10 -1.25845e-08 1.41506e-08 2.12618e-08 9.22148e-10 3.63309e-10 -2.07037e-11 -1.16447e-09 -7.04628e-10 -1.22703e-09 1.81068e-08 2.20875e-08
894 0.06 440 0 -9.94405e-10 -1.25784e-08 1.42291e-08 2.11725e-08 1.10623e-09 4.28776e-10 -3.08689e-11 -1.39815e-09 -8.50751e-10 -1.46642e-09 1.81929e-08 2.19626e-08
894 0.07 440 0 -1.0818e-09 -1.25705e-08 1.43213e-08 2.10664e-08 1.29007e-09 4.90331e-10 -4.43344e-11 -1.63221e-09 -9.99657e-10 -1.70249e-09 1.82936e-08 2.18142e-08
894 0.08 440 0 -1.18258e-09 -1.25603e-08 1.44269e-08 2.09433e-08 1.47356e-09 5.47337e-10 -6.1664e-11 -1.86665e-09 -1.15176e-09 -1.93465e-09 1.84086e-08 2.1642e-08
894 0.09 440 0 -1.29663e-09 -1.25475e-08 1.45455e-08 2.08026e-08 1.65659e-09 5.99166e-10 -8.34184e-11 -2.10149e-09 -1.30747e-09 -2.1623e-09 1.85372e-08 2.14455e-08
894 0.1 440 0 -1.42394e-09 -1.25315e-08 1.46767e-08 2.06442e-08 1.839e-09 6.45195e-10 -1.10174e-10 -2.33667e-09 -1.46714e-09 -2.38482e-09 1.86787e-08 2.12242e-08
894 0.11 440 0 -1.56438e-09 -1.25118e-08 1.482e-08 2.04675e-08 2.02062e-09 6.8481e-10 -1.425e-10 -2.57214e-09 -1.63112e-09 -2.60157e-09 1.88325e-08 2.09775e-08
894 0.12 440 0 -1.71785e-09 -1.24878e-08 1.4975e-08 2.02722e-08 2.20124e-09 7.1741e-10 -1.80977e-10 -2.80783e-09 -1.79973e-09 -2.8119e-09 1.89977e-08 2.07051e-08
894 0.13 440 0 -1.88416e-09 -1.24588e-08 1.51409e-08 2.00578e-08 2.38061e-09 7.42421e-10 -2.2618e-10 -3.04358e-09 -1.97324e-09 -3.01514e-09 1.91732e-08 2.0406e-08
894 0.14 440 0 -2.06327e-09 -1.24241e-08 1.53172e-08 1.98237e-08 2.55843e-09 7.59263e-10 -2.78709e-10 -3.27924e-09 -2.15188e-09 -3.21058e-09 1.93583e-08 2.00798e-08
894 0.15 440 0 -2.25476e-09 -1.2383e-08 1.55031e-08 1.95694e-08 2.7344e-09 7.67401e-10 -3.3912e-10 -3.51459e-09 -2.33584e-09 -3.39752e-09 1.95514e-08 1.97259e-08
894 0.16 440 0 -2.45849e-09 -1.23345e-08 1.56979e-08 1.92943e-08 2.90813e-09 7.66303e-10 -4.08011e-10 -3.74939e-09 -2.52527e-09 -3.57521e-09 1.97516e-08 1.93435e-08
894 0.17 440 0 -2.67414e-09 -1.22779e-08 1.59005e-08 1.89979e-08 3.0792e-09 7.55489e-10 -4.85958e-10 -3.9833e-09 -2.72025e-09 -3.74289e-09 1.99572e-08 1.89318e-08
894 0.18 440 0 -2.90134e-09 -1.22123e-08 1.61102e-08 1.86795e-08 3.24713e-09 7.3448e-10 -5.73538e-10 -4.21599e-09 -2.92081e-09 -3.89978e-09 2.0167e-08 1.84902e-08
894 0.19 440 0 -3.13966e-09 -1.21365e-08 1.63257e-08 1.83385e-08 3.4114e-09 7.02866e-10 -6.71299e-10 -4.44699e-09 -3.12691e-09 -4.04508e-09 2.03791e-08 1.8018e-08
894 0.2 440 0 -3.39086e-09 -1.205e-08 1.65446e-08 1.79693e-08 3.57054e-09 6.60081e-10 -7.79636e-10 -4.67489e-09 -3.33837e-09 -4.17759e-09 2.0593e-08 1.75102e-08
894 0.21 440 0 -3.65211e-09 -1.19511e-08 1.67668e-08 1.75762e-08 3.72493e-09 6.05925e-10 -8.99112e-10 -4.90001e-09 -3.55516e-09 -4.29695e-09 2.08057e-08 1.69707e-08
894 0.22 440 0 -3.92196e-09 -1.18386e-08 1.69915e-08 1.71604e-08 3.87397e-09 5.40282e-10 -1.03039e-09 -5.12208e-09 -3.77693e-09 -4.40232e-09 2.10144e-08 1.64002e-08
894 0.23 440 0 -4.20032e-09 -1.17117e-08 1.72169e-08 1.67198e-08 4.01678e-09 4.62813e-10 -1.17383e-09 -5.34013e-09 -4.00338e-09 -4.49279e-09 2.12173e-08 1.57969e-08
894 0.24 440 0 -4.4861e-09 -1.1569e-08 1.74415e-08 1.62539e-08 4.15281e-09 3.73303e-10 -1.32987e-09 -5.55338e-09 -4.2341e-09 -4.5676e-09 2.14118e-08 1.51603e-08
894 0.25 440 0 -4.77887e-09 -1.14096e-08 1.76633e-08 1.57615e-08 4.28074e-09 2.71802e-10 -1.49894e-09 -5.7609e-09 -4.4685e-09 -4.6257e-09 2.15959e-08 1.44895e-08
894 0.26 440 0 -5.07657e-09 -1.12325e-08 1.78811e-08 1.52434e-08 4.40031e-09 1.58137e-10 -1.68137e-09 -5.96208e-09 -4.70599e-09 -4.66645e-09 2.17661e-08 1.37852e-08
894 0.27 440 0 -5.37905e-09 -1.10361e-08 1.80923e-08 1.46972e-08 4.51003e-09 3.25339e-11 -1.87736e-09 -6.15539e-09 -4.94584e-09 -4.68886e-09 2.19204e-08 1.30459e-08
894 0.28 440 0 -5.684e-09 -1.08198e-08 1.82952e-08 1.41243e-08 4.60947e-09 -1.0503e-10 -2.0871e-09 -6.34023e-09 -5.18719e-09 -4.69226e-09 2.20546e-08 1.22726e-08
894 0.29 440 0 -5.99069e-09 -1.05824e-08 1.84869e-08 1.35235e-08 4.69707e-09 -2.54064e-10 -2.31065e-09 -6.51527e-09 -5.42902e-09 -4.6757e-09 2.21663e-08 1.14649e-08
894 0.3 440 0 -6.29682e-09 -1.03226e-08 1.86658e-08 1.28944e-08 4.7725e-09 -4.14496e-10 -2.54806e-09 -6.67909e-09 -5.6704e-09 -4.63867e-09 2.22517e-08 1.06231e-08
894 0.31 440 0 -6.6019e-09 -1.00407e-08 1.8829e-08 1.22365e-08 4.834e-09 -5.85937e-10 -2.7993e-09 -6.83056e-09 -5.91022e-09 -4.58028e-09 2.23083e-08 9.74773e-09
894 0.32 440 0 -6.9046e-09 -9.73282e-09 1.89705e-08 1.15453e-08 4.87934e-09 -7.68181e-10 -3.06386e-09 -6.96631e-09 -6.14621e-09 -4.4989e-09 2.23289e-08 8.8351e-09
894 0.33 440 0 -7.20158e-09 -9.40029e-09 1.90899e-08 1.08266e-08 4.90842e-09 -9.59776e-10 -3.34132e-09 -7.0868e-09 -6.37752e-09 -4.3948e-09 2.23116e-08 7.89062e-09
894 0.34 440 0 -7.48882e-09 -9.04217e-09 1.91864e-08 1.0082e-08 4.92194e-09 -1.1598e-09 -3.63108e-09 -7.191e-09 -6.60301e-09 -4.26845e-09 2.2253e-08 6.91781e-09
894 0.35 440 0 -7.76489e-09 -8.65784e-09 1.92555e-08 9.31082e-09 4.9178e-09 -1.36712e-09 -3.9324e-09 -7.27702e-09 -6.82069e-09 -4.11898e-09 2.21491e-08 5.9171e-09
894 0.36 440 0 -8.02735e-09 -8.24688e-09 1.92937e-08 8.51323e-09 4.89507e-09 -1.58094e-09 -4.24431e-09 -7.34305e-09 -7.02874e-09 -3.94611e-09 2.19951e-08 4.88998e-09
894 0.37 440 0 -8.27307e-09 -7.80913e-09 1.92979e-08 7.69025e-09 4.85326e-09 -1.80023e-09 -4.56566e-09 -7.3875e-09 -7.22527e-09 -3.74986e-09 2.17863e-08 3.83909e-09
894 0.38 440 0 -8.499e-09 -7.34459e-09 1.92644e-08 6.84365e-09 4.79124e-09 -2.02301e-09 -4.895e-09 -7.40902e-09 -7.40815e-09 -3.53036e-09 2.15191e-08 2.76772e-09
894 0.39 440 0 -8.70232e-09 -6.85348e-09 1.91893e-08 5.97442e-09 4.70827e-09 -2.24812e-09 -5.23069e-09 -7.40581e-09 -7.57521e-09 -3.28773e-09 2.11887e-08 1.67873e-09
894 0.4 440 0 -8.8798e-09 -6.33591e-09 1.90689e-08 5.08389e-09 4.6039e-09 -2.47385e-09 -5.5708e-09 -7.3762e-09 -7.72429e-09 -3.02256e-09 2.07906e-08 5.76229e-10
894 0.41 440 0 -9.02741e-09 -5.79375e-09 1.88993e-08 4.17563e-09 4.47785e-09 -2.69877e-09 -5.91308e-09 -7.31924e-09 -7.8529e-09 -2.73541e-09 2.03197e-08 -5.35426e-10
894 0.42 440 0 -9.14225e-09 -5.22761e-09 1.86759e-08 3.2518e-09 4.32913e-09 -2.92047e-09 -6.255e-09 -7.23355e-09 -7.95855e-09 -2.4271e-09 1.97726e-08 -1.6512e-09
894 0.43 440 0 -9.22056e-09 -4.63902e-09 1.8395e-08 2.31546e-09 4.1579e-09 -3.13716e-09 -6.59377e-09 -7.11797e-09 -8.0388e-09 -2.09887e-09 1.91449e-08 -2.76552e-09
894 0.44 440 0 -9.25855e-09 -4.03e-09 1.80524e-08 1.37031e-09 3.96422e-09 -3.34677e-09 -6.92623e-09 -6.97167e-09 -8.09112e-09 -1.75215e-09 1.84324e-08 -3.87199e-09
894 0.45 440 0 -9.25331e-09 -3.40296e-09 1.76447e-08 4.19503e-10 3.7484e-09 -3.54729e-09 -7.24936e-09 -6.7937e-09 -8.11342e-09 -1.38884e-09 1.76325e-08 -4.96388e-09
894 0.46 440 0 -9.19953e-09 -2.76046e-09 1.71663e-08 -5.30162e-10 3.51066e-09 -3.73609e-09 -7.5586e-09 -6.58444e-09 -8.10214e-09 -1.01061e-09 1.67399e-08 -6.03332e-09
894 0.47 440 0 -9.09434e-09 -2.10594e-09 1.66139e-08 -1.4743e-09 3.25177e-09 -3.91111e-09 -7.85024e-09 -6.3437e-09 -8.05523e-09 -6.20003e-10 1.57525e-08 -7.07209e-09
894 0.48 440 0 -8.93415e-09 -1.4427e-09 1.5984e-08 -2.40764e-09 2.97283e-09 -4.0699e-09 -8.12008e-09 -6.07165e-09 -7.97033e-09 -2.19834e-10 1.46682e-08 -8.07109e-09
894 0.49 440 0 -8.71539e-09 -7.76106e-10 1.52721e-08 -3.32182e-09 2.67464e-09 -4.21045e-09 -8.36322e-09 -5.77017e-09 -7.84472e-09 1.87023e-10 1.34847e-08 -9.0207e-09
894 0.5 440 0 -8.43446e-09 -1.10682e-10 1.44758e-08 -4.20988e-09 2.35924e-09 -4.3304e-09 -8.57499e-09 -5.44074e-09 -7.67639e-09 5.9684e-10 1.22013e-08 -9.91009e-09
894 0.51 440 0 -8.0891e-09 5.48902e-10 1.3591e-08 -5.06474e-09 2.0277e-09 -4.42743e-09 -8.7503e-09 -5.08494e-09 -7.4631e-09 1.00606e-09 1.08173e-08 -1.07286e-08
894 0.52 440 0 -7.67614e-09 1.19548e-09 1.26151e-08 -5.87527e-09 1.682e-09 -4.49971e-09 -8.88376e-09 -4.70694e-09 -7.2027e-09 1.41037e-09 9.33311e-09 -1.1464e-08
894 0.53 440 0 -7.19334e-09 1.82342e-09 1.15462e-08 -6.63303e-09 1.32444e-09 -4.54462e-09 -8.97033e-09 -4.30983e-09 -6.89372e-09 1.80498e-09 7.75124e-09 -1.21039e-08
894 0.54 440 0 -6.63865e-09 2.42431e-09 1.03829e-08 -7.32529e-09 9.57908e-10 -4.56156e-09 -9.0045e-09 -3.89948e-09 -6.53462e-09 2.18487e-09 6.07325e-09 -1.26349e-08
894 0.55 440 0 -6.01178e-09 2.99109e-09 9.1245e-09 -7.94229e-09 5.84633e-10 -4.54847e-09 -8.98165e-09 -3.48051e-09 -6.12476e-09 2.54462e-09 4.30434e-09 -1.30438e-08
894 0.56 440 0 -5.31005e-09 3.5153e-09 7.77107e-09 -8.46899e-09 2.08277e-10 -4.50328e-09 -8.89611e-09 -3.06106e-09 -5.66284e-09 2.87785e-09 2.44978e-09 -1.33153e-08
894 0.57 440 0 -4.53435e-09 3.98694e-09 6.3244e-09 -8.89088e-09 -1.67945e-10 -4.42634e-09 -8.74359e-09 -2.64982e-09 -5.14887e-09 3.17833e-09 5.16117e-10 -1.3435e-08
894 0.58 440 0 -3.6856e-09 4.39744e-09 4.78675e-09 -9.19479e-09 -5.40821e-10 -4.31561e-09 -8.52023e-09 -2.25495e-09 -4.58338e-09 3.43909e-09 -1.4865e-09 -1.33881e-08
894 0.59 440 0 -2.76537e-09 4.73573e-09 3.16304e-09 -9.36346e-09 -9.06116e-10 -4.17209e-09 -8.22288e-09 -1.88827e-09 -3.96735e-09 3.65287e-09 -3.54789e-09 -1.3159e-08
894 0.6 440 0 -1.7767e-09 4.99132e-09 1.45857e-09 -9.37978e-09 -1.26089e-09 -3.99473e-09 -7.8491e-09 -1.56187e-09 -3.30226e-09 3.81178e-09 -5.65427e-09 -1.27328e-08
894 0.61 440 0 -7.23529e-10 5.15281e-09 -3.18211e-10 -9.22554e-09 -1.60079e-09 -3.7845e-09 -7.39791e-09 -1.2896e-09 -2.5907e-09 3.90763e-09 -7.79058e-09 -1.20943e-08
894 0.62 440 0 3.88775e-10 5.2085e-09 -2.1569e-09 -8.88153e-09 -1.92206e-09 -3.54232e-09 -6.8699e-09 -1.0868e-09 -1.83594e-09 3.93183e-09 -9.93891e-09 -1.12287e-08
894 0.63 440 0 1.55281e-09 5.1465e-09 -4.04431e-09 -8.32936e-09 -2.22068e-09 -3.26963e-09 -6.26774e-09 -9.69131e-10 -1.04282e-09 3.87559e-09 -1.20782e-08 -1.01227e-08
894 0.64 440 0 2.76151e-09 4.95372e-09 -5.96331e-09 -7.54551e-09 -2.49225e-09 -2.96854e-09 -5.59591e-09 -9.57288e-10 -2.16319e-10 3.72893e-09 -1.41852e-08 -8.76158e-09
894 0.65 440 0 4.00394e-09 4.61779e-09 -7.89394e-09 -6.51066e-09 -2.7329e-09 -2.64156e-09 -4.86221e-09 -1.06969e-09 6.362e-10 3.4824e-09 -1.62329e-08 -7.13448e-09
894 0.66 440 0 5.26793e-09 4.12645e-09 -9.81257e-09 -5.20431e-09 -2.93897e-09 -2.29144e-09 -4.07736e-09 -1.32655e-09 1.50647e-09 3.12631e-09 -1.81915e-08 -5.23149e-09
894 0.67 440 0 6.53851e-09 3.46669e-09 -1.169e-08 -3.6041e-09 -3.10746e-09 -1.92187e-09 -3.25613e-09 -1.75099e-09 2.38438e-09 2.65031e-09 -2.00276e-08 -3.04456e-09
894 0.68 440 0 7.79915e-09 2.62683e-09 -1.34932e-08 -1.69173e-09 -3.23477e-09 -1.53629e-09 -2.41717e-09 -2.36394e-09 3.25783e-09 2.04451e-09 -2.17041e-08 -5.69381e-10
894 0.69 440 0 9.02993e-09 1.59489e-09 -1.51818e-08 5.52384e-10 -3.31805e-09 -1.13996e-09 -1.58507e-09 -3.18897e-09 4.1126e-09 1.29897e-09 -2.31808e-08 2.1957e-09
894 0.7 440 0 1.02074e-08 3.60471e-10 -1.67099e-08 3.14449e-09 -3.35532e-09 -7.37918e-10 -7.89931e-10 -4.24782e-09 4.93211e-09 4.04457e-10 -2.44143e-08 5.24717e-09
894 0.71 440 0 1.1307e-08 -1.0864e-09 -1.80241e-08 6.09798e-09 -3.34374e-09 -3.35755e-10 -6.83656e-11 -5.56234e-09 5.69685e-09 -6.48557e-10 -2.53558e-08 8.57771e-09
894 0.72 440 0 1.2299e-08 -2.75316e-09 -1.9064e-08 9.42076e-09 -3.28216e-09 5.99955e-11 5.35728e-10 -7.15032e-09 6.38455e-09 -1.86742e-09 -2.59551e-08 1.21722e-08
894 0.73 440 0 1.31489e-08 -4.64562e-09 -1.97605e-08 1.3116e-08 -3.17092e-09 4.43118e-10 9.69767e-10 -9.0276e-09 6.96886e-09 -3.25927e-09 -2.61581e-08 1.60093e-08
894 0.74 440 0 1.38192e-08 -6.76779e-09 -2.00359e-08 1.71786e-08 -3.01034e-09 8.03744e-10 1.17255e-09 -1.12047e-08 7.42e-09 -4.82872e-09 -2.59091e-08 2.0059e-08
894 0.75 440 0 1.4267e-08 -9.11619e-09 -1.98044e-08 2.15909e-08 -2.80132e-09 1.13764e-09 1.07309e-09 -1.36824e-08 7.70309e-09 -6.5769e-09 -2.51501e-08 2.42788e-08
894 0.76 440 0 1.44455e-08 -1.16833e-08 -1.89712e-08 2.63233e-08 -2.5457e-09 1.43767e-09 5.91205e-10 -1.64519e-08 7.78017e-09 -8.50097e-09 -2.38243e-08 2.86163e-08
894 0.77 440 0 1.43043e-08 -1.44559e-08 -1.74308e-08 3.13295e-08 -2.24467e-09 1.69567e-09 -3.65593e-10 -1.94926e-08 7.60761e-09 -1.05936e-08 -2.18748e-08 3.30064e-08
894 0.78 440 0 1.37871e-08 -1.74123e-08 -1.50734e-08 3.65418e-08 -1.90273e-09 1.90442e-09 -1.89685e-09 -2.2765e-08 7.13703e-09 -1.28407e-08 -1.92492e-08 3.73687e-08
894 0.79 440 0 1.28335e-08 -2.05212e-08 -1.17828e-08 4.18683e-08 -1.52408e-09 2.05591e-09 -4.11159e-09 -2.62092e-08 6.31519e-09 -1.52201e-08 -1.5902e-08 4.16074e-08
894 0.8 440 0 1.13793e-08 -2.37402e-08 -7.44116e-09 4.7187e-08 -1.11476e-09 2.14143e-09 -7.12439e-09 -2.97387e-08 5.08414e-09 -1.76995e-08 -1.17974e-08 4.56096e-08
894 0.81 440 0 9.3575e-09 -2.70108e-08 -1.93449e-09 5.23397e-08 -6.82159e-10 2.15421e-09 -1.10512e-08 -3.32335e-08 3.38156e-09 -2.02333e-08 -6.91417e-09 4.92448e-08
894 0.82 440 0 6.70065e-09 -3.02599e-08 4.84537e-09 5.7128e-08 -2.33913e-10 2.0839e-09 -1.60088e-08 -3.65373e-08 1.14241e-09 -2.27608e-08 -1.24947e-09 5.23658e-08
894 0.83 440 0 3.34109e-09 -3.3392e-08 1.29848e-08 6.13068e-08 2.19419e-10 1.92296e-09 -2.2099e-08 -3.94476e-08 -1.69988e-09 -2.52016e-08 5.17279e-09 5.48088e-08
894 0.84 440 0 -7.84812e-10 -3.62882e-08 2.25421e-08 6.45805e-08 6.6709e-10 1.66351e-09 -2.94047e-08 -4.17117e-08 -5.21093e-09 -2.74523e-08 1.22975e-08 5.63976e-08
894 0.85 440 0 -5.73326e-09 -3.88031e-08 3.35301e-08 6.65996e-08 1.09461e-09 1.29596e-09 -3.79725e-08 -4.30221e-08 -9.45154e-09 -2.93826e-08 2.00304e-08 5.69478e-08
894 0.86 440 0 -1.15488e-08 -4.07584e-08 4.58986e-08 6.69605e-08 1.48607e-09 8.11788e-10 -4.7796e-08 -4.30133e-08 -1.44738e-08 -3.08293e-08 2.82311e-08 5.62742e-08
894 0.87 440 0 -1.82569e-08 -4.19403e-08 5.95151e-08 6.52078e-08 1.82145e-09 1.98797e-10 -5.87977e-08 -4.12623e-08 -2.03148e-08 -3.15911e-08 3.67089e-08 5.42006e-08
894 0.88 440 0 -2.58718e-08 -4.21175e-08 7.40948e-08 6.0794e-08 2.04786e-09 -5.39512e-10 -7.07607e-08 -3.72476e-08 -2.69918e-08 -3.14413e-08 4.52116e-08 5.05918e-08
894 0.89 440 0 -3.43233e-08 -4.09129e-08 8.9259e-08 5.31869e-08 2.18959e-09 -1.43514e-09 -8.33707e-08 -3.04314e-08 -3.44632e-08 -3.0029e-08 5.34481e-08 4.53275e-08
894 0.9 440 0 -4.35324e-08 -3.79696e-08 1.04471e-07 4.19591e-08 2.206e-09 -2.51159e-09 -9.61657e-08 -2.03947e-08 -4.26744e-08 -2.69937e-08 6.10602e-08 3.83312e-08
894 0.91 440 0 -5.33809e-08 -3.28501e-08 1.18968e-07 2.66148e-08 1.97902e-09 -3.79706e-09 -1.08471e-07 -6.62382e-09 -5.15139e-08 -2.18778e-08 6.76452e-08 2.96141e-08
894 0.92 440 0 -6.36027e-08 -2.49107e-08 1.3175e-07 6.69235e-09 1.39166e-09 -5.30711e-09 -1.19364e-07 1.13894e-08 -6.07173e-08 -1.40304e-08 7.27569e-08 1.9288e-08
894 0.93 440 0 -7.37189e-08 -1.32618e-08 1.41548e-07 -1.80761e-08 2.92829e-10 -7.05387e-09 -1.27647e-07 3.39723e-08 -6.98081e-08 -2.55177e-09 7.59309e-08 7.57433e-09
894 0.94 440 0 -8.2805e-08 3.39972e-09 1.46817e-07 -4.7719e-08 -1.61342e-09 -9.01296e-09 -1.31834e-07 6.12292e-08 -7.78399e-08 1.38782e-08 7.67073e-08 -5.17895e-09
894 0.95 440 0 -8.87998e-08 2.70559e-08 1.45782e-07 -8.19067e-08 -4.85534e-09 -1.10118e-08 -1.30201e-07 9.29196e-08 -8.26939e-08 3.72472e-08 7.46511e-08 -1.84792e-08
894 0.96 440 0 -8.65227e-08 6.03022e-08 1.36733e-07 -1.1996e-07 -1.03573e-08 -1.23431e-08 -1.21094e-07 1.28475e-07 -7.9068e-08 7.01043e-08 6.93743e-08 -3.16701e-08
894 0.97 440 0 -6.25448e-08 1.02758e-07 1.1883e-07 -1.62066e-07 -1.91838e-08 -1.0466e-08 -1.03746e-07 1.6827e-07 -5.3348e-08 1.11818e-07 6.05621e-08 -4.38906e-08
894 0.98 440 0 5.48386e-09 1.28856e-07 8.95171e-08 -2.1687e-07 -2.83101e-08 1.03297e-09 -7.55263e-08 2.21415e-07 1.66665e-08 1.36062e-07 4.80385e-08 -5.40384e-08
894 0.99 440 0 7.75961e-08 7.38805e-08 7.5862e-09 -3.06717e-07 -2.1756e-08 1.99085e-08 5.84427e-09 3.10559e-07 8.94268e-08 7.79507e-08 3.15589e-08 -6.09534e-08
894 1 440 0 5.14429e-08 1.00367e-09 -5.84189e-06 -2.15638e-07 -5.90502e-11 2.50604e-08 5.85988e-06 2.15648e-07 6.55086e-08 1.01734e-09 4.55926e-11 -7.42953e-08
894 1.01 440 0 2.60699e-08 4.22449e-10 -1.37744e-07 6.74951e-10 6.01699e-11 1.14274e-08 1.48651e-07 -7.0784e-10 3.443e-08 3.95962e-10 -1.19945e-10 -3.94479e-08
894 1.02 440 0 1.65537e-08 2.66933e-10 -8.75173e-08 5.14487e-10 6.6484e-11 8.76261e-09 9.70957e-08 -5.49196e-10 2.37774e-08 2.36007e-10 -1.23478e-10 -3.19564e-08
894 1.03 440 0 1.13277e-08 1.94312e-10 -6.44202e-08 4.2435e-10 6.6831e-11 7.34728e-09 7.30952e-08 -4.60366e-10 1.7828e-08 1.60907e-10 -1.23582e-10 -2.7296e-08
894 1.04 440 0 8.02089e-09 1.5374e-10 -5.08869e-08 3.65723e-10 6.61114e-11 6.46497e-09 5.88772e-08 -4.02881e-10 1.40043e-08 1.18519e-10 -1.2291e-10 -2.40086e-08
894 1.05 440 0 5.75115e-09 1.28774e-10 -4.19815e-08 3.24915e-10 6.5541e-11 5.86874e-09 4.94272e-08 -3.63225e-10 1.13449e-08 9.18902e-11 -1.22359e-10 -2.15407e-08
894 1.06 440 0 4.10461e-09 1.12542e-10 -3.57014e-08 2.95152e-10 6.50987e-11 5.44755e-09 4.27028e-08 -3.34601e-10 9.39651e-09 7.41583e-11 -1.22093e-10 -1.96179e-08
894 1.07 440 0 2.85932e-09 1.01644e-10 -3.1065e-08 2.73169e-10 6.50938e-11 5.14305e-09 3.76985e-08 -3.13874e-10 7.9145e-09 6.16813e-11 -1.22401e-10 -1.80834e-08
894 1.08 440 0 1.88509e-09 9.43065e-11 -2.75306e-08 2.57058e-10 6.56779e-11 4.92179e-09 3.38574e-08 -2.99229e-10 6.75453e-09 5.25283e-11 -1.23478e-10 -1.68395e-08
894 1.09 440 0 1.10014e-09 8.9456e-11 -2.47747e-08 2.45272e-10 6.66348e-11 4.76385e-09 3.08458e-08 -2.8909e-10 5.82596e-09 4.57288e-11 -1.25251e-10 -1.58226e-08
894 1.1 440 0 4.5046e-10 8.65155e-11 -2.25919e-08 2.37234e-10 6.81647e-11 4.6564e-09 2.84512e-08 -2.82996e-10 5.06872e-09 4.05243e-11 -1.27951e-10 -1.49887e-08
894 1.11 440 0 -1.01393e-10 8.51777e-11 -2.08463e-08 2.32593e-10 7.04219e-11 4.59143e-09 2.65329e-08 -2.80706e-10 4.44158e-09 3.64565e-11 -1.31794e-10 -1.43074e-08
894 1.12 440 0 -5.82657e-10 8.5173e-11 -1.94458e-08 2.30826e-10 7.32847e-11 4.56439e-09 2.49955e-08 -2.81703e-10 3.91531e-09 3.33141e-11 -1.36777e-10 -1.37578e-08
894 1.13 440 0 -1.01389e-09 8.6479e-11 -1.83262e-08 2.32045e-10 7.69962e-11 4.57285e-09 2.37734e-08 -2.8626e-10 3.46852e-09 3.08624e-11 -1.43242e-10 -1.33253e-08
894 1.14 440 0 -1.41144e-09 8.9196e-11 -1.74431e-08 2.3656e-10 8.18468e-11 4.61624e-09 2.28213e-08 -2.94894e-10 3.08521e-09 2.89469e-11 -1.51638e-10 -1.3001e-08
894 1.15 440 0 -1.78946e-09 9.33547e-11 -1.67671e-08 2.44404e-10 8.78817e-11 4.69627e-09 2.21111e-08 -3.07747e-10 2.75326e-09 2.75335e-11 -1.62208e-10 -1.2781e-08
894 1.16 440 0 -2.16073e-09 9.92869e-11 -1.62798e-08 2.56371e-10 9.55843e-11 4.81629e-09 2.16266e-08 -3.25962e-10 2.46313e-09 2.65416e-11 -1.75729e-10 -1.26656e-08
894 1.17 440 0 -2.53812e-09 1.07499e-10 -1.59734e-08 2.73592e-10 1.05584e-10 4.9821e-09 2.13641e-08 -3.51136e-10 2.20723e-09 2.59384e-11 -1.93255e-10 -1.26608e-08
894 1.18 440 0 -2.936e-09 1.18557e-10 -1.58506e-08 2.97296e-10 1.18481e-10 5.20305e-09 2.13334e-08 -3.85023e-10 1.9794e-09 2.57609e-11 -2.1597e-10 -1.27786e-08
894 1.19 440 0 -3.37154e-09 1.33713e-10 -1.59261e-08 3.30277e-10 1.35728e-10 5.49277e-09 2.15593e-08 -4.31492e-10 1.77438e-09 2.60273e-11 -2.46317e-10 -1.304e-08
894 1.2 440 0 -3.86791e-09 1.54581e-10 -1.62315e-08 3.76067e-10 1.59059e-10 5.87261e-09 2.20896e-08 -4.95473e-10 1.58756e-09 2.68586e-11 -2.87463e-10 -1.34794e-08
894 1.21 440 0 -4.45795e-09 1.84441e-10 -1.68224e-08 4.41912e-10 1.92129e-10 6.3753e-09 2.30052e-08 -5.86988e-10 1.41447e-09 2.84117e-11 -3.4572e-10 -1.41515e-08
894 1.22 440 0 -5.19333e-09 2.28563e-10 -1.77976e-08 5.39359e-10 2.40666e-10 7.05502e-09 2.44468e-08 -7.22076e-10 1.25041e-09 3.1041e-11 -4.31273e-10 -1.51489e-08
894 1.23 440 0 -6.16109e-09 2.97941e-10 -1.93336e-08 6.92498e-10 3.16745e-10 8.00538e-09 2.66631e-08 -9.34157e-10 1.08945e-09 3.53883e-11 -5.65261e-10 -1.66332e-08
894 1.24 440 0 -7.52373e-09 4.16752e-10 -2.177e-08 9.54106e-10 4.46887e-10 9.40357e-09 3.01315e-08 -1.29653e-09 9.22694e-10 4.28531e-11 -7.94139e-10 -1.89121e-08
894 1.25 440 0 -9.62798e-09 6.46484e-10 -2.58424e-08 1.45802e-09 6.98506e-10 1.16303e-08 3.58833e-08 -1.99537e-09 7.33383e-10 5.69241e-11 -1.23618e-09 -2.26481e-08
894 1.26 440 0 -1.3367e-08 1.19349e-09 -3.34573e-08 2.65178e-09 1.29825e-09 1.56689e-08 4.65895e-08 -3.65398e-09 4.80901e-10 8.86748e-11 -2.28799e-09 -2.95557e-08
894 1.27 440 0 -2.19489e-08 3.12985e-09 -5.14769e-08 6.85184e-09 3.42473e-09 2.50559e-08 7.1862e-08 -9.50389e-09 2.35141e-11 1.92776e-10 -6.01084e-09 -4.58019e-08
894 1.28 440 0 -5.85888e-08 2.49944e-08 -1.29525e-07 5.39168e-08 2.74912e-08 6.54003e-08 1.81245e-07 -7.52639e-08 -1.63432e-09 1.24609e-09 -4.80511e-08 -1.16038e-07
894 1.29 440 0 5.31957e-08 1.91454e-08 1.10249e-07 4.07023e-08 2.11532e-08 -5.78971e-08 -1.54441e-07 -5.71687e-08 3.26672e-09 7.46783e-10 -3.6823e-08 9.918e-08
894 1.3 440 0 2.02063e-08 2.42557e-09 3.97275e-08 5.08175e-09 2.69016e-09 -2.16014e-08 -5.57435e-08 -7.18012e-09 1.70279e-09 7.07863e-11 -4.66345e-09 3.59306e-08
894 1.31 440 0 1.21107e-08 8.47671e-10 2.26177e-08 1.75031e-09 9.43158e-10 -1.27292e-08 -3.17729e-08 -2.48729e-09 1.28381e-09 1.71543e-11 -1.62821e-09 2.05453e-08
894 1.32 440 0 8.53036e-09 4.13356e-10 1.51692e-08 8.41229e-10 4.61138e-10 -8.82897e-09 -2.13271e-08 -1.20208e-09 1.07289e-09 5.02355e-12 -7.92743e-10 1.38302e-08
894 1.33 440 0 6.51491e-09 2.38326e-10 1.10567e-08 4.78066e-10 2.66428e-10 -6.64954e-09 -1.55533e-08 -6.868e-10 9.36304e-10 1.1789e-12 -4.56107e-10 1.01118e-08
894 1.34 440 0 5.22238e-09 1.51883e-10 8.4772e-09 3.00291e-10 1.70057e-10 -5.26333e-09 -1.19274e-08 -4.33644e-10 8.35793e-10 -2.14082e-13 -2.8989e-10 7.77224e-09
894 1.35 440 0 4.32294e-09 1.03596e-10 6.72515e-09 2.0189e-10 1.16111e-10 -4.30715e-09 -9.46168e-09 -2.93007e-10 7.56203e-10 -7.15949e-13 -1.97099e-10 6.17808e-09
894 1.36 440 0 3.661e-09 7.4172e-11 5.46853e-09 1.42479e-10 8.31748e-11 -3.60983e-09 -7.69114e-09 -2.07783e-10 6.9025e-10 -8.57793e-13 -1.40597e-10 5.03103e-09
894 1.37 440 0 3.15363e-09 5.50632e-11 4.53086e-09 1.0425e-10 6.17459e-11 -3.08024e-09 -6.36853e-09 -1.52746e-10 6.33945e-10 -8.44762e-13 -1.0393e-10 4.17244e-09
894 1.38 440 0 2.75258e-09 4.20834e-11 3.80987e-09 7.85314e-11 4.71659e-11 -2.66545e-09 -5.35049e-09 -1.15587e-10 5.84885e-10 -7.68182e-13 -7.90596e-11 3.51025e-09
894 1.39 440 0 2.42783e-09 3.29193e-11 3.24222e-09 6.05464e-11 3.68555e-11 -2.33261e-09 -4.54823e-09 -8.9509e-11 5.41508e-10 -6.66874e-13 -6.1525e-11 2.98741e-09
894 1.4 440 0 2.15973e-09 2.62372e-11 2.78668e-09 4.75563e-11 2.9324e-11 -2.06024e-09 -3.9039e-09 -7.06077e-11 5.02738e-10 -5.56582e-13 -4.8757e-11 2.56673e-09
894 1.41 440 0 1.93487e-09 2.12572e-11 2.41535e-09 3.7972e-11 2.37026e-11 -1.83375e-09 -3.3783e-09 -5.66145e-11 4.67802e-10 -4.49789e-13 -3.92633e-11 2.22296e-09
894 1.42 440 0 1.74378e-09 1.74602e-11 2.10861e-09 3.0736e-11 1.94082e-11 -1.64285e-09 -2.94392e-09 -4.60154e-11 4.36116e-10 -3.47326e-13 -3.20404e-11 1.93838e-09
894 1.43 440 0 1.57957e-09 1.45084e-11 1.85238e-09 2.5165e-11 1.60597e-11 -1.4801e-09 -2.58089e-09 -3.783e-11 4.07229e-10 -2.4706e-13 -2.64368e-11 1.70018e-09
894 1.44 440 0 1.43712e-09 1.2184e-11 1.63624e-09 2.08237e-11 1.34146e-11 -1.33998e-09 -2.27461e-09 -3.14334e-11 3.80784e-10 -1.5148e-13 -2.20385e-11 1.49892e-09
894 1.45 440 0 1.31252e-09 1.03258e-11 1.45239e-09 1.73882e-11 1.12874e-11 -1.21831e-09 -2.01404e-09 -2.63596e-11 3.56488e-10 -5.4912e-14 -1.85329e-11 1.32747e-09
894 1.46 440 0 1.20278e-09 8.82288e-12 1.29481e-09 1.46379e-11 9.54944e-12 -1.11188e-09 -1.79074e-09 -2.22917e-11 3.34098e-10 4.8416e-14 -1.57068e-11 1.18037e-09
894 1.47 440 0 1.1055e-09 7.59355e-12 1.15886e-09 1.24113e-11 8.09864e-12 -1.01815e-09 -1.59813e-09 -1.89999e-11 3.13411e-10 1.71466e-13 -1.34034e-11 1.05334e-09
894 1.48 440 0 1.01879e-09 6.57857e-12 1.04088e-09 1.05922e-11 6.84634e-12 -9.35136e-10 -1.43103e-09 -1.63242e-11 2.94247e-10 3.41476e-13 -1.15089e-11 9.43034e-10
894 1.49 440 0 9.41136e-10 5.73328e-12 9.3793e-10 9.09309e-12 5.67387e-12 -8.61234e-10 -1.2853e-09 -1.41648e-11 2.76448e-10 6.418e-13 -9.93764e-12 8.46758e-10
894 1.5 440 0 8.71275e-10 5.02386e-12 8.47673e-10 7.84823e-12 4.2005e-12 -7.95116e-10 -1.15763e-09 -1.25626e-11 2.59911e-10 1.48765e-12 -8.62472e-12 7.62345e-10
894 1.51 440 0 8.0818e-10 4.42537e-12 7.68189e-10 6.80748e-12 3.28031e-12 -7.30042e-10 -1.04756e-09 -1.10968e-11 2.51383e-10 1.82927e-12 -7.51996e-12 6.88026e-10
894 1.52 440 0 7.50992e-10 3.91414e-12 6.9791e-10 5.93087e-12 5.25714e-12 -6.81011e-10 -9.46527e-10 -8.74797e-12 2.31548e-10 -1.24979e-12 -6.58459e-12 6.22348e-10
894 1.53 440 0 6.98991e-10 3.47729e-12 6.3554e-10 5.18894e-12 4.32852e-12 -6.32889e-10 -8.58431e-10 -7.79782e-12 2.17715e-10 -7.01459e-13 -5.78821e-12 5.64107e-10
894 1.54 440 0 6.51565e-10 3.10126e-12 5.79997e-10 4.55729e-12 3.73437e-12 -5.88926e-10 -7.8019e-10 -6.90646e-12 2.05128e-10 -4.76286e-13 -5.10641e-12 5.12296e-10
894 1.55 440 0 6.08198e-10 2.776e-12 5.30379e-10 4.01693e-12 3.27918e-12 -5.48826e-10 -7.10426e-10 -6.11925e-12 1.93433e-10 -3.51834e-13 -4.52002e-12 4.66071e-10
894 1.56 440 0 5.68442e-10 2.49322e-12 4.85921e-10 3.55245e-12 2.90709e-12 -5.12182e-10 -6.48035e-10 -5.43196e-12 1.82517e-10 -2.7171e-13 -4.01337e-12 4.24721e-10
894 1.57 440 0 5.31915e-10 2.24631e-12 4.45979e-10 3.15144e-12 2.5937e-12 -4.7862e-10 -5.92089e-10 -4.83294e-12 1.72306e-10 -2.15226e-13 -3.57376e-12 3.87637e-10
894 1.58 440 0 4.98283e-10 2.0299e-12 4.10001e-10 2.80394e-12 2.32514e-12 -4.47813e-10 -5.418e-10 -4.3105e-12 1.62743e-10 -1.72758e-13 -3.19098e-12 3.54304e-10
894 1.59 440 0 4.67257e-10 1.83944e-12 3.77515e-10 2.50181e-12 2.09247e-12 -4.19475e-10 -4.96495e-10 -3.85413e-12 1.53777e-10 -1.39576e-13 -2.85668e-12 3.24276e-10
894 1.6 440 0 4.38584e-10 1.67108e-12 3.48116e-10 2.2377e-12 1.8896e-12 -3.93356e-10 -4.55593e-10 -3.45335e-12 1.45364e-10 -1.13392e-13 -2.56308e-12 2.97172e-10
894 1.61 440 0 4.12041e-10 1.52187e-12 3.21455e-10 2.00634e-12 1.71141e-12 -3.69239e-10 -4.18593e-10 -3.10113e-12 1.37463e-10 -9.1937e-14 -2.30479e-12 2.72661e-10
894 1.62 440 0 3.8743e-10 1.38915e-12 2.97228e-10 1.80312e-12 1.55414e-12 -3.46929e-10 -3.85061e-10 -2.79085e-12 1.30039e-10 -7.41718e-14 -2.07698e-12 2.50455e-10
894 1.63 440 0 3.64579e-10 1.27075e-12 2.75171e-10 1.62388e-12 1.41476e-12 -3.2626e-10 -3.54618e-10 -2.51643e-12 1.23059e-10 -5.93174e-14 -1.87524e-12 2.30304e-10
894 1.64 440 0 3.43331e-10 1.16482e-12 2.55054e-10 1.46553e-12 1.29072e-12 -3.07079e-10 -3.26935e-10 -2.27348e-12 1.16492e-10 -4.67215e-14 -1.69635e-12 2.11989e-10
894 1.65 440 0 3.2355e-10 1.0698e-12 2.36674e-10 1.3252e-12 1.17995e-12 -2.89256e-10 -3.01721e-10 -2.05774e-12 1.10309e-10 -3.5922e-14 -1.53724e-12 1.95319e-10
894 1.66 440 0 3.05112e-10 9.84303e-13 2.19855e-10 1.20044e-12 1.08081e-12 -2.7267e-10 -2.78723e-10 -1.86552e-12 1.04487e-10 -2.67725e-14 -1.39528e-12 1.80123e-10
894 1.67 440 0 2.87906e-10 9.0721e-13 2.0444e-10 1.08939e-12 9.91728e-13 -2.57217e-10 -2.57717e-10 -1.69418e-12 9.89999e-11 -1.88464e-14 -1.26851e-12 1.66254e-10
894 1.68 440 0 2.71832e-10 8.37527e-13 1.90292e-10 9.90276e-13 9.11502e-13 -2.42802e-10 -2.38504e-10 -1.54103e-12 9.38273e-11 -1.19872e-14 -1.15502e-12 1.5358e-10
894 1.69 440 0 2.56802e-10 7.74397e-13 1.77289e-10 9.01634e-13 8.39062e-13 -2.2934e-10 -2.20909e-10 -1.40389e-12 8.89488e-11 -6.02491e-15 -1.05321e-12 1.41984e-10
894 1.7 440 0 2.42733e-10 7.17087e-13 1.65321e-10 8.22209e-13 7.73493e-13 -2.16753e-10 -2.04778e-10 -1.28088e-12 8.43456e-11 -8.09238e-16 -9.61747e-13 1.31362e-10
894 1.71 440 0 2.29553e-10 6.64946e-13 1.54293e-10 7.50914e-13 7.14011e-13 -2.04975e-10 -1.8997e-10 -1.17037e-12 8.00004e-11 3.75455e-15 -8.79436e-13 1.21621e-10
894 1.72 440 0 2.17195e-10 6.17407e-13 1.44118e-10 6.86818e-13 6.59936e-13 -1.93941e-10 -1.76363e-10 -1.07095e-12 7.58973e-11 7.74318e-15 -8.05269e-13 1.12681e-10
894 1.73 440 0 2.05598e-10 5.7399e-13 1.34719e-10 6.29107e-13 6.10674e-13 -1.83596e-10 -1.63846e-10 -9.81399e-13 7.20213e-11 1.12576e-14 -7.38354e-13 1.04466e-10
894 1.74 440 0 1.94706e-10 5.34265e-13 1.26028e-10 5.77096e-13 5.65707e-13 -1.73887e-10 -1.5232e-10 -9.00683e-13 6.83585e-11 1.43627e-14 -6.77946e-13 9.69104e-11
894 1.75 440 0 1.8447e-10 4.97859e-13 1.17983e-10 5.30208e-13 5.24594e-13 -1.64769e-10 -1.41697e-10 -8.2793e-13 6.48962e-11 1.71116e-14 -6.23418e-13 8.99556e-11
894 1.76 440 0 1.74843e-10 4.64399e-13 1.10528e-10 4.88064e-13 4.86929e-13 -1.56198e-10 -1.31897e-10 -7.62503e-13 6.16227e-11 1.95542e-14 -5.7432e-13 8.35483e-11
894 1.77 440 0 1.65783e-10 4.30715e-13 1.03621e-10 4.54341e-13 4.49774e-13 -1.48131e-10 -1.22868e-10 -7.10475e-13 5.85315e-11 2.15616e-14 -5.36285e-13 7.7655e-11
894 1.78 440 0 1.5725e-10 4.01329e-13 9.72039e-11 4.20159e-13 4.17508e-13 -1.40541e-10 -1.14513e-10 -6.5732e-13 5.56021e-11 2.26879e-14 -4.96709e-13 7.22082e-11
894 1.79 440 0 1.4921e-10 3.74454e-13 9.12395e-11 3.88432e-13 3.88206e-13 -1.33392e-10 -1.06784e-10 -6.07798e-13 5.28287e-11 2.33812e-14 -4.59713e-13 6.71772e-11
894 1.8 440 0 1.41629e-10 3.49797e-13 8.56914e-11 3.59121e-13 3.61487e-13 -1.26654e-10 -9.96289e-11 -5.61894e-13 5.02025e-11 2.37629e-14 -4.25325e-13 6.25272e-11
894 1.81 440 0 1.34478e-10 3.27067e-13 8.05267e-11 3.32201e-13 3.36993e-13 -1.20299e-10 -9.30014e-11 -5.19643e-13 4.77152e-11 2.39076e-14 -3.9362e-13 5.82267e-11
894 1.82 440 0 1.27728e-10 3.06092e-13 7.57148e-11 3.07476e-13 3.14507e-13 -1.14301e-10 -8.6858e-11 -4.80762e-13 4.53589e-11 2.38674e-14 -3.64396e-13 5.42469e-11
894 1.83 440 0 1.21354e-10 2.86719e-13 7.12284e-11 2.84764e-13 2.93838e-13 -1.08639e-10 -8.11594e-11 -4.44986e-13 4.31261e-11 2.36762e-14 -3.37462e-13 5.05615e-11
894 1.84 440 0 1.15331e-10 2.68804e-13 6.70421e-11 2.63886e-13 2.74816e-13 -1.03289e-10 -7.587e-11 -4.12048e-13 4.10097e-11 2.33585e-14 -3.12631e-13 4.71467e-11
894 1.85 440 0 1.09638e-10 2.52225e-13 6.31331e-11 2.44689e-13 2.5729e-13 -9.82324e-11 -7.09572e-11 -3.81722e-13 3.90034e-11 2.29405e-14 -2.8974e-13 4.39807e-11
894 1.86 440 0 1.04255e-10 2.36867e-13 5.94805e-11 2.27031e-13 2.41127e-13 -9.34504e-11 -6.63915e-11 -3.53803e-13 3.71008e-11 2.24385e-14 -2.68643e-13 4.10437e-11
894 1.87 440 0 9.91616e-11 2.22633e-13 5.60651e-11 2.1077e-13 2.26207e-13 -8.89259e-11 -6.21458e-11 -3.2807e-13 3.52963e-11 2.18748e-14 -2.4918e-13 3.83177e-11
894 1.88 440 0 9.43411e-11 2.09422e-13 5.28695e-11 1.95787e-13 2.12409e-13 -8.46432e-11 -5.81953e-11 -3.04342e-13 3.35843e-11 2.1273e-14 -2.31227e-13 3.57862e-11
894 1.89 440 0 8.97768e-11 1.97077e-13 4.98776e-11 1.81986e-13 1.99552e-13 -8.05877e-11 -5.45175e-11 -2.82448e-13 3.19598e-11 2.06617e-14 -2.14668e-13 3.3434e-11
894 1.9 440 0 8.54534e-11 1.85562e-13 4.70747e-11 1.69278e-13 1.87584e-13 -7.67455e-11 -5.10918e-11 -2.62287e-13 3.0418e-11 2.00518e-14 -1.99408e-13 3.12475e-11
894 1.91 440 0 8.13567e-11 1.74818e-13 4.44473e-11 1.57561e-13 1.76442e-13 -7.3104e-11 -4.78992e-11 -2.43706e-13 2.89545e-11 1.94439e-14 -1.85331e-13 2.92139e-11
894 1.92 440 0 7.74734e-11 1.64787e-13 4.1983e-11 1.46749e-13 1.6606e-13 -6.96513e-11 -4.49223e-11 -2.26565e-13 2.75649e-11 1.88393e-14 -1.72335e-13 2.73217e-11
894 1.93 440 0 7.37912e-11 1.55413e-13 3.96704e-11 1.36762e-13 1.56378e-13 -6.63764e-11 -4.21453e-11 -2.10738e-13 2.62454e-11 1.82393e-14 -1.60326e-13 2.55602e-11
894 1.94 440 0 7.02984e-11 1.46646e-13 3.7499e-11 1.27529e-13 1.47342e-13 -6.32691e-11 -3.95533e-11 -1.96112e-13 2.49922e-11 1.76453e-14 -1.4922e-13 2.39198e-11
894 1.95 440 0 6.69842e-11 1.38441e-13 3.54591e-11 1.18985e-13 1.38903e-13 -6.03197e-11 -3.71331e-11 -1.82584e-13 2.38016e-11 1.70581e-14 -1.38939e-13 2.23913e-11
894 1.96 440 0 6.38385e-11 1.30755e-13 3.35417e-11 1.11071e-13 1.31015e-13 -5.75193e-11 -3.48722e-11 -1.70059e-13 2.26705e-11 1.64786e-14 -1.29415e-13 2.09667e-11
894 1.97 440 0 6.0852e-11 1.23552e-13 3.17386e-11 1.03735e-13 1.23637e-13 -5.48595e-11 -3.27591e-11 -1.58453e-13 2.15955e-11 1.59071e-14 -1.20582e-13 1.96382e-11
894 1.98 440 0 5.80156e-11 1.16794e-13 3.00423e-11 9.69248e-14 1.16732e-13 -5.23325e-11 -3.07835e-11 -1.47683e-13 2.05739e-11 1.53433e-14 -1.12379e-13 1.83991e-11
894 1.99 440 0 5.53211e-11 1.10451e-13 2.84455e-11 9.05933e-14 1.10266e-13 -4.99308e-11 -2.89356e-11 -1.3767e-13 1.96027e-11 1.47849e-14 -1.04745e-13 1.72427e-11
894 2 440 0 5.27607e-11 1.04495e-13 2.69419e-11 8.46733e-14 1.0422e-13 -4.76477e-11 -2.72063e-11 -1.2829e-13 1.86794e-11 1.42159e-14 -9.75789e-14 1.61631e-11
