894 0 260 0 -2.23655e-08 1.6894e-08 2.15771e-08 -1.40773e-08 0 0 0 0 0 0 1.58699e-08 -3.58613e-08
894 0.01 260 0 -2.23608e-08 1.69051e-08 2.15699e-08 -1.40755e-08 -5.90135e-11 -5.4992e-10 -1.07446e-10 6.81591e-11 -3.25306e-10 6.85151e-10 1.58586e-08 -3.58594e-08
894 0.02 260 0 -2.23466e-08 1.69383e-08 2.15482e-08 -1.40699e-08 -1.19072e-10 -1.09895e-09 -2.15174e-10 1.36716e-10 -6.49379e-10 1.37045e-09 1.58246e-08 -3.58538e-08
894 0.03 260 0 -2.23229e-08 1.69935e-08 2.1512e-08 -1.40605e-08 -1.81219e-10 -1.64621e-09 -3.23469e-10 2.06069e-10 -9.7099e-10 2.05602e-09 1.57681e-08 -3.58443e-08
894 0.04 260 0 -2.22895e-08 1.70706e-08 2.14615e-08 -1.40474e-08 -2.46491e-10 -2.19079e-09 -4.32607e-10 2.76619e-10 -1.2889e-09 2.74202e-09 1.56889e-08 -3.58308e-08
894 0.05 260 0 -2.22459e-08 1.71695e-08 2.13967e-08 -1.40303e-08 -3.15901e-10 -2.73178e-09 -5.4286e-10 3.48778e-10 -1.60188e-09 3.42853e-09 1.5587e-08 -3.58131e-08
894 0.06 260 0 -2.2192e-08 1.72899e-08 2.13176e-08 -1.40093e-08 -3.90452e-10 -3.26828e-09 -6.54488e-10 4.22956e-10 -1.90869e-09 4.11567e-09 1.54625e-08 -3.57908e-08
894 0.07 260 0 -2.21273e-08 1.74316e-08 2.12244e-08 -1.39842e-08 -4.71128e-10 -3.79933e-09 -7.6775e-10 4.99577e-10 -2.20809e-09 4.80349e-09 1.53153e-08 -3.57637e-08
894 0.08 260 0 -2.20513e-08 1.75944e-08 2.11173e-08 -1.39549e-08 -5.58878e-10 -4.32397e-09 -8.82888e-10 5.79079e-10 -2.49882e-09 5.49205e-09 1.51455e-08 -3.57312e-08
894 0.09 260 0 -2.19634e-08 1.77778e-08 2.09963e-08 -1.39212e-08 -6.54619e-10 -4.84121e-09 -1.00012e-09 6.61902e-10 -2.77965e-09 6.18133e-09 1.4953e-08 -3.5693e-08
894 0.1 260 0 -2.18625e-08 1.7981e-08 2.08611e-08 -1.38833e-08 -7.59292e-10 -5.35004e-09 -1.11959e-09 7.4857e-10 -3.04933e-09 6.87129e-09 1.47383e-08 -3.56486e-08
894 0.11 260 0 -2.17481e-08 1.82047e-08 2.07128e-08 -1.38408e-08 -8.73588e-10 -5.84943e-09 -1.24161e-09 8.39578e-10 -3.30657e-09 7.56196e-09 1.44999e-08 -3.5597e-08
894 0.12 260 0 -2.16202e-08 1.84472e-08 2.05516e-08 -1.37928e-08 -9.98416e-10 -6.33826e-09 -1.36632e-09 9.35203e-10 -3.55015e-09 8.25303e-09 1.42394e-08 -3.5538e-08
894 0.13 260 0 -2.14774e-08 1.87082e-08 2.03775e-08 -1.37395e-08 -1.13447e-09 -6.81546e-09 -1.49383e-09 1.03607e-09 -3.77879e-09 8.94439e-09 1.39564e-08 -3.54706e-08
894 0.14 260 0 -2.13186e-08 1.89873e-08 2.01906e-08 -1.36807e-08 -1.28242e-09 -7.27984e-09 -1.62428e-09 1.14272e-09 -3.99123e-09 9.63578e-09 1.36507e-08 -3.53941e-08
894 0.15 260 0 -2.11432e-08 1.92831e-08 1.99914e-08 -1.36163e-08 -1.4429e-09 -7.73028e-09 -1.75773e-09 1.25566e-09 -4.18623e-09 1.03269e-08 1.33227e-08 -3.53074e-08
894 0.16 260 0 -2.09489e-08 1.95952e-08 1.97791e-08 -1.35469e-08 -1.61651e-09 -8.16556e-09 -1.89409e-09 1.37576e-09 -4.36252e-09 1.10174e-08 1.29723e-08 -3.52096e-08
894 0.17 260 0 -2.07366e-08 1.99225e-08 1.9556e-08 -1.34701e-08 -1.80353e-09 -8.58435e-09 -2.03365e-09 1.50302e-09 -4.51886e-09 1.17066e-08 1.25997e-08 -3.50998e-08
894 0.18 260 0 -2.05043e-08 2.0264e-08 1.93215e-08 -1.33868e-08 -2.00444e-09 -8.98539e-09 -2.17627e-09 1.63831e-09 -4.65401e-09 1.23942e-08 1.22052e-08 -3.49769e-08
894 0.19 260 0 -2.02499e-08 2.06184e-08 1.90751e-08 -1.32975e-08 -2.21955e-09 -9.36741e-09 -2.32162e-09 1.78256e-09 -4.76674e-09 1.30795e-08 1.17887e-08 -3.48392e-08
894 0.2 260 0 -1.99739e-08 2.09843e-08 1.88191e-08 -1.32e-08 -2.44889e-09 -9.72893e-09 -2.47001e-09 1.93574e-09 -4.85585e-09 1.37616e-08 1.13508e-08 -3.46862e-08
894 0.21 260 0 -1.96745e-08 2.13605e-08 1.85529e-08 -1.30949e-08 -2.69265e-09 -1.00687e-08 -2.62106e-09 2.09878e-09 -4.92017e-09 1.44397e-08 1.08919e-08 -3.4516e-08
894 0.22 260 0 -1.93492e-08 2.17451e-08 1.82761e-08 -1.2983e-08 -2.95078e-09 -1.03852e-08 -2.77426e-09 2.27275e-09 -4.95855e-09 1.5113e-08 1.04119e-08 -3.43272e-08
894 0.23 260 0 -1.8999e-08 2.21366e-08 1.79909e-08 -1.28618e-08 -3.22302e-09 -1.0677e-08 -2.92982e-09 2.45748e-09 -4.96988e-09 1.57803e-08 9.91194e-09 -3.41185e-08
894 0.24 260 0 -1.86215e-08 2.25331e-08 1.76971e-08 -1.27319e-08 -3.50907e-09 -1.09427e-08 -3.08711e-09 2.65401e-09 -4.95308e-09 1.64404e-08 9.39217e-09 -3.38882e-08
894 0.25 260 0 -1.82147e-08 2.29326e-08 1.73942e-08 -1.2594e-08 -3.80861e-09 -1.11809e-08 -3.2454e-09 2.86346e-09 -4.9071e-09 1.70922e-08 8.85314e-09 -3.36346e-08
894 0.26 260 0 -1.77793e-08 2.33329e-08 1.70847e-08 -1.24457e-08 -4.12089e-09 -1.139e-08 -3.40479e-09 3.08558e-09 -4.83104e-09 1.77339e-08 8.29599e-09 -3.33561e-08
894 0.27 260 0 -1.73124e-08 2.37315e-08 1.6767e-08 -1.22887e-08 -4.44534e-09 -1.15686e-08 -3.56401e-09 3.32187e-09 -4.72398e-09 1.83644e-08 7.72122e-09 -3.30505e-08
894 0.28 260 0 -1.68148e-08 2.41261e-08 1.6444e-08 -1.21206e-08 -4.78088e-09 -1.17153e-08 -3.72309e-09 3.57203e-09 -4.58516e-09 1.89817e-08 7.13021e-09 -3.27165e-08
894 0.29 260 0 -1.62841e-08 2.45142e-08 1.61148e-08 -1.19425e-08 -5.12652e-09 -1.18287e-08 -3.88085e-09 3.83742e-09 -4.41375e-09 1.95842e-08 6.52329e-09 -3.23517e-08
894 0.3 260 0 -1.57204e-08 2.48919e-08 1.578e-08 -1.17534e-08 -5.48127e-09 -1.19074e-08 -4.03633e-09 4.1181e-09 -4.20939e-09 2.01696e-08 5.90341e-09 -3.19544e-08
894 0.31 260 0 -1.51237e-08 2.52603e-08 1.54402e-08 -1.15516e-08 -5.84393e-09 -1.19494e-08 -4.18901e-09 4.41485e-09 -3.97105e-09 2.07368e-08 5.26969e-09 -3.15226e-08
894 0.32 260 0 -1.44883e-08 2.56144e-08 1.50973e-08 -1.13287e-08 -6.21145e-09 -1.19501e-08 -4.33688e-09 4.72629e-09 -3.69712e-09 2.12795e-08 4.62406e-09 -3.10458e-08
894 0.33 260 0 -1.38163e-08 2.59506e-08 1.47518e-08 -1.10924e-08 -6.58278e-09 -1.19116e-08 -4.47951e-09 5.05446e-09 -3.38847e-09 2.17985e-08 3.96853e-09 -3.05286e-08
894 0.34 260 0 -1.31103e-08 2.62618e-08 1.44052e-08 -1.08472e-08 -6.95625e-09 -1.18352e-08 -4.61635e-09 5.39998e-09 -3.0463e-09 2.22923e-08 3.30666e-09 -2.99732e-08
894 0.35 260 0 -1.23697e-08 2.65448e-08 1.40572e-08 -1.05903e-08 -7.33005e-09 -1.17189e-08 -4.74551e-09 5.76272e-09 -2.67056e-09 2.27573e-08 2.64157e-09 -2.93757e-08
894 0.36 260 0 -1.15935e-08 2.67975e-08 1.37094e-08 -1.03197e-08 -7.70128e-09 -1.15612e-08 -4.86585e-09 6.1428e-09 -2.26076e-09 2.31911e-08 1.97314e-09 -2.8732e-08
894 0.37 260 0 -1.07825e-08 2.70149e-08 1.33615e-08 -1.00353e-08 -8.06808e-09 -1.13617e-08 -4.97547e-09 6.54028e-09 -1.81776e-09 2.35903e-08 1.30574e-09 -2.80404e-08
894 0.38 260 0 -9.93813e-09 2.71916e-08 1.30151e-08 -9.73787e-09 -8.4276e-09 -1.11206e-08 -5.07306e-09 6.95496e-09 -1.34272e-09 2.39525e-08 6.42149e-10 -2.72996e-08
894 0.39 260 0 -9.06174e-09 2.73245e-08 1.26716e-08 -9.42483e-09 -8.77703e-09 -1.08369e-08 -5.15732e-09 7.38599e-09 -8.36486e-10 2.42739e-08 -1.40366e-11 -2.65069e-08
894 0.4 260 0 -8.15388e-09 2.7409e-08 1.23322e-08 -9.09608e-09 -9.11334e-09 -1.05106e-08 -5.22661e-09 7.8333e-09 -2.99847e-10 2.45519e-08 -6.60818e-10 -2.56594e-08
894 0.41 260 0 -7.21644e-09 2.74398e-08 1.19968e-08 -8.75138e-09 -9.43387e-09 -1.01421e-08 -5.27856e-09 8.29623e-09 2.65248e-10 2.47829e-08 -1.29302e-09 -2.47554e-08
894 0.42 260 0 -6.2519e-09 2.74122e-08 1.16673e-08 -8.3899e-09 -9.73532e-09 -9.73195e-09 -5.31192e-09 8.77379e-09 8.56993e-10 2.49638e-08 -1.90686e-09 -2.37932e-08
894 0.43 260 0 -5.26391e-09 2.73215e-08 1.1345e-08 -8.01063e-09 -1.00148e-08 -9.28059e-09 -5.3252e-09 9.26443e-09 1.47306e-09 2.50909e-08 -2.49712e-09 -2.27708e-08
894 0.44 260 0 -4.25494e-09 2.71623e-08 1.10312e-08 -7.61316e-09 -1.02689e-08 -8.7895e-09 -5.31651e-09 9.76711e-09 2.11098e-09 2.51609e-08 -3.05948e-09 -2.16866e-08
894 0.45 260 0 -3.23001e-09 2.69318e-08 1.07265e-08 -7.19654e-09 -1.04949e-08 -8.25956e-09 -5.2842e-09 1.02804e-08 2.76784e-09 2.51715e-08 -3.5888e-09 -2.05405e-08
894 0.46 260 0 -2.19082e-09 2.66197e-08 1.04341e-08 -6.76047e-09 -1.06886e-08 -7.69395e-09 -5.2264e-09 1.08017e-08 3.44049e-09 2.5117e-08 -4.07933e-09 -1.93279e-08
894 0.47 260 0 -1.14439e-09 2.62244e-08 1.01559e-08 -6.30323e-09 -1.08468e-08 -7.09358e-09 -5.1427e-09 1.13288e-08 4.12484e-09 2.49951e-08 -4.52489e-09 -1.80504e-08
894 0.48 260 0 -9.54714e-11 2.57389e-08 9.89124e-09 -5.8256e-09 -1.09677e-08 -6.46219e-09 -5.02986e-09 1.18599e-08 4.81673e-09 2.48024e-08 -4.91845e-09 -1.67066e-08
894 0.49 260 0 9.49235e-10 2.51611e-08 9.64508e-09 -5.32499e-09 -1.10471e-08 -5.80101e-09 -4.88893e-09 1.23917e-08 5.51169e-09 2.45359e-08 -5.25403e-09 -1.52974e-08
894 0.5 260 0 1.98267e-09 2.44867e-08 9.41916e-09 -4.80193e-09 -1.10824e-08 -5.11369e-09 -4.71928e-09 1.29217e-08 6.20411e-09 2.41934e-08 -5.52336e-09 -1.38242e-08
894 0.51 260 0 2.99867e-09 2.37103e-08 9.21613e-09 -4.25329e-09 -1.10707e-08 -4.4031e-09 -4.51944e-09 1.34457e-08 6.88956e-09 2.37703e-08 -5.71986e-09 -1.22848e-08
894 0.52 260 0 3.98857e-09 2.28284e-08 9.03917e-09 -3.67932e-09 -1.10095e-08 -3.67344e-09 -4.28985e-09 1.39607e-08 7.56145e-09 2.32647e-08 -5.83502e-09 -1.06819e-08
894 0.53 260 0 4.94339e-09 2.18372e-08 8.8917e-09 -3.07904e-09 -1.08967e-08 -2.92881e-09 -4.03108e-09 1.44625e-08 8.21323e-09 2.26739e-08 -5.86012e-09 -9.01746e-09
894 0.54 260 0 5.85398e-09 2.07334e-08 8.77695e-09 -2.45175e-09 -1.07307e-08 -2.17391e-09 -3.74339e-09 1.49472e-08 8.83784e-09 2.19957e-08 -5.786e-09 -7.2938e-09
894 0.55 260 0 6.70961e-09 1.95173e-08 8.70039e-09 -1.79458e-09 -1.0509e-08 -1.41109e-09 -3.42939e-09 1.54103e-08 9.42836e-09 2.12284e-08 -5.60444e-09 -5.5142e-09
894 0.56 260 0 7.49939e-09 1.8181e-08 8.66698e-09 -1.11017e-09 -1.02307e-08 -6.49386e-10 -3.09093e-09 1.58472e-08 9.97521e-09 2.03696e-08 -5.3044e-09 -3.6825e-09
894 0.57 260 0 8.21147e-09 1.67251e-08 8.68116e-09 -3.96925e-10 -9.89562e-09 1.0736e-10 -2.73028e-09 1.62533e-08 1.04701e-08 1.94183e-08 -4.87596e-09 -1.80386e-09
894 0.58 260 0 8.83311e-09 1.5149e-08 8.74986e-09 3.45683e-10 -9.50267e-09 8.53862e-10 -2.35169e-09 1.66239e-08 1.09035e-08 1.83736e-08 -4.30918e-09 1.15897e-10
894 0.59 260 0 9.35029e-09 1.34529e-08 8.88067e-09 1.11771e-09 -9.05166e-09 1.58497e-09 -1.96072e-09 1.69544e-08 1.12653e-08 1.72351e-08 -3.59334e-09 2.06975e-09
894 0.6 260 0 9.7488e-09 1.16365e-08 9.07997e-09 1.91783e-09 -8.5443e-09 2.29387e-09 -1.56183e-09 1.72403e-08 1.15443e-08 1.6003e-08 -2.71705e-09 4.04923e-09
894 0.61 260 0 1.00132e-08 9.70198e-09 9.35712e-09 2.74517e-09 -7.98098e-09 2.97502e-09 -1.1624e-09 1.74772e-08 1.17288e-08 1.46781e-08 -1.66946e-09 6.04483e-09
894 0.62 260 0 1.01267e-08 7.65161e-09 9.72227e-09 3.59832e-09 -7.36256e-09 3.62289e-09 -7.7087e-10 1.76613e-08 1.18062e-08 1.32608e-08 -4.40219e-10 8.04604e-09
894 0.63 260 0 1.00728e-08 5.49265e-09 1.01846e-08 4.47418e-09 -6.6927e-09 4.23247e-09 -3.95858e-10 1.77898e-08 1.17635e-08 1.17559e-08 9.8353e-10 1.00388e-08
894 0.64 260 0 9.83162e-09 3.22448e-09 1.07569e-08 5.36682e-09 -5.97414e-09 4.79427e-09 -4.89032e-11 1.78598e-08 1.15847e-08 1.01643e-08 2.61228e-09 1.20094e-08
894 0.65 260 0 9.38437e-09 8.57535e-10 1.14509e-08 6.27089e-09 -5.21145e-09 5.30364e-09 2.58021e-10 1.78704e-08 1.12548e-08 8.49292e-09 4.45812e-09 1.39403e-08
894 0.66 260 0 8.70957e-09 -1.59978e-09 1.22817e-08 7.1801e-09 -4.40641e-09 5.75593e-09 5.10357e-10 1.78215e-08 1.07569e-08 6.7454e-09 6.52979e-09 1.58138e-08
894 0.67 260 0 7.78563e-09 -4.13621e-09 1.32639e-08 8.0842e-09 -3.56499e-09 6.14495e-09 6.92839e-10 1.7715e-08 1.0073e-08 4.93036e-09 8.83822e-09 1.76081e-08
894 0.68 260 0 6.58955e-09 -6.7387e-09 1.44129e-08 8.97114e-09 -2.69335e-09 6.46482e-09 7.88853e-10 1.75547e-08 9.18373e-09 3.05725e-09 1.13924e-08 1.92991e-08
894 0.69 260 0 5.09647e-09 -9.39039e-09 1.57467e-08 9.82552e-09 -1.79608e-09 6.71127e-09 7.78548e-10 1.73476e-08 8.06805e-09 1.13746e-09 1.41999e-08 2.08609e-08
894 0.7 260 0 3.28175e-09 -1.20705e-08 1.72825e-08 1.06301e-08 -8.80293e-10 6.88079e-09 6.43026e-10 1.71029e-08 6.70445e-09 -8.14622e-10 1.72668e-08 2.22633e-08
894 0.71 260 0 1.11618e-09 -1.47601e-08 1.9039e-08 1.13591e-08 4.56087e-11 6.96523e-09 3.59039e-10 1.68346e-08 5.06748e-09 -2.7825e-09 2.05966e-08 2.34732e-08
894 0.72 260 0 -1.42686e-09 -1.743e-08 2.10328e-08 1.19873e-08 9.71908e-10 6.96463e-09 -9.42024e-11 1.65583e-08 3.13341e-09 -4.74488e-09 2.41908e-08 2.44564e-08
894 0.73 260 0 -4.38824e-09 -2.0058e-08 2.32458e-08 1.24549e-08 1.87356e-09 6.88682e-09 -7.17155e-10 1.63182e-08 8.75959e-10 -6.68261e-09 2.80432e-08 2.5186e-08
894 0.74 260 0 -7.77713e-09 -2.25819e-08 2.57426e-08 1.27458e-08 2.77267e-09 6.7083e-09 -1.56435e-09 1.61336e-08 -1.73304e-09 -8.55065e-09 3.21568e-08 2.55973e-08
894 0.75 260 0 -1.16297e-08 -2.49652e-08 2.85249e-08 1.2812e-08 3.64945e-09 6.43371e-09 -2.64827e-09 1.60376e-08 -4.72209e-09 -1.03181e-08 3.65162e-08 2.565e-08
894 0.76 260 0 -1.59753e-08 -2.71539e-08 3.1605e-08 1.26019e-08 4.49777e-09 6.06325e-09 -3.9891e-09 1.60719e-08 -8.12135e-09 -1.19432e-08 4.11023e-08 2.52939e-08
894 0.77 260 0 -2.08442e-08 -2.90912e-08 3.49861e-08 1.20466e-08 5.30018e-09 5.59167e-09 -5.60374e-09 1.62919e-08 -1.1962e-08 -1.33728e-08 4.58919e-08 2.44755e-08
894 0.78 260 0 -2.62628e-08 -3.07017e-08 3.86658e-08 1.10712e-08 6.05122e-09 5.0203e-09 -7.50221e-09 1.67644e-08 -1.62731e-08 -1.45459e-08 5.08472e-08 2.31389e-08
894 0.79 260 0 -3.22552e-08 -3.19031e-08 4.26303e-08 9.59003e-09 6.73473e-09 4.34692e-09 -9.68652e-09 1.75637e-08 -2.10832e-08 -1.53877e-08 5.59254e-08 2.12275e-08
894 0.8 260 0 -3.88414e-08 -3.25972e-08 4.68536e-08 7.50708e-09 7.34152e-09 3.57138e-09 -1.21484e-08 1.87776e-08 -2.64185e-08 -1.58118e-08 6.10669e-08 1.86835e-08
894 0.81 260 0 -4.60346e-08 -3.26707e-08 5.12904e-08 4.71701e-09 7.8588e-09 2.6934e-09 -1.48624e-08 2.05039e-08 -3.23005e-08 -1.57154e-08 6.62005e-08 1.54522e-08
894 0.82 260 0 -5.38422e-08 -3.19971e-08 5.58726e-08 1.1013e-09 8.26954e-09 1.7102e-09 -1.77854e-08 2.28548e-08 -3.87454e-08 -1.4978e-08 7.12386e-08 1.14815e-08
894 0.83 260 0 -6.22595e-08 -3.04269e-08 6.05022e-08 -3.45985e-09 8.559e-09 6.20673e-10 -2.08443e-08 2.59463e-08 -4.57615e-08 -1.3459e-08 7.60774e-08 6.72966e-09
894 0.84 260 0 -7.12857e-08 -2.77954e-08 6.50427e-08 -9.10208e-09 8.66594e-09 -5.80669e-10 -2.39404e-08 2.99114e-08 -5.33476e-08 -1.09865e-08 8.05998e-08 1.16659e-09
894 0.85 260 0 -8.08679e-08 -2.38885e-08 6.93184e-08 -1.59468e-08 8.59527e-09 -1.88804e-09 -2.69226e-08 3.4882e-08 -6.14716e-08 -7.36378e-09 8.46614e-08 -5.22075e-09
894 0.86 260 0 -9.09453e-08 -1.847e-08 7.31015e-08 -2.41026e-08 8.31913e-09 -3.30224e-09 -2.95938e-08 4.09771e-08 -7.00871e-08 -2.35876e-09 8.81067e-08 -1.24226e-08
894 0.87 260 0 -1.0143e-07 -1.12678e-08 7.61052e-08 -3.36555e-08 7.79469e-09 -4.82613e-09 -3.17007e-08 4.8298e-08 -7.91188e-08 4.30442e-09 9.07668e-08 -2.04017e-08
894 0.88 260 0 -1.12194e-07 -1.949e-09 7.79778e-08 -4.46416e-08 6.97457e-09 -6.46086e-09 -3.2922e-08 5.69016e-08 -8.84529e-08 1.29602e-08 9.24629e-08 -2.90851e-08
894 0.89 260 0 -1.23063e-07 9.89629e-09 7.82983e-08 -5.70263e-08 5.79199e-09 -8.20765e-09 -3.28654e-08 6.6779e-08 -9.7923e-08 2.40236e-08 9.30134e-08 -3.83602e-08
894 0.9 260 0 -1.33786e-07 2.47968e-08 7.6577e-08 -7.0666e-08 4.1535e-09 -1.00648e-08 -3.10672e-08 7.78148e-08 -1.07284e-07 3.80292e-08 9.22406e-08 -4.80692e-08
894 0.91 260 0 -1.4399e-07 4.3472e-08 7.22678e-08 -8.52521e-08 1.92572e-09 -1.20227e-08 -2.70034e-08 8.97289e-08 -1.16163e-07 5.56985e-08 8.99807e-08 -5.80065e-08
894 0.92 260 0 -1.53077e-07 6.69429e-08 6.48007e-08 -1.0024e-07 -1.10098e-09 -1.40473e-08 -2.01279e-08 1.02001e-07 -1.23949e-07 7.80502e-08 8.60914e-08 -6.79169e-08
894 0.93 260 0 -1.59969e-07 9.67544e-08 5.36805e-08 -1.14711e-07 -5.24657e-09 -1.6049e-08 -9.97635e-09 1.13724e-07 -1.29548e-07 1.06604e-07 8.04602e-08 -7.74924e-08
894 0.94 260 0 -1.62497e-07 1.35297e-07 3.87394e-08 -1.27198e-07 -1.10359e-08 -1.77848e-08 3.55509e-09 1.23422e-07 -1.30769e-07 1.43685e-07 7.30071e-08 -8.63664e-08
894 0.95 260 0 -1.55747e-07 1.86176e-07 2.08618e-08 -1.3548e-07 -1.93279e-08 -1.85906e-08 1.94261e-08 1.28847e-07 -1.22705e-07 1.92753e-07 6.36856e-08 -9.40867e-08
894 0.96 260 0 -1.27561e-07 2.534e-07 4.02932e-09 -1.37017e-07 -3.13756e-08 -1.65624e-08 3.32608e-08 1.27487e-07 -9.33381e-08 2.57526e-07 5.25017e-08 -1.00031e-07
894 0.97 260 0 -4.80265e-08 3.31442e-07 4.32764e-11 -1.34238e-07 -4.75395e-08 -6.32888e-09 3.23744e-08 1.22303e-07 -1.34355e-08 3.32067e-07 3.97144e-08 -1.03195e-07
894 0.98 260 0 1.24518e-07 3.54209e-07 2.26542e-08 -1.61714e-07 -5.8232e-08 2.20544e-08 2.42205e-09 1.50595e-07 1.56715e-07 3.50972e-07 2.68361e-08 -1.02322e-07
894 0.99 260 0 2.75846e-07 1.86985e-07 -1.42692e-08 -2.90673e-07 -3.55118e-08 5.44701e-08 3.51562e-08 2.86904e-07 3.03315e-07 1.84317e-07 1.65714e-08 -9.9212e-08
894 1 260 0 1.92735e-07 3.53643e-09 -5.92227e-06 -2.14001e-07 -1.05571e-11 4.83143e-08 5.95058e-06 2.13868e-07 2.24103e-07 3.35648e-09 -1.0979e-10 -1.02997e-07
894 1.01 260 0 1.14018e-07 1.81668e-09 -1.8566e-07 1.99025e-09 2.7721e-10 3.28126e-08 2.11954e-07 -2.11294e-09 1.4298e-07 1.5786e-09 -2.90156e-10 -8.16253e-08
894 1.02 260 0 8.18375e-08 1.30303e-09 -1.3462e-07 1.6106e-09 3.25095e-10 2.86763e-08 1.61291e-07 -1.71939e-09 1.11144e-07 1.05362e-09 -3.14866e-10 -7.57337e-08
894 1.03 260 0 6.22365e-08 1.05373e-09 -1.10921e-07 1.40844e-09 3.51853e-10 2.68012e-08 1.3775e-07 -1.51248e-09 9.19819e-08 7.896e-10 -3.35551e-10 -7.18327e-08
894 1.04 260 0 4.85691e-08 9.13761e-10 -9.69852e-08 1.28584e-09 3.73706e-10 2.599e-08 1.23874e-07 -1.3892e-09 7.88642e-08 6.32348e-10 -3.55384e-10 -6.90318e-08
894 1.05 260 0 3.82467e-08 8.30659e-10 -8.79048e-08 1.20859e-09 3.95995e-10 2.58067e-08 1.14815e-07 -1.31364e-09 6.92085e-08 5.28987e-10 -3.76027e-10 -6.69704e-08
894 1.06 260 0 2.99999e-08 7.81666e-10 -8.16893e-08 1.16036e-09 4.18812e-10 2.6055e-08 1.08611e-07 -1.26876e-09 6.17532e-08 4.57904e-10 -3.97819e-10 -6.54621e-08
894 1.07 260 0 2.31165e-08 7.55382e-10 -7.73613e-08 1.13359e-09 4.44377e-10 2.6634e-08 1.04304e-07 -1.24675e-09 5.5794e-08 4.06533e-10 -4.21895e-10 -6.43993e-08
894 1.08 260 0 1.71582e-08 7.46077e-10 -7.43837e-08 1.12447e-09 4.74309e-10 2.74915e-08 1.01369e-07 -1.24372e-09 5.09033e-08 3.68035e-10 -4.49296e-10 -6.37168e-08
894 1.09 260 0 1.18329e-08 7.50086e-10 -7.24422e-08 1.12979e-09 5.07844e-10 2.86057e-08 9.95002e-08 -1.25649e-09 4.68053e-08 3.39368e-10 -4.80191e-10 -6.33771e-08
894 1.1 260 0 6.93351e-09 7.66129e-10 -7.13449e-08 1.14936e-09 5.47045e-10 2.99707e-08 9.85155e-08 -1.28507e-09 4.33117e-08 3.1753e-10 -5.15991e-10 -6.33602e-08
894 1.11 260 0 2.30309e-09 7.9423e-10 -7.09768e-08 1.1839e-09 5.93959e-10 3.15945e-08 9.83086e-08 -1.33045e-09 4.02899e-08 3.0072e-10 -5.58231e-10 -6.36611e-08
894 1.12 260 0 -2.18777e-09 8.34091e-10 -7.12772e-08 1.23324e-09 6.48578e-10 3.35003e-08 9.8828e-08 -1.39277e-09 3.76438e-08 2.88499e-10 -6.07659e-10 -6.42882e-08
894 1.13 260 0 -6.65212e-09 8.87529e-10 -7.22232e-08 1.3001e-09 7.13992e-10 3.57216e-08 1.00062e-07 -1.47529e-09 3.5301e-08 2.79862e-10 -6.66697e-10 -6.52626e-08
894 1.14 260 0 -1.11976e-08 9.57594e-10 -7.38259e-08 1.38868e-09 7.94179e-10 3.83061e-08 1.02036e-07 -1.58298e-09 3.32056e-08 2.7418e-10 -7.38584e-10 -6.6619e-08
894 1.15 260 0 -1.59389e-08 1.04677e-09 -7.61335e-08 1.50212e-09 8.91326e-10 4.1324e-08 1.04816e-07 -1.71982e-09 3.13143e-08 2.71733e-10 -8.25981e-10 -6.84116e-08
894 1.16 260 0 -2.10028e-08 1.16119e-09 -7.923e-08 1.64848e-09 1.01229e-09 4.48666e-08 1.08509e-07 -1.89536e-09 2.95915e-08 2.72252e-10 -9.34673e-10 -7.07156e-08
894 1.17 260 0 -2.65427e-08 1.3098e-09 -8.32486e-08 1.83924e-09 1.16651e-09 4.90607e-08 1.13278e-07 -2.12317e-09 2.80079e-08 2.75813e-10 -1.07277e-09 -7.36383e-08
894 1.18 260 0 -3.27586e-08 1.50342e-09 -8.8391e-08 2.08829e-09 1.3645e-09 5.40864e-08 1.19369e-07 -2.41996e-09 2.65381e-08 2.83185e-10 -1.25028e-09 -7.73332e-08
894 1.19 260 0 -3.99179e-08 1.76322e-09 -9.49533e-08 2.4227e-09 1.62818e-09 6.01966e-08 1.27139e-07 -2.81774e-09 2.51587e-08 2.94874e-10 -1.48607e-09 -8.20203e-08
894 1.2 260 0 -4.84085e-08 2.11807e-09 -1.03388e-07 2.87935e-09 1.98617e-09 6.77713e-08 1.37128e-07 -3.36055e-09 2.38471e-08 3.12552e-10 -1.80629e-09 -8.80302e-08
894 1.21 260 0 -5.8809e-08 2.62429e-09 -1.14391e-07 3.52995e-09 2.49583e-09 7.73866e-08 1.50172e-07 -4.13342e-09 2.25782e-08 3.38189e-10 -2.26115e-09 -9.58684e-08
894 1.22 260 0 -7.2053e-08 3.37506e-09 -1.29108e-07 4.49303e-09 3.25064e-09 8.9984e-08 1.67636e-07 -5.27756e-09 2.13213e-08 3.76126e-10 -2.9344e-09 -1.06361e-07
894 1.23 260 0 -8.97387e-08 4.56371e-09 -1.49515e-07 6.01376e-09 4.44615e-09 1.07184e-07 1.91881e-07 -7.08452e-09 2.00322e-08 4.33782e-10 -3.99906e-09 -1.20934e-07
894 1.24 260 0 -1.14874e-07 6.61897e-09 -1.79356e-07 8.63463e-09 6.51622e-09 1.32046e-07 2.27373e-07 -1.01998e-08 1.86363e-08 5.2694e-10 -5.83894e-09 -1.4228e-07
894 1.25 260 0 -1.53901e-07 1.06424e-08 -2.26661e-07 1.37468e-08 1.0576e-08 1.71135e-07 2.83696e-07 -1.62799e-08 1.69843e-08 6.94214e-10 -9.44184e-09 -1.7618e-07
894 1.26 260 0 -2.23448e-07 2.03576e-08 -3.1219e-07 2.60408e-08 2.04033e-08 2.41407e-07 3.85615e-07 -3.09114e-08 1.47023e-08 1.05432e-09 -1.81461e-08 -2.37568e-07
894 1.27 260 0 -3.83317e-07 5.53025e-08 -5.10612e-07 7.0065e-08 5.58497e-08 4.03869e-07 6.22217e-07 -8.33479e-08 1.04739e-08 2.17514e-09 -4.94819e-08 -3.80173e-07
894 1.28 260 0 -1.0677e-06 4.5738e-07 -1.36368e-06 5.73996e-07 4.65059e-07 1.10174e-06 1.63997e-06 -6.84138e-07 -4.80481e-09 1.27162e-08 -4.10424e-07 -9.94229e-07
894 1.29 260 0 1.01239e-06 3.62767e-07 1.23639e-06 4.51037e-07 3.71102e-07 -1.02027e-06 -1.46195e-06 -5.38534e-07 4.13943e-08 6.21772e-09 -3.2623e-07 8.75645e-07
894 1.3 260 0 4.00721e-07 4.75802e-08 4.72368e-07 5.86081e-08 4.89316e-08 -3.97346e-07 -5.50795e-07 -7.00843e-08 2.63548e-08 3.56132e-10 -4.2838e-08 3.27059e-07
894 1.31 260 0 2.50184e-07 1.72119e-08 2.85167e-07 2.10065e-08 1.77825e-08 -2.44333e-07 -3.2762e-07 -2.51533e-08 2.23438e-08 -2.20771e-11 -1.5503e-08 1.92665e-07
894 1.32 260 0 1.83468e-07 8.68693e-09 2.02702e-07 1.05052e-08 9.01053e-09 -1.76751e-07 -2.29378e-07 -1.25931e-08 2.03002e-08 -7.96578e-11 -7.82152e-09 1.33536e-07
894 1.33 260 0 1.45808e-07 5.18332e-09 1.56502e-07 6.21137e-09 5.39424e-09 -1.38768e-07 -1.74398e-07 -7.45282e-09 1.89494e-08 -8.3716e-11 -4.6618e-09 1.00475e-07
894 1.34 260 0 1.21566e-07 3.41828e-09 1.27025e-07 4.05906e-09 3.567e-09 -1.14442e-07 -1.39367e-07 -4.87389e-09 1.79294e-08 -7.60543e-11 -3.06853e-09 7.94355e-08
894 1.35 260 0 1.04616e-07 2.41253e-09 1.06618e-07 2.83896e-09 2.52277e-09 -9.75301e-08 -1.15155e-07 -3.41071e-09 1.70977e-08 -6.62231e-11 -2.16015e-09 6.4916e-08
894 1.36 260 0 9.20674e-08 1.78722e-09 9.16727e-08 2.08419e-09 1.87168e-09 -8.50867e-08 -9.74593e-08 -2.50484e-09 1.63868e-08 -5.67597e-11 -1.59502e-09 5.43228e-08
894 1.37 260 0 8.23821e-08 1.37273e-09 8.02678e-08 1.58635e-09 1.43891e-09 -7.55438e-08 -8.39869e-08 -1.90688e-09 1.57601e-08 -4.82559e-11 -1.22018e-09 4.62747e-08
894 1.38 260 0 7.46647e-08 1.08544e-09 7.12876e-08 1.24308e-09 1.13812e-09 -6.79901e-08 -7.3407e-08 -1.49431e-09 1.51957e-08 -4.08501e-11 -9.60348e-10 3.99694e-08
894 1.39 260 0 6.83588e-08 8.78423e-10 6.40393e-08 9.96942e-10 9.20774e-10 -6.18596e-08 -6.48928e-08 -1.19831e-09 1.468e-08 -3.44087e-11 -7.73079e-10 3.49086e-08
894 1.4 260 0 6.31002e-08 7.24297e-10 5.80702e-08 8.14559e-10 7.58457e-10 -5.67821e-08 -5.79042e-08 -9.78923e-10 1.42034e-08 -2.87141e-11 -6.336e-10 3.07666e-08
894 1.41 260 0 5.8641e-08 6.07074e-10 5.30724e-08 6.76573e-10 6.34632e-10 -5.25058e-08 -5.20738e-08 -8.1291e-10 1.37594e-08 -2.37216e-11 -5.27582e-10 2.7322e-08
894 1.42 260 0 5.48062e-08 5.15835e-10 4.88288e-08 5.69697e-10 5.37897e-10 -4.88531e-08 -4.71426e-08 -6.84356e-10 1.3343e-08 -1.92372e-11 -4.45086e-10 2.44187e-08
894 1.43 260 0 5.14685e-08 4.434e-10 4.51824e-08 4.85231e-10 4.60702e-10 -4.56953e-08 -4.29231e-08 -5.82864e-10 1.29506e-08 -1.50634e-11 -3.79581e-10 2.19436e-08
894 1.44 260 0 4.85336e-08 3.85191e-10 4.20167e-08 4.17714e-10 3.98286e-10 -4.29369e-08 -3.92762e-08 -5.01884e-10 1.25792e-08 -1.11511e-11 -3.27013e-10 1.98129e-08
894 1.45 260 0 4.59297e-08 3.37681e-10 3.92435e-08 3.62877e-10 3.46836e-10 -4.05055e-08 -3.60966e-08 -4.36366e-10 1.22263e-08 -7.26496e-12 -2.84148e-10 1.7963e-08
894 1.46 260 0 4.36013e-08 2.98457e-10 3.67946e-08 3.17816e-10 3.03663e-10 -3.83455e-08 -3.33028e-08 -3.82918e-10 1.18898e-08 -3.15406e-12 -2.48789e-10 1.6345e-08
894 1.47 260 0 4.15049e-08 2.65701e-10 3.46169e-08 2.80368e-10 2.66469e-10 -3.64132e-08 -3.08312e-08 -3.39195e-10 1.15679e-08 1.69753e-12 -2.19297e-10 1.49205e-08
894 1.48 260 0 3.96056e-08 2.38091e-10 3.2668e-08 2.48954e-10 2.32988e-10 -3.46744e-08 -2.86308e-08 -3.03867e-10 1.12584e-08 8.37909e-12 -1.94473e-10 1.3659e-08
894 1.49 260 0 3.78755e-08 2.14616e-10 3.09139e-08 2.22372e-10 1.99295e-10 -3.31029e-08 -2.66597e-08 -2.77326e-10 1.09581e-08 2.03421e-11 -1.734e-10 1.25361e-08
894 1.5 260 0 3.62916e-08 1.94502e-10 2.9327e-08 1.99706e-10 1.4889e-10 -3.16816e-08 -2.48814e-08 -2.6857e-10 1.0659e-08 5.63612e-11 -1.55382e-10 1.15319e-08
894 1.51 260 0 3.48352e-08 1.77201e-10 2.78845e-08 1.80268e-10 7.45057e-12 -3.0122e-08 -2.34422e-08 -3.24658e-10 1.06825e-08 2.05469e-10 -1.3987e-10 1.063e-08
894 1.52 260 0 3.34906e-08 1.62093e-10 2.65678e-08 1.63417e-10 1.9655e-10 -2.90682e-08 -2.18955e-08 -1.71818e-10 1.02404e-08 -3.93644e-11 -1.26401e-10 9.81689e-09
894 1.53 260 0 3.22446e-08 1.48917e-10 2.53611e-08 1.48778e-10 1.71512e-10 -2.79821e-08 -2.05599e-08 -1.61156e-10 9.95799e-09 -2.53056e-11 -1.14677e-10 9.08129e-09
894 1.54 260 0 3.10859e-08 1.3734e-10 2.42511e-08 1.35976e-10 1.53985e-10 -2.69602e-08 -1.93507e-08 -1.48999e-10 9.70702e-09 -1.82429e-11 -1.04398e-10 8.41367e-09
894 1.55 260 0 3.00053e-08 1.27118e-10 2.32267e-08 1.24724e-10 1.40204e-10 -2.60072e-08 -1.82454e-08 -1.37245e-10 9.47005e-09 -1.40068e-11 -9.53487e-11 7.80599e-09
894 1.56 260 0 2.89945e-08 1.18047e-10 2.22783e-08 1.14786e-10 1.28712e-10 -2.5118e-08 -1.72308e-08 -1.26401e-10 9.24325e-09 -1.11164e-11 -8.73412e-11 7.25135e-09
894 1.57 260 0 2.80465e-08 1.09963e-10 2.13978e-08 1.05969e-10 1.18846e-10 -2.42866e-08 -1.62966e-08 -1.16548e-10 9.02507e-09 -8.97674e-12 -8.02272e-11 6.74389e-09
894 1.58 260 0 2.71553e-08 1.0273e-10 2.0578e-08 9.81151e-11 1.10219e-10 -2.35074e-08 -1.54342e-08 -1.07653e-10 8.81465e-09 -7.28974e-12 -7.38807e-11 6.27852e-09
894 1.59 260 0 2.63155e-08 9.62348e-11 1.98129e-08 9.11008e-11 1.02594e-10 -2.27756e-08 -1.46359e-08 -9.96403e-11 8.61139e-09 -5.91624e-12 -6.82075e-11 5.85083e-09
894 1.6 260 0 2.55226e-08 9.03718e-11 1.90971e-08 8.47937e-11 9.58064e-11 -2.20867e-08 -1.38955e-08 -9.23819e-11 8.41482e-09 -4.7822e-12 -6.31015e-11 5.45701e-09
894 1.61 260 0 2.47724e-08 8.5068e-11 1.84259e-08 7.91128e-11 8.97173e-11 -2.14369e-08 -1.32073e-08 -8.58196e-11 8.22455e-09 -3.811e-12 -5.84984e-11 5.09369e-09
894 1.62 260 0 2.40613e-08 8.02537e-11 1.77953e-08 7.39833e-11 8.42298e-11 -2.08226e-08 -1.25664e-08 -7.98788e-11 8.04023e-09 -2.97379e-12 -5.43392e-11 4.75795e-09
894 1.63 260 0 2.33862e-08 7.58686e-11 1.72016e-08 6.9328e-11 7.92598e-11 -2.0241e-08 -1.19684e-08 -7.44763e-11 7.86157e-09 -2.23928e-12 -5.0563e-11 4.44718e-09
894 1.64 260 0 2.27442e-08 7.18647e-11 1.66417e-08 6.50995e-11 7.47411e-11 -1.96892e-08 -1.14095e-08 -6.95663e-11 7.68829e-09 -1.58969e-12 -4.71319e-11 4.15911e-09
894 1.65 260 0 2.21327e-08 6.81989e-11 1.61126e-08 6.12432e-11 7.06159e-11 -1.91649e-08 -1.08863e-08 -6.50886e-11 7.52014e-09 -1.00539e-12 -4.40024e-11 3.8917e-09
894 1.66 260 0 2.15495e-08 6.48309e-11 1.56119e-08 5.77143e-11 6.68421e-11 -1.86659e-08 -1.03959e-08 -6.09884e-11 7.35688e-09 -4.84907e-13 -4.11386e-11 3.64314e-09
894 1.67 260 0 2.09925e-08 6.17314e-11 1.51373e-08 5.44827e-11 6.33756e-11 -1.81903e-08 -9.93539e-09 -5.72385e-11 7.19832e-09 -1.24088e-14 -3.85162e-11 3.41182e-09
894 1.68 260 0 2.04599e-08 5.88718e-11 1.46868e-08 5.15132e-11 6.01834e-11 -1.77363e-08 -9.50248e-09 -5.37967e-11 7.04424e-09 4.18218e-13 -3.61061e-11 3.19628e-09
894 1.69 260 0 1.99499e-08 5.62274e-11 1.42585e-08 4.87785e-11 5.72358e-11 -1.73024e-08 -9.09496e-09 -5.06326e-11 6.89446e-09 8.12696e-13 -3.38868e-11 2.99523e-09
894 1.7 260 0 1.94612e-08 5.37773e-11 1.38508e-08 4.62547e-11 5.45065e-11 -1.68872e-08 -8.71086e-09 -4.77195e-11 6.74881e-09 1.17743e-12 -3.18389e-11 2.80751e-09
894 1.71 260 0 1.89922e-08 5.15021e-11 1.34622e-08 4.39212e-11 5.19744e-11 -1.64894e-08 -8.34843e-09 -4.50331e-11 6.60713e-09 1.51433e-12 -2.99453e-11 2.63206e-09
894 1.72 260 0 1.85418e-08 4.9385e-11 1.30914e-08 4.17608e-11 4.96203e-11 -1.61078e-08 -8.00605e-09 -4.25542e-11 6.46927e-09 1.82553e-12 -2.81933e-11 2.46792e-09
894 1.73 260 0 1.81087e-08 4.74119e-11 1.27371e-08 3.97567e-11 4.74272e-11 -1.57414e-08 -7.68228e-09 -4.02634e-11 6.33507e-09 2.11563e-12 -2.65693e-11 2.31423e-09
894 1.74 260 0 1.7692e-08 4.55708e-11 1.23982e-08 3.78957e-11 4.53818e-11 -1.53891e-08 -7.37579e-09 -3.8146e-11 6.20442e-09 2.38504e-12 -2.50615e-11 2.17021e-09
894 1.75 260 0 1.72907e-08 4.38517e-11 1.20737e-08 3.61673e-11 4.34749e-11 -1.50502e-08 -7.08539e-09 -3.61893e-11 6.07719e-09 2.63331e-12 -2.36621e-11 2.03513e-09
894 1.76 260 0 1.69039e-08 4.22481e-11 1.17628e-08 3.45651e-11 4.17093e-11 -1.47237e-08 -6.80999e-09 -3.43799e-11 5.9533e-09 2.85164e-12 -2.23576e-11 1.90836e-09
894 1.77 260 0 1.65307e-08 4.04987e-11 1.14648e-08 3.32685e-11 3.98785e-11 -1.44087e-08 -6.54946e-09 -3.31432e-11 5.83288e-09 2.98243e-12 -2.14991e-11 1.78984e-09
894 1.78 260 0 1.61705e-08 3.89775e-11 1.11785e-08 3.19145e-11 3.82634e-11 -1.41051e-08 -6.30141e-09 -3.16769e-11 5.71521e-09 3.11102e-12 -2.04885e-11 1.67819e-09
894 1.79 260 0 1.58224e-08 3.75575e-11 1.09034e-08 3.06194e-11 3.67652e-11 -1.38118e-08 -6.0655e-09 -3.02457e-11 5.60043e-09 3.21698e-12 -1.9503e-11 1.57317e-09
894 1.8 260 0 1.54858e-08 3.62256e-11 1.06386e-08 2.93862e-11 3.53683e-11 -1.35285e-08 -5.84097e-09 -2.8864e-11 5.48846e-09 3.30433e-12 -1.85507e-11 1.47435e-09
894 1.81 260 0 1.51603e-08 3.49679e-11 1.03838e-08 2.82193e-11 3.40576e-11 -1.32545e-08 -5.62715e-09 -2.75495e-11 5.37922e-09 3.37457e-12 -1.76451e-11 1.38133e-09
894 1.82 260 0 1.48451e-08 3.37797e-11 1.01383e-08 2.71151e-11 3.28263e-11 -1.29894e-08 -5.42337e-09 -2.63003e-11 5.27263e-09 3.43033e-12 -1.67844e-11 1.29372e-09
894 1.83 260 0 1.45399e-08 3.26569e-11 9.90163e-09 2.60707e-11 3.16692e-11 -1.27327e-08 -5.22904e-09 -2.51144e-11 5.16859e-09 3.47299e-12 -1.59668e-11 1.21118e-09
894 1.84 260 0 1.42441e-08 3.15953e-11 9.67329e-09 2.50823e-11 3.05808e-11 -1.24839e-08 -5.0436e-09 -2.39887e-11 5.06702e-09 3.5038e-12 -1.51905e-11 1.13336e-09
894 1.85 260 0 1.39572e-08 3.05923e-11 9.45283e-09 2.41467e-11 2.95571e-11 -1.22427e-08 -4.86652e-09 -2.29212e-11 4.96786e-09 3.52409e-12 -1.44536e-11 1.05998e-09
894 1.86 260 0 1.36789e-08 2.96449e-11 9.23986e-09 2.3261e-11 2.85948e-11 -1.20086e-08 -4.69734e-09 -2.19101e-11 4.87102e-09 3.5342e-12 -1.37554e-11 9.90754e-10
894 1.87 260 0 1.34088e-08 2.87509e-11 9.03399e-09 2.2421e-11 2.76905e-11 -1.17815e-08 -4.5356e-09 -2.09515e-11 4.77644e-09 3.53558e-12 -1.30936e-11 9.25424e-10
894 1.88 260 0 1.31464e-08 2.79051e-11 8.83487e-09 2.16237e-11 2.68389e-11 -1.15608e-08 -4.38088e-09 -2.0043e-11 4.68404e-09 3.52976e-12 -1.2469e-11 8.63755e-10
894 1.89 260 0 1.28915e-08 2.70914e-11 8.64217e-09 2.08687e-11 2.60237e-11 -1.13464e-08 -4.23281e-09 -1.91816e-11 4.59375e-09 3.52061e-12 -1.18834e-11 8.0553e-10
894 1.9 260 0 1.26438e-08 2.63137e-11 8.45557e-09 2.01524e-11 2.52462e-11 -1.1138e-08 -4.09101e-09 -1.83668e-11 4.50552e-09 3.50895e-12 -1.13303e-11 7.50535e-10
894 1.91 260 0 1.24029e-08 2.55711e-11 8.27478e-09 1.94718e-11 2.45055e-11 -1.09352e-08 -3.95516e-09 -1.75954e-11 4.41928e-09 3.4947e-12 -1.08069e-11 6.98576e-10
894 1.92 260 0 1.21685e-08 2.48613e-11 8.09954e-09 1.88243e-11 2.3799e-11 -1.07379e-08 -3.82495e-09 -1.68642e-11 4.33498e-09 3.478e-12 -1.0311e-11 6.49474e-10
894 1.93 260 0 1.19403e-08 2.41824e-11 7.92958e-09 1.82078e-11 2.31247e-11 -1.05458e-08 -3.70006e-09 -1.61704e-11 4.25257e-09 3.45897e-12 -9.84062e-12 6.0306e-10
894 1.94 260 0 1.17182e-08 2.35323e-11 7.76467e-09 1.76201e-11 2.24804e-11 -1.03586e-08 -3.58024e-09 -1.55112e-11 4.17199e-09 3.43774e-12 -9.39392e-12 5.5918e-10
894 1.95 260 0 1.15019e-08 2.29094e-11 7.60459e-09 1.70593e-11 2.18645e-11 -1.01763e-08 -3.46522e-09 -1.48843e-11 4.09319e-09 3.41443e-12 -8.96916e-12 5.17688e-10
894 1.96 260 0 1.12911e-08 2.23119e-11 7.44912e-09 1.65235e-11 2.12751e-11 -9.99851e-09 -3.35476e-09 -1.42872e-11 4.01612e-09 3.38912e-12 -8.56462e-12 4.78447e-10
894 1.97 260 0 1.10857e-08 2.17383e-11 7.29808e-09 1.6011e-11 2.07107e-11 -9.82515e-09 -3.24864e-09 -1.37176e-11 3.94073e-09 3.36183e-12 -8.17854e-12 4.4133e-10
894 1.98 260 0 1.08854e-08 2.11873e-11 7.15126e-09 1.552e-11 2.017e-11 -9.65602e-09 -3.14665e-09 -1.3173e-11 3.86697e-09 3.33249e-12 -7.8089e-12 4.06218e-10
894 1.99 260 0 1.069e-08 2.06576e-11 7.0085e-09 1.50482e-11 1.96518e-11 -9.49097e-09 -3.04857e-09 -1.26499e-11 3.7948e-09 3.30067e-12 -7.45259e-12 3.72998e-10
894 2 260 0 1.04994e-08 2.01484e-11 6.86963e-09 1.45904e-11 1.91565e-11 -9.32984e-09 -2.95422e-09 -1.21386e-11 3.72418e-09 3.2637e-12 -7.09974e-12 3.41558e-10
