894 0 340 0 -1.8528e-09 1.28776e-08 -1.62331e-08 -6.23534e-09 0 0 0 0 0 0 -1.96927e-08 -7.11253e-09
894 0.01 340 0 -1.86024e-09 1.28867e-08 -1.62365e-08 -6.2274e-09 7.72681e-10 -8.32681e-10 5.89907e-10 -1.10711e-10 -7.4407e-10 6.77965e-10 -1.96906e-08 -7.1073e-09
894 0.02 340 0 -1.88243e-09 1.29144e-08 -1.62466e-08 -6.20352e-09 1.54284e-09 -1.66601e-09 1.17924e-09 -2.22347e-10 -1.48626e-09 1.35714e-09 -1.96843e-08 -7.09163e-09
894 0.03 340 0 -1.91932e-09 1.29604e-08 -1.62632e-08 -6.1638e-09 2.30794e-09 -2.50062e-09 1.76744e-09 -3.3583e-10 -2.22467e-09 2.03874e-09 -1.96738e-08 -7.06553e-09
894 0.04 340 0 -1.97068e-09 1.3025e-08 -1.62864e-08 -6.1081e-09 3.06546e-09 -3.33714e-09 2.35391e-09 -4.5208e-10 -2.95742e-09 2.72395e-09 -1.96589e-08 -7.029e-09
894 0.05 340 0 -2.03599e-09 1.31084e-08 -1.63157e-08 -6.03626e-09 3.81286e-09 -4.17612e-09 2.93806e-09 -5.72006e-10 -3.68259e-09 3.41392e-09 -1.96396e-08 -6.98211e-09
894 0.06 340 0 -2.11521e-09 1.32106e-08 -1.63505e-08 -5.94813e-09 4.54761e-09 -5.01814e-09 3.51927e-09 -6.96497e-10 -4.39829e-09 4.10976e-09 -1.96165e-08 -6.92437e-09
894 0.07 340 0 -2.20706e-09 1.33322e-08 -1.63913e-08 -5.84395e-09 5.26719e-09 -5.86365e-09 4.09695e-09 -8.2646e-10 -5.10248e-09 4.81264e-09 -1.95878e-08 -6.85696e-09
894 0.08 340 0 -2.31035e-09 1.34727e-08 -1.64374e-08 -5.72254e-09 5.96907e-09 -6.71308e-09 4.67049e-09 -9.62825e-10 -5.79322e-09 5.52344e-09 -1.95532e-08 -6.78061e-09
894 0.09 340 0 -2.42595e-09 1.36339e-08 -1.64878e-08 -5.58535e-09 6.6507e-09 -7.56674e-09 5.23911e-09 -1.10633e-09 -6.46845e-09 6.24335e-09 -1.95143e-08 -6.69302e-09
894 0.1 340 0 -2.552e-09 1.38154e-08 -1.65422e-08 -5.43135e-09 7.30954e-09 -8.42485e-09 5.80216e-09 -1.25786e-09 -7.12612e-09 6.97318e-09 -1.94701e-08 -6.59552e-09
894 0.11 340 0 -2.68759e-09 1.40177e-08 -1.66e-08 -5.26046e-09 7.94307e-09 -9.2876e-09 6.35889e-09 -1.41824e-09 -7.76412e-09 7.71378e-09 -1.94201e-08 -6.48825e-09
894 0.12 340 0 -2.83192e-09 1.42409e-08 -1.666e-08 -5.07224e-09 8.54867e-09 -1.0155e-08 6.90851e-09 -1.58822e-09 -8.3804e-09 8.46582e-09 -1.93649e-08 -6.37078e-09
894 0.13 340 0 -2.98291e-09 1.44859e-08 -1.67221e-08 -4.86701e-09 9.12399e-09 -1.10269e-08 7.45028e-09 -1.76858e-09 -8.9726e-09 9.23008e-09 -1.93024e-08 -6.24445e-09
894 0.14 340 0 -3.13871e-09 1.47523e-08 -1.67855e-08 -4.64345e-09 9.66644e-09 -1.19032e-08 7.98342e-09 -1.96014e-09 -9.53855e-09 1.00069e-08 -1.92323e-08 -6.1101e-09
894 0.15 340 0 -3.29946e-09 1.50417e-08 -1.68484e-08 -4.40323e-09 1.01736e-08 -1.27834e-08 8.50684e-09 -2.16335e-09 -1.00759e-08 1.07969e-08 -1.91559e-08 -5.96566e-09
894 0.16 340 0 -3.46312e-09 1.53539e-08 -1.691e-08 -4.14505e-09 1.06428e-08 -1.3667e-08 9.01962e-09 -2.37894e-09 -1.05826e-08 1.16003e-08 -1.90727e-08 -5.81194e-09
894 0.17 340 0 -3.62699e-09 1.56895e-08 -1.69696e-08 -3.86922e-09 1.10718e-08 -1.45533e-08 9.5209e-09 -2.60749e-09 -1.10558e-08 1.24174e-08 -1.89806e-08 -5.65042e-09
894 0.18 340 0 -3.78883e-09 1.60479e-08 -1.70261e-08 -3.57472e-09 1.14583e-08 -1.54415e-08 1.00097e-08 -2.84968e-09 -1.14933e-08 1.32477e-08 -1.8879e-08 -5.48209e-09
894 0.19 340 0 -3.94862e-09 1.64309e-08 -1.70772e-08 -3.26283e-09 1.17998e-08 -1.63304e-08 1.04847e-08 -3.10566e-09 -1.18927e-08 1.40915e-08 -1.87702e-08 -5.30435e-09
894 0.2 340 0 -4.10231e-09 1.68382e-08 -1.71226e-08 -2.93318e-09 1.20942e-08 -1.72188e-08 1.09448e-08 -3.37599e-09 -1.22513e-08 1.49485e-08 -1.86509e-08 -5.12007e-09
894 0.21 340 0 -4.24795e-09 1.72685e-08 -1.71601e-08 -2.5849e-09 1.23391e-08 -1.81054e-08 1.13891e-08 -3.6611e-09 -1.25668e-08 1.58175e-08 -1.85215e-08 -4.9296e-09
894 0.22 340 0 -4.38349e-09 1.77243e-08 -1.71887e-08 -2.21976e-09 1.25328e-08 -1.89882e-08 1.1816e-08 -3.96096e-09 -1.28363e-08 1.66986e-08 -1.83814e-08 -4.73251e-09
894 0.23 340 0 -4.50673e-09 1.82038e-08 -1.72061e-08 -1.83716e-09 1.26728e-08 -1.98657e-08 1.22242e-08 -4.27582e-09 -1.30576e-08 1.75903e-08 -1.82309e-08 -4.5293e-09
894 0.24 340 0 -4.61321e-09 1.87067e-08 -1.72116e-08 -1.43688e-09 1.27579e-08 -2.07356e-08 1.26128e-08 -4.60594e-09 -1.32277e-08 1.84914e-08 -1.80669e-08 -4.32288e-09
894 0.25 340 0 -4.70236e-09 1.92339e-08 -1.72023e-08 -1.02039e-09 1.27858e-08 -2.15955e-08 1.29799e-08 -4.95088e-09 -1.33444e-08 1.94007e-08 -1.78922e-08 -4.11066e-09
894 0.26 340 0 -4.76991e-09 1.97844e-08 -1.71773e-08 -5.8795e-10 1.27554e-08 -2.2443e-08 1.33242e-08 -5.3107e-09 -1.34046e-08 2.03166e-08 -1.77038e-08 -3.89562e-09
894 0.27 340 0 -4.81271e-09 2.03558e-08 -1.7134e-08 -1.39403e-10 1.26651e-08 -2.32755e-08 1.36445e-08 -5.68519e-09 -1.34066e-08 2.12364e-08 -1.75017e-08 -3.67872e-09
894 0.28 340 0 -4.82836e-09 2.09497e-08 -1.7071e-08 3.22937e-10 1.2514e-08 -2.40898e-08 1.39389e-08 -6.07363e-09 -1.33471e-08 2.21588e-08 -1.72856e-08 -3.45978e-09
894 0.29 340 0 -4.81304e-09 2.15624e-08 -1.69857e-08 7.99526e-10 1.23009e-08 -2.4883e-08 1.42062e-08 -6.47578e-09 -1.32244e-08 2.30805e-08 -1.70547e-08 -3.2409e-09
894 0.3 340 0 -4.7644e-09 2.21949e-08 -1.68761e-08 1.28789e-09 1.20253e-08 -2.56514e-08 1.44444e-08 -6.89052e-09 -1.30358e-08 2.39993e-08 -1.68095e-08 -3.02168e-09
894 0.31 340 0 -4.6816e-09 2.28447e-08 -1.6743e-08 1.78817e-09 1.16856e-08 -2.63916e-08 1.46527e-08 -7.31771e-09 -1.27792e-08 2.49121e-08 -1.65472e-08 -2.80598e-09
894 0.32 340 0 -4.55938e-09 2.35254e-08 -1.65814e-08 2.30185e-09 1.12807e-08 -2.70942e-08 1.48278e-08 -7.75598e-09 -1.24499e-08 2.58158e-08 -1.62693e-08 -2.59554e-09
894 0.33 340 0 -4.39344e-09 2.42198e-08 -1.63898e-08 2.82498e-09 1.08125e-08 -2.77598e-08 1.49692e-08 -8.20436e-09 -1.20484e-08 2.67056e-08 -1.59743e-08 -2.39057e-09
894 0.34 340 0 -4.17795e-09 2.49181e-08 -1.61645e-08 3.35202e-09 1.02837e-08 -2.83873e-08 1.50756e-08 -8.66073e-09 -1.15743e-08 2.75775e-08 -1.56631e-08 -2.19025e-09
894 0.35 340 0 -3.91102e-09 2.56228e-08 -1.59042e-08 3.88143e-09 9.69464e-09 -2.89708e-08 1.51453e-08 -9.12343e-09 -1.10252e-08 2.8428e-08 -1.53352e-08 -1.9968e-09
894 0.36 340 0 -3.59005e-09 2.63301e-08 -1.56071e-08 4.41258e-09 9.04585e-09 -2.95058e-08 1.51767e-08 -9.59119e-09 -1.04002e-08 2.92512e-08 -1.49903e-08 -1.81306e-09
894 0.37 340 0 -3.21257e-09 2.7039e-08 -1.52711e-08 4.94158e-09 8.33925e-09 -2.99875e-08 1.51681e-08 -1.00615e-08 -9.69802e-09 3.00435e-08 -1.46289e-08 -1.63959e-09
894 0.38 340 0 -2.77367e-09 2.77403e-08 -1.48943e-08 5.46547e-09 7.57824e-09 -3.04131e-08 1.51188e-08 -1.05325e-08 -8.91908e-09 3.07983e-08 -1.42499e-08 -1.4798e-09
894 0.39 340 0 -2.27198e-09 2.84333e-08 -1.44753e-08 5.98138e-09 6.76479e-09 -3.07771e-08 1.50271e-08 -1.10015e-08 -8.06253e-09 3.15107e-08 -1.3854e-08 -1.33505e-09
894 0.4 340 0 -1.70517e-09 2.9113e-08 -1.40125e-08 6.4854e-09 5.90201e-09 -3.10754e-08 1.4892e-08 -1.1466e-08 -7.12863e-09 3.21752e-08 -1.34416e-08 -1.20755e-09
894 0.41 340 0 -1.0713e-09 2.97755e-08 -1.35044e-08 6.97336e-09 4.99394e-09 -3.13034e-08 1.47122e-08 -1.19226e-08 -6.11806e-09 3.27861e-08 -1.30139e-08 -1.0987e-09
894 0.42 340 0 -3.67691e-10 3.04124e-08 -1.29502e-08 7.44173e-09 4.04471e-09 -3.14581e-08 1.44874e-08 -1.23687e-08 -5.03235e-09 3.33362e-08 -1.25702e-08 -1.01233e-09
894 0.43 340 0 4.06762e-10 3.10191e-08 -1.23489e-08 7.88568e-09 3.05913e-09 -3.15352e-08 1.42166e-08 -1.28008e-08 -3.87302e-09 3.38198e-08 -1.21121e-08 -9.49941e-10
894 0.44 340 0 1.25292e-09 3.15891e-08 -1.17001e-08 8.30018e-09 2.04233e-09 -3.15315e-08 1.38994e-08 -1.32151e-08 -2.64238e-09 3.42304e-08 -1.16406e-08 -9.14047e-10
894 0.45 340 0 2.16887e-09 3.21161e-08 -1.10048e-08 8.68032e-09 9.99048e-10 -3.1444e-08 1.35361e-08 -1.3608e-08 -1.34362e-09 3.45619e-08 -1.11572e-08 -9.06902e-10
894 0.46 340 0 3.16036e-09 3.25924e-08 -1.02604e-08 9.02038e-09 -6.22407e-11 -3.12695e-08 1.31261e-08 -1.39751e-08 2.05847e-11 3.48067e-08 -1.06634e-08 -9.31411e-10
894 0.47 340 0 4.22372e-09 3.3011e-08 -9.46868e-09 9.31463e-09 -1.13635e-09 -3.10061e-08 1.26699e-08 -1.4312e-08 1.44545e-09 3.49588e-08 -1.01618e-08 -9.89368e-10
894 0.48 340 0 5.35845e-09 3.33643e-08 -8.63139e-09 9.55731e-09 -2.21565e-09 -3.0652e-08 1.21687e-08 -1.46146e-08 2.92695e-09 3.50115e-08 -9.65332e-09 -1.08442e-09
894 0.49 340 0 6.56242e-09 3.36445e-08 -7.74986e-09 9.74213e-09 -3.29296e-09 -3.02061e-08 1.16234e-08 -1.4878e-08 4.45933e-09 3.49585e-08 -9.14105e-09 -1.21852e-09
894 0.5 340 0 7.83365e-09 3.38417e-08 -6.82585e-09 9.86174e-09 -4.36013e-09 -2.96693e-08 1.10356e-08 -1.50972e-08 6.03578e-09 3.47936e-08 -8.62836e-09 -1.39348e-09
894 0.51 340 0 9.16831e-09 3.39519e-08 -5.86312e-09 9.91134e-09 -5.41004e-09 -2.90389e-08 1.04072e-08 -1.52674e-08 7.65138e-09 3.45107e-08 -8.11741e-09 -1.61306e-09
894 0.52 340 0 1.05629e-08 3.39647e-08 -4.86465e-09 9.88331e-09 -6.43382e-09 -2.83172e-08 9.74064e-09 -1.53832e-08 9.29783e-09 3.41039e-08 -7.61233e-09 -1.87883e-09
894 0.53 340 0 1.20125e-08 3.38705e-08 -3.83473e-09 9.77057e-09 -7.42377e-09 -2.75065e-08 9.03902e-09 -1.54397e-08 1.09666e-08 3.35674e-08 -7.11688e-09 -2.19268e-09
894 0.54 340 0 1.35118e-08 3.36647e-08 -2.77829e-09 9.56626e-09 -8.37075e-09 -2.6608e-08 8.30557e-09 -1.54307e-08 1.26501e-08 3.28975e-08 -6.63618e-09 -2.55652e-09
894 0.55 340 0 1.50519e-08 3.33403e-08 -1.70286e-09 9.26486e-09 -9.26806e-09 -2.56237e-08 7.54485e-09 -1.53517e-08 1.43392e-08 3.20891e-08 -6.17392e-09 -2.97307e-09
894 0.56 340 0 1.66305e-08 3.28825e-08 -6.12478e-10 8.85665e-09 -1.01044e-08 -2.45622e-08 6.76161e-09 -1.51963e-08 1.60225e-08 3.1137e-08 -5.73575e-09 -3.44265e-09
894 0.57 340 0 1.82374e-08 3.22899e-08 4.84034e-10 8.33612e-09 -1.08728e-08 -2.34254e-08 5.96108e-09 -1.49588e-08 1.7691e-08 3.00395e-08 -5.32812e-09 -3.96673e-09
894 0.58 340 0 1.98631e-08 3.1552e-08 1.57747e-09 7.69658e-09 -1.15655e-08 -2.22206e-08 5.15e-09 -1.46343e-08 1.93326e-08 2.87923e-08 -4.95578e-09 -4.54631e-09
894 0.59 340 0 2.14985e-08 3.06654e-08 2.65841e-09 6.9316e-09 -1.21752e-08 -2.09531e-08 4.33507e-09 -1.42168e-08 2.09374e-08 2.73945e-08 -4.62681e-09 -5.1816e-09
894 0.6 340 0 2.31319e-08 2.96203e-08 3.71533e-09 6.03433e-09 -1.2695e-08 -1.9632e-08 3.52483e-09 -1.37009e-08 2.24918e-08 2.58432e-08 -4.34689e-09 -5.87273e-09
894 0.61 340 0 2.4752e-08 2.84127e-08 4.73641e-09 4.99882e-09 -1.31183e-08 -1.8265e-08 2.72808e-09 -1.3081e-08 2.39838e-08 2.41382e-08 -4.12435e-09 -6.61883e-09
894 0.62 340 0 2.63462e-08 2.70375e-08 5.70797e-09 3.82079e-09 -1.34393e-08 -1.68612e-08 1.95488e-09 -1.23524e-08 2.5401e-08 2.22792e-08 -3.9676e-09 -7.41854e-09
894 0.63 340 0 2.78996e-08 2.54914e-08 6.61437e-09 2.49614e-09 -1.36543e-08 -1.54298e-08 1.21671e-09 -1.15109e-08 2.67293e-08 2.02675e-08 -3.88517e-09 -8.26902e-09
894 0.64 340 0 2.94024e-08 2.37663e-08 7.44055e-09 1.02062e-09 -1.37563e-08 -1.3986e-08 5.25946e-10 -1.05527e-08 2.79562e-08 1.81039e-08 -3.88609e-09 -9.16723e-09
894 0.65 340 0 3.0837e-08 2.18598e-08 8.16796e-09 -6.09092e-10 -1.37439e-08 -1.25404e-08 -1.0327e-10 -9.47377e-09 2.90667e-08 1.57913e-08 -3.97999e-09 -1.01087e-08
894 0.66 340 0 3.2189e-08 1.97717e-08 8.77654e-09 -2.39255e-09 -1.36143e-08 -1.11033e-08 -6.55974e-10 -8.27214e-09 3.0048e-08 1.33325e-08 -4.17601e-09 -1.10881e-08
894 0.67 340 0 3.344e-08 1.74969e-08 9.24487e-09 -4.33178e-09 -1.3368e-08 -9.68938e-09 -1.1147e-09 -6.94527e-09 3.08843e-08 1.07305e-08 -4.48397e-09 -1.20984e-08
894 0.68 340 0 3.45742e-08 1.50376e-08 9.55026e-09 -6.42362e-09 -1.30035e-08 -8.31085e-09 -1.46111e-09 -5.49296e-09 3.15617e-08 7.99141e-09 -4.91547e-09 -1.31316e-08
894 0.69 340 0 3.55723e-08 1.23908e-08 9.66649e-09 -8.66515e-09 -1.25237e-08 -6.98252e-09 -1.67407e-09 -3.91596e-09 3.20645e-08 5.11915e-09 -5.47909e-09 -1.41775e-08
894 0.7 340 0 3.64138e-08 9.56146e-09 9.56704e-09 -1.10486e-08 -1.19312e-08 -5.71427e-09 -1.73139e-09 -2.21698e-09 3.23771e-08 2.12033e-09 -6.18707e-09 -1.52248e-08
894 0.71 340 0 3.70812e-08 6.5446e-09 9.22166e-09 -1.35672e-08 -1.12295e-08 -4.52765e-09 -1.60713e-09 -4.00688e-10 3.24838e-08 -9.98477e-10 -7.04707e-09 -1.62587e-08
894 0.72 340 0 3.75496e-08 3.34389e-09 8.59932e-09 -1.62077e-08 -1.0426e-08 -3.43429e-09 -1.27429e-09 1.52527e-09 3.23665e-08 -4.23058e-09 -8.07021e-09 -1.72636e-08
894 0.73 340 0 3.77972e-08 -3.60576e-11 7.66471e-09 -1.89532e-08 -9.527e-09 -2.44805e-09 -7.02493e-10 3.55017e-09 3.20086e-08 -7.56722e-09 -9.26298e-09 -1.82199e-08
894 0.74 340 0 3.77965e-08 -3.59246e-09 6.38367e-09 -2.17816e-08 -8.5423e-09 -1.5844e-09 1.40313e-10 5.65835e-09 3.1389e-08 -1.09999e-08 -1.06357e-08 -1.91073e-08
894 0.75 340 0 3.75186e-08 -7.32256e-09 4.7172e-09 -2.46662e-08 -7.4843e-09 -8.57531e-10 1.28927e-09 7.83019e-09 3.04869e-08 -1.45212e-08 -1.21923e-08 -1.99009e-08
894 0.76 340 0 3.6934e-08 -1.12129e-08 2.62456e-09 -2.7571e-08 -6.36176e-09 -2.76856e-10 2.78239e-09 1.00397e-08 2.9279e-08 -1.81177e-08 -1.3935e-08 -2.05729e-08
894 0.77 340 0 3.60064e-08 -1.52647e-08 6.63174e-11 -3.04558e-08 -5.19307e-09 1.36134e-10 4.65908e-09 1.22532e-08 2.77385e-08 -2.17803e-08 -1.58657e-08 -2.10932e-08
894 0.78 340 0 3.46954e-08 -1.94642e-08 -3.00096e-09 -3.32684e-08 -3.99358e-09 3.71737e-10 6.96156e-09 1.44293e-08 2.58344e-08 -2.54949e-08 -1.79788e-08 -2.14273e-08
894 0.79 340 0 3.29547e-08 -2.37978e-08 -6.6186e-09 -3.59455e-08 -2.78138e-09 4.1604e-10 9.73285e-09 1.65148e-08 2.35301e-08 -2.92447e-08 -2.02663e-08 -2.1539e-08
894 0.8 340 0 3.07281e-08 -2.82496e-08 -1.08262e-08 -3.84107e-08 -1.57865e-09 2.55615e-10 1.30155e-08 1.84441e-08 2.07818e-08 -3.30111e-08 -2.2714e-08 -2.13893e-08
894 0.81 340 0 2.79509e-08 -3.2793e-08 -1.56609e-08 -4.05733e-08 -4.06603e-10 -1.18814e-10 1.68507e-08 2.01385e-08 1.75365e-08 -3.67683e-08 -2.5299e-08 -2.09375e-08
894 0.82 340 0 2.45652e-08 -3.73917e-08 -2.11816e-08 -4.23638e-08 7.1643e-10 -7.32982e-10 2.12924e-08 2.15537e-08 1.37442e-08 -4.0474e-08 -2.79732e-08 -2.01519e-08
894 0.83 340 0 2.04696e-08 -4.20089e-08 -2.73884e-08 -4.35885e-08 1.75953e-09 -1.60533e-09 2.63736e-08 2.24856e-08 9.3278e-09 -4.41073e-08 -3.07155e-08 -1.89754e-08
894 0.84 340 0 1.55482e-08 -4.65785e-08 -3.42873e-08 -4.41124e-08 2.67916e-09 -2.74304e-09 3.21071e-08 2.28067e-08 4.18439e-09 -4.75936e-08 -3.3476e-08 -1.73723e-08
894 0.85 340 0 9.66722e-09 -5.10055e-08 -4.18781e-08 -4.37677e-08 3.4317e-09 -4.16328e-09 3.85038e-08 2.23546e-08 -1.80235e-09 -5.08398e-08 -3.61891e-08 -1.53099e-08
894 0.86 340 0 2.66746e-09 -5.51465e-08 -5.01427e-08 -4.23547e-08 3.96916e-09 -5.88219e-09 4.5559e-08 2.09305e-08 -8.77397e-09 -5.37083e-08 -3.87769e-08 -1.27621e-08
894 0.87 340 0 -5.64154e-09 -5.88003e-08 -5.90458e-08 -3.96474e-08 4.21561e-09 -7.92505e-09 5.32513e-08 1.83025e-08 -1.68981e-08 -5.59963e-08 -4.11494e-08 -9.71426e-09
894 0.88 340 0 -1.54829e-08 -6.16702e-08 -6.85251e-08 -3.53795e-08 4.03912e-09 -1.03313e-08 6.15296e-08 1.42031e-08 -2.63617e-08 -5.74084e-08 -4.32077e-08 -6.17589e-09
894 0.89 340 0 -2.7085e-08 -6.33123e-08 -7.84495e-08 -2.91946e-08 3.35853e-09 -1.31111e-08 7.02806e-08 8.25997e-09 -3.73703e-08 -5.75296e-08 -4.48452e-08 -2.16659e-09
894 0.9 340 0 -4.06915e-08 -6.30635e-08 -8.86431e-08 -2.06741e-08 2.01039e-09 -1.62904e-08 7.93378e-08 3.14447e-11 -5.01354e-08 -5.57152e-08 -4.59522e-08 2.26631e-09
894 0.91 340 0 -5.65001e-08 -5.99128e-08 -9.88423e-08 -9.27293e-09 -2.38317e-10 -1.98903e-08 8.84382e-08 -1.10598e-08 -6.48176e-08 -5.09787e-08 -4.64215e-08 7.04824e-09
894 0.92 340 0 -7.45357e-08 -5.23126e-08 -1.08629e-07 5.75201e-09 -3.75182e-09 -2.39102e-08 9.71492e-08 -2.58032e-08 -8.13915e-08 -4.18013e-08 -4.61574e-08 1.20773e-08
894 0.93 340 0 -9.43332e-08 -3.78061e-08 -1.1728e-07 2.54905e-08 -9.09472e-09 -2.82785e-08 1.04704e-07 -4.53461e-08 -9.93272e-08 -2.57708e-08 -4.50856e-08 1.72257e-08
894 0.94 340 0 -1.14104e-07 -1.24881e-08 -1.23375e-07 5.16033e-08 -1.72095e-08 -3.27143e-08 1.09589e-07 -7.14221e-08 -1.16737e-07 9.47582e-10 -4.31655e-08 2.23507e-08
894 0.95 340 0 -1.28433e-07 2.96859e-08 -1.23753e-07 8.6614e-08 -2.96963e-08 -3.63025e-08 1.08436e-07 -1.06628e-07 -1.28047e-07 4.42574e-08 -4.04021e-08 2.73216e-08
894 0.96 340 0 -1.21753e-07 9.60052e-08 -1.10574e-07 1.33535e-07 -4.90963e-08 -3.6131e-08 9.2958e-08 -1.5397e-07 -1.17446e-07 1.11106e-07 -3.68357e-08 3.20924e-08
894 0.97 340 0 -5.25987e-08 1.80755e-07 -6.42107e-08 1.89808e-07 -7.72272e-08 -2.32412e-08 4.26345e-08 -2.10351e-07 -4.3297e-08 1.94835e-07 -3.23814e-08 3.68607e-08
894 0.98 340 0 1.38423e-07 1.87533e-07 4.45848e-08 2.14187e-07 -1.00156e-07 2.12889e-08 -7.233e-08 -2.3195e-07 1.52447e-07 1.97129e-07 -2.60115e-08 4.19506e-08
894 0.99 340 0 2.62945e-07 -9.56816e-08 1.46787e-07 1.16015e-07 -6.74826e-08 8.00068e-08 -1.77913e-07 -1.25204e-07 2.76704e-07 -9.25079e-08 -1.55707e-08 4.51269e-08
894 1 340 0 -5.70659e-06 -2.11427e-07 9.85113e-08 1.89775e-09 -1.52253e-10 8.15877e-08 -1.29105e-07 -2.01435e-09 -5.6927e-06 -2.11484e-07 -1.04477e-10 4.63945e-08
894 1.01 340 0 -5.86928e-08 2.90791e-09 5.4074e-08 8.92445e-10 2.91275e-10 4.46751e-08 -7.59351e-08 -8.95349e-10 -4.95165e-08 2.79703e-09 1.50484e-11 3.08771e-08
894 1.02 340 0 -3.83877e-08 2.11111e-09 3.64271e-08 6.04642e-10 3.40984e-10 3.60166e-08 -5.58837e-08 -5.79553e-10 -3.00365e-08 1.98893e-09 3.50229e-11 2.6519e-08
894 1.03 340 0 -3.25663e-08 1.70928e-09 2.6162e-08 4.66383e-10 3.60741e-10 3.14814e-08 -4.40785e-08 -4.24413e-10 -2.45881e-08 1.57879e-09 4.64297e-11 2.36399e-08
894 1.04 340 0 -3.04992e-08 1.47157e-09 1.93144e-08 3.88211e-10 3.73335e-10 2.87937e-08 -3.61378e-08 -3.33798e-10 -2.26496e-08 1.33338e-09 5.42873e-11 2.15186e-08
894 1.05 340 0 -2.98845e-08 1.31991e-09 1.43664e-08 3.4038e-10 3.85479e-10 2.71399e-08 -3.03783e-08 -2.75389e-10 -2.20033e-08 1.17342e-09 6.04289e-11 1.98693e-08
894 1.06 340 0 -2.99846e-08 1.21962e-09 1.0587e-08 3.10081e-10 3.9744e-10 2.61484e-08 -2.59865e-08 -2.35803e-10 -2.1952e-08 1.06475e-09 6.57398e-11 1.85459e-08
894 1.07 340 0 -3.05094e-08 1.15357e-09 7.57392e-09 2.90966e-10 4.11437e-10 2.5622e-08 -2.25126e-08 -2.07729e-10 -2.22282e-08 9.89371e-10 7.07173e-11 1.74632e-08
894 1.08 340 0 -3.13324e-08 1.11267e-09 5.08503e-09 2.79762e-10 4.2884e-10 2.54489e-08 -1.96856e-08 -1.87241e-10 -2.27171e-08 9.37544e-10 7.56944e-11 1.65672e-08
894 1.09 340 0 -3.23993e-08 1.09071e-09 2.96365e-09 2.74335e-10 4.48665e-10 2.55667e-08 -1.73315e-08 -1.72336e-10 -2.33686e-08 9.03634e-10 8.09033e-11 1.58222e-08
894 1.1 340 0 -3.36897e-08 1.08526e-09 1.10276e-09 2.73757e-10 4.72579e-10 2.59377e-08 -1.53323e-08 -1.61458e-10 -2.4163e-08 8.84306e-10 8.65786e-11 1.52036e-08
894 1.11 340 0 -3.52045e-08 1.09541e-09 -5.75009e-10 2.77678e-10 5.02059e-10 2.6544e-08 -1.36047e-08 -1.53704e-10 -2.50976e-08 8.77853e-10 9.29579e-11 1.46946e-08
894 1.12 340 0 -3.6961e-08 1.11983e-09 -2.12923e-09 2.85626e-10 5.36677e-10 2.73836e-08 -1.20881e-08 -1.48667e-10 -2.61815e-08 8.83208e-10 1.0024e-10 1.4284e-08
894 1.13 340 0 -3.89883e-08 1.15993e-09 -3.60808e-09 2.97966e-10 5.78641e-10 2.84647e-08 -1.07361e-08 -1.45968e-10 -2.74327e-08 9.00589e-10 1.08742e-10 1.39648e-08
894 1.14 340 0 -4.13286e-08 1.21841e-09 -5.05349e-09 3.1547e-10 6.30688e-10 2.98072e-08 -9.51233e-09 -1.45472e-10 -2.88778e-08 9.31214e-10 1.18881e-10 1.37337e-08
894 1.15 340 0 -4.40443e-08 1.29705e-09 -6.50591e-09 3.38586e-10 6.93853e-10 3.14474e-08 -8.38714e-09 -1.47275e-10 -3.05554e-08 9.76381e-10 1.31073e-10 1.35912e-08
894 1.16 340 0 -4.72167e-08 1.40168e-09 -8.00645e-09 3.68985e-10 7.72745e-10 3.34357e-08 -7.33464e-09 -1.51569e-10 -3.25171e-08 1.03947e-09 1.46052e-10 1.35415e-08
894 1.17 340 0 -5.09584e-08 1.54078e-09 -9.60138e-09 4.09107e-10 8.73543e-10 3.58452e-08 -6.33105e-09 -1.58816e-10 -3.48338e-08 1.12564e-09 1.64852e-10 1.35933e-08
894 1.18 340 0 -5.54292e-08 1.72424e-09 -1.13478e-08 4.61722e-10 1.00267e-09 3.87831e-08 -5.35266e-09 -1.69755e-10 -3.76056e-08 1.24152e-09 1.88808e-10 1.37619e-08
894 1.19 340 0 -6.0853e-08 1.97231e-09 -1.33194e-08 5.32653e-10 1.17441e-09 4.24012e-08 -4.37342e-09 -1.85673e-10 -4.09732e-08 1.3997e-09 2.20291e-10 1.40705e-08
894 1.2 340 0 -6.75658e-08 2.31187e-09 -1.56204e-08 6.29524e-10 1.40663e-09 4.69302e-08 -3.36178e-09 -2.08553e-10 -4.51473e-08 1.61776e-09 2.62673e-10 1.45567e-08
894 1.21 340 0 -7.60772e-08 2.79615e-09 -1.84042e-08 7.67609e-10 1.73602e-09 5.27209e-08 -2.27533e-09 -2.42049e-10 -5.04475e-08 1.9294e-09 3.22245e-10 1.52786e-08
894 1.22 340 0 -8.7219e-08 3.512e-09 -2.19161e-08 9.71696e-10 2.22122e-09 6.03485e-08 -1.051e-09 -2.92417e-10 -5.73949e-08 2.39055e-09 4.09584e-10 1.63336e-08
894 1.23 340 0 -1.02423e-07 4.63972e-09 -2.65743e-08 1.29347e-09 2.98539e-09 7.08042e-08 4.14861e-10 -3.72362e-10 -6.68868e-08 3.11608e-09 5.4626e-10 1.78906e-08
894 1.24 340 0 -1.24391e-07 6.57705e-09 -3.31636e-08 1.84708e-09 4.30052e-09 8.59608e-08 2.31261e-09 -5.09915e-10 -8.06164e-08 4.35896e-09 7.79869e-10 2.02706e-08
894 1.25 340 0 -1.58919e-07 1.03401e-08 -4.3363e-08 2.92432e-09 6.86209e-09 1.09837e-07 5.04453e-09 -7.76569e-10 -1.02215e-07 6.76482e-09 1.23226e-09 2.41637e-08
894 1.26 340 0 -2.20977e-07 1.93473e-08 -6.15037e-08 5.50865e-09 1.30183e-08 1.52815e-07 9.64373e-09 -1.41145e-09 -1.41058e-07 1.24973e-08 2.31228e-09 3.13547e-08
894 1.27 340 0 -3.64386e-07 5.14291e-08 -1.03155e-07 1.47372e-08 3.50504e-08 2.52238e-07 1.98139e-08 -3.65596e-09 -2.30851e-07 3.28102e-08 6.152e-09 4.82646e-08
894 1.28 340 0 -9.79211e-07 4.16361e-07 -2.81192e-07 1.20039e-07 2.87149e-07 6.79004e-07 6.23363e-08 -2.89347e-08 -6.15603e-07 2.62413e-07 4.97499e-08 1.21418e-07
894 1.29 340 0 8.9567e-07 3.23348e-07 2.60745e-07 9.37662e-08 2.25464e-07 -6.21067e-07 -6.64777e-08 -2.20503e-08 5.59312e-07 2.01386e-07 3.85137e-08 -1.02491e-07
894 1.3 340 0 3.43684e-07 4.1543e-08 1.0111e-07 1.21124e-08 2.92623e-08 -2.38822e-07 -2.81472e-08 -2.78905e-09 2.13001e-07 2.55768e-08 4.92386e-09 -3.67745e-08
894 1.31 340 0 2.08326e-07 1.47254e-08 6.18578e-08 4.31537e-09 1.04697e-08 -1.45048e-07 -1.8591e-08 -9.77051e-10 1.28168e-07 8.96502e-09 1.73346e-09 -2.07823e-08
894 1.32 340 0 1.48573e-07 7.28453e-09 4.44681e-08 2.14507e-09 5.22413e-09 -1.03661e-07 -1.42608e-08 -4.79527e-10 9.07459e-08 4.38695e-09 8.50052e-10 -1.38054e-08
894 1.33 340 0 1.15004e-07 4.26168e-09 3.46562e-08 1.26054e-09 3.08045e-09 -8.04165e-08 -1.17483e-08 -2.79413e-10 6.97397e-08 2.53979e-09 4.92101e-10 -9.94571e-09
894 1.34 340 0 9.35155e-08 2.75641e-09 2.83446e-08 8.18708e-10 2.00682e-09 -6.55422e-08 -1.00805e-08 -1.80704e-10 5.63063e-08 1.62619e-09 3.1434e-10 -7.52067e-09
894 1.35 340 0 7.85834e-08 1.90856e-09 2.39359e-08 5.69045e-10 1.39862e-09 -5.52098e-08 -8.87586e-09 -1.25586e-10 4.69829e-08 1.11521e-09 2.14587e-10 -5.87147e-09
894 1.36 340 0 6.76041e-08 1.3875e-09 2.06766e-08 4.15135e-10 1.02276e-09 -4.76147e-08 -7.954e-09 -9.19854e-11 4.01369e-08 8.03358e-10 1.53528e-10 -4.68778e-09
894 1.37 340 0 5.91905e-08 1.04611e-09 1.81652e-08 3.14003e-10 7.75166e-10 -4.17958e-08 -7.2186e-09 -7.01446e-11 3.4899e-08 6.00471e-10 1.13689e-10 -3.8045e-09
894 1.38 340 0 5.25369e-08 8.12202e-10 1.61684e-08 2.44493e-10 6.046e-10 -3.71948e-08 -6.61345e-09 -5.52735e-11 3.0764e-08 4.62468e-10 8.65513e-11 -3.12579e-09
894 1.39 340 0 4.71427e-08 6.4557e-10 1.45408e-08 1.9483e-10 4.82448e-10 -3.34649e-08 -6.10339e-09 -4.47457e-11 2.74181e-08 3.64879e-10 6.73363e-11 -2.59225e-09
894 1.4 340 0 4.26807e-08 5.22933e-10 1.31875e-08 1.58184e-10 3.92062e-10 -3.03793e-08 -5.66526e-09 -3.706e-11 2.46562e-08 2.93609e-10 5.32766e-11 -2.16513e-09
894 1.41 340 0 3.8928e-08 4.30706e-10 1.20436e-08 1.30543e-10 3.23721e-10 -2.77838e-08 -5.28322e-09 -3.13103e-11 2.23386e-08 2.40444e-10 4.27919e-11 -1.81812e-09
894 1.42 340 0 3.57276e-08 3.59726e-10 1.10635e-08 1.09213e-10 2.70822e-10 -2.55696e-08 -4.94593e-09 -2.69237e-11 2.03668e-08 1.99888e-10 3.4789e-11 -1.53273e-09
894 1.43 340 0 3.29657e-08 3.04004e-10 1.02138e-08 9.24298e-11 2.29012e-10 -2.3658e-08 -4.6451e-09 -2.35381e-11 1.86696e-08 1.68392e-10 2.85568e-11 -1.29562e-09
894 1.44 340 0 3.05578e-08 2.59713e-10 9.46993e-09 7.90532e-11 1.95533e-10 -2.19905e-08 -4.3745e-09 -2.0893e-11 1.71939e-08 1.43663e-10 2.36576e-11 -1.09691e-09
894 1.45 340 0 2.84397e-08 2.23957e-10 8.81301e-09 6.8229e-11 1.68232e-10 -2.05227e-08 -4.12936e-09 -1.88365e-11 1.58996e-08 1.24039e-10 1.97445e-11 -9.29178e-10
894 1.46 340 0 2.6562e-08 1.94752e-10 8.22852e-09 5.93677e-11 1.45603e-10 -1.92204e-08 -3.90593e-09 -1.72743e-11 1.47557e-08 1.08418e-10 1.65864e-11 -7.86697e-10
894 1.47 340 0 2.48859e-08 1.70621e-10 7.70504e-09 5.20309e-11 1.26435e-10 -1.80567e-08 -3.70127e-09 -1.61816e-11 1.37381e-08 9.6092e-11 1.40091e-11 -6.65016e-10
894 1.48 340 0 2.33805e-08 1.50495e-10 7.23344e-09 4.58994e-11 1.09661e-10 -1.70101e-08 -3.51309e-09 -1.56352e-11 1.28276e-08 8.67732e-11 1.18886e-11 -5.60619e-10
894 1.49 340 0 2.2021e-08 1.33561e-10 6.80637e-09 4.07307e-11 9.38787e-11 -1.60625e-08 -3.33979e-09 -1.59946e-11 1.20097e-08 8.09622e-11 1.013e-11 -4.70696e-10
894 1.5 340 0 2.07872e-08 1.19201e-10 6.4178e-09 3.63401e-11 7.54267e-11 -1.51955e-08 -3.18207e-09 -1.88545e-11 1.12772e-08 8.21859e-11 8.66124e-12 -3.92977e-10
894 1.51 340 0 1.96624e-08 1.06945e-10 6.06279e-09 3.25871e-11 1.3557e-10 -1.43513e-08 -3.06217e-09 1.71942e-11 1.06759e-08 -8.28386e-12 7.43032e-12 -3.25611e-10
894 1.52 340 0 1.86328e-08 9.63759e-11 5.73717e-09 2.93436e-11 9.44893e-11 -1.37122e-08 -2.88123e-09 1.26906e-12 9.96471e-09 2.56003e-11 6.38623e-12 -2.67083e-10
894 1.53 340 0 1.76868e-08 8.72462e-11 5.4375e-09 2.65394e-11 7.75691e-11 -1.30498e-08 -2.75039e-09 -3.12855e-12 9.40318e-09 3.26571e-11 5.5002e-12 -2.16124e-10
894 1.54 340 0 1.68148e-08 7.92997e-11 5.16084e-09 2.40954e-11 6.81061e-11 -1.24385e-08 -2.62759e-09 -4.26822e-12 8.88714e-09 3.24463e-11 4.74432e-12 -1.71685e-10
894 1.55 340 0 1.60083e-08 7.23489e-11 4.90467e-09 2.19552e-11 6.10801e-11 -1.18726e-08 -2.51206e-09 -4.61619e-12 8.41141e-09 3.07566e-11 4.09685e-12 -1.32884e-10
894 1.56 340 0 1.52603e-08 6.62377e-11 4.66686e-09 2.00714e-11 5.53669e-11 -1.13471e-08 -2.40325e-09 -4.67449e-12 7.9717e-09 2.87162e-11 3.54022e-12 -9.89725e-11
894 1.57 340 0 1.45648e-08 6.08404e-11 4.44554e-09 1.84063e-11 5.05331e-11 -1.08577e-08 -2.30062e-09 -4.60773e-12 7.56433e-09 2.66638e-11 3.05974e-12 -6.93199e-11
894 1.58 340 0 1.39164e-08 5.60553e-11 4.23911e-09 1.69286e-11 4.63568e-11 -1.04007e-08 -2.20369e-09 -4.48349e-12 7.18604e-09 2.47177e-11 2.64464e-12 -4.3385e-11
894 1.59 340 0 1.33107e-08 5.17948e-11 4.04616e-09 1.56118e-11 4.26963e-11 -9.97297e-09 -2.11203e-09 -4.33461e-12 6.83399e-09 2.29208e-11 2.28516e-12 -2.0704e-11
894 1.6 340 0 1.27435e-08 4.79835e-11 3.86546e-09 1.44334e-11 3.94666e-11 -9.57179e-09 -2.02524e-09 -4.17115e-12 6.50569e-09 2.12627e-11 1.97137e-12 -8.79908e-13
894 1.61 340 0 1.22114e-08 4.4565e-11 3.69594e-09 1.33759e-11 3.65935e-11 -9.19472e-09 -1.94298e-09 -4.00551e-12 6.19896e-09 1.97514e-11 1.69819e-12 1.64321e-11
894 1.62 340 0 1.17112e-08 4.14874e-11 3.53662e-09 1.24234e-11 3.40211e-11 -8.83964e-09 -1.86491e-09 -3.84274e-12 5.91186e-09 1.83779e-11 1.46004e-12 3.15312e-11
894 1.63 340 0 1.12403e-08 3.8708e-11 3.38667e-09 1.1563e-11 3.17109e-11 -8.50467e-09 -1.79076e-09 -3.68334e-12 5.64269e-09 1.71251e-11 1.25145e-12 4.46756e-11
894 1.64 340 0 1.07963e-08 3.61903e-11 3.24532e-09 1.07833e-11 2.96241e-11 -8.18816e-09 -1.72026e-09 -3.53055e-12 5.38993e-09 1.59868e-11 1.0692e-12 5.60927e-11
894 1.65 340 0 1.03769e-08 3.39037e-11 3.1119e-09 1.00751e-11 2.7734e-11 -7.88861e-09 -1.65317e-09 -3.38411e-12 5.15224e-09 1.49501e-11 9.09676e-13 6.59797e-11
894 1.66 340 0 9.98023e-09 3.18196e-11 2.98579e-09 9.42961e-12 2.6017e-11 -7.60471e-09 -1.58928e-09 -3.24334e-12 4.92839e-09 1.40009e-11 7.69345e-13 7.45108e-11
894 1.67 340 0 9.60455e-09 2.99162e-11 2.86646e-09 8.84004e-12 2.44504e-11 -7.33528e-09 -1.52839e-09 -3.10964e-12 4.71732e-09 1.31351e-11 6.46607e-13 8.18388e-11
894 1.68 340 0 9.24829e-09 2.81733e-11 2.75341e-09 8.30013e-12 2.3018e-11 -7.07923e-09 -1.47031e-09 -2.98221e-12 4.51804e-09 1.23422e-11 5.39158e-13 8.80983e-11
894 1.69 340 0 8.91006e-09 2.65735e-11 2.64619e-09 7.80451e-12 2.17046e-11 -6.83563e-09 -1.41488e-09 -2.86078e-12 4.32967e-09 1.16152e-11 4.45171e-13 9.34081e-11
894 1.7 340 0 8.58857e-09 2.51018e-11 2.5444e-09 7.34848e-12 2.0497e-11 -6.60358e-09 -1.36195e-09 -2.74517e-12 4.15143e-09 1.09479e-11 3.63213e-13 9.78734e-11
894 1.71 340 0 8.28268e-09 2.37447e-11 2.44766e-09 6.92787e-12 1.93839e-11 -6.38232e-09 -1.31137e-09 -2.63498e-12 3.98259e-09 1.03341e-11 2.91965e-13 1.01587e-10
894 1.72 340 0 7.99133e-09 2.24905e-11 2.35565e-09 6.53904e-12 1.83551e-11 -6.17112e-09 -1.263e-09 -2.53001e-12 3.8225e-09 9.769e-12 2.30168e-13 1.04633e-10
894 1.73 340 0 7.71357e-09 2.13291e-11 2.26806e-09 6.17877e-12 1.7402e-11 -5.96932e-09 -1.21673e-09 -2.42986e-12 3.67056e-09 9.24822e-12 1.7693e-13 1.07083e-10
894 1.74 340 0 7.44853e-09 2.02516e-11 2.1846e-09 5.84406e-12 1.65165e-11 -5.77635e-09 -1.17244e-09 -2.33442e-12 3.52623e-09 8.76839e-12 1.31849e-13 1.09005e-10
894 1.75 340 0 7.19539e-09 1.925e-11 2.10502e-09 5.5321e-12 1.56914e-11 -5.59165e-09 -1.13003e-09 -2.24349e-12 3.389e-09 8.32683e-12 9.45299e-14 1.10455e-10
894 1.76 340 0 6.95344e-09 1.8317e-11 2.02909e-09 5.23905e-12 1.49167e-11 -5.41472e-09 -1.0894e-09 -2.15748e-12 3.25843e-09 7.92489e-12 6.7273e-14 1.11485e-10
894 1.77 340 0 6.722e-09 1.74332e-11 1.95655e-09 4.97388e-12 1.41122e-11 -5.24495e-09 -1.0505e-09 -2.13709e-12 3.13433e-09 7.65106e-12 3.20518e-14 1.12111e-10
894 1.78 340 0 6.50044e-09 1.66064e-11 1.88724e-09 4.72225e-12 1.34165e-11 -5.08217e-09 -1.01318e-09 -2.07303e-12 3.01593e-09 7.31385e-12 1.2333e-15 1.12431e-10
894 1.79 340 0 6.28819e-09 1.58315e-11 1.82098e-09 4.48625e-12 1.27757e-11 -4.9259e-09 -9.77374e-10 -2.00391e-12 2.90301e-09 6.9822e-12 -2.54624e-14 1.12462e-10
894 1.8 340 0 6.08473e-09 1.51051e-11 1.75759e-09 4.26512e-12 1.2183e-11 -4.77578e-09 -9.43014e-10 -1.93277e-12 2.79524e-09 6.6604e-12 -4.84531e-14 1.12236e-10
894 1.81 340 0 5.88957e-09 1.44231e-11 1.69689e-09 4.05784e-12 1.16305e-11 -4.63147e-09 -9.10029e-10 -1.86254e-12 2.69234e-09 6.35324e-12 -6.83287e-14 1.11782e-10
894 1.82 340 0 5.70225e-09 1.37825e-11 1.63876e-09 3.86337e-12 1.11144e-11 -4.49266e-09 -8.78353e-10 -1.79367e-12 2.59402e-09 6.06075e-12 -8.52894e-14 1.11128e-10
894 1.83 340 0 5.52236e-09 1.31802e-11 1.58304e-09 3.68073e-12 1.06314e-11 -4.35908e-09 -8.47925e-10 -1.72653e-12 2.50003e-09 5.78269e-12 -9.96389e-14 1.10297e-10
894 1.84 340 0 5.34951e-09 1.26134e-11 1.52962e-09 3.50918e-12 1.0179e-11 -4.23044e-09 -8.18686e-10 -1.66141e-12 2.41013e-09 5.51838e-12 -1.11801e-13 1.0931e-10
894 1.85 340 0 5.18334e-09 1.20798e-11 1.47837e-09 3.34783e-12 9.7544e-12 -4.1065e-09 -7.90582e-10 -1.59849e-12 2.32409e-09 5.26761e-12 -1.21974e-13 1.08188e-10
894 1.86 340 0 5.02349e-09 1.15768e-11 1.42918e-09 3.19591e-12 9.35508e-12 -3.98703e-09 -7.6356e-10 -1.53801e-12 2.24171e-09 5.03007e-12 -1.30432e-13 1.06947e-10
894 1.87 340 0 4.86967e-09 1.11024e-11 1.38194e-09 3.05283e-12 8.97933e-12 -3.87181e-09 -7.37572e-10 -1.48e-12 2.16279e-09 4.80496e-12 -1.37557e-13 1.05604e-10
894 1.88 340 0 4.72157e-09 1.06547e-11 1.33656e-09 2.91824e-12 8.62548e-12 -3.76065e-09 -7.12572e-10 -1.42469e-12 2.08716e-09 4.59166e-12 -1.44048e-13 1.04173e-10
894 1.89 340 0 4.57892e-09 1.02314e-11 1.29295e-09 2.79228e-12 8.2919e-12 -3.65335e-09 -6.88517e-10 -1.37216e-12 2.01465e-09 4.38906e-12 -1.50913e-13 1.02666e-10
894 1.9 340 0 4.44145e-09 9.83055e-12 1.25101e-09 2.67337e-12 7.97592e-12 -3.54973e-09 -6.65364e-10 -1.32188e-12 1.9451e-09 4.19755e-12 -1.56712e-13 1.01096e-10
894 1.91 340 0 4.30893e-09 9.45048e-12 1.21068e-09 2.56087e-12 7.67623e-12 -3.44962e-09 -6.43074e-10 -1.27369e-12 1.87835e-09 4.01641e-12 -1.61407e-13 9.94715e-11
894 1.92 340 0 4.18113e-09 9.08981e-12 1.17187e-09 2.45436e-12 7.39176e-12 -3.35289e-09 -6.21611e-10 -1.22747e-12 1.81427e-09 3.84486e-12 -1.65119e-13 9.78034e-11
894 1.93 340 0 4.05782e-09 8.74722e-12 1.13452e-09 2.35342e-12 7.12149e-12 -3.25936e-09 -6.00938e-10 -1.18311e-12 1.75273e-09 3.68221e-12 -1.67953e-13 9.60997e-11
894 1.94 340 0 3.93882e-09 8.42153e-12 1.09855e-09 2.25768e-12 6.8645e-12 -3.16892e-09 -5.81022e-10 -1.14049e-12 1.6936e-09 3.52784e-12 -1.7e-13 9.43678e-11
894 1.95 340 0 3.82393e-09 8.11164e-12 1.06391e-09 2.16679e-12 6.61997e-12 -3.08142e-09 -5.61831e-10 -1.09953e-12 1.63678e-09 3.38114e-12 -1.7134e-13 9.26146e-11
894 1.96 340 0 3.71297e-09 7.81655e-12 1.03053e-09 2.08043e-12 6.38712e-12 -2.99674e-09 -5.43336e-10 -1.06012e-12 1.58215e-09 3.24156e-12 -1.72039e-13 9.0846e-11
894 1.97 340 0 3.60577e-09 7.53535e-12 9.98357e-10 1.9983e-12 6.16527e-12 -2.91477e-09 -5.25508e-10 -1.02216e-12 1.52961e-09 3.10857e-12 -1.7215e-13 8.90676e-11
894 1.98 340 0 3.50217e-09 7.26717e-12 9.67341e-10 1.92012e-12 5.95382e-12 -2.8354e-09 -5.08319e-10 -9.85533e-13 1.47907e-09 2.98157e-12 -1.71705e-13 8.72841e-11
894 1.99 340 0 3.40202e-09 7.01125e-12 9.3743e-10 1.8456e-12 5.75235e-12 -2.75853e-09 -4.91743e-10 -9.50067e-13 1.43043e-09 2.85982e-12 -1.70691e-13 8.54998e-11
894 2 340 0 3.30519e-09 6.76694e-12 9.08576e-10 1.77432e-12 5.56123e-12 -2.68405e-09 -4.75755e-10 -9.15212e-13 1.3836e-09 2.74127e-12 -1.68863e-13 8.37183e-11
