894 0 240 0 0 0 0 0 -6.964e-08 -1.17554e-07 1.88349e-11 -6.62457e-08 3.04714e-08 1.2244e-07 0 0
894 0.01 240 0 2.86522e-10 1.53307e-09 1.74632e-10 6.20692e-10 -6.96525e-08 -1.17511e-07 4.62438e-12 -6.62335e-08 3.04942e-08 1.22417e-07 1.59646e-11 -1.68873e-10
894 0.02 240 0 5.74727e-10 3.06373e-09 3.50151e-10 1.24017e-09 -6.969e-08 -1.17381e-07 -3.74656e-11 -6.61972e-08 3.05626e-08 1.22348e-07 3.18661e-11 -3.37735e-10
894 0.03 240 0 8.6628e-10 4.58959e-09 5.27487e-10 1.85717e-09 -6.97518e-08 -1.17163e-07 -1.08364e-10 -6.61362e-08 3.06764e-08 1.22232e-07 4.76453e-11 -5.06532e-10
894 0.04 240 0 1.16283e-09 6.10821e-09 7.07519e-10 2.47048e-09 -6.98377e-08 -1.16858e-07 -2.07415e-10 -6.60506e-08 3.08355e-08 1.22071e-07 6.32383e-11 -6.75249e-10
894 0.05 240 0 1.46599e-09 7.61717e-09 8.91114e-10 3.07883e-09 -6.99469e-08 -1.16466e-07 -3.3434e-10 -6.59402e-08 3.10392e-08 1.21863e-07 7.85864e-11 -8.43856e-10
894 0.06 240 0 1.77734e-09 9.11404e-09 1.07913e-09 3.68098e-09 -7.00786e-08 -1.15987e-07 -4.88936e-10 -6.58047e-08 3.12873e-08 1.21607e-07 9.36202e-11 -1.01233e-09
894 0.07 240 0 2.09836e-09 1.05964e-08 1.27241e-09 4.27566e-09 -7.02319e-08 -1.15421e-07 -6.70835e-10 -6.56438e-08 3.15785e-08 1.21304e-07 1.08297e-10 -1.18064e-09
894 0.08 240 0 2.4306e-09 1.20617e-08 1.47169e-09 4.86157e-09 -7.04048e-08 -1.14768e-07 -8.79516e-10 -6.54574e-08 3.1913e-08 1.20953e-07 1.22522e-10 -1.34876e-09
894 0.09 240 0 2.77539e-09 1.35073e-08 1.67775e-09 5.43741e-09 -7.05962e-08 -1.14029e-07 -1.11457e-09 -6.52448e-08 3.22895e-08 1.20553e-07 1.36238e-10 -1.51668e-09
894 0.1 240 0 3.13402e-09 1.49307e-08 1.89126e-09 6.00186e-09 -7.08043e-08 -1.13203e-07 -1.37537e-09 -6.50057e-08 3.2707e-08 1.20103e-07 1.49386e-10 -1.68436e-09
894 0.11 240 0 3.50773e-09 1.63294e-08 2.1129e-09 6.55356e-09 -7.10273e-08 -1.12291e-07 -1.66131e-09 -6.47397e-08 3.31643e-08 1.19603e-07 1.61891e-10 -1.85178e-09
894 0.12 240 0 3.89764e-09 1.77006e-08 2.34316e-09 7.09124e-09 -7.12632e-08 -1.11293e-07 -1.97117e-09 -6.44463e-08 3.366e-08 1.19051e-07 1.73672e-10 -2.01902e-09
894 0.13 240 0 4.30463e-09 1.90419e-08 2.58272e-09 7.61336e-09 -7.15094e-08 -1.1021e-07 -2.30514e-09 -6.41246e-08 3.4193e-08 1.18447e-07 1.84679e-10 -2.18587e-09
894 0.14 240 0 4.72945e-09 2.03505e-08 2.83201e-09 8.11855e-09 -7.17639e-08 -1.09041e-07 -2.66179e-09 -6.37742e-08 3.4761e-08 1.1779e-07 1.94882e-10 -2.3524e-09
894 0.15 240 0 5.17308e-09 2.16235e-08 3.09131e-09 8.60542e-09 -7.20234e-08 -1.07788e-07 -3.04024e-09 -6.33945e-08 3.53635e-08 1.17078e-07 2.04103e-10 -2.5186e-09
894 0.16 240 0 5.636e-09 2.28582e-08 3.36085e-09 9.07259e-09 -7.22856e-08 -1.06452e-07 -3.4389e-09 -6.29852e-08 3.59978e-08 1.16311e-07 2.1229e-10 -2.68456e-09
894 0.17 240 0 6.11839e-09 2.40518e-08 3.64099e-09 9.51838e-09 -7.2547e-08 -1.05031e-07 -3.85756e-09 -6.2545e-08 3.66622e-08 1.15488e-07 2.19405e-10 -2.85003e-09
894 0.18 240 0 6.62044e-09 2.52018e-08 3.93184e-09 9.9414e-09 -7.2805e-08 -1.03529e-07 -4.29451e-09 -6.20736e-08 3.73539e-08 1.14606e-07 2.2541e-10 -3.01509e-09
894 0.19 240 0 7.14229e-09 2.63048e-08 4.23318e-09 1.03401e-08 -7.30556e-08 -1.01946e-07 -4.7484e-09 -6.15703e-08 3.80716e-08 1.13667e-07 2.30085e-10 -3.17976e-09
894 0.2 240 0 7.68376e-09 2.73581e-08 4.54488e-09 1.07132e-08 -7.32958e-08 -1.00283e-07 -5.21731e-09 -6.10347e-08 3.8812e-08 1.12667e-07 2.33385e-10 -3.34415e-09
894 0.21 240 0 8.24418e-09 2.83593e-08 4.86701e-09 1.10589e-08 -7.35221e-08 -9.85412e-08 -5.7007e-09 -6.04655e-08 3.95722e-08 1.11606e-07 2.35314e-10 -3.50796e-09
894 0.22 240 0 8.82305e-09 2.9305e-08 5.19887e-09 1.13757e-08 -7.37301e-08 -9.67222e-08 -6.19632e-09 -5.98626e-08 4.03502e-08 1.10484e-07 2.35659e-10 -3.67128e-09
894 0.23 240 0 9.41964e-09 3.01923e-08 5.53996e-09 1.16623e-08 -7.39164e-08 -9.48285e-08 -6.70211e-09 -5.92255e-08 4.11425e-08 1.09299e-07 2.34277e-10 -3.83431e-09
894 0.24 240 0 1.00323e-08 3.10192e-08 5.88991e-09 1.19169e-08 -7.40772e-08 -9.28617e-08 -7.21704e-09 -5.85531e-08 4.19453e-08 1.0805e-07 2.31252e-10 -3.99669e-09
894 0.25 240 0 1.066e-08 3.17819e-08 6.24743e-09 1.21384e-08 -7.4208e-08 -9.08241e-08 -7.73818e-09 -5.78455e-08 4.27561e-08 1.06736e-07 2.26242e-10 -4.15871e-09
894 0.26 240 0 1.13008e-08 3.24783e-08 6.61203e-09 1.23248e-08 -7.43049e-08 -8.87179e-08 -8.26437e-09 -5.71017e-08 4.35708e-08 1.05357e-07 2.19307e-10 -4.31998e-09
894 0.27 240 0 1.19528e-08 3.31062e-08 6.98251e-09 1.24752e-08 -7.4364e-08 -8.65466e-08 -8.79305e-09 -5.63216e-08 4.43853e-08 1.03912e-07 2.10338e-10 -4.48072e-09
894 0.28 240 0 1.26139e-08 3.3662e-08 7.35727e-09 1.25883e-08 -7.43809e-08 -8.43128e-08 -9.32145e-09 -5.55053e-08 4.51964e-08 1.02401e-07 1.98981e-10 -4.64103e-09
894 0.29 240 0 1.32812e-08 3.41446e-08 7.73541e-09 1.26624e-08 -7.43516e-08 -8.20203e-08 -9.84804e-09 -5.46519e-08 4.59991e-08 1.00823e-07 1.85408e-10 -4.80051e-09
894 0.3 240 0 1.39521e-08 3.45506e-08 8.11468e-09 1.26967e-08 -7.42719e-08 -7.96723e-08 -1.03695e-08 -5.3762e-08 4.679e-08 9.91789e-08 1.69162e-10 -4.95948e-09
894 0.31 240 0 1.46241e-08 3.48773e-08 8.49445e-09 1.26892e-08 -7.41374e-08 -7.7274e-08 -1.08836e-08 -5.28351e-08 4.75633e-08 9.74678e-08 1.50311e-10 -5.11766e-09
894 0.32 240 0 1.52856e-08 3.51187e-08 8.87033e-09 1.26365e-08 -7.39418e-08 -7.48234e-08 -1.13864e-08 -5.18687e-08 4.83131e-08 9.56844e-08 1.3024e-10 -5.27217e-09
894 0.33 240 0 1.59388e-08 3.52774e-08 9.2413e-09 1.25401e-08 -7.3684e-08 -7.23322e-08 -1.18757e-08 -5.08661e-08 4.90354e-08 9.38351e-08 1.07676e-10 -5.42618e-09
894 0.34 240 0 1.65831e-08 3.53561e-08 9.606e-09 1.24011e-08 -7.33619e-08 -6.98058e-08 -1.23503e-08 -4.9829e-08 4.97276e-08 9.19248e-08 8.17814e-11 -5.58009e-09
894 0.35 240 0 1.72126e-08 3.5351e-08 9.96121e-09 1.22184e-08 -7.29712e-08 -6.72486e-08 -1.28061e-08 -4.87578e-08 5.03843e-08 8.99526e-08 5.2429e-11 -5.73355e-09
894 0.36 240 0 1.78217e-08 3.52617e-08 1.03047e-08 1.1991e-08 -7.25086e-08 -6.46665e-08 -1.32405e-08 -4.76527e-08 5.09993e-08 8.79193e-08 1.99196e-11 -5.88617e-09
894 0.37 240 0 1.84055e-08 3.50877e-08 1.06336e-08 1.17185e-08 -7.19712e-08 -6.2065e-08 -1.36506e-08 -4.65146e-08 5.1568e-08 8.58272e-08 -1.57805e-11 -6.03751e-09
894 0.38 240 0 1.89601e-08 3.48295e-08 1.0945e-08 1.14022e-08 -7.1357e-08 -5.94504e-08 -1.40334e-08 -4.53459e-08 5.20863e-08 8.3679e-08 -5.56841e-11 -6.18806e-09
894 0.39 240 0 1.94788e-08 3.44878e-08 1.1236e-08 1.10417e-08 -7.06636e-08 -5.683e-08 -1.43857e-08 -4.41472e-08 5.25477e-08 8.14772e-08 -9.90882e-11 -6.33735e-09
894 0.4 240 0 1.9957e-08 3.4063e-08 1.15037e-08 1.06375e-08 -6.98893e-08 -5.42102e-08 -1.47049e-08 -4.29207e-08 5.29478e-08 7.92247e-08 -1.46492e-10 -6.48522e-09
894 0.41 240 0 2.03885e-08 3.3556e-08 1.17444e-08 1.01904e-08 -6.9033e-08 -5.15976e-08 -1.4988e-08 -4.16683e-08 5.32819e-08 7.69251e-08 -1.98076e-10 -6.63133e-09
894 0.42 240 0 2.07679e-08 3.29704e-08 1.19555e-08 9.70182e-09 -6.80943e-08 -4.90007e-08 -1.52322e-08 -4.03924e-08 5.35445e-08 7.45828e-08 -2.53831e-10 -6.77588e-09
894 0.43 240 0 2.10896e-08 3.23078e-08 1.21337e-08 9.17355e-09 -6.70731e-08 -4.64266e-08 -1.5435e-08 -3.90957e-08 5.37315e-08 7.22022e-08 -3.14041e-10 -6.91829e-09
894 0.44 240 0 2.13486e-08 3.15716e-08 1.22759e-08 8.60769e-09 -6.59705e-08 -4.38828e-08 -1.55944e-08 -3.77811e-08 5.38386e-08 6.97882e-08 -3.79176e-10 -7.05829e-09
894 0.45 240 0 2.15396e-08 3.07645e-08 1.23796e-08 8.00531e-09 -6.47864e-08 -4.13784e-08 -1.57071e-08 -3.64516e-08 5.38613e-08 6.73463e-08 -4.49289e-10 -7.19578e-09
894 0.46 240 0 2.16548e-08 2.98937e-08 1.24399e-08 7.37005e-09 -6.35233e-08 -3.89194e-08 -1.57706e-08 -3.51111e-08 5.3796e-08 6.48823e-08 -5.23742e-10 -7.33082e-09
894 0.47 240 0 2.16898e-08 2.89626e-08 1.24546e-08 6.70359e-09 -6.21826e-08 -3.65145e-08 -1.57827e-08 -3.37629e-08 5.36389e-08 6.24021e-08 -6.03083e-10 -7.4634e-09
894 0.48 240 0 2.16404e-08 2.7977e-08 1.24212e-08 6.01035e-09 -6.07686e-08 -3.41714e-08 -1.57425e-08 -3.24111e-08 5.33874e-08 5.99129e-08 -6.87565e-10 -7.59257e-09
894 0.49 240 0 2.15014e-08 2.69433e-08 1.23367e-08 5.29333e-09 -5.92844e-08 -3.18977e-08 -1.56479e-08 -3.106e-08 5.30386e-08 5.74214e-08 -7.77224e-10 -7.7184e-09
894 0.5 240 0 2.12699e-08 2.58699e-08 1.21994e-08 4.55751e-09 -5.77346e-08 -2.96999e-08 -1.54984e-08 -2.9714e-08 5.25914e-08 5.49353e-08 -8.72594e-10 -7.84046e-09
894 0.51 240 0 2.09392e-08 2.47609e-08 1.20059e-08 3.80491e-09 -5.61241e-08 -2.75866e-08 -1.52921e-08 -2.83773e-08 5.20423e-08 5.24618e-08 -9.72894e-10 -7.95864e-09
894 0.52 240 0 2.05068e-08 2.36264e-08 1.1755e-08 3.04104e-09 -5.44586e-08 -2.55641e-08 -1.50289e-08 -2.70549e-08 5.13911e-08 5.00092e-08 -1.07856e-09 -8.07348e-09
894 0.53 240 0 1.99709e-08 2.24743e-08 1.1445e-08 2.27122e-09 -5.27455e-08 -2.3638e-08 -1.4709e-08 -2.57518e-08 5.0638e-08 4.75858e-08 -1.1896e-09 -8.18282e-09
894 0.54 240 0 1.93285e-08 2.13138e-08 1.10745e-08 1.50032e-09 -5.09916e-08 -2.18143e-08 -1.43326e-08 -2.44729e-08 4.97829e-08 4.51999e-08 -1.30612e-09 -8.28717e-09
894 0.55 240 0 1.85777e-08 2.01508e-08 1.06429e-08 7.31678e-10 -4.92047e-08 -2.01008e-08 -1.39e-08 -2.3223e-08 4.88258e-08 4.286e-08 -1.42801e-09 -8.38598e-09
894 0.56 240 0 1.77194e-08 1.90032e-08 1.01504e-08 -2.44869e-11 -4.73931e-08 -1.84974e-08 -1.34135e-08 -2.20081e-08 4.77705e-08 4.05754e-08 -1.55537e-09 -8.47975e-09
894 0.57 240 0 1.67526e-08 1.78761e-08 9.5961e-09 -7.65323e-10 -4.55657e-08 -1.70093e-08 -1.28737e-08 -2.08328e-08 4.66187e-08 3.83539e-08 -1.68798e-09 -8.56702e-09
894 0.58 240 0 1.56784e-08 1.67817e-08 8.98154e-09 -1.48378e-09 -4.37323e-08 -1.56404e-08 -1.22835e-08 -1.97026e-08 4.53734e-08 3.62051e-08 -1.82583e-09 -8.64831e-09
894 0.59 240 0 1.44991e-08 1.57293e-08 8.30773e-09 -2.17451e-09 -4.1902e-08 -1.43926e-08 -1.16453e-08 -1.86224e-08 4.40386e-08 3.41368e-08 -1.96885e-09 -8.72275e-09
894 0.6 240 0 1.32182e-08 1.47305e-08 7.57595e-09 -2.83136e-09 -4.00857e-08 -1.3267e-08 -1.09621e-08 -1.75969e-08 4.262e-08 3.21581e-08 -2.11615e-09 -8.78864e-09
894 0.61 240 0 1.18376e-08 1.37956e-08 6.78901e-09 -3.44784e-09 -3.8293e-08 -1.22637e-08 -1.02377e-08 -1.66314e-08 4.11218e-08 3.02765e-08 -2.26873e-09 -8.84827e-09
894 0.62 240 0 1.03623e-08 1.29349e-08 5.94904e-09 -4.0186e-09 -3.65356e-08 -1.13834e-08 -9.47577e-09 -1.57305e-08 3.95505e-08 2.85007e-08 -2.42547e-09 -8.90026e-09
894 0.63 240 0 8.79928e-09 1.21578e-08 5.06006e-09 -4.5386e-09 -3.4825e-08 -1.06261e-08 -8.68161e-09 -1.48981e-08 3.79139e-08 2.68384e-08 -2.58607e-09 -8.94236e-09
894 0.64 240 0 7.15531e-09 1.14789e-08 4.12636e-09 -4.99862e-09 -3.3169e-08 -9.98336e-09 -7.85996e-09 -1.41392e-08 3.62198e-08 2.52958e-08 -2.75113e-09 -8.97731e-09
894 0.65 240 0 5.44111e-09 1.09082e-08 3.15322e-09 -5.39422e-09 -3.15787e-08 -9.45354e-09 -7.01705e-09 -1.34567e-08 3.44784e-08 2.38801e-08 -2.91911e-09 -9.00198e-09
894 0.66 240 0 3.66114e-09 1.04523e-08 2.14495e-09 -5.72045e-09 -3.00657e-08 -9.03295e-09 -6.15806e-09 -1.28549e-08 3.26964e-08 2.25974e-08 -3.09097e-09 -9.01862e-09
894 0.67 240 0 1.82976e-09 1.01233e-08 1.10869e-09 -5.97189e-09 -2.86395e-08 -8.71598e-09 -5.29053e-09 -1.23363e-08 3.08862e-08 2.14543e-08 -3.26467e-09 -9.02484e-09
894 0.68 240 0 -4.34958e-11 9.92855e-09 4.9768e-11 -6.1442e-09 -2.73099e-08 -8.49402e-09 -4.42032e-09 -1.19032e-08 2.90581e-08 2.04544e-08 -3.44062e-09 -9.02141e-09
894 0.69 240 0 -1.94191e-09 9.87067e-09 -1.00817e-09 -6.23187e-09 -2.60934e-08 -8.36395e-09 -3.56318e-09 -1.15591e-08 2.72311e-08 1.95997e-08 -3.62209e-09 -9.02035e-09
894 0.7 240 0 -3.85817e-09 9.96161e-09 -2.07405e-09 -6.23134e-09 -2.49932e-08 -8.31845e-09 -2.72051e-09 -1.13065e-08 2.54079e-08 1.88964e-08 -3.81053e-09 -9.00536e-09
894 0.71 240 0 -5.77694e-09 1.02108e-08 -3.13545e-09 -6.1369e-09 -2.40097e-08 -8.33772e-09 -1.90099e-09 -1.11449e-08 2.36003e-08 1.83442e-08 -4.0041e-09 -8.97974e-09
894 0.72 240 0 -7.68235e-09 1.06224e-08 -4.18687e-09 -5.95047e-09 -2.31532e-08 -8.41447e-09 -1.11124e-09 -1.10727e-08 2.18227e-08 1.79468e-08 -4.19876e-09 -8.94057e-09
894 0.73 240 0 -9.56213e-09 1.12007e-08 -5.21675e-09 -5.66766e-09 -2.2431e-08 -8.53648e-09 -3.61089e-10 -1.10916e-08 2.00862e-08 1.77055e-08 -4.39706e-09 -8.89025e-09
894 0.74 240 0 -1.13946e-08 1.19525e-08 -6.21796e-09 -5.28895e-09 -2.18462e-08 -8.69062e-09 3.42683e-10 -1.11988e-08 1.84074e-08 1.76215e-08 -4.59493e-09 -8.82674e-09
894 0.75 240 0 -1.31628e-08 1.28804e-08 -7.18011e-09 -4.81334e-09 -2.14035e-08 -8.86563e-09 9.90939e-10 -1.13934e-08 1.68003e-08 1.7695e-08 -4.79303e-09 -8.75034e-09
894 0.76 240 0 -1.48575e-08 1.39834e-08 -8.09092e-09 -4.23895e-09 -2.11154e-08 -9.04892e-09 1.57125e-09 -1.16766e-08 1.52763e-08 1.79267e-08 -4.99559e-09 -8.66246e-09
894 0.77 240 0 -1.64448e-08 1.52726e-08 -8.94206e-09 -3.56418e-09 -2.09703e-08 -9.22168e-09 2.07897e-09 -1.20445e-08 1.38556e-08 1.83163e-08 -5.19701e-09 -8.56015e-09
894 0.78 240 0 -1.79095e-08 1.67465e-08 -9.72081e-09 -2.78894e-09 -2.09757e-08 -9.37088e-09 2.5021e-09 -1.24965e-08 1.25526e-08 1.88636e-08 -5.39965e-09 -8.44406e-09
894 0.79 240 0 -1.92285e-08 1.8408e-08 -1.04151e-08 -1.91242e-09 -2.11313e-08 -9.47956e-09 2.8304e-09 -1.3031e-08 1.13854e-08 1.95679e-08 -5.60334e-09 -8.31356e-09
894 0.8 240 0 -2.03761e-08 2.02592e-08 -1.1015e-08 -9.34777e-10 -2.14348e-08 -9.53112e-09 3.05529e-09 -1.36457e-08 1.03738e-08 2.04288e-08 -5.80614e-09 -8.16735e-09
894 0.81 240 0 -2.13337e-08 2.23014e-08 -1.15094e-08 1.44925e-10 -2.18905e-08 -9.50457e-09 3.16513e-09 -1.43401e-08 9.53633e-09 2.14468e-08 -6.00933e-09 -8.00485e-09
894 0.82 240 0 -2.2043e-08 2.45442e-08 -1.18584e-08 1.33506e-09 -2.24808e-08 -9.38564e-09 3.13265e-09 -1.51168e-08 8.90922e-09 2.26241e-08 -6.21548e-09 -7.8258e-09
894 0.83 240 0 -2.24542e-08 2.69827e-08 -1.20358e-08 2.62869e-09 -2.32133e-08 -9.15778e-09 2.93373e-09 -1.59683e-08 8.53606e-09 2.39569e-08 -6.41981e-09 -7.62774e-09
894 0.84 240 0 -2.25446e-08 2.96107e-08 -1.20347e-08 4.02157e-09 -2.40727e-08 -8.79881e-09 2.5603e-09 -1.68906e-08 8.43593e-09 2.54386e-08 -6.62365e-09 -7.40888e-09
894 0.85 240 0 -2.22637e-08 3.24273e-08 -1.18282e-08 5.51316e-09 -2.50488e-08 -8.28785e-09 1.98881e-09 -1.78815e-08 8.64986e-09 2.70669e-08 -6.82628e-09 -7.16712e-09
894 0.86 240 0 -2.15557e-08 3.54314e-08 -1.13865e-08 7.10258e-09 -2.61377e-08 -7.59526e-09 1.18972e-09 -1.89388e-08 9.22921e-09 2.88398e-08 -7.02638e-09 -6.89981e-09
894 0.87 240 0 -2.0334e-08 3.86228e-08 -1.06631e-08 8.79153e-09 -2.73072e-08 -6.70812e-09 1.2543e-10 -2.00624e-08 1.02369e-08 3.07543e-08 -7.22347e-09 -6.60424e-09
894 0.88 240 0 -1.85051e-08 4.19979e-08 -9.60672e-09 1.05789e-08 -2.85471e-08 -5.59405e-09 -1.25471e-09 -2.12499e-08 1.17579e-08 3.28065e-08 -7.41549e-09 -6.27686e-09
894 0.89 240 0 -1.59381e-08 4.55513e-08 -8.14509e-09 1.24633e-08 -2.98351e-08 -4.22099e-09 -3.02032e-09 -2.24983e-08 1.39065e-08 3.49892e-08 -7.60028e-09 -5.91343e-09
894 0.9 240 0 -1.24517e-08 4.92695e-08 -6.17697e-09 1.44394e-08 -3.11427e-08 -2.55067e-09 -5.27051e-09 -2.37996e-08 1.68435e-08 3.72864e-08 -7.77511e-09 -5.50875e-09
894 0.91 240 0 -7.78942e-09 5.31213e-08 -3.55831e-09 1.64915e-08 -3.24352e-08 -5.22673e-10 -8.15088e-09 -2.51331e-08 2.08035e-08 3.96612e-08 -7.93593e-09 -5.05598e-09
894 0.92 240 0 -1.55026e-09 5.70226e-08 -6.22504e-11 1.85759e-08 -3.36596e-08 1.90782e-09 -1.18858e-08 -2.64512e-08 2.61421e-08 4.20314e-08 -8.07832e-09 -4.54534e-09
894 0.93 240 0 6.87333e-09 6.07776e-08 4.65498e-09 2.05845e-08 -3.47449e-08 4.85138e-09 -1.68279e-08 -2.76308e-08 3.34204e-08 4.41953e-08 -8.19374e-09 -3.96251e-09
894 0.94 240 0 1.84714e-08 6.38854e-08 1.11545e-08 2.22369e-08 -3.55657e-08 8.46822e-09 -2.35521e-08 -2.83627e-08 4.35503e-08 4.56546e-08 -8.26661e-09 -3.28451e-09
894 0.95 240 0 3.48488e-08 6.50209e-08 2.03452e-08 2.27869e-08 -3.585e-08 1.30393e-08 -3.29907e-08 -2.78308e-08 5.80113e-08 4.51018e-08 -8.26159e-09 -2.4745e-09
894 0.96 240 0 5.82932e-08 6.04643e-08 3.35252e-08 2.01359e-08 -3.49302e-08 1.89819e-08 -4.64504e-08 -2.37724e-08 7.88725e-08 3.89225e-08 -8.08816e-09 -1.47961e-09
894 0.97 240 0 8.91826e-08 3.99204e-08 5.09181e-08 8.46691e-09 -3.09016e-08 2.66008e-08 -6.40017e-08 -9.97054e-09 1.06227e-07 1.71951e-08 -7.5022e-09 -2.93298e-10
894 0.98 240 0 1.086e-07 -1.50496e-08 6.18558e-08 -2.26584e-08 -1.9648e-08 3.31745e-08 -7.39598e-08 2.45123e-08 1.21401e-07 -3.75352e-08 -6.07999e-09 6.39737e-10
894 0.99 240 0 6.40179e-08 -7.5693e-08 3.66325e-08 -5.70679e-08 -3.01864e-09 2.82117e-08 -4.47417e-08 6.18987e-08 7.39295e-08 -9.69465e-08 -4.53328e-09 1.31911e-10
894 1 240 0 -1.11727e-10 -5.85986e-08 -4.93794e-11 -4.80782e-08 2.6401e-08 1.69519e-10 1.40845e-11 5.74413e-08 1.93096e-11 -9.15027e-08 -5.65351e-09 -3.62636e-11
894 1.01 240 0 -6.57677e-10 -3.49053e-08 -3.64441e-10 -3.39696e-08 -1.04144e-08 1.42195e-10 3.47863e-10 3.34489e-08 -5.20193e-10 -4.89353e-08 -4.07398e-09 -4.21449e-11
894 1.02 240 0 -7.57071e-10 -2.80374e-08 -4.20967e-10 -3.00233e-08 -1.5536e-08 2.04828e-10 3.93452e-10 2.74144e-08 -5.89017e-10 -3.80678e-08 -3.61276e-09 -4.44288e-11
894 1.03 240 0 -8.15654e-10 -2.52745e-08 -4.54505e-10 -2.84349e-08 -1.89222e-08 2.57972e-10 4.15604e-10 2.43708e-08 -6.2106e-10 -3.22072e-08 -3.18765e-09 -4.57844e-11
894 1.04 240 0 -8.65389e-10 -2.44811e-08 -4.83193e-10 -2.79775e-08 -2.17001e-08 3.08479e-10 4.32308e-10 2.27304e-08 -6.4418e-10 -2.86943e-08 -2.78131e-09 -4.71279e-11
894 1.05 240 0 -9.17122e-10 -2.48762e-08 -5.1326e-10 -2.82029e-08 -2.42505e-08 3.60772e-10 4.49209e-10 2.19097e-08 -6.66805e-10 -2.65487e-08 -2.38537e-09 -4.88558e-11
894 1.06 240 0 -9.70657e-10 -2.61121e-08 -5.44371e-10 -2.89114e-08 -2.67602e-08 4.13014e-10 4.66709e-10 2.16387e-08 -6.90167e-10 -2.53117e-08 -1.99397e-09 -5.07313e-11
894 1.07 240 0 -1.03087e-09 -2.80137e-08 -5.79377e-10 -3.00027e-08 -2.93365e-08 4.68887e-10 4.86867e-10 2.17747e-08 -7.16995e-10 -2.47375e-08 -1.60189e-09 -5.30671e-11
894 1.08 240 0 -1.10142e-09 -3.04957e-08 -6.20504e-10 -3.14282e-08 -3.20554e-08 5.31468e-10 5.11126e-10 2.2239e-08 -7.49062e-10 -2.46863e-08 -1.2043e-09 -5.60637e-11
894 1.09 240 0 -1.18054e-09 -3.35319e-08 -6.66554e-10 -3.31727e-08 -3.49868e-08 5.98961e-10 5.3884e-10 2.29907e-08 -7.8586e-10 -2.508e-08 -7.96564e-10 -5.94932e-11
894 1.1 240 0 -1.27305e-09 -3.7125e-08 -7.20394e-10 -3.52381e-08 -3.81919e-08 6.75346e-10 5.71844e-10 2.40097e-08 -8.29629e-10 -2.58746e-08 -3.73644e-10 -6.3707e-11
894 1.11 240 0 -1.38377e-09 -4.13074e-08 -7.84906e-10 -3.76432e-08 -4.17364e-08 7.64656e-10 6.119e-10 2.52932e-08 -8.82504e-10 -2.70527e-08 7.00932e-11 -6.89963e-11
894 1.12 240 0 -1.51273e-09 -4.61436e-08 -8.59951e-10 -4.04254e-08 -4.57e-08 8.66488e-10 6.59036e-10 2.68531e-08 -9.44792e-10 -2.86194e-08 5.40981e-10 -7.52498e-11
894 1.13 240 0 -1.66726e-09 -5.1722e-08 -9.4985e-10 -4.36359e-08 -5.01726e-08 9.86702e-10 7.15966e-10 2.87133e-08 -1.01986e-09 -3.05961e-08 1.04673e-09 -8.29492e-11
894 1.14 240 0 -1.85685e-09 -5.81636e-08 -1.06021e-09 -4.73449e-08 -5.52642e-08 1.1328e-09 7.86205e-10 3.09115e-08 -1.11205e-09 -3.30233e-08 1.59671e-09 -9.26788e-11
894 1.15 240 0 -2.08675e-09 -6.5642e-08 -1.19391e-09 -5.16525e-08 -6.1123e-08 1.3083e-09 8.71723e-10 3.35051e-08 -1.22417e-09 -3.59672e-08 2.20284e-09 -1.04636e-10
894 1.16 240 0 -2.37335e-09 -7.43828e-08 -1.36054e-09 -5.66895e-08 -6.79344e-08 1.52593e-09 9.78594e-10 3.65717e-08 -1.36384e-09 -3.95197e-08 2.88055e-09 -1.19845e-10
894 1.17 240 0 -2.73928e-09 -8.46959e-08 -1.5733e-09 -6.26354e-08 -7.59481e-08 1.80321e-09 1.11514e-09 4.02203e-08 -1.54151e-09 -4.38119e-08 3.65042e-09 -1.39645e-10
894 1.18 240 0 -3.20968e-09 -9.7021e-08 -1.84662e-09 -6.97442e-08 -8.55143e-08 2.1588e-09 1.29074e-09 4.46065e-08 -1.76938e-09 -4.90332e-08 4.54063e-09 -1.65443e-10
894 1.19 240 0 -3.83727e-09 -1.11974e-07 -2.21122e-09 -7.83729e-08 -9.71196e-08 2.63349e-09 1.52475e-09 4.99507e-08 -2.07171e-09 -5.54532e-08 5.59101e-09 -2.00446e-10
894 1.2 240 0 -4.6907e-09 -1.3048e-07 -2.70676e-09 -8.90556e-08 -1.11491e-07 3.27932e-09 1.84255e-09 5.6584e-08 -2.48089e-09 -6.34781e-08 6.86011e-09 -2.48622e-10
894 1.21 240 0 -5.90808e-09 -1.53939e-07 -3.41343e-09 -1.02604e-07 -1.29729e-07 4.20275e-09 2.29478e-09 6.50105e-08 -3.06052e-09 -7.37279e-08 8.43722e-09 -3.18404e-10
894 1.22 240 0 -7.71437e-09 -1.8464e-07 -4.46145e-09 -1.20341e-07 -1.53629e-07 5.57614e-09 2.96406e-09 7.60534e-08 -3.91492e-09 -8.72161e-08 1.04669e-08 -4.23158e-10
894 1.23 240 0 -1.05811e-08 -2.26521e-07 -6.12406e-09 -1.44545e-07 -1.86274e-07 7.76303e-09 4.02287e-09 9.11311e-08 -5.26051e-09 -1.0569e-07 1.31984e-08 -5.91576e-10
894 1.24 240 0 -1.55555e-08 -2.87018e-07 -9.00807e-09 -1.79519e-07 -2.33491e-07 1.15727e-08 5.85349e-09 1.12923e-07 -7.5757e-09 -1.32452e-07 1.71019e-08 -8.87578e-10
894 1.25 240 0 -2.53323e-08 -3.8208e-07 -1.46738e-08 -2.34491e-07 -3.07772e-07 1.90907e-08 9.43764e-09 1.47177e-07 -1.2087e-08 -1.74584e-07 2.31849e-08 -1.47641e-09
894 1.26 240 0 -4.90523e-08 -5.52913e-07 -2.8414e-08 -3.33301e-07 -4.41392e-07 3.74133e-08 1.80967e-08 2.0874e-07 -2.29299e-08 -2.50386e-07 3.40518e-08 -2.92279e-09
894 1.27 240 0 -1.34811e-07 -9.4778e-07 -7.80685e-08 -5.61727e-07 -7.505e-07 1.03974e-07 4.92628e-08 3.51029e-07 -6.17471e-08 -4.25677e-07 5.90751e-08 -8.21713e-09
894 1.28 240 0 -1.12749e-06 -2.64425e-06 -6.52549e-07 -1.54316e-06 -2.07998e-06 8.78639e-07 4.08162e-07 9.61976e-07 -5.06024e-07 -1.17795e-06 1.66536e-07 -7.03379e-08
894 1.29 240 0 -9.03889e-07 2.51123e-06 -5.22713e-07 1.43979e-06 1.95681e-06 7.11207e-07 3.24275e-07 -8.96522e-07 -3.97504e-07 1.11336e-06 -1.58968e-07 -5.77815e-08
894 1.3 240 0 -1.19792e-07 9.98533e-07 -6.91905e-08 5.64489e-07 7.73816e-07 9.51002e-08 4.25844e-08 -3.50625e-07 -5.16285e-08 4.39649e-07 -6.35993e-08 -7.8406e-09
894 1.31 240 0 -4.37726e-08 6.26782e-07 -2.5244e-08 3.49421e-07 4.83048e-07 3.50391e-08 1.54208e-08 -2.1655e-07 -1.84887e-08 2.74316e-07 -4.00882e-08 -2.93442e-09
894 1.32 240 0 -2.23099e-08 4.62529e-07 -1.28426e-08 2.54417e-07 3.54652e-07 1.79977e-08 7.78897e-09 -1.57318e-07 -9.23441e-09 2.01307e-07 -2.9665e-08 -1.53207e-09
894 1.33 240 0 -1.34394e-08 3.70174e-07 -7.71944e-09 2.01016e-07 2.82527e-07 1.09204e-08 4.64969e-09 -1.24014e-07 -5.45119e-09 1.60273e-07 -2.37799e-08 -9.45219e-10
894 1.34 240 0 -8.94603e-09 3.10996e-07 -5.12563e-09 1.66812e-07 2.36369e-07 7.31931e-09 3.0665e-09 -1.02673e-07 -3.55478e-09 1.3399e-07 -1.99902e-08 -6.44368e-10
894 1.35 240 0 -6.37156e-09 2.69826e-07 -3.64018e-09 1.43028e-07 2.04306e-07 5.24692e-09 2.16333e-09 -8.78258e-08 -2.4797e-09 1.15709e-07 -1.7339e-08 -4.69805e-10
894 1.36 240 0 -4.76228e-09 2.39511e-07 -2.7121e-09 1.25525e-07 1.80738e-07 3.94641e-09 1.60088e-09 -7.68923e-08 -1.81423e-09 1.02252e-07 -1.53748e-08 -3.59325e-10
894 1.37 240 0 -3.68992e-09 2.16242e-07 -2.09402e-09 1.121e-07 1.62684e-07 3.07721e-09 1.22705e-09 -6.84991e-08 -1.37435e-09 9.19228e-08 -1.3857e-08 -2.84855e-10
894 1.38 240 0 -2.94264e-09 1.97804e-07 -1.6635e-09 1.01471e-07 1.4841e-07 2.46981e-09 9.67086e-10 -6.18485e-08 -1.07018e-09 8.3739e-08 -1.26459e-08 -2.32266e-10
894 1.39 240 0 -2.40126e-09 1.82823e-07 -1.35178e-09 9.28426e-08 1.36839e-07 2.02922e-09 7.78735e-10 -5.64445e-08 -8.50808e-10 7.70891e-08 -1.16546e-08 -1.93674e-10
894 1.4 240 0 -1.99597e-09 1.70398e-07 -1.11858e-09 8.56942e-08 1.27268e-07 1.70008e-09 6.37052e-10 -5.19629e-08 -6.86092e-10 7.15734e-08 -1.08263e-08 -1.6449e-10
894 1.41 240 0 -1.68598e-09 1.59919e-07 -9.40287e-10 7.96721e-08 1.19217e-07 1.44931e-09 5.27801e-10 -4.81836e-08 -5.5921e-10 6.69208e-08 -1.01223e-08 -1.4185e-10
894 1.42 240 0 -1.44321e-09 1.50954e-07 -8.00743e-10 7.45264e-08 1.12348e-07 1.25513e-09 4.40621e-10 -4.49512e-08 -4.57491e-10 6.29398e-08 -9.51532e-09 -1.23906e-10
894 1.43 240 0 -1.24905e-09 1.43189e-07 -6.89249e-10 7.0076e-08 1.06416e-07 1.10386e-09 3.68143e-10 -4.21529e-08 -3.71648e-10 5.94918e-08 -8.98537e-09 -1.09451e-10
894 1.44 240 0 -1.09175e-09 1.36394e-07 -5.98943e-10 6.61869e-08 1.01238e-07 9.86949e-10 3.0551e-10 -3.9706e-08 -2.95664e-10 5.6475e-08 -8.51786e-09 -9.75875e-11
894 1.45 240 0 -9.61927e-10 1.3039e-07 -5.24454e-10 6.27568e-08 9.66753e-08 9.00332e-10 2.47101e-10 -3.75476e-08 -2.21553e-10 5.38126e-08 -8.10151e-09 -8.77325e-11
894 1.46 240 0 -8.52982e-10 1.25044e-07 -4.61982e-10 5.97074e-08 9.26187e-08 8.45235e-10 1.86133e-10 -3.56304e-08 -1.38854e-10 5.14474e-08 -7.7275e-09 -7.94394e-11
894 1.47 240 0 -7.59465e-10 1.20248e-07 -4.08375e-10 5.69766e-08 8.89802e-08 8.33707e-10 1.09474e-10 -3.39192e-08 -2.59249e-11 4.93374e-08 -7.3888e-09 -7.24201e-11
894 1.48 240 0 -6.76307e-10 1.15917e-07 -3.60733e-10 5.45152e-08 8.56822e-08 9.09567e-10 -1.74062e-11 -3.23905e-08 1.7593e-10 4.74579e-08 -7.07934e-09 -6.64974e-11
894 1.49 240 0 -5.96064e-10 1.11981e-07 -3.14788e-10 5.22823e-08 8.26482e-08 1.26494e-09 -3.32955e-10 -3.10338e-08 7.04322e-10 4.58039e-08 -6.79274e-09 -6.18835e-11
894 1.5 240 0 -4.94937e-10 1.08371e-07 -2.57239e-10 5.02368e-08 8.00913e-08 3.45532e-09 -1.92842e-09 -2.96402e-08 3.43785e-09 4.40312e-08 -6.51592e-09 -6.22852e-11
894 1.51 240 0 -6.25317e-10 1.04698e-07 -3.57613e-10 4.81639e-08 8.66776e-08 -4.8128e-08 3.38756e-08 -2.1882e-08 -5.81513e-08 3.12395e-08 -6.32449e-09 -2.20729e-10
894 1.52 240 0 -5.92935e-10 1.02054e-07 -3.16488e-10 4.66871e-08 7.35544e-08 1.96807e-09 -8.40579e-10 -2.86863e-08 1.56719e-09 4.34305e-08 -6.13384e-09 -6.21673e-11
894 1.53 240 0 -5.12964e-10 9.92592e-08 -2.69234e-10 4.51149e-08 7.30474e-08 9.21573e-10 -1.88413e-10 -2.65986e-08 4.2813e-10 4.03126e-08 -5.91267e-09 -5.10629e-11
894 1.54 240 0 -4.65236e-10 9.66535e-08 -2.41592e-10 4.36544e-08 7.13819e-08 6.21308e-10 -2.29253e-11 -2.54899e-08 1.33493e-10 3.88405e-08 -5.7155e-09 -4.63559e-11
894 1.55 240 0 -4.28817e-10 9.42238e-08 -2.20694e-10 4.22965e-08 6.96809e-08 4.90928e-10 3.48575e-11 -2.45656e-08 2.64291e-11 3.76517e-08 -5.53342e-09 -4.30711e-11
894 1.56 240 0 -3.98699e-10 9.19518e-08 -2.03471e-10 4.10305e-08 6.80567e-08 4.17678e-10 5.85454e-11 -2.37306e-08 -2.07954e-11 3.65865e-08 -5.36346e-09 -4.04013e-11
894 1.57 240 0 -3.72845e-10 8.98212e-08 -1.88754e-10 3.98468e-08 6.65246e-08 3.69435e-10 6.8675e-11 -2.2959e-08 -4.38372e-11 3.56036e-08 -5.20394e-09 -3.81128e-11
894 1.58 240 0 -3.50239e-10 8.78177e-08 -1.75903e-10 3.8737e-08 6.50824e-08 3.34215e-10 7.26437e-11 -2.22393e-08 -5.56595e-11 3.46859e-08 -5.05366e-09 -3.60956e-11
894 1.59 240 0 -3.3019e-10 8.59288e-08 -1.64546e-10 3.7694e-08 6.37243e-08 3.06667e-10 7.3597e-11 -2.15643e-08 -6.17551e-11 3.38233e-08 -4.91165e-09 -3.43122e-11
894 1.6 240 0 -3.12296e-10 8.41436e-08 -1.54427e-10 3.67114e-08 6.24432e-08 2.84373e-10 7.2824e-11 -2.0929e-08 -6.44605e-11 3.30093e-08 -4.77714e-09 -3.26762e-11
894 1.61 240 0 -2.96207e-10 8.24526e-08 -1.45341e-10 3.57836e-08 6.12325e-08 2.6562e-10 7.12174e-11 -2.03294e-08 -6.5366e-11 3.22386e-08 -4.64947e-09 -3.1188e-11
894 1.62 240 0 -2.81652e-10 8.08475e-08 -1.37143e-10 3.49059e-08 6.00861e-08 2.49474e-10 6.91943e-11 -1.97621e-08 -6.52294e-11 3.15069e-08 -4.52802e-09 -2.98342e-11
894 1.63 240 0 -2.6844e-10 7.93206e-08 -1.2971e-10 3.40738e-08 5.89985e-08 2.35411e-10 6.69333e-11 -1.92242e-08 -6.44127e-11 3.08107e-08 -4.41232e-09 -2.85779e-11
894 1.64 240 0 -2.56384e-10 7.78656e-08 -1.22943e-10 3.32835e-08 5.79647e-08 2.22942e-10 6.46208e-11 -1.87132e-08 -6.32565e-11 3.0147e-08 -4.30189e-09 -2.74263e-11
894 1.65 240 0 -2.45349e-10 7.64765e-08 -1.1676e-10 3.25317e-08 5.69802e-08 2.11804e-10 6.23103e-11 -1.8227e-08 -6.18895e-11 2.95131e-08 -4.19634e-09 -2.63568e-11
894 1.66 240 0 -2.35222e-10 7.5148e-08 -1.11095e-10 3.18154e-08 5.6041e-08 2.01809e-10 6.00247e-11 -1.77635e-08 -6.03796e-11 2.89065e-08 -4.0953e-09 -2.53513e-11
894 1.67 240 0 -2.25889e-10 7.38756e-08 -1.05885e-10 3.11317e-08 5.51436e-08 1.92732e-10 5.7828e-11 -1.73211e-08 -5.88506e-11 2.83251e-08 -3.99847e-09 -2.44177e-11
894 1.68 240 0 -2.17272e-10 7.2655e-08 -1.01079e-10 3.04782e-08 5.42847e-08 1.84464e-10 5.57145e-11 -1.68982e-08 -5.73217e-11 2.77672e-08 -3.90554e-09 -2.35385e-11
894 1.69 240 0 -2.09294e-10 7.14823e-08 -9.66328e-11 2.98527e-08 5.34614e-08 1.76894e-10 5.36913e-11 -1.64934e-08 -5.58202e-11 2.72309e-08 -3.81627e-09 -2.27078e-11
894 1.7 240 0 -2.01888e-10 7.03543e-08 -9.25075e-11 2.92533e-08 5.2671e-08 1.69933e-10 5.17601e-11 -1.61055e-08 -5.43658e-11 2.67148e-08 -3.7304e-09 -2.19191e-11
894 1.71 240 0 -1.94999e-10 6.92677e-08 -8.86675e-11 2.86782e-08 5.19112e-08 1.63506e-10 4.99166e-11 -1.57332e-08 -5.29687e-11 2.62176e-08 -3.64773e-09 -2.11649e-11
894 1.72 240 0 -1.8857e-10 6.82198e-08 -8.50835e-11 2.81256e-08 5.11798e-08 1.57547e-10 4.81609e-11 -1.53756e-08 -5.1635e-11 2.57379e-08 -3.56806e-09 -2.04444e-11
894 1.73 240 0 -1.82559e-10 6.7208e-08 -8.17286e-11 2.75942e-08 5.04749e-08 1.52005e-10 4.64843e-11 -1.50318e-08 -5.03654e-11 2.52747e-08 -3.49119e-09 -1.97474e-11
894 1.74 240 0 -1.76931e-10 6.623e-08 -7.85717e-11 2.70824e-08 4.97946e-08 1.46831e-10 4.48801e-11 -1.47008e-08 -4.91726e-11 2.48269e-08 -3.41698e-09 -1.90657e-11
894 1.75 240 0 -1.71659e-10 6.52837e-08 -7.55853e-11 2.65892e-08 4.91373e-08 1.41985e-10 4.33392e-11 -1.43819e-08 -4.80599e-11 2.43935e-08 -3.34525e-09 -1.83883e-11
894 1.76 240 0 -1.66724e-10 6.43671e-08 -7.27028e-11 2.61134e-08 4.85017e-08 1.374e-10 4.18256e-11 -1.40742e-08 -4.70798e-11 2.39738e-08 -3.27585e-09 -1.76395e-11
894 1.77 240 0 -1.61291e-10 6.34772e-08 -6.97872e-11 2.56533e-08 4.78838e-08 1.31758e-10 4.0992e-11 -1.37782e-08 -4.68552e-11 2.35683e-08 -3.20897e-09 -1.68915e-11
894 1.78 240 0 -1.56545e-10 6.26144e-08 -6.72592e-11 2.5209e-08 4.72864e-08 1.2737e-10 3.98395e-11 -1.34917e-08 -4.59664e-11 2.31741e-08 -3.14403e-09 -1.63494e-11
894 1.79 240 0 -1.52144e-10 6.17765e-08 -6.49018e-11 2.47792e-08 4.67069e-08 1.23413e-10 3.86601e-11 -1.32148e-08 -4.49969e-11 2.27912e-08 -3.08109e-09 -1.58327e-11
894 1.8 240 0 -1.48047e-10 6.09621e-08 -6.26988e-11 2.43631e-08 4.61442e-08 1.19809e-10 3.74815e-11 -1.29468e-08 -4.39939e-11 2.24191e-08 -3.02005e-09 -1.5332e-11
894 1.81 240 0 -1.44197e-10 6.01698e-08 -6.06294e-11 2.39599e-08 4.55974e-08 1.16464e-10 3.63363e-11 -1.26873e-08 -4.30002e-11 2.20572e-08 -2.96084e-09 -1.48505e-11
894 1.82 240 0 -1.40573e-10 5.93984e-08 -5.86825e-11 2.3569e-08 4.50654e-08 1.1335e-10 3.52272e-11 -1.2436e-08 -4.20254e-11 2.1705e-08 -2.90337e-09 -1.43855e-11
894 1.83 240 0 -1.37159e-10 5.86469e-08 -5.68478e-11 2.31897e-08 4.45474e-08 1.10442e-10 3.41562e-11 -1.21924e-08 -4.10762e-11 2.13621e-08 -2.84754e-09 -1.3936e-11
894 1.84 240 0 -1.33943e-10 5.79142e-08 -5.51183e-11 2.28214e-08 4.40427e-08 1.07723e-10 3.3125e-11 -1.19561e-08 -4.01558e-11 2.10281e-08 -2.7933e-09 -1.35033e-11
894 1.85 240 0 -1.3091e-10 5.71995e-08 -5.34829e-11 2.24636e-08 4.35506e-08 1.05174e-10 3.21331e-11 -1.17267e-08 -3.92695e-11 2.07024e-08 -2.74056e-09 -1.30858e-11
894 1.86 240 0 -1.28049e-10 5.65017e-08 -5.19304e-11 2.21156e-08 4.30703e-08 1.02777e-10 3.11807e-11 -1.1504e-08 -3.84215e-11 2.03848e-08 -2.68927e-09 -1.26847e-11
894 1.87 240 0 -1.25349e-10 5.58201e-08 -5.04508e-11 2.17772e-08 4.26012e-08 1.00521e-10 3.02644e-11 -1.12877e-08 -3.76109e-11 2.00749e-08 -2.63935e-09 -1.23003e-11
894 1.88 240 0 -1.22792e-10 5.51541e-08 -4.90403e-11 2.14477e-08 4.21429e-08 9.83944e-11 2.93886e-11 -1.10774e-08 -3.68319e-11 1.97724e-08 -2.59076e-09 -1.19398e-11
894 1.89 240 0 -1.20326e-10 5.45027e-08 -4.77271e-11 2.11268e-08 4.16946e-08 9.6371e-11 2.85675e-11 -1.0873e-08 -3.6061e-11 1.94769e-08 -2.54345e-09 -1.16119e-11
894 1.9 240 0 -1.1796e-10 5.38653e-08 -4.64783e-11 2.08141e-08 4.1256e-08 9.44378e-11 2.77831e-11 -1.0674e-08 -3.53184e-11 1.91881e-08 -2.49736e-09 -1.12973e-11
894 1.91 240 0 -1.15695e-10 5.32414e-08 -4.52854e-11 2.05092e-08 4.08266e-08 9.25901e-11 2.7031e-11 -1.04804e-08 -3.46053e-11 1.89058e-08 -2.45245e-09 -1.09934e-11
894 1.92 240 0 -1.13523e-10 5.26304e-08 -4.41446e-11 2.02118e-08 4.0406e-08 9.08229e-11 2.63089e-11 -1.02918e-08 -3.39196e-11 1.86298e-08 -2.40865e-09 -1.06997e-11
894 1.93 240 0 -1.11438e-10 5.20317e-08 -4.30528e-11 1.99216e-08 3.99937e-08 8.91312e-11 2.56148e-11 -1.01081e-08 -3.32593e-11 1.83597e-08 -2.36594e-09 -1.04154e-11
894 1.94 240 0 -1.09437e-10 5.14448e-08 -4.20067e-11 1.96382e-08 3.95893e-08 8.75109e-11 2.49468e-11 -9.92913e-09 -3.26227e-11 1.80953e-08 -2.32427e-09 -1.01398e-11
894 1.95 240 0 -1.07515e-10 5.08692e-08 -4.10034e-11 1.93614e-08 3.91927e-08 8.59581e-11 2.43029e-11 -9.75461e-09 -3.20082e-11 1.78364e-08 -2.28361e-09 -9.87226e-12
894 1.96 240 0 -1.05667e-10 5.03045e-08 -4.004e-11 1.90909e-08 3.88033e-08 8.44694e-11 2.36812e-11 -9.5844e-09 -3.14144e-11 1.75829e-08 -2.24391e-09 -9.6119e-12
894 1.97 240 0 -1.03891e-10 4.97503e-08 -3.9114e-11 1.88264e-08 3.84208e-08 8.30423e-11 2.30797e-11 -9.41834e-09 -3.08398e-11 1.73345e-08 -2.20515e-09 -9.35771e-12
894 1.98 240 0 -1.02184e-10 4.92061e-08 -3.82223e-11 1.85678e-08 3.80451e-08 8.16752e-11 2.24957e-11 -9.25627e-09 -3.02832e-11 1.7091e-08 -2.16728e-09 -9.10812e-12
894 1.99 240 0 -1.00551e-10 4.86716e-08 -3.73614e-11 1.83147e-08 3.76758e-08 8.03703e-11 2.19248e-11 -9.09805e-09 -2.97429e-11 1.68524e-08 -2.13028e-09 -8.85996e-12
894 2 240 0 -9.90128e-11 4.81464e-08 -3.65226e-11 1.8067e-08 3.73128e-08 7.91491e-11 2.13507e-11 -8.94351e-09 -2.92155e-11 1.66183e-08 -2.0941e-09 -8.60044e-12
