894 0 240 0 8.51136e-19 1.16322e-20 2.09463e-06 1.09256e-08 0 0 0 0 0 0 5.55455e-08 -4.10761e-07
894 0.01 240 0 9.11884e-19 4.12602e-20 2.09462e-06 1.09246e-08 3.91406e-21 -1.28435e-21 6.12982e-10 2.05579e-10 4.43682e-22 -1.94666e-21 5.55432e-08 -4.10756e-07
894 0.02 240 0 9.268e-19 3.87381e-20 2.09459e-06 1.09216e-08 7.92987e-21 -2.68265e-21 1.22594e-09 4.10733e-10 9.40847e-22 -4.01588e-21 5.55362e-08 -4.1074e-07
894 0.03 240 0 8.76838e-19 2.4497e-20 2.09454e-06 1.09167e-08 1.08123e-20 -4.20156e-21 1.83883e-09 6.15036e-10 1.17812e-21 -5.5966e-21 5.55247e-08 -4.10715e-07
894 0.04 240 0 9.12585e-19 2.74198e-20 2.09448e-06 1.09099e-08 1.56977e-20 -5.79461e-21 2.45163e-09 8.18064e-10 1.77295e-21 -7.9691e-21 5.55086e-08 -4.10679e-07
894 0.05 240 0 8.80822e-19 2.66038e-20 2.09439e-06 1.09011e-08 1.83502e-20 -7.0877e-21 3.06431e-09 1.01939e-09 1.92765e-21 -9.35109e-21 5.54881e-08 -4.10633e-07
894 0.06 240 0 8.92217e-19 2.60868e-20 2.09428e-06 1.08904e-08 2.2251e-20 -8.54188e-21 3.67681e-09 1.2186e-09 2.39966e-21 -1.14759e-20 5.54632e-08 -4.10578e-07
894 0.07 240 0 8.86817e-19 2.98252e-20 2.09415e-06 1.08779e-08 2.63984e-20 -9.96835e-21 4.2891e-09 1.41527e-09 2.65384e-21 -1.32203e-20 5.54341e-08 -4.10512e-07
894 0.08 240 0 8.49773e-19 2.25853e-20 2.094e-06 1.08637e-08 2.81088e-20 -1.13493e-20 4.90112e-09 1.60897e-09 2.56514e-21 -1.43224e-20 5.54012e-08 -4.10435e-07
894 0.09 240 0 8.80928e-19 1.9361e-20 2.09383e-06 1.08476e-08 3.392e-20 -1.36336e-20 5.51279e-09 1.7993e-09 3.35318e-21 -1.68504e-20 5.5364e-08 -4.1035e-07
894 0.1 240 0 9.16821e-19 2.82184e-20 2.09365e-06 1.08298e-08 3.93171e-20 -1.51399e-20 6.12405e-09 1.98585e-09 3.62494e-21 -1.96428e-20 5.5323e-08 -4.10254e-07
894 0.11 240 0 9.01521e-19 3.09225e-20 2.09344e-06 1.08103e-08 4.2307e-20 -1.50195e-20 6.73481e-09 2.16819e-09 4.26417e-21 -2.14863e-20 5.52784e-08 -4.10148e-07
894 0.12 240 0 9.16754e-19 3.45902e-20 2.09322e-06 1.07892e-08 4.6995e-20 -1.68927e-20 7.34497e-09 2.34594e-09 4.87401e-21 -2.34853e-20 5.52304e-08 -4.10033e-07
894 0.13 240 0 9.25079e-19 3.11859e-20 2.09298e-06 1.07665e-08 5.22323e-20 -1.82129e-20 7.95468e-09 2.51856e-09 5.25012e-21 -2.65865e-20 5.51783e-08 -4.09907e-07
894 0.14 240 0 8.86896e-19 1.68344e-20 2.09272e-06 1.07415e-08 5.34024e-20 -2.16986e-20 8.5634e-09 2.68608e-09 4.13807e-21 -2.6873e-20 5.51239e-08 -4.09773e-07
894 0.15 240 0 8.4878e-19 7.54637e-21 2.09244e-06 1.0716e-08 5.24743e-20 -2.46847e-20 9.17106e-09 2.84762e-09 3.4806e-21 -2.65405e-20 5.50678e-08 -4.09629e-07
894 0.16 240 0 8.7517e-19 8.43476e-21 2.09214e-06 1.0689e-08 5.97717e-20 -2.58436e-20 9.77753e-09 3.003e-09 4.0127e-21 -3.01907e-20 5.50091e-08 -4.09476e-07
894 0.17 240 0 8.85057e-19 2.58874e-20 2.09183e-06 1.06608e-08 6.67568e-20 -2.34125e-20 1.03827e-08 3.15184e-09 6.17728e-21 -3.31988e-20 5.49484e-08 -4.09315e-07
894 0.18 240 0 8.97762e-19 2.43555e-20 2.0915e-06 1.06312e-08 7.164e-20 -2.62241e-20 1.09866e-08 3.2936e-09 6.15324e-21 -3.55321e-20 5.48851e-08 -4.09143e-07
894 0.19 240 0 8.74257e-19 1.13547e-20 2.09116e-06 1.06005e-08 7.3098e-20 -2.94882e-20 1.15885e-08 3.42824e-09 5.30181e-21 -3.61213e-20 5.48218e-08 -4.08963e-07
894 0.2 240 0 8.57568e-19 8.91535e-21 2.0908e-06 1.05687e-08 7.58086e-20 -3.38218e-20 1.21883e-08 3.55524e-09 3.20775e-21 -3.58583e-20 5.47581e-08 -4.08775e-07
894 0.21 240 0 8.9538e-19 2.49767e-20 2.09042e-06 1.05358e-08 8.29836e-20 -2.9939e-20 1.27858e-08 3.67433e-09 6.99443e-21 -4.07073e-20 5.46936e-08 -4.0858e-07
894 0.22 240 0 9.09912e-19 1.69067e-20 2.09003e-06 1.05016e-08 8.97127e-20 -3.46349e-20 1.33811e-08 3.78493e-09 6.51984e-21 -4.371e-20 5.46282e-08 -4.08374e-07
894 0.23 240 0 8.77235e-19 1.98093e-20 2.08963e-06 1.04666e-08 8.99791e-20 -3.50981e-20 1.39731e-08 3.88712e-09 5.53373e-21 -4.30643e-20 5.4565e-08 -4.08162e-07
894 0.24 240 0 9.27342e-19 2.71708e-20 2.08921e-06 1.04303e-08 1.02214e-19 -3.62611e-20 1.45618e-08 3.98048e-09 6.01624e-21 -4.83332e-20 5.45024e-08 -4.07943e-07
894 0.25 240 0 9.1334e-19 1.75333e-20 2.08878e-06 1.0393e-08 1.0296e-19 -3.78452e-20 1.51467e-08 4.06472e-09 6.94475e-21 -5.01311e-20 5.44415e-08 -4.07718e-07
894 0.26 240 0 8.94943e-19 1.15946e-20 2.08833e-06 1.03546e-08 1.06059e-19 -4.18702e-20 1.57281e-08 4.13926e-09 5.21992e-21 -5.07211e-20 5.43823e-08 -4.07483e-07
894 0.27 240 0 8.88935e-19 8.97822e-21 2.08788e-06 1.0315e-08 1.10271e-19 -4.48051e-20 1.63043e-08 4.20448e-09 4.22467e-21 -5.25855e-20 5.43265e-08 -4.07244e-07
894 0.28 240 0 9.07543e-19 1.05788e-20 2.08741e-06 1.02732e-08 1.18346e-19 -4.64495e-20 1.68763e-08 4.25994e-09 4.95166e-21 -5.51195e-20 5.42725e-08 -4.06998e-07
894 0.29 240 0 8.99814e-19 9.42241e-21 2.08694e-06 1.02309e-08 1.23914e-19 -4.79053e-20 1.74418e-08 4.3053e-09 4.80168e-21 -5.77233e-20 5.42248e-08 -4.06748e-07
894 0.3 240 0 8.67957e-19 3.09407e-21 2.08645e-06 1.01871e-08 1.16951e-19 -5.28238e-20 1.80011e-08 4.34059e-09 3.10203e-21 -5.44537e-20 5.41814e-08 -4.06493e-07
894 0.31 240 0 8.96214e-19 5.16326e-21 2.08596e-06 1.01416e-08 1.30637e-19 -5.38677e-20 1.85542e-08 4.36524e-09 3.9196e-21 -6.07059e-20 5.4143e-08 -4.06231e-07
894 0.32 240 0 8.62121e-19 -5.13762e-21 2.08546e-06 1.0094e-08 1.27373e-19 -6.09847e-20 1.90991e-08 4.37995e-09 5.70238e-22 -5.91937e-20 5.41115e-08 -4.05968e-07
894 0.33 240 0 8.54312e-19 -1.90996e-21 2.08496e-06 1.00442e-08 1.29906e-19 -5.93634e-20 1.96365e-08 4.38388e-09 6.53576e-22 -5.92646e-20 5.40866e-08 -4.057e-07
894 0.34 240 0 9.06894e-19 -2.52538e-21 2.08445e-06 9.99178e-09 1.51511e-19 -6.19194e-20 2.01642e-08 4.37787e-09 1.47011e-21 -6.84945e-20 5.40701e-08 -4.05432e-07
894 0.35 240 0 8.87955e-19 -5.28072e-21 2.08394e-06 9.93638e-09 1.48053e-19 -6.44258e-20 2.06828e-08 4.36111e-09 6.35171e-22 -6.76158e-20 5.40619e-08 -4.0516e-07
894 0.36 240 0 8.91608e-19 -7.9856e-21 2.08342e-06 9.87656e-09 1.53425e-19 -6.98223e-20 2.11904e-08 4.335e-09 1.23664e-21 -6.95042e-20 5.40632e-08 -4.0489e-07
894 0.37 240 0 9.24113e-19 5.19552e-21 2.0829e-06 9.8136e-09 1.67698e-19 -6.73772e-20 2.16868e-08 4.29803e-09 1.88246e-21 -7.46645e-20 5.40753e-08 -4.04618e-07
894 0.38 240 0 9.86251e-19 1.7602e-20 2.08239e-06 9.74589e-09 1.95626e-19 -6.40701e-20 2.21698e-08 4.25179e-09 6.08391e-21 -8.70566e-20 5.40994e-08 -4.04349e-07
894 0.39 240 0 8.88974e-19 -1.47524e-20 2.08187e-06 9.67275e-09 1.69532e-19 -7.79634e-20 2.26399e-08 4.19556e-09 -2.25603e-21 -7.48715e-20 5.41357e-08 -4.0408e-07
894 0.4 240 0 9.13552e-19 -6.4975e-21 2.08136e-06 9.59329e-09 1.85704e-19 -8.12126e-20 2.30952e-08 4.13026e-09 -4.40908e-21 -7.99903e-20 5.41856e-08 -4.03815e-07
894 0.41 240 0 8.9489e-19 -1.08634e-20 2.08086e-06 9.50649e-09 1.87105e-19 -8.21903e-20 2.35337e-08 4.05695e-09 -2.98199e-21 -8.06316e-20 5.42505e-08 -4.03558e-07
894 0.42 240 0 9.38115e-19 1.01764e-20 2.08036e-06 9.41129e-09 2.102e-19 -7.48268e-20 2.39558e-08 3.97506e-09 -5.6393e-22 -8.9396e-20 5.43309e-08 -4.03304e-07
894 0.43 240 0 9.09303e-19 -2.14806e-20 2.07987e-06 9.30553e-09 2.01089e-19 -9.39247e-20 2.43597e-08 3.88621e-09 -6.11142e-21 -8.55451e-20 5.44274e-08 -4.03059e-07
894 0.44 240 0 9.22339e-19 -1.02215e-20 2.07939e-06 9.18935e-09 2.10637e-19 -9.21082e-20 2.47422e-08 3.79109e-09 -6.22619e-21 -8.88552e-20 5.45437e-08 -4.02825e-07
894 0.45 240 0 9.08165e-19 -1.94921e-20 2.07892e-06 9.06053e-09 2.13194e-19 -1.03348e-19 2.51041e-08 3.69004e-09 -1.03855e-20 -8.70589e-20 5.46775e-08 -4.02602e-07
894 0.46 240 0 8.80808e-19 -2.63366e-20 2.07847e-06 8.91698e-09 2.16452e-19 -1.09017e-19 2.54428e-08 3.5845e-09 -1.18827e-20 -8.64072e-20 5.48324e-08 -4.02393e-07
894 0.47 240 0 9.15444e-19 -2.38187e-20 2.07803e-06 8.75666e-09 2.27847e-19 -1.13739e-19 2.57565e-08 3.47588e-09 -1.22535e-20 -8.99703e-20 5.50088e-08 -4.02199e-07
894 0.48 240 0 8.83495e-19 -1.81111e-20 2.07761e-06 8.57645e-09 2.28863e-19 -1.12477e-19 2.60441e-08 3.36598e-09 -1.16971e-20 -8.93441e-20 5.52073e-08 -4.02025e-07
894 0.49 240 0 8.90761e-19 -2.91685e-20 2.07722e-06 8.37527e-09 2.40061e-19 -1.22942e-19 2.63025e-08 3.25594e-09 -1.6725e-20 -9.30148e-20 5.54303e-08 -4.01871e-07
894 0.5 240 0 8.82741e-19 -3.42786e-20 2.07685e-06 8.14936e-09 2.35608e-19 -1.28726e-19 2.65302e-08 3.14802e-09 -1.79262e-20 -8.91079e-20 5.56785e-08 -4.01743e-07
894 0.51 240 0 8.90245e-19 -3.35256e-20 2.0765e-06 7.89538e-09 2.48002e-19 -1.35386e-19 2.67251e-08 3.04451e-09 -2.0205e-20 -9.33236e-20 5.59527e-08 -4.01642e-07
894 0.52 240 0 9.64744e-19 -1.8978e-20 2.07618e-06 7.60958e-09 2.90317e-19 -1.32931e-19 2.6885e-08 2.94798e-09 -1.62234e-20 -1.07007e-19 5.62542e-08 -4.01573e-07
894 0.53 240 0 8.57806e-19 -4.25251e-20 2.0759e-06 7.28687e-09 2.53693e-19 -1.49025e-19 2.70078e-08 2.86147e-09 -2.46556e-20 -9.14479e-20 5.65837e-08 -4.01538e-07
894 0.54 240 0 9.00462e-19 -5.18895e-20 2.07564e-06 6.92439e-09 2.79683e-19 -1.63739e-19 2.70904e-08 2.78813e-09 -2.7192e-20 -1.01076e-19 5.69423e-08 -4.01544e-07
894 0.55 240 0 8.47179e-19 -3.70639e-20 2.07543e-06 6.51599e-09 2.52689e-19 -1.55871e-19 2.71305e-08 2.73191e-09 -2.48268e-20 -8.76044e-20 5.73305e-08 -4.01594e-07
894 0.56 240 0 8.91489e-19 -3.80619e-20 2.07525e-06 6.0557e-09 2.88167e-19 -1.6087e-19 2.71264e-08 2.6963e-09 -2.86064e-20 -9.99138e-20 5.77486e-08 -4.01692e-07
894 0.57 240 0 8.98967e-19 -4.8601e-20 2.07512e-06 5.53655e-09 3.0339e-19 -1.81205e-19 2.70743e-08 2.68798e-09 -3.51914e-20 -1.01449e-19 5.81968e-08 -4.01845e-07
894 0.58 240 0 8.90271e-19 -4.4815e-20 2.07503e-06 4.95209e-09 3.02121e-19 -1.82962e-19 2.69705e-08 2.7115e-09 -3.32996e-20 -9.80171e-20 5.8677e-08 -4.0206e-07
894 0.59 240 0 8.76759e-19 -5.4476e-20 2.07498e-06 4.29435e-09 2.99454e-19 -1.98199e-19 2.6815e-08 2.77262e-09 -3.87774e-20 -9.49307e-20 5.91857e-08 -4.02341e-07
894 0.6 240 0 8.88908e-19 -4.56211e-20 2.07499e-06 3.55337e-09 3.19403e-19 -1.99685e-19 2.66027e-08 2.87929e-09 -3.71714e-20 -9.98973e-20 5.97248e-08 -4.02696e-07
894 0.61 240 0 9.1866e-19 -4.27657e-20 2.07505e-06 2.71866e-09 3.39152e-19 -2.07387e-19 2.63308e-08 3.04046e-09 -3.99497e-20 -1.02646e-19 6.02927e-08 -4.03133e-07
894 0.62 240 0 8.80186e-19 -4.21039e-20 2.07516e-06 1.78037e-09 3.22642e-19 -2.14802e-19 2.59977e-08 3.26389e-09 -3.94788e-20 -9.4996e-20 6.08871e-08 -4.0366e-07
894 0.63 240 0 8.72722e-19 -5.59976e-20 2.07533e-06 7.25233e-10 3.26093e-19 -2.31822e-19 2.56006e-08 3.56086e-09 -4.21329e-20 -9.58059e-20 6.15062e-08 -4.04284e-07
894 0.64 240 0 8.47218e-19 -6.42e-20 2.07555e-06 -4.61112e-10 3.06902e-19 -2.49289e-19 2.51377e-08 3.94302e-09 -4.79916e-20 -8.6295e-20 6.21463e-08 -4.05016e-07
894 0.65 240 0 8.93117e-19 -4.86022e-20 2.07583e-06 -1.79385e-09 3.4823e-19 -2.55576e-19 2.46053e-08 4.42431e-09 -4.7821e-20 -9.41275e-20 6.28056e-08 -4.05865e-07
894 0.66 240 0 8.36829e-19 -6.41632e-20 2.07617e-06 -3.28997e-09 3.19912e-19 -2.67471e-19 2.4005e-08 5.01884e-09 -4.98014e-20 -8.11066e-20 6.34769e-08 -4.06842e-07
894 0.67 240 0 8.91489e-19 -6.37702e-20 2.07655e-06 -4.96858e-09 3.62385e-19 -2.87813e-19 2.33347e-08 5.74462e-09 -5.59877e-20 -9.24544e-20 6.41552e-08 -4.07957e-07
894 0.68 240 0 8.50514e-19 -6.27379e-20 2.07699e-06 -6.85099e-09 3.36251e-19 -2.92253e-19 2.25952e-08 6.62049e-09 -5.35595e-20 -8.2016e-20 6.48338e-08 -4.09221e-07
894 0.69 240 0 8.52552e-19 -6.95812e-20 2.07748e-06 -8.96115e-09 3.29833e-19 -3.05825e-19 2.17873e-08 7.66873e-09 -5.3001e-20 -8.04337e-20 6.55047e-08 -4.10648e-07
894 0.7 240 0 8.40588e-19 -5.73542e-20 2.078e-06 -1.13243e-08 3.40477e-19 -3.13723e-19 2.09156e-08 8.91277e-09 -5.74016e-20 -7.5243e-20 6.61566e-08 -4.12248e-07
894 0.71 240 0 8.49442e-19 -6.80431e-20 2.07856e-06 -1.39684e-08 3.56786e-19 -3.32689e-19 1.99862e-08 1.03801e-08 -5.88312e-20 -7.86737e-20 6.67774e-08 -4.14035e-07
894 0.72 240 0 8.36763e-19 -7.1292e-20 2.07913e-06 -1.6925e-08 3.4306e-19 -3.47915e-19 1.90061e-08 1.21014e-08 -5.86455e-20 -7.5122e-20 6.73538e-08 -4.16021e-07
894 0.73 240 0 8.1781e-19 -6.29857e-20 2.07971e-06 -2.02296e-08 3.27974e-19 -3.47882e-19 1.79844e-08 1.41113e-08 -5.56573e-20 -6.59418e-20 6.78708e-08 -4.18219e-07
894 0.74 240 0 8.43195e-19 -5.25946e-20 2.08027e-06 -2.3918e-08 3.57987e-19 -3.76648e-19 1.69394e-08 1.64472e-08 -5.747e-20 -6.32933e-20 6.83081e-08 -4.20641e-07
894 0.75 240 0 8.87796e-19 -5.96277e-20 2.08078e-06 -2.80317e-08 4.05191e-19 -4.177e-19 1.58909e-08 1.91506e-08 -6.70645e-20 -6.97303e-20 6.86445e-08 -4.23299e-07
894 0.76 240 0 8.33097e-19 -5.85545e-20 2.08122e-06 -3.26165e-08 3.46759e-19 -4.10298e-19 1.48619e-08 2.22722e-08 -6.14322e-20 -5.49291e-20 6.88583e-08 -4.26207e-07
894 0.77 240 0 8.21476e-19 -5.65758e-20 2.08155e-06 -3.77211e-08 3.51348e-19 -4.18342e-19 1.3884e-08 2.58651e-08 -5.93349e-20 -5.31389e-20 6.89235e-08 -4.29374e-07
894 0.78 240 0 8.10756e-19 -5.74256e-20 2.08171e-06 -4.33977e-08 3.19282e-19 -4.28311e-19 1.30095e-08 2.99904e-08 -5.61039e-20 -4.19528e-20 6.88066e-08 -4.32811e-07
894 0.79 240 0 8.80279e-19 -5.59455e-20 2.08162e-06 -4.96815e-08 3.68162e-19 -4.84423e-19 1.2346e-08 3.46672e-08 -5.75577e-20 -4.27041e-20 6.84464e-08 -4.36499e-07
894 0.8 240 0 8.70816e-19 -5.9411e-20 2.08127e-06 -5.66289e-08 3.68727e-19 -4.98449e-19 1.18552e-08 3.99718e-08 -5.10695e-20 -4.45344e-20 6.78509e-08 -4.40457e-07
894 0.81 240 0 8.16407e-19 -4.72649e-20 2.0806e-06 -6.43055e-08 3.21059e-19 -4.95475e-19 1.16105e-08 4.59775e-08 -5.55667e-20 -2.12261e-20 6.69779e-08 -4.44686e-07
894 0.82 240 0 8.54511e-19 -5.54718e-20 2.07947e-06 -7.27803e-08 3.40471e-19 -5.17213e-19 1.17393e-08 5.27653e-08 -3.59921e-20 -3.52452e-20 6.57736e-08 -4.4918e-07
894 0.83 240 0 8.67216e-19 -4.10091e-20 2.07778e-06 -8.21161e-08 3.37268e-19 -5.43365e-19 1.23535e-08 6.041e-08 -3.21353e-20 -2.15173e-20 6.41936e-08 -4.53925e-07
894 0.84 240 0 8.70829e-19 -5.24391e-20 2.07537e-06 -9.23785e-08 3.3874e-19 -5.97211e-19 1.35909e-08 6.89946e-08 -4.69826e-20 -1.35609e-20 6.21916e-08 -4.58904e-07
894 0.85 240 0 8.84183e-19 -4.32363e-20 2.07209e-06 -1.0363e-07 3.40236e-19 -5.95041e-19 1.56149e-08 7.85992e-08 -2.3251e-20 -1.94952e-20 5.9721e-08 -4.64091e-07
894 0.86 240 0 8.45405e-19 -3.23916e-20 2.06775e-06 -1.15933e-07 2.77129e-19 -5.89555e-19 1.86259e-08 8.93103e-08 -2.1923e-20 6.53731e-21 5.67351e-08 -4.69453e-07
894 0.87 240 0 8.77989e-19 -4.17062e-20 2.06211e-06 -1.29345e-07 2.8859e-19 -6.44533e-19 2.28614e-08 1.01208e-07 -2.36191e-20 1.79343e-21 5.31909e-08 -4.74943e-07
894 0.88 240 0 8.85771e-19 -3.57776e-20 2.05489e-06 -1.43915e-07 2.70025e-19 -6.13378e-19 2.86106e-08 1.14375e-07 1.82966e-20 -1.09621e-20 4.90493e-08 -4.80508e-07
894 0.89 240 0 8.84752e-19 -2.45987e-20 2.04577e-06 -1.59689e-07 2.44309e-19 -6.49145e-19 3.62238e-08 1.28889e-07 1.58204e-20 9.35521e-21 4.42794e-08 -4.86083e-07
894 0.9 240 0 8.93752e-19 -2.09519e-20 2.03435e-06 -1.76694e-07 2.24669e-19 -6.60011e-19 4.6122e-08 1.44818e-07 2.91687e-20 1.25236e-20 3.88631e-08 -4.91588e-07
894 0.91 240 0 8.78916e-19 -4.72341e-21 2.02015e-06 -1.9495e-07 1.85348e-19 -6.56199e-19 5.88281e-08 1.62224e-07 4.24263e-20 3.02628e-20 3.27987e-08 -4.96934e-07
894 0.92 240 0 9.09608e-19 -1.23403e-20 2.00256e-06 -2.1446e-07 1.66895e-19 -6.64987e-19 7.49956e-08 1.81162e-07 6.78834e-20 2.26346e-20 2.61079e-08 -5.02022e-07
894 0.93 240 0 9.56168e-19 -2.06342e-20 1.98081e-06 -2.3521e-07 1.62898e-19 -7.05956e-19 9.54555e-08 2.01679e-07 7.9897e-20 1.25694e-20 1.88472e-08 -5.06736e-07
894 0.94 240 0 9.37745e-19 -1.78514e-20 1.95387e-06 -2.57173e-07 1.21172e-19 -6.73947e-19 1.2132e-07 2.23821e-07 1.06137e-19 9.22265e-21 1.11172e-08 -5.10954e-07
894 0.95 240 0 9.69482e-19 -4.64588e-20 1.92027e-06 -2.8032e-07 1.15809e-19 -6.87003e-19 1.54151e-07 2.47654e-07 1.2358e-19 -2.70947e-20 3.08623e-09 -5.1454e-07
894 0.96 240 0 9.54738e-19 -8.72781e-20 1.87776e-06 -3.04631e-07 1.1021e-19 -6.66496e-19 1.96318e-07 2.73295e-07 1.2643e-19 -7.92396e-20 -4.97438e-09 -5.17338e-07
894 0.97 240 0 1.00968e-18 -6.82811e-20 1.82244e-06 -3.30151e-07 6.23893e-20 -6.89028e-19 2.51883e-07 3.01e-07 1.53877e-19 -5.52333e-20 -1.26145e-08 -5.1915e-07
894 0.98 240 0 1.06516e-18 -3.90417e-20 1.74606e-06 -3.5711e-07 3.78518e-20 -6.88644e-19 3.29259e-07 3.31405e-07 1.96386e-19 -3.30895e-20 -1.90138e-08 -5.19653e-07
894 0.99 240 0 9.60602e-19 -8.6105e-20 1.6237e-06 -3.86403e-07 4.50152e-20 -6.4673e-19 4.53489e-07 3.66406e-07 1.23004e-19 -9.27658e-20 -2.22761e-08 -5.1802e-07
894 1 240 0 1.08674e-18 -2.3008e-21 -4.23005e-06 -2.15723e-07 3.58781e-20 -5.78629e-19 6.29819e-06 2.16849e-07 2.35287e-19 -1.34188e-20 7.97802e-11 -4.90513e-07
894 1.01 240 0 1.05785e-18 -1.0157e-21 1.51563e-06 1.61194e-09 5.15484e-20 -6.38147e-19 5.92713e-07 -4.8769e-10 1.97054e-19 -2.78191e-20 5.7075e-11 -5.44392e-07
894 1.02 240 0 1.09183e-18 -1.38682e-21 1.55799e-06 1.71436e-09 6.95405e-20 -6.09619e-19 5.71755e-07 -6.45572e-10 2.42886e-19 -4.26308e-20 -3.74507e-11 -5.70644e-07
894 1.03 240 0 1.16131e-18 -4.51696e-21 1.55635e-06 1.87109e-09 7.99107e-20 -6.28326e-19 5.99252e-07 -8.85632e-10 2.94739e-19 -5.32342e-20 -1.72721e-10 -6.04408e-07
894 1.04 240 0 1.29052e-18 6.74033e-21 1.52596e-06 2.13332e-09 9.7687e-20 -6.21802e-19 6.64768e-07 -1.2885e-09 4.28193e-19 -5.62642e-20 -3.9387e-10 -6.52015e-07
894 1.05 240 0 1.43606e-18 4.76898e-21 1.46128e-06 2.62188e-09 1.20461e-19 -7.10376e-19 7.81976e-07 -2.04574e-09 5.06798e-19 -7.55075e-20 -8.05941e-10 -7.2472e-07
894 1.06 240 0 1.66357e-18 -4.73474e-21 1.33663e-06 3.71105e-09 1.71823e-19 -8.57436e-19 9.95245e-07 -3.75598e-09 6.20038e-19 -1.24468e-19 -1.73595e-09 -8.48824e-07
894 1.07 240 0 2.3642e-18 2.46427e-20 1.06482e-06 6.91616e-09 3.22918e-19 -1.42145e-18 1.44973e-06 -8.8624e-09 9.15577e-19 -2.0556e-19 -4.53162e-09 -1.10611e-06
894 1.08 240 0 4.58936e-18 3.42886e-20 1.5968e-07 2.64033e-08 7.19005e-19 -2.24818e-18 2.94969e-06 -4.044e-08 2.60658e-18 -4.92922e-19 -2.19673e-08 -1.94585e-06
894 1.09 240 0 -1.04733e-16 -9.20283e-18 1.55188e-05 1.57453e-06 -1.21534e-17 6.0296e-17 -2.2435e-05 -2.61026e-06 -6.30057e-17 -3.48922e-19 -1.45931e-06 1.22179e-05
894 1.1 240 0 -2.34169e-18 -6.2939e-20 3.27211e-06 1.68832e-08 -7.81753e-19 2.47748e-18 -2.19058e-06 -2.68889e-08 -9.82436e-19 5.32827e-19 -1.50668e-08 9.19275e-07
894 1.11 240 0 -3.94836e-19 5.65535e-20 2.62242e-06 5.46399e-09 -3.96919e-19 9.16132e-19 -1.11543e-06 -7.55844e-09 -1.47343e-19 3.70155e-19 -4.14265e-09 3.18221e-07
894 1.12 240 0 -1.75958e-19 6.75034e-21 2.39204e-06 3.13802e-09 -3.8705e-19 1.19139e-18 -7.33908e-07 -3.5542e-09 3.03308e-19 3.13886e-19 -1.86218e-09 1.04564e-07
894 1.13 240 0 9.34913e-20 -6.20902e-21 2.2746e-06 2.29444e-09 -3.62328e-19 1.43157e-18 -5.395e-07 -2.07972e-09 7.98629e-19 2.84275e-19 -1.01693e-09 -4.42753e-09
894 1.14 240 0 1.29543e-19 -3.31862e-20 2.20358e-06 1.89699e-09 -7.39297e-19 2.92518e-18 -4.22176e-07 -1.37541e-09 2.07274e-18 5.63845e-19 -6.11084e-10 -7.02036e-08
894 1.15 240 0 3.45103e-17 -1.45336e-17 2.15604e-06 1.6787e-09 1.16652e-17 6.11417e-17 -3.43964e-07 -9.8383e-10 9.15213e-17 -2.75643e-17 -3.84601e-10 -1.13992e-07
894 1.16 240 0 3.66911e-19 -1.64894e-20 2.12197e-06 1.54766e-09 5.46692e-19 -2.88586e-18 -2.88275e-07 -7.46259e-10 -2.45778e-18 -4.74322e-19 -2.47249e-10 -1.45077e-07
894 1.17 240 0 4.20843e-19 4.95596e-21 2.09632e-06 1.46038e-09 2.32349e-19 -1.64168e-18 -2.46708e-07 -5.86769e-10 -1.37964e-18 -1.91297e-19 -1.54684e-10 -1.68171e-07
894 1.18 240 0 4.69508e-19 -8.01086e-22 2.07625e-06 1.40102e-09 1.27305e-19 -1.36781e-18 -2.14572e-07 -4.77589e-10 -1.12041e-18 -1.09313e-19 -9.16422e-11 -1.85908e-07
894 1.19 240 0 4.80175e-19 1.42549e-21 2.06008e-06 1.35803e-09 8.01133e-20 -1.07596e-18 -1.89032e-07 -3.98226e-10 -8.48811e-19 -6.81592e-20 -4.59429e-11 -1.99886e-07
894 1.2 240 0 5.13977e-19 -1.62831e-21 2.04671e-06 1.32579e-09 5.19519e-20 -9.5857e-19 -1.68281e-07 -3.38637e-10 -7.24672e-19 -4.5446e-20 -1.17819e-11 -2.11124e-07
894 1.21 240 0 5.17325e-19 3.82817e-22 2.03543e-06 1.30141e-09 5.42651e-20 -8.59738e-19 -1.51113e-07 -2.93595e-10 -6.37002e-19 -4.58279e-20 1.3694e-11 -2.20305e-07
894 1.22 240 0 5.44272e-19 1.79565e-21 2.02574e-06 1.28167e-09 2.96864e-20 -8.48687e-19 -1.3669e-07 -2.57267e-10 -6.16258e-19 -2.62255e-20 3.42448e-11 -2.27905e-07
894 1.23 240 0 5.49552e-19 2.30577e-23 2.01729e-06 1.26644e-09 2.95347e-20 -6.91854e-19 -1.2442e-07 -2.29384e-10 -4.57184e-19 -2.62466e-20 4.95635e-11 -2.34261e-07
894 1.24 240 0 5.8039e-19 -5.76752e-22 2.00982e-06 1.25388e-09 2.36613e-20 -7.20593e-19 -1.13863e-07 -2.06562e-10 -4.68174e-19 -2.15005e-20 6.19555e-11 -2.39624e-07
894 1.25 240 0 5.80787e-19 1.84397e-22 2.00314e-06 1.24338e-09 1.77646e-20 -6.60474e-19 -1.04691e-07 -1.87653e-10 -4.04496e-19 -1.6234e-20 7.20817e-11 -2.44182e-07
894 1.26 240 0 5.93585e-19 1.39587e-23 1.99709e-06 1.23498e-09 1.32463e-20 -7.01833e-19 -9.66571e-08 -1.72656e-10 -4.29721e-19 -1.15823e-20 7.97585e-11 -2.48077e-07
894 1.27 240 0 5.95544e-19 -1.11786e-21 1.99158e-06 1.2278e-09 1.31688e-20 -6.65457e-19 -8.95656e-08 -1.59939e-10 -3.95653e-19 -1.19879e-20 8.61584e-11 -2.51421e-07
894 1.28 240 0 5.79754e-19 2.77586e-21 1.9865e-06 1.22203e-09 1.36779e-20 -6.02035e-19 -8.32649e-08 -1.49759e-10 -3.47622e-19 -1.08656e-20 9.09902e-11 -2.54303e-07
894 1.29 240 0 6.17064e-19 2.02773e-21 1.98179e-06 1.21789e-09 1.14355e-20 -6.1846e-19 -7.76342e-08 -1.42246e-10 -3.30319e-19 -9.54064e-21 9.41116e-11 -2.56791e-07
894 1.3 240 0 6.12325e-19 1.66573e-21 1.97739e-06 1.21554e-09 7.01468e-21 -6.04576e-19 -7.2576e-08 -1.37458e-10 -3.17161e-19 -5.29045e-21 9.54875e-11 -2.58944e-07
894 1.31 240 0 6.16124e-19 2.92301e-21 1.97326e-06 1.21438e-09 6.66714e-21 -5.80648e-19 -6.80108e-08 -1.34485e-10 -2.8593e-19 -4.90071e-21 9.58228e-11 -2.60806e-07
894 1.32 240 0 5.92288e-19 -9.9409e-22 1.96935e-06 1.20796e-09 5.34951e-21 -5.51167e-19 -6.38611e-08 -1.24716e-10 -2.72691e-19 -4.72199e-21 1.01367e-10 -2.62425e-07
894 1.33 240 0 6.54677e-19 -7.62376e-22 1.96564e-06 1.20216e-09 3.21386e-21 -6.20491e-19 -6.00808e-08 -1.16109e-10 -3.09136e-19 -3.32029e-21 1.06179e-10 -2.63827e-07
894 1.34 240 0 6.40913e-19 -9.69482e-23 1.96209e-06 1.19685e-09 5.40139e-21 -6.03789e-19 -5.66239e-08 -1.08471e-10 -2.95564e-19 -5.21369e-21 1.10384e-10 -2.65039e-07
894 1.35 240 0 6.19485e-19 -2.94812e-23 1.9587e-06 1.19197e-09 4.76446e-21 -5.46118e-19 -5.34519e-08 -1.01646e-10 -2.4638e-19 -4.44284e-21 1.1408e-10 -2.66083e-07
894 1.36 240 0 6.41826e-19 6.56794e-22 1.95543e-06 1.18744e-09 2.8033e-21 -5.50227e-19 -5.05319e-08 -9.55119e-11 -2.4102e-19 -2.57095e-21 1.17347e-10 -2.66979e-07
894 1.37 240 0 6.34362e-19 -8.65825e-23 1.95228e-06 1.18321e-09 3.11801e-21 -5.60127e-19 -4.7836e-08 -8.99666e-11 -2.50164e-19 -2.36587e-21 1.20249e-10 -2.67744e-07
894 1.38 240 0 6.39007e-19 -8.41643e-22 1.94923e-06 1.17924e-09 -4.20117e-23 -5.5208e-19 -4.53399e-08 -8.49284e-11 -2.35854e-19 -2.92241e-22 1.22838e-10 -2.68391e-07
894 1.39 240 0 6.58409e-19 -5.59148e-22 1.94627e-06 1.17548e-09 1.07676e-21 -5.74474e-19 -4.3023e-08 -8.03293e-11 -2.48807e-19 -1.3236e-21 1.25157e-10 -2.68933e-07
894 1.4 240 0 6.50799e-19 6.00998e-24 1.94339e-06 1.17192e-09 3.60034e-21 -5.34769e-19 -4.08671e-08 -7.61125e-11 -2.17235e-19 -3.5847e-21 1.27243e-10 -2.69381e-07
894 1.41 240 0 6.51686e-19 -3.08681e-22 1.94058e-06 1.16851e-09 1.90646e-22 -5.3907e-19 -3.88567e-08 -7.22302e-11 -2.13405e-19 3.84167e-22 1.29125e-10 -2.69744e-07
894 1.42 240 0 6.60752e-19 1.11812e-21 1.93783e-06 1.16525e-09 6.76592e-22 -5.52272e-19 -3.69778e-08 -6.86412e-11 -2.24245e-19 -4.62122e-22 1.3083e-10 -2.70031e-07
894 1.43 240 0 6.42819e-19 -1.18638e-21 1.93514e-06 1.16212e-09 -4.65829e-22 -5.27139e-19 -3.52184e-08 -6.53093e-11 -2.08531e-19 -5.361e-23 1.32382e-10 -2.70248e-07
894 1.44 240 0 6.81398e-19 -8.98732e-22 1.9325e-06 1.15909e-09 9.39131e-22 -5.62489e-19 -3.35678e-08 -6.22011e-11 -2.2406e-19 -1.44526e-21 1.33802e-10 -2.70403e-07
894 1.45 240 0 6.35407e-19 3.80632e-23 1.92991e-06 1.15618e-09 2.19513e-22 -5.03442e-19 -3.20165e-08 -5.92872e-11 -1.82615e-19 -1.92797e-22 1.3511e-10 -2.705e-07
