894 0 460 0 0 0 0 0 6.21519e-08 4.49071e-08 1.24499e-08 1.91022e-08 -4.97435e-08 -4.95498e-08 0 0
894 0.01 460 0 -7.35414e-10 -4.82052e-10 -1.4865e-10 -1.09717e-10 6.21543e-08 4.48727e-08 1.24542e-08 1.90933e-08 -4.97547e-08 -4.95216e-08 6.99023e-11 6.26341e-11
894 0.02 460 0 -1.47134e-09 -9.61727e-10 -2.97438e-10 -2.18827e-10 6.21614e-08 4.47696e-08 1.24671e-08 1.90667e-08 -4.97882e-08 -4.94369e-08 1.39871e-10 1.25128e-10
894 0.03 460 0 -2.20828e-09 -1.43665e-09 -4.46501e-10 -3.26721e-10 6.21729e-08 4.4598e-08 1.24885e-08 1.90223e-08 -4.98438e-08 -4.92958e-08 2.09972e-10 1.87342e-10
894 0.04 460 0 -2.94672e-09 -1.90443e-09 -5.95967e-10 -4.3279e-10 6.21883e-08 4.43578e-08 1.25181e-08 1.896e-08 -4.9921e-08 -4.9098e-08 2.80273e-10 2.49133e-10
894 0.05 460 0 -3.68709e-09 -2.36269e-09 -7.45952e-10 -5.36426e-10 6.22068e-08 4.40493e-08 1.2556e-08 1.888e-08 -5.00193e-08 -4.88435e-08 3.50835e-10 3.10363e-10
894 0.06 460 0 -4.42978e-09 -2.80907e-09 -8.96562e-10 -6.37024e-10 6.22277e-08 4.36728e-08 1.26017e-08 1.8782e-08 -5.01377e-08 -4.85322e-08 4.21723e-10 3.70887e-10
894 0.07 460 0 -5.17514e-09 -3.24116e-09 -1.04788e-09 -7.33971e-10 6.22497e-08 4.32287e-08 1.26549e-08 1.86661e-08 -5.02753e-08 -4.8164e-08 4.92999e-10 4.30561e-10
894 0.08 460 0 -5.9234e-09 -3.65659e-09 -1.19998e-09 -8.26659e-10 6.22716e-08 4.27174e-08 1.27154e-08 1.85321e-08 -5.0431e-08 -4.77386e-08 5.64721e-10 4.89244e-10
894 0.09 460 0 -6.67476e-09 -4.05297e-09 -1.35289e-09 -9.14482e-10 6.22919e-08 4.21392e-08 1.27826e-08 1.83801e-08 -5.06035e-08 -4.72559e-08 6.36946e-10 5.46788e-10
894 0.1 460 0 -7.42926e-09 -4.42795e-09 -1.50662e-09 -9.96833e-10 6.23089e-08 4.1495e-08 1.2856e-08 1.821e-08 -5.07911e-08 -4.67158e-08 7.09725e-10 6.03047e-10
894 0.11 460 0 -8.18691e-09 -4.77913e-09 -1.66117e-09 -1.07311e-09 6.23207e-08 4.07854e-08 1.29351e-08 1.80217e-08 -5.09923e-08 -4.6118e-08 7.83111e-10 6.5787e-10
894 0.12 460 0 -8.94753e-09 -5.10416e-09 -1.81646e-09 -1.1427e-09 6.23254e-08 4.00111e-08 1.30193e-08 1.78152e-08 -5.12051e-08 -4.54625e-08 8.57146e-10 7.11107e-10
894 0.13 460 0 -9.71083e-09 -5.40071e-09 -1.97242e-09 -1.20503e-09 6.23207e-08 3.91731e-08 1.31079e-08 1.75903e-08 -5.14275e-08 -4.47491e-08 9.31878e-10 7.62605e-10
894 0.14 460 0 -1.04763e-08 -5.66644e-09 -2.12889e-09 -1.2595e-09 6.23043e-08 3.82725e-08 1.32002e-08 1.73472e-08 -5.16572e-08 -4.39778e-08 1.00734e-09 8.12214e-10
894 0.15 460 0 -1.12436e-08 -5.89907e-09 -2.28572e-09 -1.30553e-09 6.22737e-08 3.73105e-08 1.32954e-08 1.70857e-08 -5.18919e-08 -4.31486e-08 1.08356e-09 8.59766e-10
894 0.16 460 0 -1.20117e-08 -6.09631e-09 -2.44268e-09 -1.34255e-09 6.22263e-08 3.62885e-08 1.33926e-08 1.6806e-08 -5.21289e-08 -4.22614e-08 1.16057e-09 9.05108e-10
894 0.17 460 0 -1.27798e-08 -6.25601e-09 -2.59946e-09 -1.37003e-09 6.21592e-08 3.52079e-08 1.3491e-08 1.65079e-08 -5.23656e-08 -4.13166e-08 1.23838e-09 9.48078e-10
894 0.18 460 0 -1.35467e-08 -6.37596e-09 -2.75576e-09 -1.3874e-09 6.20697e-08 3.40707e-08 1.35895e-08 1.61917e-08 -5.25989e-08 -4.03144e-08 1.31701e-09 9.88513e-10
894 0.19 460 0 -1.43112e-08 -6.45412e-09 -2.91118e-09 -1.39419e-09 6.19547e-08 3.28786e-08 1.36872e-08 1.58573e-08 -5.28257e-08 -3.92549e-08 1.39647e-09 1.02624e-09
894 0.2 460 0 -1.50717e-08 -6.48848e-09 -3.06528e-09 -1.38989e-09 6.18112e-08 3.16339e-08 1.37831e-08 1.55051e-08 -5.3043e-08 -3.8139e-08 1.47674e-09 1.0611e-09
894 0.21 460 0 -1.58265e-08 -6.4771e-09 -3.21756e-09 -1.37405e-09 6.16361e-08 3.03389e-08 1.38759e-08 1.51351e-08 -5.32471e-08 -3.69671e-08 1.55782e-09 1.09291e-09
894 0.22 460 0 -1.65736e-08 -6.4183e-09 -3.36745e-09 -1.34627e-09 6.14264e-08 2.89962e-08 1.39646e-08 1.47477e-08 -5.34347e-08 -3.57401e-08 1.63968e-09 1.1215e-09
894 0.23 460 0 -1.73111e-08 -6.31031e-09 -3.51435e-09 -1.30616e-09 6.11787e-08 2.76087e-08 1.4048e-08 1.43431e-08 -5.36021e-08 -3.4459e-08 1.72229e-09 1.14669e-09
894 0.24 460 0 -1.80363e-08 -6.15174e-09 -3.65755e-09 -1.25342e-09 6.08901e-08 2.61795e-08 1.41247e-08 1.39217e-08 -5.37455e-08 -3.31251e-08 1.80561e-09 1.16831e-09
894 0.25 460 0 -1.87467e-08 -5.94124e-09 -3.79628e-09 -1.18775e-09 6.05573e-08 2.4712e-08 1.41937e-08 1.34841e-08 -5.3861e-08 -3.17398e-08 1.88957e-09 1.18618e-09
894 0.26 460 0 -1.94395e-08 -5.67766e-09 -3.92978e-09 -1.10896e-09 6.01775e-08 2.321e-08 1.42535e-08 1.30309e-08 -5.39447e-08 -3.03049e-08 1.97411e-09 1.20011e-09
894 0.27 460 0 -2.01117e-08 -5.36019e-09 -4.05717e-09 -1.01692e-09 5.97476e-08 2.16773e-08 1.43028e-08 1.25625e-08 -5.39926e-08 -2.88224e-08 2.05915e-09 1.20993e-09
894 0.28 460 0 -2.076e-08 -4.98813e-09 -4.17755e-09 -9.11569e-10 5.92648e-08 2.01183e-08 1.43404e-08 1.20799e-08 -5.40007e-08 -2.72944e-08 2.14458e-09 1.21546e-09
894 0.29 460 0 -2.13811e-08 -4.5611e-09 -4.28994e-09 -7.92918e-10 5.87267e-08 1.85375e-08 1.43649e-08 1.15838e-08 -5.39649e-08 -2.57237e-08 2.23028e-09 1.2165e-09
894 0.3 460 0 -2.19712e-08 -4.07912e-09 -4.39331e-09 -6.6111e-10 5.81307e-08 1.69396e-08 1.4375e-08 1.10752e-08 -5.38811e-08 -2.41131e-08 2.31613e-09 1.21289e-09
894 0.31 460 0 -2.25264e-08 -3.54134e-09 -4.48665e-09 -5.15969e-10 5.74744e-08 1.53302e-08 1.43694e-08 1.05551e-08 -5.37451e-08 -2.24659e-08 2.40193e-09 1.20443e-09
894 0.32 460 0 -2.3038e-08 -2.95033e-09 -4.56787e-09 -3.57196e-10 5.67543e-08 1.37129e-08 1.43461e-08 1.00242e-08 -5.35501e-08 -2.07843e-08 2.48623e-09 1.19153e-09
894 0.33 460 0 -2.35059e-08 -2.30608e-09 -4.63642e-09 -1.86045e-10 5.59709e-08 1.20952e-08 1.43046e-08 9.4844e-09 -5.3295e-08 -1.9074e-08 2.57016e-09 1.17365e-09
894 0.34 460 0 -2.39286e-08 -1.61038e-09 -4.6918e-09 -3.8167e-12 5.5124e-08 1.04832e-08 1.42439e-08 8.93739e-09 -5.29781e-08 -1.73398e-08 2.65408e-09 1.15034e-09
894 0.35 460 0 -2.43008e-08 -8.65095e-10 -4.73266e-09 1.89112e-10 5.42122e-08 8.88266e-09 1.41629e-08 8.38455e-09 -5.2595e-08 -1.5586e-08 2.73741e-09 1.12157e-09
894 0.36 460 0 -2.46174e-08 -7.23541e-11 -4.75769e-09 3.92103e-10 5.3235e-08 7.29974e-09 1.40605e-08 7.82747e-09 -5.2142e-08 -1.38176e-08 2.81977e-09 1.08725e-09
894 0.37 460 0 -2.48742e-08 7.65067e-10 -4.76582e-09 6.04172e-10 5.21927e-08 5.74091e-09 1.39356e-08 7.26797e-09 -5.16163e-08 -1.20399e-08 2.90089e-09 1.04726e-09
894 0.38 460 0 -2.50679e-08 1.64355e-09 -4.75623e-09 8.23904e-10 5.10862e-08 4.21249e-09 1.37877e-08 6.70801e-09 -5.1016e-08 -1.02587e-08 2.98061e-09 1.00136e-09
894 0.39 460 0 -2.51937e-08 2.55951e-09 -4.72767e-09 1.05025e-09 4.99166e-08 2.72116e-09 1.3616e-08 6.14957e-09 -5.03382e-08 -8.48022e-09 3.0585e-09 9.49557e-10
894 0.4 460 0 -2.52452e-08 3.50603e-09 -4.67847e-09 1.28141e-09 4.86853e-08 1.26858e-09 1.34198e-08 5.59486e-09 -4.95826e-08 -6.70781e-09 3.13396e-09 8.91602e-10
894 0.41 460 0 -2.5221e-08 4.47908e-09 -4.60861e-09 1.51629e-09 4.73942e-08 -1.36382e-10 1.3199e-08 5.0458e-09 -4.87476e-08 -4.95136e-09 3.20681e-09 8.27819e-10
894 0.42 460 0 -2.51193e-08 5.47586e-09 -4.51761e-09 1.75299e-09 4.60475e-08 -1.48285e-09 1.29537e-08 4.50495e-09 -4.78311e-08 -3.21913e-09 3.27688e-09 7.57978e-10
894 0.43 460 0 -2.49363e-08 6.4894e-09 -4.40476e-09 1.98965e-09 4.46489e-08 -2.76668e-09 1.26839e-08 3.97466e-09 -4.68337e-08 -1.51741e-09 3.34381e-09 6.81991e-10
894 0.44 460 0 -2.46698e-08 7.51467e-09 -4.2695e-09 2.2242e-09 4.32032e-08 -3.98007e-09 1.23896e-08 3.45742e-09 -4.57551e-08 1.46506e-10 3.40705e-09 5.99888e-10
894 0.45 460 0 -2.43171e-08 8.54504e-09 -4.11162e-09 2.45487e-09 4.1715e-08 -5.11863e-09 1.20714e-08 2.95558e-09 -4.45969e-08 1.76553e-09 3.46612e-09 5.11655e-10
894 0.46 460 0 -2.38768e-08 9.57098e-09 -3.93102e-09 2.67885e-09 4.01904e-08 -6.17836e-09 1.17302e-08 2.47167e-09 -4.33614e-08 3.33205e-09 3.52076e-09 4.175e-10
894 0.47 460 0 -2.3348e-08 1.05861e-08 -3.72797e-09 2.89416e-09 3.86357e-08 -7.15404e-09 1.13671e-08 2.00804e-09 -4.2051e-08 4.83869e-09 3.57048e-09 3.17371e-10
894 0.48 460 0 -2.27305e-08 1.15827e-08 -3.50286e-09 3.09846e-09 3.70578e-08 -8.04155e-09 1.09832e-08 1.5671e-09 -4.06691e-08 6.27803e-09 3.61481e-09 2.11418e-10
894 0.49 460 0 -2.20249e-08 1.2553e-08 -3.25606e-09 3.28921e-09 3.54645e-08 -8.83662e-09 1.05799e-08 1.15123e-09 -3.92194e-08 7.643e-09 3.65302e-09 9.99804e-11
894 0.5 460 0 -2.12335e-08 1.34877e-08 -2.98859e-09 3.46335e-09 3.38628e-08 -9.53886e-09 1.01592e-08 7.62765e-10 -3.7708e-08 8.92668e-09 3.68437e-09 -1.65112e-11
894 0.51 460 0 -2.0356e-08 1.43795e-08 -2.70187e-09 3.61993e-09 3.22627e-08 -1.01437e-08 9.72325e-09 4.03363e-10 -3.61389e-08 1.01222e-08 3.70921e-09 -1.38395e-10
894 0.52 460 0 -1.93968e-08 1.52194e-08 -2.39726e-09 3.75581e-09 3.06723e-08 -1.06517e-08 9.27441e-09 7.51268e-11 -3.45193e-08 1.12236e-08 3.72662e-09 -2.65026e-10
894 0.53 460 0 -1.83597e-08 1.59985e-08 -2.07694e-09 3.86896e-09 2.91003e-08 -1.10637e-08 8.81564e-09 -2.20412e-10 -3.28569e-08 1.22249e-08 3.73639e-09 -3.96322e-10
894 0.54 460 0 -1.72498e-08 1.67095e-08 -1.74136e-09 3.95588e-09 2.7556e-08 -1.13793e-08 8.34856e-09 -4.81081e-10 -3.11589e-08 1.31215e-08 3.73678e-09 -5.30517e-10
894 0.55 460 0 -1.60707e-08 1.73446e-08 -1.3948e-09 4.01721e-09 2.60501e-08 -1.1601e-08 7.87789e-09 -7.06888e-10 -2.94338e-08 1.39082e-08 3.72917e-09 -6.69197e-10
894 0.56 460 0 -1.48326e-08 1.78952e-08 -1.03933e-09 4.04901e-09 2.45896e-08 -1.17325e-08 7.40587e-09 -8.96316e-10 -2.76909e-08 1.45828e-08 3.71193e-09 -8.10414e-10
894 0.57 460 0 -1.35422e-08 1.8355e-08 -6.76987e-10 4.04919e-09 2.31838e-08 -1.17784e-08 6.93572e-09 -1.04835e-09 -2.59403e-08 1.51419e-08 3.68432e-09 -9.52968e-10
894 0.58 460 0 -1.22073e-08 1.87166e-08 -3.13012e-10 4.01881e-09 2.1842e-08 -1.17446e-08 6.47247e-09 -1.16421e-09 -2.41917e-08 1.55837e-08 3.64744e-09 -1.09836e-09
894 0.59 460 0 -1.08378e-08 1.89761e-08 5.16199e-11 3.95425e-09 2.05717e-08 -1.16365e-08 6.01794e-09 -1.24255e-09 -2.24556e-08 1.59079e-08 3.59916e-09 -1.24315e-09
894 0.6 460 0 -9.44411e-09 1.91274e-08 4.11499e-10 3.85651e-09 1.93805e-08 -1.14633e-08 5.57732e-09 -1.28509e-09 -2.07433e-08 1.61146e-08 3.54041e-09 -1.38837e-09
894 0.61 460 0 -8.03626e-09 1.91671e-08 7.63129e-10 3.72596e-09 1.82757e-08 -1.12324e-08 5.15391e-09 -1.29324e-09 -1.90645e-08 1.62056e-08 3.4708e-09 -1.53314e-09
894 0.62 460 0 -6.6267e-09 1.90923e-08 1.10312e-09 3.56087e-09 1.72628e-08 -1.09554e-08 4.7515e-09 -1.26754e-09 -1.74319e-08 1.61835e-08 3.38983e-09 -1.67563e-09
894 0.63 460 0 -5.22598e-09 1.8902e-08 1.42748e-09 3.36316e-09 1.63475e-08 -1.06421e-08 4.37368e-09 -1.21069e-09 -1.58554e-08 1.60524e-08 3.29747e-09 -1.8153e-09
894 0.64 460 0 -3.84998e-09 1.85959e-08 1.73148e-09 3.1331e-09 1.55306e-08 -1.03039e-08 4.02366e-09 -1.12486e-09 -1.43456e-08 1.58182e-08 3.1937e-09 -1.95063e-09
894 0.65 460 0 -2.51101e-09 1.8175e-08 2.01038e-09 2.87354e-09 1.48145e-08 -9.95388e-09 3.70561e-09 -1.01379e-09 -1.29132e-08 1.54871e-08 3.07892e-09 -2.08169e-09
894 0.66 460 0 -1.22161e-09 1.76427e-08 2.26133e-09 2.58471e-09 1.42008e-08 -9.60502e-09 3.42192e-09 -8.79683e-10 -1.15685e-08 1.50673e-08 2.95291e-09 -2.20583e-09
894 0.67 460 0 5.43839e-12 1.70022e-08 2.47935e-09 2.27224e-09 1.36885e-08 -9.26982e-09 3.17592e-09 -7.28345e-10 -1.03196e-08 1.45673e-08 2.81643e-09 -2.32402e-09
894 0.68 460 0 1.15581e-09 1.62609e-08 2.66143e-09 1.93669e-09 1.32739e-08 -8.9626e-09 2.96947e-09 -5.62444e-10 -9.176e-09 1.39984e-08 2.66953e-09 -2.4331e-09
894 0.69 460 0 2.21749e-09 1.54243e-08 2.80302e-09 1.58517e-09 1.2953e-08 -8.69644e-09 2.80539e-09 -3.88963e-10 -8.14445e-09 1.3371e-08 2.51304e-09 -2.53469e-09
894 0.7 460 0 3.17972e-09 1.45034e-08 2.90307e-09 1.21834e-09 1.27215e-08 -8.4862e-09 2.68392e-09 -2.10682e-10 -7.23219e-09 1.26993e-08 2.34728e-09 -2.62437e-09
894 0.71 460 0 4.02623e-09 1.35094e-08 2.95616e-09 8.438e-10 1.25659e-08 -8.34234e-09 2.60699e-09 -3.47509e-11 -6.444e-09 1.19962e-08 2.1733e-09 -2.70357e-09
894 0.72 460 0 4.74827e-09 1.24549e-08 2.96109e-09 4.66559e-10 1.24779e-08 -8.27763e-09 2.57443e-09 1.33268e-10 -5.78369e-09 1.12768e-08 1.99189e-09 -2.77056e-09
894 0.73 460 0 5.33596e-09 1.13543e-08 2.9161e-09 9.26062e-11 1.24458e-08 -8.30355e-09 2.58596e-09 2.8724e-10 -5.25409e-09 1.05566e-08 1.80408e-09 -2.82446e-09
894 0.74 460 0 5.78015e-09 1.0226e-08 2.81989e-09 -2.72462e-10 1.24541e-08 -8.42981e-09 2.64043e-09 4.21561e-10 -4.85597e-09 9.85338e-09 1.61122e-09 -2.86373e-09
894 0.75 460 0 6.0742e-09 9.08501e-09 2.67222e-09 -6.19253e-10 1.24879e-08 -8.66439e-09 2.73599e-09 5.2803e-10 -4.58857e-09 9.18244e-09 1.41424e-09 -2.88884e-09
894 0.76 460 0 6.21589e-09 7.95481e-09 2.4756e-09 -9.38406e-10 1.25298e-08 -9.01927e-09 2.8686e-09 5.98309e-10 -4.44872e-09 8.56654e-09 1.21468e-09 -2.89803e-09
894 0.77 460 0 6.19776e-09 6.86232e-09 2.2292e-09 -1.22419e-09 1.2558e-08 -9.49333e-09 3.03591e-09 6.27861e-10 -4.43235e-09 8.02532e-09 1.01459e-09 -2.89108e-09
894 0.78 460 0 6.02038e-09 5.8255e-09 1.93653e-09 -1.46632e-09 1.2553e-08 -1.00922e-08 3.23308e-09 6.07621e-10 -4.53289e-09 7.57633e-09 8.14605e-10 -2.86902e-09
894 0.79 460 0 5.6871e-09 4.87423e-09 1.60136e-09 -1.65739e-09 1.24909e-08 -1.0817e-08 3.4542e-09 5.31533e-10 -4.73975e-09 7.24349e-09 6.16709e-10 -2.8308e-09
894 0.8 460 0 5.20245e-09 4.03438e-09 1.22812e-09 -1.78973e-09 1.2348e-08 -1.16646e-08 3.69282e-09 3.93616e-10 -5.04102e-09 7.04724e-09 4.22634e-10 -2.77636e-09
894 0.81 460 0 4.57706e-09 3.33467e-09 8.2347e-10 -1.85533e-09 1.20967e-08 -1.26338e-08 3.94052e-09 1.87273e-10 -5.41966e-09 7.01183e-09 2.34162e-10 -2.70584e-09
894 0.82 460 0 3.82302e-09 2.81152e-09 3.94403e-10 -1.84267e-09 1.17126e-08 -1.3706e-08 4.18856e-09 -9.43668e-11 -5.85712e-09 7.15953e-09 5.29484e-11 -2.61968e-09
894 0.83 460 0 2.95996e-09 2.49675e-09 -4.96298e-11 -1.74419e-09 1.1167e-08 -1.48717e-08 4.42615e-09 -4.56965e-10 -6.32881e-09 7.51564e-09 -1.19235e-10 -2.51861e-09
894 0.84 460 0 2.01405e-09 2.42747e-09 -4.97262e-10 -1.54985e-09 1.04312e-08 -1.61123e-08 4.64084e-09 -9.07089e-10 -6.80448e-09 8.10653e-09 -2.80527e-10 -2.40332e-09
894 0.85 460 0 1.01641e-09 2.64161e-09 -9.37164e-10 -1.25109e-09 9.47672e-09 -1.74036e-08 4.82021e-09 -1.44989e-09 -7.24948e-09 8.95883e-09 -4.28445e-10 -2.2744e-09
894 0.86 460 0 8.94658e-12 3.17927e-09 -1.35411e-09 -8.3829e-10 8.26983e-09 -1.87189e-08 4.94799e-09 -2.09173e-09 -7.61831e-09 1.01024e-08 -5.6109e-10 -2.13351e-09
894 0.87 460 0 -9.55324e-10 4.0914e-09 -1.7311e-09 -2.98226e-10 6.78992e-09 -2.00142e-08 5.0076e-09 -2.83998e-09 -7.85965e-09 1.15695e-08 -6.76441e-10 -1.98279e-09
894 0.88 460 0 -1.80685e-09 5.42776e-09 -2.04865e-09 3.817e-10 5.00515e-09 -2.12472e-08 4.97903e-09 -3.70325e-09 -7.90335e-09 1.33976e-08 -7.71213e-10 -1.82444e-09
894 0.89 460 0 -2.51177e-09 7.21524e-09 -2.22839e-09 1.21312e-09 2.89241e-09 -2.23695e-08 4.79048e-09 -4.68588e-09 -7.70612e-09 1.56029e-08 -8.607e-10 -1.66919e-09
894 0.9 460 0 -2.92527e-09 9.58486e-09 -2.31187e-09 2.2109e-09 4.21175e-10 -2.33133e-08 4.47385e-09 -5.80358e-09 -7.13405e-09 1.82855e-08 -9.36281e-10 -1.50406e-09
894 0.91 460 0 -2.8491e-09 1.26644e-08 -2.23613e-09 3.42676e-09 -2.44454e-09 -2.39707e-08 3.9689e-09 -7.09795e-09 -5.99673e-09 2.15532e-08 -9.9258e-10 -1.33535e-09
894 0.92 460 0 -1.85745e-09 1.6571e-08 -1.81223e-09 4.89348e-09 -5.74424e-09 -2.42521e-08 3.09996e-09 -8.59043e-09 -3.89538e-09 2.54996e-08 -1.03249e-09 -1.16516e-09
894 0.93 460 0 5.04173e-10 2.13712e-08 -9.18251e-10 6.62371e-09 -9.50182e-09 -2.39884e-08 1.74109e-09 -1.02897e-08 -3.76228e-10 3.01692e-08 -1.05775e-09 -9.93589e-10
894 0.94 460 0 5.13526e-09 2.70694e-08 7.32102e-10 8.61348e-09 -1.37492e-08 -2.29302e-08 -3.93034e-10 -1.2181e-08 5.44498e-09 3.55332e-08 -1.06911e-09 -8.19354e-10
894 0.95 460 0 1.36652e-08 3.32688e-08 3.6597e-09 1.07298e-08 -1.84822e-08 -2.06381e-08 -3.82416e-09 -1.41117e-08 1.51782e-08 4.11421e-08 -1.06583e-09 -6.38364e-10
894 0.96 460 0 2.9021e-08 3.80292e-08 8.804e-09 1.23424e-08 -2.34777e-08 -1.62893e-08 -9.48976e-09 -1.54116e-08 3.17058e-08 4.49633e-08 -1.04134e-09 -4.41877e-10
894 0.97 460 0 5.48625e-08 3.38541e-08 1.73417e-08 1.10259e-08 -2.74565e-08 -8.38756e-09 -1.85307e-08 -1.35605e-08 5.85376e-08 3.93196e-08 -9.68129e-10 -2.20502e-10
894 0.98 460 0 8.28047e-08 8.70648e-10 2.65599e-08 3.51188e-10 -2.55344e-08 3.39601e-09 -2.80008e-08 -2.00583e-09 8.67229e-08 4.21905e-09 -7.79325e-10 -1.4974e-11
894 0.99 460 0 6.42546e-08 -5.51619e-08 2.07391e-08 -1.78447e-08 -1.37265e-08 9.2833e-09 -2.17449e-08 1.70498e-08 6.69882e-08 -5.36366e-08 -5.27668e-10 1.588e-12
894 1 460 0 1.97794e-10 -7.07653e-08 6.58186e-11 -2.32096e-08 1.20662e-09 4.59706e-11 -6.8012e-11 2.31959e-08 2.02188e-10 -7.18915e-08 -6.07678e-10 3.16902e-13
894 1.01 460 0 5.07161e-11 -3.05616e-08 1.71581e-11 -1.01216e-08 -8.39455e-09 -1.94012e-11 -1.57277e-11 9.16198e-09 4.37296e-11 -2.84362e-08 -3.74048e-10 7.80952e-13
894 1.02 460 0 3.67297e-11 -2.27881e-08 1.24688e-11 -7.64189e-09 -8.26101e-09 -1.82244e-11 -1.09653e-11 6.61936e-09 2.98829e-11 -2.0362e-08 -3.00215e-10 6.75998e-13
894 1.03 460 0 3.00099e-11 -1.86599e-08 1.02094e-11 -6.32991e-09 -7.90933e-09 -1.70452e-11 -8.68065e-12 5.29895e-09 2.32807e-11 -1.61058e-08 -2.40144e-10 6.26535e-13
894 1.04 460 0 2.58685e-11 -1.60819e-08 8.81151e-12 -5.51185e-09 -7.5613e-09 -1.59482e-11 -7.28837e-12 4.49042e-09 1.92885e-11 -1.34623e-08 -1.89019e-10 5.93007e-13
894 1.05 460 0 2.26694e-11 -1.43335e-08 7.7203e-12 -4.95708e-09 -7.25876e-09 -1.47181e-11 -6.24821e-12 3.95151e-09 1.63635e-11 -1.16748e-08 -1.44418e-10 5.53947e-13
894 1.06 460 0 2.07588e-11 -1.30907e-08 7.07401e-12 -4.56229e-09 -7.00927e-09 -1.40008e-11 -5.61511e-12 3.57397e-09 1.4559e-11 -1.04032e-08 -1.04814e-10 5.39521e-13
894 1.07 460 0 1.93376e-11 -1.21829e-08 6.5939e-12 -4.27338e-09 -6.81077e-09 -1.34076e-11 -5.14829e-12 3.3014e-09 1.32274e-11 -9.46871e-09 -6.90937e-11 5.29758e-13
894 1.08 460 0 1.80044e-11 -1.1512e-08 6.13679e-12 -4.05936e-09 -6.65943e-09 -1.27193e-11 -4.72907e-12 3.10161e-09 1.20623e-11 -8.76877e-09 -3.64122e-11 5.12189e-13
894 1.09 460 0 1.73183e-11 -1.1019e-08 5.9076e-12 -3.90166e-09 -6.55254e-09 -1.24166e-11 -4.49869e-12 2.95522e-09 1.13883e-11 -8.24085e-09 -6.11072e-12 5.13977e-13
894 1.1 460 0 1.68326e-11 -1.06657e-08 5.74598e-12 -3.78831e-09 -6.48744e-09 -1.22072e-11 -4.33057e-12 2.84982e-09 1.08872e-11 -7.84439e-09 2.23808e-11 5.18255e-13
894 1.11 460 0 1.62981e-11 -1.04273e-08 5.56289e-12 -3.7117e-09 -6.46269e-09 -1.19099e-11 -4.1588e-12 2.7774e-09 1.03973e-11 -7.55277e-09 4.95669e-11 5.15678e-13
894 1.12 460 0 1.62392e-11 -1.0289e-08 5.54761e-12 -3.66729e-09 -6.47862e-09 -1.19386e-11 -4.11677e-12 2.73298e-09 1.02329e-11 -7.34882e-09 7.59023e-11 5.30088e-13
894 1.13 460 0 1.63699e-11 -1.02418e-08 5.59771e-12 -3.65241e-09 -6.53632e-09 -1.20856e-11 -4.12827e-12 2.71344e-09 1.02065e-11 -7.2212e-09 1.01847e-10 5.50083e-13
894 1.14 460 0 1.6439e-11 -1.02817e-08 5.62189e-12 -3.66605e-09 -6.63833e-09 -1.21674e-11 -4.12622e-12 2.71723e-09 1.01591e-11 -7.16329e-09 1.27871e-10 5.64138e-13
894 1.15 460 0 1.69961e-11 -1.04104e-08 5.8178e-12 -3.70898e-09 -6.78971e-09 -1.26011e-11 -4.25149e-12 2.7443e-09 1.04228e-11 -7.17296e-09 1.54493e-10 5.97528e-13
894 1.16 460 0 1.77955e-11 -1.06335e-08 6.0964e-12 -3.78332e-09 -6.9973e-09 -1.32061e-11 -4.4388e-12 2.79578e-09 1.08414e-11 -7.25133e-09 1.82315e-10 6.39135e-13
894 1.17 460 0 1.86745e-11 -1.09625e-08 6.39928e-12 -3.89311e-09 -7.27125e-09 -1.38553e-11 -4.64765e-12 2.87432e-09 1.13188e-11 -7.40367e-09 2.12085e-10 6.81941e-13
894 1.18 460 0 2.02145e-11 -1.14167e-08 6.93172e-12 -4.04505e-09 -7.62685e-09 -1.49883e-11 -5.02287e-12 2.98458e-09 1.22004e-11 -7.64056e-09 2.44759e-10 7.51022e-13
894 1.19 460 0 2.20308e-11 -1.20251e-08 7.55592e-12 -4.24911e-09 -8.08574e-09 -1.63124e-11 -5.46747e-12 3.13371e-09 1.32555e-11 -7.97887e-09 2.81645e-10 8.2923e-13
894 1.2 460 0 2.49765e-11 -1.28338e-08 8.57032e-12 -4.52099e-09 -8.68126e-09 -1.84571e-11 -6.19466e-12 3.3331e-09 1.49973e-11 -8.44626e-09 3.24611e-10 9.52532e-13
894 1.21 460 0 2.87316e-11 -1.39138e-08 9.85866e-12 -4.88497e-09 -9.46418e-09 -2.11798e-11 -7.12301e-12 3.6005e-09 1.72329e-11 -9.08619e-09 3.76466e-10 1.10564e-12
894 1.22 460 0 3.4849e-11 -1.53835e-08 1.19585e-11 -5.38131e-09 -1.05183e-08 -2.56092e-11 -8.63956e-12 3.96541e-09 2.09028e-11 -9.97156e-09 4.41707e-10 1.35171e-12
894 1.23 460 0 4.44016e-11 -1.7448e-08 1.52334e-11 -6.07988e-09 -1.19886e-08 -3.25058e-11 -1.10111e-11 4.47912e-09 2.66633e-11 -1.12294e-08 5.28067e-10 1.73071e-12
894 1.24 460 0 5.99094e-11 -2.04978e-08 2.05412e-11 -7.11347e-09 -1.41498e-08 -4.36579e-11 -1.48671e-11 5.2392e-09 3.60631e-11 -1.31018e-08 6.50124e-10 2.33831e-12
894 1.25 460 0 9.08273e-11 -2.53767e-08 3.11164e-11 -8.76914e-09 -1.7596e-08 -6.58274e-11 -2.25627e-11 6.4566e-09 5.48821e-11 -1.61129e-08 8.39229e-10 3.53906e-12
894 1.26 460 0 1.62182e-10 -3.42933e-08 5.54925e-11 -1.17981e-08 -2.38807e-08 -1.16765e-10 -4.03521e-11 8.68345e-09 9.85312e-11 -2.16345e-08 1.17735e-09 6.28385e-12
894 1.27 460 0 4.19661e-10 -5.54722e-08 1.43357e-10 -1.89975e-08 -3.8789e-08 -2.99725e-10 -1.04638e-10 1.39758e-08 2.56827e-10 -3.47767e-08 1.96941e-09 1.60983e-11
894 1.28 460 0 3.72373e-09 -1.66994e-07 1.26931e-09 -5.69231e-08 -1.1724e-07 -2.63353e-09 -9.31263e-10 4.18527e-08 2.30079e-09 -1.04054e-07 6.10926e-09 1.40689e-10
894 1.29 460 0 2.70503e-09 1.4304e-07 9.19701e-10 4.85281e-08 1.00817e-07 -1.89008e-09 -6.79471e-10 -3.56588e-08 1.69201e-09 8.85939e-08 -5.37925e-09 1.00183e-10
894 1.3 460 0 2.95974e-10 4.77996e-08 1.00302e-10 1.61381e-08 3.38188e-08 -2.03707e-10 -7.47748e-11 -1.18494e-08 1.8805e-10 2.94323e-08 -1.8418e-09 1.06618e-11
894 1.31 460 0 9.89102e-11 2.79022e-08 3.33892e-11 9.37421e-09 1.9815e-08 -6.67916e-11 -2.51895e-11 -6.87711e-09 6.40972e-11 1.70818e-08 -1.099e-09 3.43865e-12
894 1.32 460 0 4.71185e-11 1.93129e-08 1.58318e-11 6.45638e-09 1.37656e-08 -3.10568e-11 -1.21326e-11 -4.73198e-09 3.12981e-11 1.17565e-08 -7.759e-10 1.56528e-12
894 1.33 460 0 2.63228e-11 1.45409e-08 8.79631e-12 4.83684e-09 1.04017e-08 -1.6815e-11 -6.88022e-12 -3.54121e-09 1.80337e-11 8.80223e-09 -5.94699e-10 8.2597e-13
894 1.34 460 0 1.64621e-11 1.15135e-08 5.46645e-12 3.81057e-09 8.26524e-09 -1.00935e-11 -4.39205e-12 -2.78656e-09 1.17195e-11 6.93119e-09 -4.78498e-10 4.80848e-13
894 1.35 460 0 1.09398e-11 9.42795e-09 3.60638e-12 3.1046e-09 6.79173e-09 -6.35069e-12 -2.99969e-12 -2.26739e-09 8.16673e-12 5.64481e-09 -3.97519e-10 2.91917e-13
894 1.36 460 0 7.65592e-12 7.9081e-09 2.50303e-12 2.59096e-09 5.71646e-09 -4.12501e-12 -2.17721e-12 -1.88964e-09 6.05855e-12 4.70934e-09 -3.37782e-10 1.82156e-13
894 1.37 460 0 5.63399e-12 6.75424e-09 1.82504e-12 2.20171e-09 4.89894e-09 -2.73385e-12 -1.68152e-12 -1.60337e-09 4.78667e-12 4.00077e-09 -2.91861e-10 1.15619e-13
894 1.38 460 0 4.25383e-12 5.85063e-09 1.36373e-12 1.8975e-09 4.25772e-09 -1.76969e-12 -1.35117e-12 -1.37964e-09 3.9379e-12 3.44724e-09 -2.55447e-10 7.17191e-14
894 1.39 460 0 3.30119e-12 5.12548e-09 1.04637e-12 1.65391e-09 3.74229e-09 -1.07598e-12 -1.13547e-12 -1.20051e-09 3.3865e-12 3.00419e-09 -2.2586e-10 4.2449e-14
894 1.4 460 0 2.65618e-12 4.53198e-09 8.31753e-13 1.45502e-09 3.31969e-09 -5.52122e-13 -1.01015e-12 -1.05428e-09 3.07671e-12 2.64255e-09 -2.01346e-10 2.26006e-14
894 1.41 460 0 2.17389e-12 4.0383e-09 6.71922e-13 1.28999e-09 2.96751e-09 -1.12908e-13 -9.35144e-13 -9.32977e-10 2.9021e-12 2.34262e-09 -1.80711e-10 8.44667e-15
894 1.42 460 0 1.82438e-12 3.62203e-09 5.56338e-13 1.15122e-09 2.66997e-09 2.85271e-13 -9.10968e-13 -8.31015e-10 2.87005e-12 2.09048e-09 -1.63112e-10 -1.62124e-15
894 1.43 460 0 1.5838e-12 3.26696e-09 4.76496e-13 1.03318e-09 2.41563e-09 6.94322e-13 -9.44274e-13 -7.44337e-10 3.00689e-12 1.87612e-09 -1.47933e-10 -9.08931e-15
894 1.44 460 0 1.40666e-12 2.96109e-09 4.17618e-13 9.31793e-10 2.19601e-09 1.16303e-12 -1.03134e-12 -6.6995e-10 3.3064e-12 1.69211e-09 -1.34718e-10 -1.47043e-14
894 1.45 460 0 1.29216e-12 2.69532e-09 3.79019e-13 8.43968e-10 2.00466e-09 1.77826e-12 -1.20378e-12 -6.05596e-10 3.87021e-12 1.53289e-09 -1.23119e-10 -1.91618e-14
894 1.46 460 0 1.23501e-12 2.46265e-09 3.58624e-13 7.67323e-10 1.83654e-09 2.69636e-12 -1.51765e-12 -5.49559e-10 4.87756e-12 1.39423e-09 -1.12866e-10 -2.2781e-14
894 1.47 460 0 1.24716e-12 2.25759e-09 3.59598e-13 6.99993e-10 1.68759e-09 4.28959e-12 -2.11853e-12 -5.00544e-10 6.7909e-12 1.273e-09 -1.03743e-10 -2.63556e-14
894 1.48 460 0 1.3623e-12 2.07579e-09 3.91506e-13 6.40499e-10 1.55412e-09 7.6134e-12 -3.42143e-12 -4.57696e-10 1.09249e-11 1.16723e-09 -9.55786e-11 -3.0592e-14
894 1.49 460 0 1.70153e-12 1.91378e-09 4.89754e-13 5.87655e-10 1.43116e-09 1.69695e-11 -7.1158e-12 -4.21089e-10 2.2625e-11 1.0778e-09 -8.822e-11 -3.74944e-14
894 1.5 460 0 2.90486e-12 1.76877e-09 8.42759e-13 5.40492e-10 1.29565e-09 6.814e-11 -2.7131e-11 -3.98035e-10 8.59324e-11 1.02837e-09 -8.14833e-11 -5.56414e-14
894 1.51 460 0 -6.20979e-11 1.65445e-09 -1.76587e-11 5.04851e-10 -5.13509e-10 4.84739e-08 -1.85427e-08 -1.03413e-09 5.85674e-08 3.05087e-09 -8.23101e-11 3.1753e-12
894 1.52 460 0 -1.98546e-12 1.52015e-09 -5.9385e-13 4.60278e-10 1.12765e-09 5.57576e-11 -2.0658e-11 -3.34788e-10 6.51693e-11 8.67111e-10 -7.06242e-11 2.07636e-14
894 1.53 460 0 -8.81591e-13 1.41343e-09 -2.70706e-13 4.25939e-10 1.0704e-09 1.38352e-11 -4.98711e-12 -3.01695e-10 1.57448e-11 7.79347e-10 -6.55563e-11 4.56859e-16
894 1.54 460 0 -5.23139e-13 1.31638e-09 -1.65593e-13 3.94851e-10 1.0031e-09 5.97444e-12 -2.10019e-12 -2.77554e-10 6.65035e-12 7.18088e-10 -6.09986e-11 -5.87792e-15
894 1.55 460 0 -3.52448e-13 1.22789e-09 -1.15511e-13 3.66616e-10 9.39355e-10 3.24692e-12 -1.11363e-12 -2.56517e-10 3.54591e-12 6.6514e-10 -5.6842e-11 -8.87877e-15
894 1.56 460 0 -2.56011e-13 1.14698e-09 -8.70614e-14 3.409e-10 8.80314e-10 2.00423e-12 -6.70084e-13 -2.37624e-10 2.15122e-12 6.17659e-10 -5.30333e-11 -1.04855e-14
894 1.57 460 0 -1.95698e-13 1.07282e-09 -6.91894e-14 3.17419e-10 8.2583e-10 1.34241e-12 -4.36637e-13 -2.20491e-10 1.41747e-12 5.74586e-10 -4.95331e-11 -1.13918e-14
894 1.58 460 0 -1.55328e-13 1.00468e-09 -5.70753e-14 2.95931e-10 7.75544e-10 9.50665e-13 -2.9989e-13 -2.04879e-10 9.87507e-13 5.35293e-10 -4.63091e-11 -1.19178e-14
894 1.59 460 0 -1.26469e-13 9.41939e-10 -4.83617e-14 2.76222e-10 7.29079e-10 6.99828e-13 -2.13221e-13 -1.90605e-10 7.1496e-13 4.99316e-10 -4.33336e-11 -1.22765e-14
894 1.6 460 0 -1.05817e-13 8.84054e-10 -4.19851e-14 2.58111e-10 6.86075e-10 5.34281e-13 -1.56625e-13 -1.77523e-10 5.36448e-13 4.66289e-10 -4.05828e-11 -1.23348e-14
894 1.61 460 0 -9.02178e-14 8.30549e-10 -3.70644e-14 2.41435e-10 6.46209e-10 4.18238e-13 -1.17359e-13 -1.65509e-10 4.12208e-13 4.35902e-10 -3.80359e-11 -1.22892e-14
894 1.62 460 0 -7.79752e-14 7.81004e-10 -3.31181e-14 2.26055e-10 6.09194e-10 3.33805e-13 -8.91413e-14 -1.54454e-10 3.22561e-13 4.07889e-10 -3.56742e-11 -1.21775e-14
894 1.63 460 0 -6.84407e-14 7.35052e-10 -2.9941e-14 2.11847e-10 5.74772e-10 2.71627e-13 -6.86302e-14 -1.44266e-10 2.56918e-13 3.82021e-10 -3.34816e-11 -1.19657e-14
894 1.64 460 0 -6.05842e-14 6.92368e-10 -2.72635e-14 1.98702e-10 5.42715e-10 2.23831e-13 -5.31043e-14 -1.34861e-10 2.06909e-13 3.58093e-10 -3.14433e-11 -1.1737e-14
894 1.65 460 0 -5.41145e-14 6.52661e-10 -2.4988e-14 1.86522e-10 5.12818e-10 1.86684e-13 -4.12508e-14 -1.26168e-10 1.6833e-13 3.3593e-10 -2.95465e-11 -1.14636e-14
894 1.66 460 0 -4.88123e-14 6.15674e-10 -2.30356e-14 1.75222e-10 4.84899e-10 1.57787e-13 -3.22523e-14 -1.18121e-10 1.38547e-13 3.15372e-10 -2.77794e-11 -1.11179e-14
894 1.67 460 0 -4.42069e-14 5.81177e-10 -2.12984e-14 1.64724e-10 4.58795e-10 1.34299e-13 -2.51144e-14 -1.10665e-10 1.14612e-13 2.96279e-10 -2.61317e-11 -1.07731e-14
894 1.68 460 0 -4.02598e-14 5.48965e-10 -1.97326e-14 1.54961e-10 4.3436e-10 1.15222e-13 -1.95093e-14 -1.03747e-10 9.53568e-14 2.78525e-10 -2.45937e-11 -1.03846e-14
894 1.69 460 0 -3.6814e-14 5.18852e-10 -1.83078e-14 1.4587e-10 4.11461e-10 9.95044e-14 -1.50656e-14 -9.73217e-11 7.96795e-14 2.61998e-10 -2.3157e-11 -9.97112e-15
894 1.7 460 0 -3.37668e-14 4.90671e-10 -1.69846e-14 1.37396e-10 3.89979e-10 8.63677e-14 -1.15302e-14 -9.13479e-11 6.6739e-14 2.46597e-10 -2.18138e-11 -9.52159e-15
894 1.71 460 0 -3.10394e-14 4.64273e-10 -1.57371e-14 1.29489e-10 3.69808e-10 7.52738e-14 -8.72308e-15 -8.57886e-11 5.597e-14 2.32231e-10 -2.05572e-11 -9.03638e-15
894 1.72 460 0 -2.85458e-14 4.3952e-10 -1.45522e-14 1.22105e-10 3.50849e-10 6.57647e-14 -6.47962e-15 -8.06103e-11 4.69119e-14 2.18818e-10 -1.93805e-11 -8.53219e-15
894 1.73 460 0 -2.62603e-14 4.16291e-10 -1.34067e-14 1.15202e-10 3.33014e-10 5.75605e-14 -4.72706e-15 -7.57827e-11 3.92464e-14 2.06283e-10 -1.82781e-11 -7.98191e-15
894 1.74 460 0 -2.41399e-14 3.94471e-10 -1.22634e-14 1.08743e-10 3.16223e-10 5.03502e-14 -3.37557e-15 -7.12784e-11 3.26314e-14 1.9456e-10 -1.72446e-11 -7.37162e-15
894 1.75 460 0 -2.21756e-14 3.7396e-10 -1.10848e-14 1.02696e-10 3.00401e-10 4.39484e-14 -2.39003e-15 -6.70724e-11 2.68437e-14 1.83586e-10 -1.6275e-11 -6.66769e-15
894 1.76 460 0 -2.03019e-14 3.54664e-10 -9.62662e-15 9.70286e-11 2.85483e-10 3.79257e-14 -1.91998e-15 -6.31418e-11 2.14087e-14 1.73306e-10 -1.53648e-11 -5.56764e-15
894 1.77 460 0 -1.114e-14 3.36488e-10 -6.34619e-15 9.17106e-11 2.71386e-10 1.96954e-14 8.3923e-16 -5.94697e-11 1.01422e-14 1.63683e-10 -1.451e-11 -4.26609e-15
894 1.78 460 0 -7.36269e-15 3.1937e-10 -5.04884e-15 8.67216e-11 2.58088e-10 1.24323e-14 1.86873e-15 -5.60316e-11 5.79818e-15 1.54648e-10 -1.37068e-11 -3.80501e-15
894 1.79 460 0 -4.74617e-15 3.03234e-10 -4.11442e-15 8.20369e-11 2.45525e-10 7.62832e-15 2.4165e-15 -5.28123e-11 3.0868e-15 1.46165e-10 -1.29518e-11 -3.43067e-15
894 1.8 460 0 -2.85575e-15 2.88013e-10 -3.3914e-15 7.76347e-11 2.33649e-10 4.31525e-15 2.66623e-15 -4.97959e-11 1.33885e-15 1.38197e-10 -1.22417e-11 -3.08931e-15
894 1.81 460 0 -1.51201e-15 2.73647e-10 -2.82124e-15 7.34955e-11 2.22415e-10 2.06643e-15 2.7133e-15 -4.69682e-11 2.42371e-16 1.30708e-10 -1.15735e-11 -2.76706e-15
894 1.82 460 0 -5.68461e-16 2.60079e-10 -2.36202e-15 6.96014e-11 2.11783e-10 5.6109e-16 2.62944e-15 -4.4316e-11 -4.22968e-16 1.23666e-10 -1.09446e-11 -2.4599e-15
894 1.83 460 0 1.69819e-16 2.4726e-10 -1.95716e-15 6.59356e-11 2.01715e-10 -5.66705e-16 2.4866e-15 -4.1827e-11 -8.70362e-16 1.1704e-10 -1.03523e-11 -2.16961e-15
894 1.84 460 0 6.69801e-16 2.3514e-10 -1.61757e-15 6.24829e-11 1.92177e-10 -1.29396e-15 2.2939e-15 -3.94901e-11 -1.11604e-15 1.10803e-10 -9.79437e-12 -1.89929e-15
894 1.85 460 0 9.80604e-16 2.23676e-10 -1.32766e-15 5.92293e-11 1.83136e-10 -1.72381e-15 2.07153e-15 -3.72948e-11 -1.23037e-15 1.04929e-10 -9.26855e-12 -1.64646e-15
894 1.86 460 0 1.14739e-15 2.12828e-10 -1.07503e-15 5.61617e-11 1.74562e-10 -1.9448e-15 1.84089e-15 -3.52318e-11 -1.26963e-15 9.93942e-11 -8.77286e-12 -1.41467e-15
894 1.87 460 0 1.17725e-15 2.02558e-10 -8.63766e-16 5.32683e-11 1.66428e-10 -1.97829e-15 1.61488e-15 -3.3292e-11 -1.25482e-15 9.41768e-11 -8.30541e-12 -1.20885e-15
894 1.88 460 0 1.10107e-15 1.9283e-10 -7.01139e-16 5.05377e-11 1.58708e-10 -1.8775e-15 1.42047e-15 -3.14675e-11 -1.2162e-15 8.92565e-11 -7.86445e-12 -1.04373e-15
894 1.89 460 0 1.0331e-15 1.83613e-10 -6.12695e-16 4.79597e-11 1.51378e-10 -1.74024e-15 1.27581e-15 -2.97507e-11 -1.10964e-15 8.46145e-11 -7.44834e-12 -9.34526e-16
894 1.9 460 0 9.73523e-16 1.74875e-10 -5.36159e-16 4.55248e-11 1.44416e-10 -1.61137e-15 1.14284e-15 -2.81345e-11 -1.00113e-15 8.02333e-11 -7.05557e-12 -8.35061e-16
894 1.91 460 0 9.11269e-16 1.6659e-10 -4.65273e-16 4.32241e-11 1.378e-10 -1.48446e-15 1.0176e-15 -2.66125e-11 -8.9969e-16 7.60966e-11 -6.68471e-12 -7.41167e-16
894 1.92 460 0 8.46246e-16 1.5873e-10 -3.99779e-16 4.10494e-11 1.31513e-10 -1.35838e-15 8.99272e-16 -2.51787e-11 -8.03722e-16 7.21893e-11 -6.33444e-12 -6.52494e-16
894 1.93 460 0 7.78377e-16 1.51271e-10 -3.39353e-16 3.89929e-11 1.25534e-10 -1.23231e-15 7.87105e-16 -2.38275e-11 -7.12068e-16 6.84974e-11 -6.00354e-12 -5.68641e-16
894 1.94 460 0 7.07516e-16 1.44191e-10 -2.83619e-16 3.70476e-11 1.19848e-10 -1.10552e-15 6.80377e-16 -2.25537e-11 -6.23817e-16 6.50079e-11 -5.69086e-12 -4.89148e-16
894 1.95 460 0 6.33348e-16 1.37467e-10 -2.32149e-16 3.52069e-11 1.14438e-10 -9.77172e-16 5.78297e-16 -2.13524e-11 -5.38141e-16 6.17086e-11 -5.39531e-12 -4.13469e-16
894 1.96 460 0 5.55219e-16 1.31081e-10 -1.84458e-16 3.34644e-11 1.09289e-10 -8.46038e-16 4.79904e-16 -2.02193e-11 -4.54126e-16 5.85881e-11 -5.1159e-12 -3.40916e-16
894 1.97 460 0 4.71799e-16 1.25013e-10 -1.39953e-16 3.18145e-11 1.04388e-10 -7.09972e-16 3.83852e-16 -1.915e-11 -3.70504e-16 5.56358e-11 -4.85168e-12 -2.70524e-16
894 1.98 460 0 3.80161e-16 1.19245e-10 -9.78157e-17 3.02517e-11 9.97211e-11 -5.64597e-16 2.87869e-16 -1.81408e-11 -2.85044e-16 5.28419e-11 -4.60176e-12 -2.00701e-16
894 1.99 460 0 2.72121e-16 1.13762e-10 -5.65441e-17 2.8771e-11 9.52762e-11 -3.9809e-16 1.86685e-16 -1.71879e-11 -1.92221e-16 5.01971e-11 -4.36533e-12 -1.2786e-16
894 2 460 0 1.00913e-18 1.08547e-10 -1.02087e-19 2.73678e-11 9.10415e-11 -1.43771e-18 5.37678e-19 -1.6288e-11 -6.24547e-19 4.76929e-11 -4.14166e-12 -3.4538e-19
