894 0 470 0 3.20567e-09 -1.10648e-08 5.01857e-09 2.47108e-08 0 0 0 0 0 0 8.20031e-09 2.66014e-08
894 0.01 470 0 3.19958e-09 -1.10666e-08 5.02876e-09 2.47061e-08 1.24718e-10 1.21783e-10 7.94477e-11 -2.15704e-10 -3.52193e-11 -2.50635e-10 8.21221e-09 2.6594e-08
894 0.02 470 0 3.1813e-09 -1.10719e-08 5.05933e-09 2.4692e-08 2.49646e-10 2.43009e-10 1.5838e-10 -4.31659e-10 -7.10451e-11 -5.00967e-10 8.2479e-09 2.65719e-08
894 0.03 470 0 3.15086e-09 -1.10806e-08 5.11021e-09 2.46685e-08 3.74993e-10 3.63121e-10 2.36284e-10 -6.48113e-10 -1.08082e-10 -7.50693e-10 8.30724e-09 2.65349e-08
894 0.04 470 0 3.10819e-09 -1.10927e-08 5.18135e-09 2.46352e-08 5.00958e-10 4.8156e-10 3.12639e-10 -8.65308e-10 -1.46931e-10 -9.995e-10 8.39015e-09 2.64828e-08
894 0.05 470 0 3.05319e-09 -1.11079e-08 5.27267e-09 2.45921e-08 6.27731e-10 5.97765e-10 3.86919e-10 -1.08348e-09 -1.88188e-10 -1.24707e-09 8.49651e-09 2.64152e-08
894 0.06 470 0 2.98589e-09 -1.1126e-08 5.38402e-09 2.45388e-08 7.5549e-10 7.11178e-10 4.58595e-10 -1.30284e-09 -2.32437e-10 -1.49306e-09 8.62601e-09 2.63318e-08
894 0.07 470 0 2.90616e-09 -1.11467e-08 5.51528e-09 2.4475e-08 8.84397e-10 8.21231e-10 5.27128e-10 -1.52361e-09 -2.80261e-10 -1.73714e-09 8.77844e-09 2.62322e-08
894 0.08 470 0 2.81388e-09 -1.11697e-08 5.66626e-09 2.44002e-08 1.01459e-09 9.27355e-10 5.91964e-10 -1.74598e-09 -3.32226e-10 -1.97893e-09 8.9535e-09 2.61156e-08
894 0.09 470 0 2.709e-09 -1.11944e-08 5.83673e-09 2.4314e-08 1.14618e-09 1.02898e-09 6.52547e-10 -1.97011e-09 -3.88882e-10 -2.21805e-09 9.15075e-09 2.59816e-08
894 0.1 470 0 2.59137e-09 -1.12206e-08 6.02646e-09 2.42157e-08 1.27926e-09 1.12555e-09 7.08297e-10 -2.19615e-09 -4.50765e-10 -2.45409e-09 9.3698e-09 2.58294e-08
894 0.11 470 0 2.46094e-09 -1.12476e-08 6.23514e-09 2.41049e-08 1.4139e-09 1.21647e-09 7.58635e-10 -2.42421e-09 -5.18392e-10 -2.6866e-09 9.61009e-09 2.56581e-08
894 0.12 470 0 2.31758e-09 -1.1275e-08 6.46243e-09 2.39808e-08 1.5501e-09 1.30117e-09 8.02959e-10 -2.6544e-09 -5.92259e-10 -2.91513e-09 9.87104e-09 2.54669e-08
894 0.13 470 0 2.16124e-09 -1.13019e-08 6.7079e-09 2.38427e-08 1.68787e-09 1.37909e-09 8.40655e-10 -2.88674e-09 -6.72827e-10 -3.13918e-09 1.01519e-08 2.52548e-08
894 0.14 470 0 1.99174e-09 -1.13278e-08 6.97119e-09 2.36898e-08 1.82714e-09 1.44963e-09 8.71085e-10 -3.12126e-09 -7.60546e-10 -3.35822e-09 1.04521e-08 2.50209e-08
894 0.15 470 0 1.80919e-09 -1.13518e-08 7.2517e-09 2.35212e-08 1.96783e-09 1.51225e-09 8.93631e-10 -3.35791e-09 -8.55809e-10 -3.57169e-09 1.07705e-08 2.47639e-08
894 0.16 470 0 1.61344e-09 -1.13733e-08 7.54891e-09 2.3336e-08 2.10978e-09 1.56637e-09 9.07625e-10 -3.59663e-09 -9.58996e-10 -3.77898e-09 1.11063e-08 2.44828e-08
894 0.17 470 0 1.40449e-09 -1.13911e-08 7.86215e-09 2.31333e-08 2.2528e-09 1.61144e-09 9.12397e-10 -3.83726e-09 -1.07043e-09 -3.97946e-09 1.14584e-08 2.41762e-08
894 0.18 470 0 1.18238e-09 -1.14045e-08 8.19074e-09 2.29121e-08 2.39665e-09 1.6469e-09 9.07276e-10 -4.07964e-09 -1.19039e-09 -4.17246e-09 1.18256e-08 2.38431e-08
894 0.19 470 0 9.47169e-10 -1.14124e-08 8.53383e-09 2.26711e-08 2.541e-09 1.67224e-09 8.91576e-10 -4.32348e-09 -1.31912e-09 -4.35725e-09 1.22065e-08 2.34819e-08
894 0.2 470 0 6.98994e-10 -1.14138e-08 8.89054e-09 2.24095e-08 2.68551e-09 1.68693e-09 8.64615e-10 -4.56847e-09 -1.45678e-09 -4.53309e-09 1.25998e-08 2.30914e-08
894 0.21 470 0 4.38078e-10 -1.14074e-08 9.25984e-09 2.21259e-08 2.82977e-09 1.69049e-09 8.25722e-10 -4.81422e-09 -1.60349e-09 -4.69919e-09 1.30035e-08 2.26702e-08
894 0.22 470 0 1.64628e-10 -1.13921e-08 9.64066e-09 2.18193e-08 2.97325e-09 1.68247e-09 7.74188e-10 -5.06024e-09 -1.75929e-09 -4.85471e-09 1.34162e-08 2.22169e-08
894 0.23 470 0 -1.20946e-10 -1.13666e-08 1.00317e-08 2.14883e-08 3.11546e-09 1.66241e-09 7.09382e-10 -5.30598e-09 -1.92415e-09 -4.99881e-09 1.38356e-08 2.17302e-08
894 0.24 470 0 -4.18301e-10 -1.13297e-08 1.04317e-08 2.11318e-08 3.25574e-09 1.62995e-09 6.30619e-10 -5.55077e-09 -2.09797e-09 -5.13056e-09 1.42597e-08 2.12085e-08
894 0.25 470 0 -7.26933e-10 -1.128e-08 1.08391e-08 2.07485e-08 3.39341e-09 1.58472e-09 5.37265e-10 -5.79387e-09 -2.28054e-09 -5.24906e-09 1.46862e-08 2.06506e-08
894 0.26 470 0 -1.04614e-09 -1.12162e-08 1.12522e-08 2.03371e-08 3.52776e-09 1.52644e-09 4.28756e-10 -6.03448e-09 -2.47159e-09 -5.35334e-09 1.51125e-08 2.00552e-08
894 0.27 470 0 -1.37517e-09 -1.11367e-08 1.16693e-08 1.98963e-08 3.65796e-09 1.45489e-09 3.04529e-10 -6.27159e-09 -2.6707e-09 -5.44245e-09 1.55358e-08 1.94209e-08
894 0.28 470 0 -1.71315e-09 -1.10402e-08 1.20884e-08 1.9425e-08 3.78315e-09 1.3699e-09 1.64102e-10 -6.50419e-09 -2.8774e-09 -5.51539e-09 1.59531e-08 1.87467e-08
894 0.29 470 0 -2.05903e-09 -1.09252e-08 1.25074e-08 1.89219e-08 3.90241e-09 1.27136e-09 7.053e-12 -6.73114e-09 -3.09106e-09 -5.57116e-09 1.63612e-08 1.80315e-08
894 0.3 470 0 -2.41168e-09 -1.07902e-08 1.29239e-08 1.83857e-08 4.01474e-09 1.15929e-09 -1.66992e-10 -6.9511e-09 -3.31094e-09 -5.60877e-09 1.67567e-08 1.72742e-08
894 0.31 470 0 -2.77007e-09 -1.06349e-08 1.33356e-08 1.78152e-08 4.11912e-09 1.03341e-09 -3.58378e-10 -7.16284e-09 -3.53636e-09 -5.62729e-09 1.71364e-08 1.64743e-08
894 0.32 470 0 -3.13414e-09 -1.04561e-08 1.37382e-08 1.72047e-08 4.21298e-09 8.93268e-10 -5.67644e-10 -7.36326e-09 -3.76579e-09 -5.62434e-09 1.74953e-08 1.56263e-08
894 0.33 470 0 -3.50095e-09 -1.0253e-08 1.41294e-08 1.65576e-08 4.29633e-09 7.40008e-10 -7.94204e-10 -7.55199e-09 -3.99842e-09 -5.60016e-09 1.78293e-08 1.47341e-08
894 0.34 470 0 -3.86722e-09 -1.00241e-08 1.45068e-08 1.58759e-08 4.36883e-09 5.74733e-10 -1.03761e-09 -7.72807e-09 -4.233e-09 -5.55451e-09 1.81339e-08 1.37999e-08
894 0.35 470 0 -4.23141e-09 -9.7682e-09 1.48668e-08 1.51575e-08 4.42894e-09 3.9766e-10 -1.29771e-09 -7.88935e-09 -4.46805e-09 -5.48622e-09 1.84045e-08 1.28228e-08
894 0.36 470 0 -4.5916e-09 -9.48423e-09 1.52055e-08 1.44012e-08 4.47528e-09 2.09261e-10 -1.57406e-09 -8.03376e-09 -4.70199e-09 -5.39437e-09 1.86363e-08 1.18025e-08
894 0.37 470 0 -4.94522e-09 -9.17116e-09 1.5519e-08 1.36069e-08 4.50671e-09 1.03507e-11 -1.8659e-09 -8.15938e-09 -4.93307e-09 -5.27828e-09 1.8824e-08 1.07402e-08
894 0.38 470 0 -5.2891e-09 -8.82795e-09 1.58035e-08 1.27752e-08 4.52233e-09 -1.97843e-10 -2.17216e-09 -8.26434e-09 -5.15938e-09 -5.13759e-09 1.89623e-08 9.63763e-09
894 0.39 470 0 -5.62078e-09 -8.45403e-09 1.60544e-08 1.19056e-08 4.52079e-09 -4.14443e-10 -2.49167e-09 -8.34642e-09 -5.37888e-09 -4.97169e-09 1.90456e-08 8.496e-09
894 0.4 470 0 -5.93694e-09 -8.04894e-09 1.62669e-08 1.09989e-08 4.50108e-09 -6.38209e-10 -2.82284e-09 -8.40365e-09 -5.58937e-09 -4.7803e-09 1.90682e-08 7.31783e-09
894 0.41 470 0 -6.23431e-09 -7.61237e-09 1.64363e-08 1.0056e-08 4.46218e-09 -8.67666e-10 -3.16382e-09 -8.43386e-09 -5.78848e-09 -4.56332e-09 1.90241e-08 6.10577e-09
894 0.42 470 0 -6.50922e-09 -7.14439e-09 1.65573e-08 9.07824e-09 4.40324e-09 -1.10128e-09 -3.51237e-09 -8.43517e-09 -5.97371e-09 -4.32082e-09 1.89075e-08 4.86351e-09
894 0.43 470 0 -6.75801e-09 -6.64532e-09 1.66247e-08 8.06757e-09 4.32346e-09 -1.33733e-09 -3.86596e-09 -8.40565e-09 -6.14244e-09 -4.05311e-09 1.87122e-08 3.59511e-09
894 0.44 470 0 -6.97663e-09 -6.11591e-09 1.6633e-08 7.02633e-09 4.22224e-09 -1.57398e-09 -4.22157e-09 -8.34357e-09 -6.29193e-09 -3.76074e-09 1.84322e-08 2.30553e-09
894 0.45 470 0 -7.16137e-09 -5.55793e-09 1.6577e-08 5.9574e-09 4.09912e-09 -1.80949e-09 -4.57617e-09 -8.24749e-09 -6.41957e-09 -3.44466e-09 1.80623e-08 1.00049e-09
894 0.46 470 0 -7.31011e-09 -4.97068e-09 1.6448e-08 4.85886e-09 3.95055e-09 -2.04061e-09 -4.92502e-09 -8.11316e-09 -6.52107e-09 -3.10475e-09 1.75964e-08 -3.18008e-10
894 0.47 470 0 -7.41787e-09 -4.35612e-09 1.62409e-08 3.73661e-09 3.77878e-09 -2.26592e-09 -5.26379e-09 -7.94058e-09 -6.59465e-09 -2.74358e-09 1.70295e-08 -1.64005e-09
894 0.48 470 0 -7.47681e-09 -3.71785e-09 1.59521e-08 2.60228e-09 3.58667e-09 -2.48317e-09 -5.58882e-09 -7.73208e-09 -6.63758e-09 -2.36356e-09 1.63541e-08 -2.95302e-09
894 0.49 470 0 -7.48277e-09 -3.05961e-09 1.55752e-08 1.4614e-09 3.37347e-09 -2.68971e-09 -5.89519e-09 -7.48735e-09 -6.6463e-09 -1.96627e-09 1.55656e-08 -4.24906e-09
894 0.5 470 0 -7.4326e-09 -2.38391e-09 1.51036e-08 3.17936e-10 3.13928e-09 -2.8829e-09 -6.17699e-09 -7.20559e-09 -6.61778e-09 -1.55448e-09 1.46601e-08 -5.51901e-09
894 0.51 470 0 -7.32201e-09 -1.69571e-09 1.4531e-08 -8.19702e-10 2.88421e-09 -3.06033e-09 -6.42865e-09 -6.88812e-09 -6.54873e-09 -1.13048e-09 1.36334e-08 -6.75232e-09
894 0.52 470 0 -7.14613e-09 -1.00005e-09 1.38525e-08 -1.94241e-09 2.61053e-09 -3.22019e-09 -6.64394e-09 -6.53689e-09 -6.43636e-09 -6.98004e-10 1.24823e-08 -7.93647e-09
894 0.53 470 0 -6.90161e-09 -3.0177e-10 1.30625e-08 -3.04187e-09 2.31934e-09 -3.3597e-09 -6.81636e-09 -6.15388e-09 -6.27794e-09 -2.60971e-10 1.12049e-08 -9.05854e-09
894 0.54 470 0 -6.58438e-09 3.92093e-10 1.2156e-08 -4.10548e-09 2.01221e-09 -3.4766e-09 -6.93913e-09 -5.74342e-09 -6.07051e-09 1.76491e-10 9.79958e-09 -1.01045e-08
894 0.55 470 0 -6.19223e-09 1.07458e-09 1.11283e-08 -5.12219e-09 1.6903e-09 -3.56856e-09 -7.00573e-09 -5.30965e-09 -5.81179e-09 6.09626e-10 8.26723e-09 -1.10598e-08
894 0.56 470 0 -5.72019e-09 1.73855e-09 9.97655e-09 -6.07725e-09 1.35799e-09 -3.6338e-09 -7.0086e-09 -4.85897e-09 -5.49944e-09 1.03266e-09 6.6078e-09 -1.19072e-08
894 0.57 470 0 -5.16706e-09 2.37523e-09 8.69748e-09 -6.95606e-09 1.01648e-09 -3.66986e-09 -6.94121e-09 -4.39843e-09 -5.13153e-09 1.43989e-09 4.82515e-09 -1.26303e-08
894 0.58 470 0 -4.53079e-09 2.97507e-09 7.29019e-09 -7.74219e-09 6.69712e-10 -3.67617e-09 -6.79706e-09 -3.93675e-09 -4.7069e-09 1.82472e-09 2.92339e-09 -1.32112e-08
894 0.59 470 0 -3.81071e-09 3.52815e-09 5.75389e-09 -8.41737e-09 3.1994e-10 -3.65047e-09 -6.56992e-09 -3.48443e-09 -4.2243e-09 2.18013e-09 9.09744e-10 -1.36313e-08
894 0.6 470 0 -3.00641e-09 4.02331e-09 4.09083e-09 -8.96206e-09 -2.83561e-11 -3.59289e-09 -6.25449e-09 -3.05355e-09 -3.68362e-09 2.49838e-09 -1.20741e-09 -1.38713e-08
894 0.61 470 0 -2.11925e-09 4.44921e-09 2.30375e-09 -9.35502e-09 -3.725e-10 -3.50162e-09 -5.84605e-09 -2.65789e-09 -3.0849e-09 2.77121e-09 -3.41623e-09 -1.39118e-08
894 0.62 470 0 -1.15127e-09 4.79335e-09 3.98655e-10 -9.57343e-09 -7.08319e-10 -3.37708e-09 -5.34142e-09 -2.31342e-09 -2.42925e-09 2.98975e-09 -5.70299e-09 -1.37325e-08
894 0.63 470 0 -1.06656e-10 5.04239e-09 -1.61572e-09 -9.59355e-09 -1.03208e-09 -3.21971e-09 -4.73926e-09 -2.0376e-09 -1.71896e-09 3.14455e-09 -8.05021e-09 -1.3314e-08
894 0.64 470 0 1.01104e-09 5.1829e-09 -3.72741e-09 -9.38837e-09 -1.33866e-09 -3.02999e-09 -4.03951e-09 -1.85136e-09 -9.56692e-10 3.22524e-09 -1.04379e-08 -1.26352e-08
894 0.65 470 0 2.19431e-09 5.20028e-09 -5.92075e-09 -8.93151e-09 -1.62418e-09 -2.80939e-09 -3.24552e-09 -1.77629e-09 -1.47024e-10 3.22119e-09 -1.28418e-08 -1.16776e-08
894 0.66 470 0 3.4342e-09 5.07984e-09 -8.17623e-09 -8.19476e-09 -1.88487e-09 -2.55965e-09 -2.36338e-09 -1.8364e-09 7.04506e-10 3.12129e-09 -1.52341e-08 -1.0423e-08
894 0.67 470 0 4.71979e-09 4.8067e-09 -1.04692e-08 -7.15022e-09 -2.11648e-09 -2.28244e-09 -1.40302e-09 -2.05685e-09 1.59039e-09 2.91377e-09 -1.75824e-08 -8.85489e-09
894 0.68 470 0 6.03748e-09 4.36483e-09 -1.27686e-08 -5.76674e-09 -2.31502e-09 -1.98218e-09 -3.78898e-10 -2.46677e-09 2.50162e-09 2.58656e-09 -1.98512e-08 -6.95842e-09
894 0.69 470 0 7.37108e-09 3.73956e-09 -1.50382e-08 -4.01719e-09 -2.47674e-09 -1.66099e-09 6.89293e-10 -3.09354e-09 3.42669e-09 2.12729e-09 -2.19984e-08 -4.72231e-09
894 0.7 470 0 8.7004e-09 2.91569e-09 -1.72339e-08 -1.87307e-09 -2.59897e-09 -1.32351e-09 1.77557e-09 -3.96699e-09 4.35187e-09 1.52369e-09 -2.39791e-08 -2.13893e-09
894 0.71 470 0 1.00037e-08 1.87847e-09 -1.93022e-08 6.93394e-10 -2.67747e-09 -9.7485e-10 2.84658e-09 -5.11891e-09 5.26063e-09 7.62894e-10 -2.5742e-08 7.96415e-10
894 0.72 470 0 1.1254e-08 6.15008e-10 -2.11822e-08 3.7028e-09 -2.70956e-09 -6.20232e-10 3.86091e-09 -6.57628e-09 6.13297e-09 -1.66509e-10 -2.72313e-08 4.08016e-09
894 0.73 470 0 1.24203e-08 -8.86312e-10 -2.28026e-08 7.17338e-09 -2.69323e-09 -2.65607e-10 4.76778e-09 -8.36605e-09 6.94567e-09 -1.27549e-09 -2.83869e-08 7.70276e-09
894 0.74 470 0 1.34665e-08 -2.63501e-09 -2.40811e-08 1.1117e-08 -2.6277e-09 8.32144e-11 5.50594e-09 -1.05119e-08 7.67099e-09 -2.57427e-09 -2.91436e-08 1.16462e-08
894 0.75 470 0 1.43527e-08 -4.63718e-09 -2.49231e-08 1.55348e-08 -2.51132e-09 4.17776e-10 6.00215e-09 -1.30304e-08 8.27733e-09 -4.06969e-09 -2.94333e-08 1.58819e-08
894 0.76 470 0 1.50316e-08 -6.8948e-09 -2.5224e-08 2.04163e-08 -2.34597e-09 7.32064e-10 6.17171e-09 -1.59296e-08 8.72731e-09 -5.76714e-09 -2.91847e-08 2.03694e-08
894 0.77 470 0 1.54525e-08 -9.40687e-09 -2.48651e-08 2.5736e-08 -2.13295e-09 1.01425e-09 5.91585e-09 -1.92082e-08 8.97821e-09 -7.66814e-09 -2.8324e-08 2.50556e-08
894 0.78 470 0 1.55563e-08 -1.21604e-08 -2.37165e-08 3.14449e-08 -1.87317e-09 1.25923e-09 5.12154e-09 -2.28444e-08 8.98078e-09 -9.7665e-09 -2.67801e-08 2.98672e-08
894 0.79 470 0 1.52803e-08 -1.51354e-08 -2.16393e-08 3.74691e-08 -1.56995e-09 1.4587e-09 3.6653e-09 -2.67962e-08 8.68082e-09 -1.20498e-08 -2.44845e-08 3.47151e-08
894 0.8 470 0 1.45556e-08 -1.83002e-08 -1.84855e-08 4.37036e-08 -1.22672e-09 1.60468e-09 1.41038e-09 -3.0995e-08 8.0176e-09 -1.4496e-08 -2.13762e-08 3.94899e-08
894 0.81 470 0 1.33083e-08 -2.16092e-08 -1.41057e-08 5.00048e-08 -8.49455e-10 1.68892e-09 -1.78614e-09 -3.5338e-08 6.92456e-09 -1.70709e-08 -1.74059e-08 4.4061e-08
894 0.82 470 0 1.14623e-08 -2.50019e-08 -8.34971e-09 5.6185e-08 -4.44241e-10 1.69996e-09 -6.0742e-09 -3.96837e-08 5.33054e-09 -1.97259e-08 -1.25405e-08 4.82763e-08
894 0.83 470 0 8.9385e-09 -2.83952e-08 -1.08199e-09 6.20026e-08 -1.99043e-11 1.62958e-09 -1.15967e-08 -4.38384e-08 3.16011e-09 -2.23928e-08 -6.77164e-09 5.19609e-08
894 0.84 470 0 5.65871e-09 -3.16832e-08 7.8112e-09 6.71579e-08 4.13916e-10 1.46773e-09 -1.84839e-08 -4.75531e-08 3.36736e-10 -2.49814e-08 -1.22393e-10 5.49207e-08
894 0.85 470 0 1.54982e-09 -3.47319e-08 1.84037e-08 7.12849e-08 8.43532e-10 1.2036e-09 -2.68369e-08 -5.05132e-08 -3.21475e-09 -2.73737e-08 7.3451e-09 5.69452e-08
894 0.86 470 0 -3.45331e-09 -3.73729e-08 3.07116e-08 7.39506e-08 1.25625e-09 8.28033e-10 -3.67104e-08 -5.23344e-08 -7.56394e-09 -2.94187e-08 1.55191e-08 5.78147e-08
894 0.87 470 0 -9.39906e-09 -3.94011e-08 4.46695e-08 7.46522e-08 1.63329e-09 3.27201e-10 -4.80908e-08 -5.2559e-08 -1.27685e-08 -3.0926e-08 2.42328e-08 5.73097e-08
894 0.88 470 0 -1.63151e-08 -4.05648e-08 6.00983e-08 7.28243e-08 1.95215e-09 -3.11736e-10 -6.08626e-08 -5.06573e-08 -1.88674e-08 -3.16576e-08 3.32537e-08 5.52241e-08
894 0.89 470 0 -2.42076e-08 -4.05795e-08 7.66538e-08 6.78273e-08 2.163e-09 -1.09506e-09 -7.47585e-08 -4.60182e-08 -2.5875e-08 -3.13345e-08 4.22773e-08 5.1392e-08
894 0.9 470 0 -3.29969e-08 -3.902e-08 9.37929e-08 5.89277e-08 2.26184e-09 -2.04824e-09 -8.93149e-08 -3.79009e-08 -3.37318e-08 -2.95524e-08 5.09446e-08 4.57053e-08
894 0.91 470 0 -4.25585e-08 -3.54145e-08 1.10825e-07 4.56572e-08 2.22577e-09 -3.21034e-09 -1.03924e-07 -2.58408e-08 -4.23465e-08 -2.58402e-08 5.88255e-08 3.80808e-08
894 0.92 470 0 -5.2729e-08 -2.92127e-08 1.26746e-07 2.74011e-08 1.85706e-09 -4.61781e-09 -1.17684e-07 -9.19397e-09 -5.15489e-08 -1.96153e-08 6.5439e-08 2.85604e-08
894 0.93 470 0 -6.30761e-08 -1.95253e-08 1.4023e-07 3.639e-09 1.03736e-09 -6.28301e-09 -1.29351e-07 1.26177e-08 -6.09117e-08 -9.9898e-09 7.02488e-08 1.73164e-08
894 0.94 470 0 -7.27822e-08 -5.09829e-09 1.4961e-07 -2.58966e-08 -5.01741e-10 -8.20267e-09 -1.37333e-07 3.99362e-08 -6.9603e-08 4.30571e-09 7.27104e-08 4.65612e-09
894 0.95 470 0 -8.00118e-08 1.59713e-08 1.52873e-07 -6.115e-08 -3.25386e-09 -1.02519e-08 -1.3968e-07 7.27993e-08 -7.57382e-08 2.51825e-08 7.22872e-08 -8.94831e-09
894 0.96 470 0 -8.01094e-08 4.62388e-08 1.47848e-07 -1.0172e-07 -8.10531e-09 -1.18403e-08 -1.3428e-07 1.10924e-07 -7.45523e-08 5.51599e-08 6.84762e-08 -2.28355e-08
894 0.97 470 0 -6.08409e-08 8.58207e-08 1.3277e-07 -1.47847e-07 -1.61746e-08 -1.07111e-08 -1.19427e-07 1.54731e-07 -5.36332e-08 9.41348e-08 6.08337e-08 -3.61115e-08
894 0.98 470 0 -1.08117e-09 1.12301e-07 1.03849e-07 -2.06884e-07 -2.50611e-08 -8.4037e-10 -9.12552e-08 2.11974e-07 8.03895e-09 1.18989e-07 4.90175e-08 -4.75989e-08
894 0.99 470 0 6.51179e-08 6.58619e-08 2.20087e-08 -2.98637e-07 -2.00379e-08 1.65995e-08 -9.79609e-09 3.02693e-07 7.49632e-08 6.96763e-08 3.25742e-08 -5.59075e-08
894 1 470 0 4.33288e-08 8.46656e-10 -5.81939e-06 -2.15702e-07 -5.55577e-11 2.23649e-08 5.836e-06 2.15716e-07 5.52891e-08 8.6042e-10 5.28186e-11 -7.06023e-08
894 1.01 470 0 2.14064e-08 3.44442e-10 -1.26991e-07 5.8756e-10 4.94164e-11 9.5423e-09 1.36505e-07 -6.15126e-10 2.81162e-08 3.23846e-10 -1.05982e-10 -3.51697e-08
894 1.02 470 0 1.33583e-08 2.13149e-10 -7.8741e-08 4.40687e-10 5.35284e-11 7.14942e-09 8.69263e-08 -4.69789e-10 1.90406e-08 1.89298e-10 -1.07115e-10 -2.78561e-08
894 1.03 470 0 9.01618e-09 1.52503e-10 -5.68575e-08 3.5855e-10 5.29188e-11 5.88615e-09 6.41529e-08 -3.88573e-10 1.40483e-08 1.27012e-10 -1.05552e-10 -2.3379e-08
894 1.04 470 0 6.31158e-09 1.18844e-10 -4.41765e-08 3.05228e-10 5.15934e-11 5.09872e-09 5.08048e-08 -3.35968e-10 1.08801e-08 9.22513e-11 -1.03546e-10 -2.02571e-08
894 1.05 470 0 4.48285e-09 9.81906e-11 -3.59089e-08 2.68091e-10 5.0484e-11 4.56412e-09 4.20108e-08 -2.99526e-10 8.70142e-09 7.06242e-11 -1.01802e-10 -1.79339e-08
894 1.06 470 0 3.17572e-09 8.47437e-11 -3.01238e-08 2.40923e-10 4.95449e-11 4.18266e-09 3.57986e-08 -2.73025e-10 7.1217e-09 5.63359e-11 -1.00414e-10 -1.61354e-08
894 1.07 470 0 2.20182e-09 7.5652e-11 -2.58802e-08 2.20707e-10 4.89907e-11 3.90221e-09 3.12022e-08 -2.53558e-10 5.9317e-09 4.63523e-11 -9.95834e-11 -1.47064e-08
894 1.08 470 0 1.45154e-09 6.94308e-11 -2.26615e-08 2.05666e-10 4.89138e-11 3.69292e-09 2.76893e-08 -2.39425e-10 5.00883e-09 3.90745e-11 -9.94371e-11 -1.35507e-08
894 1.09 470 0 8.56621e-10 6.51886e-11 -2.01607e-08 1.94394e-10 4.91344e-11 3.53689e-09 2.49422e-08 -2.29191e-10 4.27655e-09 3.36914e-11 -9.98868e-11 -1.26055e-08
894 1.1 470 0 3.72372e-10 6.2437e-11 -1.81836e-08 1.86316e-10 4.97871e-11 3.42254e-09 2.27591e-08 -2.22374e-10 3.68446e-09 2.95863e-11 -1.01092e-10 -1.18279e-08
894 1.11 470 0 -3.1854e-11 6.09059e-11 -1.66019e-08 1.81063e-10 5.09692e-11 3.34246e-09 2.10066e-08 -2.18685e-10 3.19814e-09 2.63873e-11 -1.03198e-10 -1.11877e-08
894 1.12 470 0 -3.78063e-10 6.03667e-11 -1.53286e-08 1.78148e-10 5.25776e-11 3.29218e-09 1.95941e-08 -2.17634e-10 2.79333e-09 2.39149e-11 -1.06175e-10 -1.06639e-08
894 1.13 470 0 -6.82597e-10 6.07745e-11 -1.43029e-08 1.77592e-10 5.47737e-11 3.26895e-09 1.84585e-08 -2.19361e-10 2.45236e-09 2.19816e-11 -1.10263e-10 -1.02416e-08
894 1.14 470 0 -9.58204e-10 6.21731e-11 -1.34823e-08 1.79569e-10 5.77477e-11 3.27156e-09 1.75559e-08 -2.24189e-10 2.16213e-09 2.04636e-11 -1.15777e-10 -9.91066e-09
894 1.15 470 0 -1.21559e-09 6.45593e-11 -1.28375e-08 1.84039e-10 6.15121e-11 3.30046e-09 1.68573e-08 -2.3215e-10 1.91271e-09 1.93264e-11 -1.22866e-10 -9.66564e-09
894 1.16 470 0 -1.46414e-09 6.81373e-11 -1.23494e-08 1.91536e-10 6.63847e-11 3.35728e-09 1.63444e-08 -2.44026e-10 1.69638e-09 1.85046e-11 -1.32078e-10 -9.50449e-09
894 1.17 470 0 -1.71298e-09 7.32253e-11 -1.20072e-08 2.02827e-10 7.27745e-11 3.44532e-09 1.60091e-08 -2.60918e-10 1.50704e-09 1.79691e-11 -1.44151e-10 -9.4293e-09
894 1.18 470 0 -1.97194e-09 8.01731e-11 -1.1809e-08 2.1873e-10 8.10595e-11 3.57025e-09 1.58536e-08 -2.84009e-10 1.33976e-09 1.77395e-11 -1.59901e-10 -9.44712e-09
894 1.19 470 0 -2.25245e-09 8.97839e-11 -1.17614e-08 2.41182e-10 9.21869e-11 3.74049e-09 1.58917e-08 -3.16002e-10 1.19038e-09 1.78239e-11 -1.81044e-10 -9.57102e-09
894 1.2 470 0 -2.56961e-09 1.03079e-10 -1.18837e-08 2.726e-10 1.07265e-10 3.96945e-09 1.61534e-08 -3.60291e-10 1.05533e-09 1.82999e-11 -2.09778e-10 -9.82374e-09
894 1.21 470 0 -2.94452e-09 1.22159e-10 -1.22117e-08 3.18005e-10 1.28663e-10 4.27784e-09 1.66922e-08 -4.23865e-10 9.3121e-10 1.92708e-11 -2.5052e-10 -1.02423e-08
894 1.22 470 0 -3.4101e-09 1.50377e-10 -1.28114e-08 3.85348e-10 1.60061e-10 4.70007e-09 1.76027e-08 -5.17829e-10 8.14513e-10 2.09727e-11 -3.10355e-10 -1.08898e-08
894 1.23 470 0 -4.02155e-09 1.94745e-10 -1.38019e-08 4.91256e-10 2.09237e-10 5.29567e-09 1.90545e-08 -6.65376e-10 7.00979e-10 2.38363e-11 -4.04006e-10 -1.18769e-08
894 1.24 470 0 -4.88169e-09 2.70657e-10 -1.54141e-08 6.72101e-10 2.93243e-10 6.17752e-09 2.13743e-08 -9.17298e-10 5.84331e-10 2.8805e-11 -5.63779e-10 -1.34154e-08
894 1.25 470 0 -6.20966e-09 4.17204e-10 -1.81496e-08 1.01996e-09 4.55349e-10 7.58821e-09 2.52695e-08 -1.40238e-09 4.52973e-10 3.82342e-11 -8.71776e-10 -1.59617e-08
894 1.26 470 0 -8.56967e-09 7.65416e-10 -2.33097e-08 1.84233e-09 8.4084e-10 1.01545e-08 3.25741e-08 -2.55125e-09 2.79006e-10 5.96222e-11 -1.60298e-09 -2.06972e-08
894 1.27 470 0 -1.39877e-08 1.99493e-09 -3.55802e-08 4.72798e-09 2.20395e-09 1.61302e-08 4.98897e-08 -6.5927e-09 -3.46116e-11 1.30078e-10 -4.18399e-09 -3.18723e-08
894 1.28 470 0 -3.71155e-08 1.58346e-08 -8.8829e-08 3.69537e-08 1.758e-08 4.18274e-08 1.24955e-07 -5.18742e-08 -1.16974e-09 8.46997e-10 -3.32333e-08 -8.02454e-08
894 1.29 470 0 3.34999e-08 1.20564e-08 7.50083e-08 2.77104e-08 1.34426e-08 -3.67877e-08 -1.05736e-07 -3.91518e-08 2.17993e-09 5.14483e-10 -2.53065e-08 6.81695e-08
894 1.3 470 0 1.26499e-08 1.5184e-09 2.68217e-08 3.43676e-09 1.69902e-09 -1.36378e-08 -3.79058e-08 -4.88627e-09 1.11251e-09 4.99417e-11 -3.18488e-09 2.45465e-08
894 1.31 470 0 7.53722e-09 5.27528e-10 1.51536e-08 1.17594e-09 5.92029e-10 -7.98562e-09 -2.14609e-08 -1.68208e-09 8.26647e-10 1.26552e-11 -1.10508e-09 1.39518e-08
894 1.32 470 0 5.27797e-09 2.55749e-10 1.00861e-08 5.61486e-10 2.8771e-10 -5.50416e-09 -1.43097e-08 -8.07888e-10 6.83068e-10 4.08051e-12 -5.34736e-10 9.33609e-09
894 1.33 470 0 4.00754e-09 1.46607e-10 7.2964e-09 3.1702e-10 1.65232e-10 -4.11976e-09 -1.03672e-08 -4.58741e-10 5.90426e-10 1.2903e-12 -3.05788e-10 6.78604e-09
894 1.34 470 0 3.1939e-09 9.28983e-11 5.55236e-09 1.97849e-10 1.04838e-10 -3.24091e-09 -7.89869e-09 -2.87877e-10 5.2255e-10 2.32244e-13 -1.93178e-10 5.18569e-09
894 1.35 470 0 2.62862e-09 6.30051e-11 4.37215e-09 1.32165e-10 7.11596e-11 -2.63601e-09 -6.22553e-09 -1.93333e-10 4.69068e-10 -1.85606e-13 -1.30557e-10 4.09838e-09
894 1.36 470 0 2.2134e-09 4.48565e-11 3.52902e-09 9.26779e-11 5.06767e-11 -2.19592e-09 -5.02833e-09 -1.36274e-10 4.24982e-10 -3.38407e-13 -9.25765e-11 3.31848e-09
894 1.37 470 0 1.8958e-09 3.31144e-11 2.90253e-09 6.73816e-11 3.74024e-11 -1.86256e-09 -4.13735e-09 -9.9577e-11 3.87551e-10 -3.73042e-13 -6.80297e-11 2.73663e-09
894 1.38 470 0 1.64535e-09 2.51682e-11 2.42292e-09 5.0439e-11 2.84062e-11 -1.60219e-09 -3.45423e-09 -7.49033e-11 3.55116e-10 -3.55478e-13 -5.14471e-11 2.28944e-09
894 1.39 470 0 1.44306e-09 1.95791e-11 2.04704e-09 3.86439e-11 2.20698e-11 -1.39386e-09 -2.91808e-09 -5.766e-11 3.26599e-10 -3.14779e-13 -3.98038e-11 1.93764e-09
894 1.4 470 0 1.27651e-09 1.55195e-11 1.74681e-09 3.01636e-11 1.74602e-11 -1.22391e-09 -2.48928e-09 -4.52155e-11 3.01254e-10 -2.63576e-13 -3.13613e-11 1.65563e-09
894 1.41 470 0 1.13723e-09 1.25053e-11 1.50326e-09 2.3935e-11 1.40335e-11 -1.08305e-09 -2.14099e-09 -3.60414e-11 2.78543e-10 -2.1116e-13 -2.51098e-11 1.42606e-09
894 1.42 470 0 1.01923e-09 1.02159e-11 1.30306e-09 1.92541e-11 1.14266e-11 -9.64709e-10 -1.85439e-09 -2.91222e-11 2.5806e-10 -1.5916e-13 -2.03737e-11 1.23677e-09
894 1.43 470 0 9.18154e-10 8.44308e-12 1.13666e-09 1.56672e-11 9.40257e-12 -8.64167e-10 -1.61595e-09 -2.38019e-11 2.39492e-10 -1.07054e-13 -1.67152e-11 1.07895e-09
894 1.44 470 0 8.3076e-10 7.05237e-12 9.97009e-10 1.28849e-11 7.81049e-12 -7.77909e-10 -1.41568e-09 -1.96617e-11 2.22587e-10 -5.68194e-14 -1.38557e-11 9.46157e-10
894 1.45 470 0 7.54585e-10 5.94483e-12 8.78823e-10 1.06934e-11 6.5359e-12 -7.03279e-10 -1.24607e-09 -1.63916e-11 2.07143e-10 -5.50471e-15 -1.15864e-11 8.33493e-10
894 1.46 470 0 6.87722e-10 5.05255e-12 7.78058e-10 8.94719e-12 5.49951e-12 -6.38231e-10 -1.10139e-09 -1.37804e-11 1.9299e-10 4.99185e-14 -9.76483e-12 7.37226e-10
894 1.47 470 0 6.28671e-10 4.3255e-12 6.91578e-10 7.54023e-12 4.63896e-12 -5.81164e-10 -9.77177e-10 -1.16755e-11 1.79986e-10 1.16529e-13 -8.28655e-12 6.54447e-10
894 1.48 470 0 5.76235e-10 3.72756e-12 6.16921e-10 6.39616e-12 3.90112e-12 -5.30811e-10 -8.69918e-10 -9.96955e-12 1.68008e-10 2.09293e-13 -7.07603e-12 5.82866e-10
894 1.49 470 0 5.29448e-10 3.23151e-12 5.52126e-10 5.45782e-12 3.21751e-12 -4.86154e-10 -7.76821e-10 -8.59291e-12 1.56949e-10 3.74001e-13 -6.07641e-12 5.20656e-10
894 1.5 470 0 4.8752e-10 2.81681e-12 4.95621e-10 4.68233e-12 2.37822e-12 -4.46344e-10 -6.95647e-10 -7.55243e-12 1.46746e-10 8.36643e-13 -5.24478e-12 4.66344e-10
894 1.51 470 0 4.49802e-10 2.46827e-12 4.46128e-10 4.03705e-12 2.00922e-12 -4.07631e-10 -6.25724e-10 -6.56115e-12 1.41037e-10 8.28904e-13 -4.54807e-12 4.18732e-10
894 1.52 470 0 4.15751e-10 2.17175e-12 4.02603e-10 3.49621e-12 2.93766e-12 -3.78202e-10 -5.62275e-10 -5.25757e-12 1.29176e-10 -6.95498e-13 -3.96079e-12 3.76836e-10
894 1.53 470 0 3.84913e-10 1.91934e-12 3.64184e-10 3.04063e-12 2.40159e-12 -3.49559e-10 -5.07076e-10 -4.65251e-12 1.20802e-10 -3.8229e-13 -3.46296e-12 3.39845e-10
894 1.54 470 0 3.56903e-10 1.70292e-12 3.30158e-10 2.65463e-12 2.06019e-12 -3.23519e-10 -4.58273e-10 -4.09494e-12 1.13194e-10 -2.55897e-13 -3.03864e-12 3.07081e-10
894 1.55 470 0 3.31395e-10 1.51645e-12 2.99926e-10 2.326e-12 1.79928e-12 -2.99871e-10 -4.14963e-10 -3.60686e-12 1.06157e-10 -1.86763e-13 -2.67531e-12 2.77976e-10
894 1.56 470 0 3.0811e-10 1.35496e-12 2.72986e-10 2.04488e-12 1.58663e-12 -2.78352e-10 -3.76414e-10 -3.18348e-12 9.96204e-11 -1.42655e-13 -2.36277e-12 2.52054e-10
894 1.57 470 0 2.86804e-10 1.2145e-12 2.48914e-10 1.80335e-12 1.40813e-12 -2.58727e-10 -3.42013e-10 -2.81653e-12 9.35368e-11 -1.11824e-13 -2.09279e-12 2.28908e-10
894 1.58 470 0 2.67271e-10 1.09187e-12 2.27351e-10 1.59506e-12 1.25572e-12 -2.40791e-10 -3.1124e-10 -2.49814e-12 8.78681e-11 -8.8841e-14 -1.85875e-12 2.08193e-10
894 1.59 470 0 2.49329e-10 9.84367e-13 2.07987e-10 1.41484e-12 1.12418e-12 -2.24362e-10 -2.83649e-10 -2.22137e-12 8.25807e-11 -7.103e-14 -1.65525e-12 1.89614e-10
894 1.6 470 0 2.32818e-10 8.89712e-13 1.9056e-10 1.25807e-12 1.00992e-12 -2.09285e-10 -2.5886e-10 -1.97953e-12 7.76447e-11 -5.70948e-14 -1.47733e-12 1.72918e-10
894 1.61 470 0 2.17599e-10 8.06145e-13 1.74842e-10 1.12141e-12 9.09962e-13 -1.95424e-10 -2.36543e-10 -1.76798e-12 7.30335e-11 -4.57725e-14 -1.32151e-12 1.57884e-10
894 1.62 470 0 2.0355e-10 7.32111e-13 1.60638e-10 1.00195e-12 8.22084e-13 -1.82658e-10 -2.16416e-10 -1.5825e-12 6.87225e-11 -3.64749e-14 -1.18468e-12 1.44324e-10
894 1.63 470 0 1.90561e-10 6.66319e-13 1.47777e-10 8.97101e-13 7.44521e-13 -1.70881e-10 -1.98231e-10 -1.41923e-12 6.46898e-11 -2.87696e-14 -1.06406e-12 1.32073e-10
894 1.64 470 0 1.78538e-10 6.07689e-13 1.36111e-10 8.04926e-13 6.75772e-13 -1.60001e-10 -1.81774e-10 -1.27535e-12 6.0915e-11 -2.22921e-14 -9.57575e-13 1.20987e-10
894 1.65 470 0 1.67393e-10 5.55304e-13 1.25512e-10 7.23636e-13 6.1463e-13 -1.49935e-10 -1.66857e-10 -1.14817e-12 5.73797e-11 -1.67886e-14 -8.63286e-13 1.1094e-10
894 1.66 470 0 1.57051e-10 5.08352e-13 1.15866e-10 6.51725e-13 5.60126e-13 -1.4061e-10 -1.53317e-10 -1.03539e-12 5.40669e-11 -1.21709e-14 -7.79538e-13 1.01823e-10
894 1.67 470 0 1.47442e-10 4.66184e-13 1.07074e-10 5.8803e-13 5.11356e-13 -1.3196e-10 -1.41009e-10 -9.35321e-13 5.09611e-11 -8.20829e-15 -7.05089e-13 9.35373e-11
894 1.68 470 0 1.38506e-10 4.28219e-13 9.90492e-11 5.3146e-13 4.67615e-13 -1.23927e-10 -1.29806e-10 -8.46285e-13 4.80478e-11 -4.81319e-15 -6.38733e-13 8.59988e-11
894 1.69 470 0 1.30187e-10 3.9396e-13 9.17138e-11 4.81116e-13 4.28283e-13 -1.16458e-10 -1.19596e-10 -7.66919e-13 4.53141e-11 -1.89251e-15 -5.79481e-13 7.91314e-11
894 1.7 470 0 1.22436e-10 3.62983e-13 8.49997e-11 4.36229e-13 3.92829e-13 -1.09507e-10 -1.1028e-10 -6.96056e-13 4.27475e-11 6.35511e-16 -5.26484e-13 7.28685e-11
894 1.71 470 0 1.15206e-10 3.3491e-13 7.88466e-11 3.96136e-13 3.608e-13 -1.0303e-10 -1.01769e-10 -6.32681e-13 4.0337e-11 2.82319e-15 -4.79005e-13 6.71505e-11
894 1.72 470 0 1.08457e-10 3.09418e-13 7.32007e-11 3.60267e-13 3.31804e-13 -9.69907e-11 -9.3986e-11 -5.75925e-13 3.80722e-11 4.71273e-15 -4.36414e-13 6.19247e-11
894 1.73 470 0 1.02153e-10 2.86227e-13 6.80141e-11 3.28131e-13 3.05499e-13 -9.13533e-11 -8.6861e-11 -5.25029e-13 3.59434e-11 6.3582e-15 -3.98158e-13 5.7144e-11
894 1.74 470 0 9.62586e-11 2.65092e-13 6.32441e-11 2.99311e-13 2.81586e-13 -8.60869e-11 -8.03316e-11 -4.7936e-13 3.39417e-11 7.79542e-15 -3.63775e-13 5.27664e-11
894 1.75 470 0 9.07441e-11 2.45799e-13 5.88526e-11 2.73457e-13 2.59811e-13 -8.1163e-11 -7.43425e-11 -4.38375e-13 3.20589e-11 9.05434e-15 -3.32874e-13 4.87542e-11
894 1.76 470 0 8.55812e-11 2.28131e-13 5.48055e-11 2.50332e-13 2.39931e-13 -7.65556e-11 -6.88441e-11 -4.01681e-13 3.02877e-11 1.01689e-14 -3.05176e-13 4.50739e-11
894 1.77 470 0 8.07441e-11 2.10529e-13 5.10768e-11 2.31852e-13 2.20459e-13 -7.2239e-11 -6.38017e-11 -3.72378e-13 2.86231e-11 1.11143e-14 -2.83585e-13 4.17029e-11
894 1.78 470 0 7.62095e-11 1.95194e-13 4.76307e-11 2.13249e-13 2.0361e-13 -6.81958e-11 -5.9158e-11 -3.4276e-13 2.70536e-11 1.15738e-14 -2.61365e-13 3.86011e-11
894 1.79 470 0 7.19559e-11 1.81223e-13 4.44453e-11 1.96071e-13 1.8837e-13 -6.44048e-11 -5.4883e-11 -3.15322e-13 2.55751e-11 1.18147e-14 -2.40708e-13 3.57485e-11
894 1.8 470 0 6.79636e-11 1.68454e-13 4.14984e-11 1.80282e-13 1.74529e-13 -6.08479e-11 -5.09445e-11 -2.90028e-13 2.41819e-11 1.19018e-14 -2.21611e-13 3.31233e-11
894 1.81 470 0 6.42146e-11 1.56732e-13 3.87699e-11 1.65853e-13 1.61893e-13 -5.75085e-11 -4.73137e-11 -2.66863e-13 2.28689e-11 1.18758e-14 -2.0409e-13 3.07059e-11
894 1.82 470 0 6.0692e-11 1.45959e-13 3.62417e-11 1.52666e-13 1.5034e-13 -5.43716e-11 -4.39641e-11 -2.4565e-13 2.16311e-11 1.17636e-14 -1.88018e-13 2.84784e-11
894 1.83 470 0 5.73807e-11 1.36049e-13 3.38971e-11 1.40613e-13 1.39764e-13 -5.14231e-11 -4.08718e-11 -2.26227e-13 2.0464e-11 1.15828e-14 -1.73277e-13 2.64246e-11
894 1.84 470 0 5.42664e-11 1.26922e-13 3.17211e-11 1.29588e-13 1.3007e-13 -4.86502e-11 -3.80152e-11 -2.08431e-13 1.93631e-11 1.13461e-14 -1.59752e-13 2.45297e-11
894 1.85 470 0 5.13359e-11 1.18509e-13 2.97003e-11 1.19501e-13 1.21174e-13 -4.60412e-11 -3.53746e-11 -1.92126e-13 1.83246e-11 1.10667e-14 -1.47342e-13 2.27804e-11
894 1.86 470 0 4.85774e-11 1.10748e-13 2.78221e-11 1.10269e-13 1.13001e-13 -4.35852e-11 -3.29321e-11 -1.77186e-13 1.73445e-11 1.0753e-14 -1.35958e-13 2.11647e-11
894 1.87 470 0 4.59794e-11 1.03583e-13 2.60753e-11 1.01809e-13 1.05487e-13 -4.12721e-11 -3.06716e-11 -1.63481e-13 1.64195e-11 1.04157e-14 -1.25505e-13 1.96713e-11
894 1.88 470 0 4.35318e-11 9.69603e-14 2.44496e-11 9.40525e-14 9.85661e-14 -3.90926e-11 -2.85783e-11 -1.50904e-13 1.55462e-11 1.00661e-14 -1.15906e-13 1.82905e-11
894 1.89 470 0 4.12249e-11 9.08005e-14 2.29357e-11 8.69435e-14 9.21467e-14 -3.70381e-11 -2.66386e-11 -1.39354e-13 1.47215e-11 9.71697e-15 -1.07091e-13 1.7013e-11
894 1.9 470 0 3.90497e-11 8.50791e-14 2.1525e-11 8.04292e-14 8.61967e-14 -3.51007e-11 -2.48405e-11 -1.28767e-13 1.39426e-11 9.37323e-15 -9.90036e-14 1.58304e-11
894 1.91 470 0 3.69979e-11 7.97642e-14 2.02097e-11 7.4453e-14 8.0681e-14 -3.32728e-11 -2.31726e-11 -1.19055e-13 1.32068e-11 9.03499e-15 -9.15772e-14 1.47353e-11
894 1.92 470 0 3.50619e-11 7.48227e-14 1.89825e-11 6.89654e-14 7.55634e-14 -3.15476e-11 -2.16247e-11 -1.10136e-13 1.25116e-11 8.70268e-15 -8.47515e-14 1.37206e-11
894 1.93 470 0 3.32346e-11 7.02246e-14 1.78371e-11 6.39216e-14 7.08116e-14 -2.99188e-11 -2.01875e-11 -1.01939e-13 1.18546e-11 8.37672e-15 -7.84727e-14 1.278e-11
894 1.94 470 0 3.15091e-11 6.59427e-14 1.67672e-11 5.92817e-14 6.63957e-14 -2.83803e-11 -1.88525e-11 -9.43989e-14 1.12335e-11 8.05746e-15 -7.26921e-14 1.19078e-11
894 1.95 470 0 2.98794e-11 6.19523e-14 1.57674e-11 5.50095e-14 6.2289e-14 -2.69268e-11 -1.76117e-11 -8.7457e-14 1.06464e-11 7.74519e-15 -6.73657e-14 1.10985e-11
894 1.96 470 0 2.83397e-11 5.82307e-14 1.48327e-11 5.10722e-14 5.84671e-14 -2.5553e-11 -1.64581e-11 -8.10602e-14 1.00913e-11 7.44006e-15 -6.24535e-14 1.03474e-11
894 1.97 470 0 2.68844e-11 5.47574e-14 1.39583e-11 4.74403e-14 5.49077e-14 -2.42542e-11 -1.53849e-11 -7.51601e-14 9.56623e-12 7.14209e-15 -5.7919e-14 9.64998e-12
894 1.98 470 0 2.55087e-11 5.15134e-14 1.314e-11 4.40862e-14 5.15907e-14 -2.30259e-11 -1.43863e-11 -6.97115e-14 9.0696e-12 6.85096e-15 -5.37279e-14 9.00213e-12
894 1.99 470 0 2.42078e-11 4.84815e-14 1.23738e-11 4.09835e-14 4.84982e-14 -2.18638e-11 -1.34566e-11 -6.46701e-14 8.59976e-12 6.56545e-15 -4.9846e-14 8.40012e-12
894 2 470 0 2.29773e-11 4.5647e-14 1.1656e-11 3.80982e-14 4.56185e-14 -2.07642e-11 -1.25906e-11 -5.99731e-14 8.15519e-12 6.2783e-15 -4.62229e-14 7.84047e-12
