894 0 330 0 -1.47851e-09 1.50254e-08 -1.75283e-08 -4.43664e-09 0 0 0 0 0 0 -2.1089e-08 -5.40072e-09
894 0.01 330 0 -1.48502e-09 1.50357e-08 -1.75309e-08 -4.42814e-09 6.95648e-10 -9.34512e-10 6.03653e-10 -1.86902e-10 -6.86689e-10 7.77298e-10 -2.10863e-08 -5.39579e-09
894 0.02 330 0 -1.50443e-09 1.5067e-08 -1.75386e-08 -4.40256e-09 1.38869e-09 -1.86935e-09 1.20661e-09 -3.74676e-10 -1.37136e-09 1.55559e-09 -2.10781e-08 -5.38101e-09
894 0.03 330 0 -1.53668e-09 1.5119e-08 -1.75514e-08 -4.36003e-09 2.07651e-09 -2.80485e-09 1.80818e-09 -5.6419e-10 -2.05199e-09 2.33587e-09 -2.10644e-08 -5.35641e-09
894 0.04 330 0 -1.58152e-09 1.51919e-08 -1.75691e-08 -4.30041e-09 2.7565e-09 -3.7413e-09 2.40765e-09 -7.5631e-10 -2.72655e-09 3.11911e-09 -2.1045e-08 -5.32198e-09
894 0.05 330 0 -1.63755e-09 1.52851e-08 -1.75915e-08 -4.22289e-09 3.42608e-09 -4.67898e-09 3.00436e-09 -9.51928e-10 -3.393e-09 3.90617e-09 -2.1019e-08 -5.27896e-09
894 0.06 330 0 -1.70601e-09 1.54004e-08 -1.7618e-08 -4.12897e-09 4.08263e-09 -5.61808e-09 3.59749e-09 -1.15181e-09 -4.04927e-09 4.69811e-09 -2.09881e-08 -5.22519e-09
894 0.07 330 0 -1.78554e-09 1.55371e-08 -1.76484e-08 -4.01776e-09 4.72354e-09 -6.55879e-09 4.18634e-09 -1.35683e-09 -4.69328e-09 5.49572e-09 -2.09512e-08 -5.16183e-09
894 0.08 330 0 -1.87532e-09 1.56955e-08 -1.76823e-08 -3.88911e-09 5.34624e-09 -7.50119e-09 4.77014e-09 -1.5678e-09 -5.32292e-09 6.29983e-09 -2.09081e-08 -5.08898e-09
894 0.09 330 0 -1.97452e-09 1.58759e-08 -1.77191e-08 -3.74304e-09 5.94815e-09 -8.44531e-09 5.3481e-09 -1.7855e-09 -5.93606e-09 7.11119e-09 -2.08586e-08 -5.00682e-09
894 0.1 330 0 -2.08242e-09 1.60783e-08 -1.77577e-08 -3.57916e-09 6.52664e-09 -9.39107e-09 5.91937e-09 -2.01068e-09 -6.53062e-09 7.9304e-09 -2.08034e-08 -4.91489e-09
894 0.11 330 0 -2.19732e-09 1.63034e-08 -1.77984e-08 -3.39778e-09 7.07926e-09 -1.03383e-08 6.48316e-09 -2.24411e-09 -7.10424e-09 8.75819e-09 -2.07404e-08 -4.81453e-09
894 0.12 330 0 -2.31834e-09 1.65514e-08 -1.78399e-08 -3.1986e-09 7.60343e-09 -1.12867e-08 7.03858e-09 -2.48649e-09 -7.65475e-09 9.59503e-09 -2.06701e-08 -4.70537e-09
894 0.13 330 0 -2.44331e-09 1.68214e-08 -1.78815e-08 -2.98093e-09 8.09668e-09 -1.2236e-08 7.58479e-09 -2.73856e-09 -8.17996e-09 1.04411e-08 -2.05913e-08 -4.58874e-09
894 0.14 330 0 -2.57272e-09 1.71157e-08 -1.79216e-08 -2.74568e-09 8.55637e-09 -1.31854e-08 8.12062e-09 -3.00077e-09 -8.67755e-09 1.1297e-08 -2.05066e-08 -4.46206e-09
894 0.15 330 0 -2.70353e-09 1.74337e-08 -1.79602e-08 -2.4928e-09 8.98029e-09 -1.41345e-08 8.64526e-09 -3.27381e-09 -9.14505e-09 1.21628e-08 -2.04126e-08 -4.328e-09
894 0.16 330 0 -2.83438e-09 1.77756e-08 -1.79958e-08 -2.22187e-09 9.36592e-09 -1.50823e-08 9.15763e-09 -3.5582e-09 -9.58016e-09 1.30387e-08 -2.031e-08 -4.18621e-09
894 0.17 330 0 -2.96251e-09 1.81404e-08 -1.80273e-08 -1.93227e-09 9.71101e-09 -1.60279e-08 9.65677e-09 -3.85453e-09 -9.98055e-09 1.3924e-08 -2.01974e-08 -4.03816e-09
894 0.18 330 0 -3.08797e-09 1.85303e-08 -1.80529e-08 -1.62524e-09 1.00131e-08 -1.697e-08 1.01413e-08 -4.16296e-09 -1.03438e-08 1.48191e-08 -2.00771e-08 -3.88154e-09
894 0.19 330 0 -3.20721e-09 1.89446e-08 -1.80721e-08 -1.30051e-09 1.02702e-08 -1.79074e-08 1.06102e-08 -4.48398e-09 -1.06673e-08 1.57233e-08 -1.99459e-08 -3.71897e-09
894 0.2 330 0 -3.31842e-09 1.93829e-08 -1.80827e-08 -9.58003e-10 1.048e-08 -1.88385e-08 1.10623e-08 -4.81783e-09 -1.09487e-08 1.66359e-08 -1.98052e-08 -3.54989e-09
894 0.21 330 0 -3.4182e-09 1.98442e-08 -1.80842e-08 -5.97644e-10 1.06408e-08 -1.97618e-08 1.14964e-08 -5.16488e-09 -1.11854e-08 1.7556e-08 -1.96518e-08 -3.37693e-09
894 0.22 330 0 -3.50549e-09 2.03304e-08 -1.80744e-08 -2.20793e-10 1.07505e-08 -2.06751e-08 1.19111e-08 -5.5249e-09 -1.1375e-08 1.84831e-08 -1.94879e-08 -3.19817e-09
894 0.23 330 0 -3.57775e-09 2.08397e-08 -1.80513e-08 1.72665e-10 1.08072e-08 -2.15765e-08 1.23049e-08 -5.89802e-09 -1.15151e-08 1.94154e-08 -1.93128e-08 -3.01465e-09
894 0.24 330 0 -3.63059e-09 2.1371e-08 -1.80142e-08 5.82815e-10 1.08098e-08 -2.24638e-08 1.26769e-08 -6.28437e-09 -1.16031e-08 2.03515e-08 -1.91237e-08 -2.82929e-09
894 0.25 330 0 -3.66333e-09 2.19255e-08 -1.79602e-08 1.00801e-09 1.07563e-08 -2.33341e-08 1.30252e-08 -6.68333e-09 -1.16368e-08 2.129e-08 -1.89234e-08 -2.63969e-09
894 0.26 330 0 -3.67119e-09 2.25002e-08 -1.78887e-08 1.44842e-09 1.06459e-08 -2.41852e-08 1.33487e-08 -7.095e-09 -1.16134e-08 2.22285e-08 -1.8708e-08 -2.44982e-09
894 0.27 330 0 -3.65305e-09 2.30961e-08 -1.77966e-08 1.90203e-09 1.04773e-08 -2.50139e-08 1.36456e-08 -7.51844e-09 -1.15311e-08 2.31653e-08 -1.84804e-08 -2.25765e-09
894 0.28 330 0 -3.60429e-09 2.37096e-08 -1.76826e-08 2.3689e-09 1.02498e-08 -2.58173e-08 1.39147e-08 -7.95349e-09 -1.13875e-08 2.40974e-08 -1.82376e-08 -2.06656e-09
894 0.29 330 0 -3.52277e-09 2.43419e-08 -1.75451e-08 2.84665e-09 9.96301e-09 -2.6592e-08 1.41544e-08 -8.39906e-09 -1.118e-08 2.50228e-08 -1.79801e-08 -1.87644e-09
894 0.3 330 0 -3.40532e-09 2.49896e-08 -1.73813e-08 3.33455e-09 9.61644e-09 -2.73345e-08 1.4363e-08 -8.85434e-09 -1.09073e-08 2.59379e-08 -1.77083e-08 -1.68823e-09
894 0.31 330 0 -3.25165e-09 2.56515e-08 -1.71923e-08 3.83205e-09 9.20898e-09 -2.80414e-08 1.45397e-08 -9.31888e-09 -1.05671e-08 2.68398e-08 -1.74194e-08 -1.50531e-09
894 0.32 330 0 -3.05425e-09 2.63398e-08 -1.69729e-08 4.34091e-09 8.74058e-09 -2.8703e-08 1.46813e-08 -9.7912e-09 -1.01553e-08 2.77243e-08 -1.71148e-08 -1.33084e-09
894 0.33 330 0 -2.8123e-09 2.70402e-08 -1.67216e-08 4.85516e-09 8.21307e-09 -2.93198e-08 1.4787e-08 -1.02696e-08 -9.67243e-09 2.85884e-08 -1.67952e-08 -1.16197e-09
894 0.34 330 0 -2.51955e-09 2.77381e-08 -1.64356e-08 5.37034e-09 7.62931e-09 -2.98917e-08 1.48563e-08 -1.07524e-08 -9.11896e-09 2.94265e-08 -1.64591e-08 -1.00041e-09
894 0.35 330 0 -2.17439e-09 2.84376e-08 -1.61138e-08 5.88441e-09 6.9903e-09 -3.04125e-08 1.48872e-08 -1.12376e-08 -8.49263e-09 3.02353e-08 -1.6107e-08 -8.47802e-10
894 0.36 330 0 -1.77439e-09 2.91343e-08 -1.57541e-08 6.39629e-09 6.29703e-09 -3.0878e-08 1.48785e-08 -1.17237e-08 -7.79328e-09 3.10092e-08 -1.57388e-08 -7.06772e-10
894 0.37 330 0 -1.31696e-09 2.98257e-08 -1.53552e-08 6.90249e-09 5.55196e-09 -3.12838e-08 1.48288e-08 -1.22084e-08 -7.02008e-09 3.17435e-08 -1.53547e-08 -5.78858e-10
894 0.38 330 0 -7.99133e-10 3.05063e-08 -1.49148e-08 7.39831e-09 4.7588e-09 -3.16268e-08 1.4737e-08 -1.26886e-08 -6.17349e-09 3.24336e-08 -1.49556e-08 -4.65058e-10
894 0.39 330 0 -2.18505e-10 3.11709e-08 -1.44323e-08 7.88208e-09 3.92013e-09 -3.19024e-08 1.46023e-08 -1.31626e-08 -5.25378e-09 3.3073e-08 -1.45405e-08 -3.69011e-10
894 0.4 330 0 4.2637e-10 3.18157e-08 -1.39064e-08 8.34925e-09 3.03944e-09 -3.21069e-08 1.44236e-08 -1.36271e-08 -4.26153e-09 3.36566e-08 -1.41108e-08 -2.9219e-10
894 0.41 330 0 1.13728e-09 3.24355e-08 -1.33359e-08 8.79588e-09 2.12127e-09 -3.22362e-08 1.42003e-08 -1.40792e-08 -3.19825e-09 3.41784e-08 -1.3667e-08 -2.36671e-10
894 0.42 330 0 1.91544e-09 3.30257e-08 -1.27201e-08 9.21708e-09 1.17013e-09 -3.2287e-08 1.39315e-08 -1.45152e-08 -2.06533e-09 3.46332e-08 -1.32108e-08 -2.04195e-10
894 0.43 330 0 2.7622e-09 3.35772e-08 -1.20587e-08 9.60897e-09 1.91176e-10 -3.22565e-08 1.36175e-08 -1.49323e-08 -8.65608e-10 3.50137e-08 -1.27421e-08 -1.98087e-10
894 0.44 330 0 3.67756e-09 3.40851e-08 -1.13516e-08 9.96604e-09 -8.10108e-10 -3.21417e-08 1.32578e-08 -1.53263e-08 3.98267e-10 3.53142e-08 -1.22626e-08 -2.20182e-10
894 0.45 330 0 4.65892e-09 3.45432e-08 -1.06006e-08 1.02835e-08 -1.82874e-09 -3.19404e-08 1.28531e-08 -1.56938e-08 1.72254e-09 3.55292e-08 -1.17742e-08 -2.72596e-10
894 0.46 330 0 5.7115e-09 3.49433e-08 -9.80318e-09 1.05551e-08 -2.85589e-09 -3.16502e-08 1.24033e-08 -1.60299e-08 3.10388e-09 3.56512e-08 -1.12787e-08 -3.58112e-10
894 0.47 330 0 6.83109e-09 3.52787e-08 -8.96218e-09 1.07755e-08 -3.88594e-09 -3.12699e-08 1.19094e-08 -1.63307e-08 4.53727e-09 3.56748e-08 -1.07782e-08 -4.78896e-10
894 0.48 330 0 8.01606e-09 3.55419e-08 -8.07924e-09 1.09387e-08 -4.9117e-09 -3.07984e-08 1.13726e-08 -1.65917e-08 6.01753e-09 3.55939e-08 -1.02753e-08 -6.37331e-10
894 0.49 330 0 9.26372e-09 3.57255e-08 -7.15626e-09 1.10383e-08 -5.92595e-09 -3.02355e-08 1.07944e-08 -1.68082e-08 7.53838e-09 3.54028e-08 -9.77299e-09 -8.35056e-10
894 0.5 330 0 1.05715e-08 3.58196e-08 -6.19662e-09 1.10676e-08 -6.91978e-09 -2.95831e-08 1.01775e-08 -1.69753e-08 9.09336e-09 3.50958e-08 -9.2735e-09 -1.07541e-09
894 0.51 330 0 1.1935e-08 3.58207e-08 -5.2036e-09 1.10216e-08 -7.88675e-09 -2.8839e-08 9.52342e-09 -1.70883e-08 1.06763e-08 3.46674e-08 -8.78078e-09 -1.36021e-09
894 0.52 330 0 1.33497e-08 3.57173e-08 -4.18114e-09 1.08927e-08 -8.81849e-09 -2.80073e-08 8.83556e-09 -1.71422e-08 1.2278e-08 3.41122e-08 -8.29835e-09 -1.69075e-09
894 0.53 330 0 1.48105e-08 3.5505e-08 -3.13438e-09 1.06745e-08 -9.70618e-09 -2.70894e-08 8.11732e-09 -1.71316e-08 1.38916e-08 3.34268e-08 -7.83098e-09 -2.06985e-09
894 0.54 330 0 1.63112e-08 3.5175e-08 -2.06867e-09 1.03603e-08 -1.05423e-08 -2.60889e-08 7.37261e-09 -1.70513e-08 1.55072e-08 3.26066e-08 -7.38325e-09 -2.49789e-09
894 0.55 330 0 1.78422e-08 3.47214e-08 -9.92238e-10 9.94491e-09 -1.13206e-08 -2.50087e-08 6.60645e-09 -1.68969e-08 1.71156e-08 3.16476e-08 -6.95892e-09 -2.97698e-09
894 0.56 330 0 1.94008e-08 3.41338e-08 9.02085e-11 9.41931e-09 -1.20289e-08 -2.3857e-08 5.82405e-09 -1.66618e-08 1.87067e-08 3.05469e-08 -6.5649e-09 -3.50875e-09
894 0.57 330 0 2.09758e-08 3.3406e-08 1.16888e-09 8.77802e-09 -1.26625e-08 -2.26384e-08 5.03153e-09 -1.63416e-08 2.02695e-08 2.93015e-08 -6.2059e-09 -4.09253e-09
894 0.58 330 0 2.25581e-08 3.25347e-08 2.23481e-09 8.01499e-09 -1.32133e-08 -2.13585e-08 4.23545e-09 -1.59306e-08 2.17935e-08 2.79108e-08 -5.88937e-09 -4.72943e-09
894 0.59 330 0 2.41367e-08 3.15105e-08 3.27681e-09 7.12415e-09 -1.36754e-08 -2.00261e-08 3.44401e-09 -1.54241e-08 2.32669e-08 2.63721e-08 -5.62063e-09 -5.41942e-09
894 0.6 330 0 2.57007e-08 3.03313e-08 4.28419e-09 6.09883e-09 -1.40424e-08 -1.8648e-08 2.66532e-09 -1.4816e-08 2.46777e-08 2.46864e-08 -5.40857e-09 -6.16184e-09
894 0.61 330 0 2.7238e-08 2.89888e-08 5.24313e-09 4.93671e-09 -1.43083e-08 -1.72359e-08 1.90959e-09 -1.41037e-08 2.60134e-08 2.28523e-08 -5.2594e-09 -6.95483e-09
894 0.62 330 0 2.87367e-08 2.74812e-08 6.14003e-09 3.63316e-09 -1.44688e-08 -1.57976e-08 1.18684e-09 -1.32824e-08 2.72622e-08 2.08714e-08 -5.18194e-09 -7.79619e-09
894 0.63 330 0 3.01812e-08 2.58063e-08 6.9588e-09 2.18489e-09 -1.45209e-08 -1.43429e-08 5.09078e-10 -1.23484e-08 2.84103e-08 1.87461e-08 -5.18463e-09 -8.68282e-09
894 0.64 330 0 3.1562e-08 2.39571e-08 7.68373e-09 5.88433e-10 -1.44589e-08 -1.28872e-08 -1.10821e-10 -1.12984e-08 2.94457e-08 1.64785e-08 -5.27621e-09 -9.61079e-09
894 0.65 330 0 3.28612e-08 2.19322e-08 8.29601e-09 -1.15814e-09 -1.42828e-08 -1.14416e-08 -6.58263e-10 -1.01297e-08 3.03537e-08 1.40721e-08 -5.46623e-09 -1.0575e-08
894 0.66 330 0 3.40641e-08 1.97319e-08 8.7755e-09 -3.05383e-09 -1.39913e-08 -1.00164e-08 -1.11787e-09 -8.84078e-09 3.11218e-08 1.15306e-08 -5.7638e-09 -1.15694e-08
894 0.67 330 0 3.51548e-08 1.73547e-08 9.09963e-09 -5.09727e-09 -1.35843e-08 -8.62601e-09 -1.47188e-09 -7.43124e-09 3.17363e-08 8.85891e-09 -6.17719e-09 -1.25857e-08
894 0.68 330 0 3.61156e-08 1.48015e-08 9.2465e-09 -7.28571e-09 -1.30635e-08 -7.28306e-09 -1.7015e-09 -5.90113e-09 3.21824e-08 6.06312e-09 -6.71878e-09 -1.36158e-08
894 0.69 330 0 3.69284e-08 1.20714e-08 9.18942e-09 -9.61409e-09 -1.24323e-08 -6.00183e-09 -1.7854e-09 -4.25275e-09 3.24459e-08 3.14835e-09 -7.39605e-09 -1.46481e-08
894 0.7 330 0 3.75729e-08 9.16918e-09 8.90159e-09 -1.2073e-08 -1.1695e-08 -4.79227e-09 -1.70103e-09 -2.49029e-09 3.25117e-08 1.21269e-10 -8.21974e-09 -1.56705e-08
894 0.71 330 0 3.8033e-08 6.09339e-09 8.35364e-09 -1.46537e-08 -1.08556e-08 -3.67481e-09 -1.42258e-09 -6.19924e-10 3.23657e-08 -3.00916e-09 -9.1983e-09 -1.66677e-08
894 0.72 330 0 3.82842e-08 2.84745e-09 7.51454e-09 -1.73408e-08 -9.92301e-09 -2.66087e-09 -9.22923e-10 1.34884e-09 3.19903e-08 -6.2364e-09 -1.03411e-08 -1.76231e-08
894 0.73 330 0 3.83046e-08 -5.63364e-10 6.35046e-09 -2.01152e-08 -8.90511e-09 -1.76374e-09 -1.72126e-10 3.40325e-09 3.13694e-08 -9.55121e-09 -1.16549e-08 -1.85171e-08
894 0.74 330 0 3.8069e-08 -4.1344e-09 4.82589e-09 -2.29531e-08 -7.81217e-09 -9.97913e-10 8.62335e-10 5.52603e-09 3.0484e-08 -1.2944e-08 -1.31458e-08 -1.93274e-08
894 0.75 330 0 3.75498e-08 -7.86058e-09 2.90312e-09 -2.58255e-08 -6.65686e-09 -3.76192e-10 2.2152e-09 7.69552e-09 2.93142e-08 -1.64055e-08 -1.48168e-08 -2.00285e-08
894 0.76 330 0 3.67163e-08 -1.17306e-08 5.43872e-10 -2.86937e-08 -5.45057e-09 9.22187e-11 3.92317e-09 9.88297e-09 2.78367e-08 -1.99243e-08 -1.667e-08 -2.0593e-08
894 0.77 330 0 3.55338e-08 -1.57435e-08 -2.29047e-09 -3.15151e-08 -4.21226e-09 3.87297e-10 6.02506e-09 1.20523e-08 2.60261e-08 -2.34895e-08 -1.87045e-08 -2.09901e-08
894 0.78 330 0 3.3963e-08 -1.98843e-08 -5.64146e-09 -3.42349e-08 -2.95767e-09 5.00736e-10 8.56185e-09 1.41595e-08 2.38523e-08 -2.70863e-08 -2.09128e-08 -2.11853e-08
894 0.79 330 0 3.19571e-08 -2.41399e-08 -9.54718e-09 -3.67863e-08 -1.70657e-09 4.19628e-10 1.15742e-08 1.6148e-08 2.12792e-08 -3.06987e-08 -2.32852e-08 -2.11429e-08
894 0.8 330 0 2.9464e-08 -2.84885e-08 -1.40472e-08 -3.90926e-08 -4.79089e-10 1.32802e-10 1.51045e-08 1.79512e-08 1.8265e-08 -3.4303e-08 -2.58028e-08 -2.08233e-08
894 0.81 330 0 2.64283e-08 -3.29018e-08 -1.91924e-08 -4.10887e-08 7.08416e-10 -3.72739e-10 1.91982e-08 1.95305e-08 1.47619e-08 -3.78696e-08 -2.84289e-08 -2.01986e-08
894 0.82 330 0 2.27755e-08 -3.73533e-08 -2.50034e-08 -4.2616e-08 1.82923e-09 -1.12448e-09 2.39033e-08 2.07189e-08 1.07174e-08 -4.13815e-08 -3.11401e-08 -1.92119e-08
894 0.83 330 0 1.84061e-08 -4.17957e-08 -3.14855e-08 -4.35472e-08 2.84619e-09 -2.1237e-09 2.92339e-08 2.13965e-08 6.04467e-09 -4.47858e-08 -3.38992e-08 -1.78263e-08
894 0.84 330 0 1.32079e-08 -4.61612e-08 -3.86479e-08 -4.37369e-08 3.71974e-09 -3.38442e-09 3.52085e-08 2.14242e-08 6.4748e-10 -4.80146e-08 -3.6651e-08 -1.60071e-08
894 0.85 330 0 7.04835e-09 -5.03491e-08 -4.64862e-08 -4.30125e-08 4.40649e-09 -4.92178e-09 4.18348e-08 2.06324e-08 -5.58958e-09 -5.097e-08 -3.93277e-08 -1.37238e-08
894 0.86 330 0 -2.31177e-10 -5.42098e-08 -5.49774e-08 -4.1171e-08 4.85849e-09 -6.74963e-09 4.91041e-08 1.8818e-08 -1.28075e-08 -5.35087e-08 -4.18496e-08 -1.0954e-08
894 0.87 330 0 -8.82346e-09 -5.75379e-08 -6.40864e-08 -3.79903e-08 4.97786e-09 -8.89962e-09 5.69934e-08 1.5753e-08 -2.1171e-08 -5.54193e-08 -4.4126e-08 -7.69073e-09
894 0.88 330 0 -1.89395e-08 -6.00253e-08 -7.37285e-08 -3.31806e-08 4.66722e-09 -1.13931e-08 6.54328e-08 1.1143e-08 -3.0861e-08 -5.64097e-08 -4.60584e-08 -3.94523e-09
894 0.89 330 0 -3.08091e-08 -6.12147e-08 -8.37717e-08 -2.63905e-08 3.82836e-09 -1.42438e-08 7.43056e-08 4.61833e-09 -4.2083e-08 -5.60456e-08 -4.75411e-08 2.55798e-10
894 0.9 330 0 -4.46678e-08 -6.04244e-08 -9.40316e-08 -1.71936e-08 2.29595e-09 -1.74738e-08 8.34351e-08 -4.27303e-09 -5.50405e-08 -5.36653e-08 -4.84666e-08 4.85893e-09
894 0.91 330 0 -6.06985e-08 -5.66176e-08 -1.04232e-07 -5.03178e-09 -1.65501e-10 -2.10987e-08 9.25444e-08 -1.61244e-08 -6.988e-08 -4.82587e-08 -4.87324e-08 9.78362e-09
894 0.92 330 0 -7.89004e-08 -4.82108e-08 -1.13938e-07 1.08598e-08 -3.92406e-09 -2.51096e-08 1.01179e-07 -3.17505e-08 -8.65514e-08 -3.82743e-08 -4.82491e-08 1.49229e-08
894 0.93 330 0 -9.87586e-08 -3.26964e-08 -1.22392e-07 3.16078e-08 -9.54904e-09 -2.9422e-08 1.08535e-07 -5.23402e-08 -1.04477e-07 -2.12537e-08 -4.69517e-08 2.01454e-08
894 0.94 330 0 -1.18387e-07 -6.09919e-09 -1.28107e-07 5.89333e-08 -1.79885e-08 -3.37324e-08 1.13019e-07 -7.96933e-08 -1.21676e-07 6.70076e-09 -4.48118e-08 2.53084e-08
894 0.95 330 0 -1.32164e-07 3.77098e-08 -1.27762e-07 9.54501e-08 -3.08446e-08 -3.70831e-08 1.11087e-07 -1.16504e-07 -1.32377e-07 5.15652e-08 -4.18496e-08 3.02874e-08
894 0.96 330 0 -1.24065e-07 1.06045e-07 -1.13132e-07 1.44249e-07 -5.06359e-08 -3.64766e-08 9.40247e-08 -1.65858e-07 -1.20341e-07 1.20295e-07 -3.81219e-08 3.50581e-08
894 0.97 330 0 -5.16624e-08 1.92714e-07 -6.36769e-08 2.02485e-07 -7.90374e-08 -2.28058e-08 4.03131e-08 -2.24335e-07 -4.30479e-08 2.05751e-07 -3.35426e-08 3.98732e-08
894 0.98 330 0 1.45178e-07 1.98692e-07 5.09168e-08 2.26665e-07 -1.01594e-07 2.28363e-08 -8.09843e-08 -2.45633e-07 1.58144e-07 2.07136e-07 -2.6973e-08 4.51304e-08
894 0.99 330 0 2.72913e-07 -9.13554e-08 1.57501e-07 1.22264e-07 -6.75983e-08 8.1854e-08 -1.91283e-07 -1.32007e-07 2.85172e-07 -8.89382e-08 -1.60347e-08 4.83856e-08
894 1 330 0 -5.70239e-06 -2.11201e-07 1.06052e-07 2.03698e-09 -1.43987e-10 8.18772e-08 -1.38954e-07 -2.16574e-09 -5.69003e-06 -2.11276e-07 -1.1447e-10 4.92614e-08
894 1.01 330 0 -5.50938e-08 3.06875e-09 5.86861e-08 9.68454e-10 3.10371e-10 4.5644e-08 -8.25703e-08 -9.7329e-10 -4.68307e-08 2.94255e-09 1.30327e-11 3.34193e-08
894 1.02 330 0 -3.58686e-08 2.24212e-09 3.97926e-08 6.60752e-10 3.64266e-10 3.6996e-08 -6.11508e-08 -6.34198e-10 -2.82332e-08 2.10502e-09 3.55036e-11 2.88777e-08
894 1.03 330 0 -3.07974e-08 1.82472e-09 2.87397e-08 5.12644e-10 3.86836e-10 3.24996e-08 -4.84859e-08 -4.67016e-10 -2.33868e-08 1.6791e-09 4.85055e-11 2.58661e-08
894 1.04 330 0 -2.93126e-08 1.57795e-09 2.13267e-08 4.28899e-10 4.01837e-10 2.98727e-08 -3.99352e-08 -3.69111e-10 -2.19034e-08 1.42411e-09 5.75622e-11 2.36419e-08
894 1.05 330 0 -2.91836e-08 1.42093e-09 1.59417e-08 3.77774e-10 4.16371e-10 2.82972e-08 -3.3712e-08 -3.05884e-10 -2.16261e-08 1.25801e-09 6.46986e-11 2.19097e-08
894 1.06 330 0 -2.9711e-08 1.31771e-09 1.1806e-08 3.45567e-10 4.30723e-10 2.73992e-08 -2.89508e-08 -2.6299e-10 -2.18899e-08 1.14546e-09 7.09041e-11 2.05188e-08
894 1.07 330 0 -3.06275e-08 1.2505e-09 8.49058e-09 3.25489e-10 4.47298e-10 2.69807e-08 -2.51727e-08 -2.32565e-10 -2.24466e-08 1.06778e-09 7.67314e-11 1.93805e-08
894 1.08 330 0 -3.18214e-08 1.20991e-09 5.73626e-09 3.14048e-10 4.67614e-10 2.69299e-08 -2.20883e-08 -2.10379e-10 -2.31943e-08 1.01489e-09 8.25527e-11 1.84391e-08
894 1.09 330 0 -3.32499e-08 1.18953e-09 3.37485e-09 3.08955e-10 4.90637e-10 2.71853e-08 -1.95116e-08 -1.94286e-10 -2.40917e-08 9.80956e-10 8.8636e-11 1.76577e-08
894 1.1 330 0 -3.49014e-08 1.18688e-09 1.29099e-09 3.09242e-10 5.18213e-10 2.77107e-08 -1.73161e-08 -1.82605e-10 -2.51262e-08 9.62568e-10 9.52453e-11 1.7011e-08
894 1.11 330 0 -3.67844e-08 1.20117e-09 -5.99112e-10 3.14573e-10 5.52003e-10 2.84899e-08 -1.54125e-08 -1.74364e-10 -2.63008e-08 9.58009e-10 1.0265e-10 1.64817e-08
894 1.12 330 0 -3.89241e-08 1.2311e-09 -2.36047e-09 3.2446e-10 5.91585e-10 2.9524e-08 -1.37354e-08 -1.69139e-10 -2.76302e-08 9.66247e-10 1.11083e-10 1.60585e-08
894 1.13 330 0 -4.13574e-08 1.27834e-09 -4.0461e-09 3.39359e-10 6.39441e-10 3.08248e-08 -1.22349e-08 -1.66529e-10 -2.91374e-08 9.87625e-10 1.20907e-10 1.57348e-08
894 1.14 330 0 -4.41352e-08 1.34602e-09 -5.70264e-09 3.60194e-10 6.98659e-10 3.24169e-08 -1.08715e-08 -1.66405e-10 -3.08548e-08 1.02358e-09 1.32595e-10 1.55074e-08
894 1.15 330 0 -4.73306e-08 1.43626e-09 -7.37564e-09 3.87519e-10 7.70467e-10 3.43432e-08 -9.61267e-09 -1.68898e-10 -3.28279e-08 1.07565e-09 1.46634e-10 1.53781e-08
894 1.16 330 0 -5.1038e-08 1.55568e-09 -9.11191e-09 4.23298e-10 8.60078e-10 3.66623e-08 -8.43005e-09 -1.74251e-10 -3.51162e-08 1.14768e-09 1.63862e-10 1.53522e-08
894 1.17 330 0 -5.53871e-08 1.7139e-09 -1.09647e-08 4.70391e-10 9.74503e-10 3.94586e-08 -7.29714e-09 -1.83018e-10 -3.7801e-08 1.2455e-09 1.85466e-10 1.54402e-08
894 1.18 330 0 -6.0561e-08 1.92223e-09 -1.30003e-08 5.32061e-10 1.12108e-09 4.28555e-08 -6.18727e-09 -1.96073e-10 -4.09964e-08 1.37662e-09 2.12985e-10 1.56603e-08
894 1.19 330 0 -6.68159e-08 2.20358e-09 -1.53046e-08 6.15126e-10 1.31604e-09 4.70271e-08 -5.07074e-09 -2.14936e-10 -4.48624e-08 1.55525e-09 2.49139e-10 1.60397e-08
894 1.2 330 0 -7.45353e-08 2.58853e-09 -1.79997e-08 7.28536e-10 1.57974e-09 5.22375e-08 -3.91117e-09 -2.41943e-10 -4.9638e-08 1.80123e-09 2.97815e-10 1.6622e-08
894 1.21 330 0 -8.43007e-08 3.13747e-09 -2.12657e-08 8.90189e-10 1.95392e-09 5.88884e-08 -2.65922e-09 -2.8139e-10 -5.56855e-08 2.15256e-09 3.66244e-10 1.74747e-08
894 1.22 330 0 -9.70609e-08 3.94907e-09 -2.53908e-08 1.12917e-09 2.50541e-09 6.76378e-08 -1.2411e-09 -3.40637e-10 -6.35954e-08 2.67241e-09 4.66608e-10 1.87105e-08
894 1.23 330 0 -1.14448e-07 5.22818e-09 -3.08669e-08 1.50614e-09 3.37457e-09 7.96193e-08 4.64942e-10 -4.34627e-10 -7.43839e-08 3.49041e-09 6.23744e-10 2.05247e-08
894 1.24 330 0 -1.39543e-07 7.42685e-09 -3.86176e-08 2.15507e-09 4.87149e-09 9.69746e-08 2.68299e-09 -5.96336e-10 -8.99685e-08 4.89226e-09 8.92484e-10 2.32882e-08
894 1.25 330 0 -1.78954e-07 1.17007e-08 -5.06187e-08 3.41866e-09 7.78959e-09 1.243e-07 5.88711e-09 -9.09909e-10 -1.14461e-07 7.60743e-09 1.41329e-09 2.77985e-08
894 1.26 330 0 -2.49744e-07 2.19391e-08 -7.1968e-08 6.45247e-09 1.4809e-08 1.73467e-07 1.12953e-08 -1.65689e-09 -1.58478e-07 1.40816e-08 2.65763e-09 3.61178e-08
894 1.27 330 0 -4.13274e-07 5.84415e-08 -1.20991e-07 1.72957e-08 3.99553e-08 2.87182e-07 2.32752e-08 -4.29958e-09 -2.60189e-07 3.7042e-08 7.0856e-09 5.56644e-08
894 1.28 330 0 -1.11431e-06 4.7413e-07 -3.30576e-07 1.4115e-07 3.28016e-07 7.75302e-07 7.34153e-08 -3.40902e-08 -6.95953e-07 2.96841e-07 5.74165e-08 1.402e-07
894 1.29 330 0 1.02282e-06 3.68989e-07 3.0726e-07 1.10469e-07 2.5809e-07 -7.11265e-07 -7.84928e-08 -2.60259e-08 6.34332e-07 2.28256e-07 4.45372e-08 -1.18453e-07
894 1.3 330 0 3.93714e-07 4.75073e-08 1.19415e-07 1.42972e-08 3.35664e-08 -2.74262e-07 -3.33113e-08 -3.29777e-09 2.42272e-07 2.90465e-08 5.70507e-09 -4.25449e-08
894 1.31 330 0 2.39397e-07 1.68753e-08 7.32196e-08 5.10343e-09 1.20347e-08 -1.6703e-07 -2.20516e-08 -1.15732e-09 1.462e-07 1.02014e-08 2.01232e-09 -2.40646e-08
894 1.32 330 0 1.71252e-07 8.36593e-09 5.2752e-08 2.5416e-09 6.0175e-09 -1.19691e-07 -1.69526e-08 -5.69007e-10 1.03804e-07 5.00187e-09 9.8864e-10 -1.59983e-08
894 1.33 330 0 1.32952e-07 4.90484e-09 4.12019e-08 1.49638e-09 3.55563e-09 -9.30969e-08 -1.39961e-08 -3.3214e-10 7.99942e-08 2.90157e-09 5.73374e-10 -1.15333e-08
894 1.34 330 0 1.08423e-07 3.17923e-09 3.37708e-08 9.73711e-10 2.32121e-09 -7.60737e-08 -1.20348e-08 -2.15186e-10 6.47598e-08 1.86157e-09 3.66907e-10 -8.72608e-09
894 1.35 330 0 9.13683e-08 2.20609e-09 2.8579e-08 6.78052e-10 1.62109e-09 -6.42441e-08 -1.06187e-08 -1.49819e-10 5.41795e-08 1.27921e-09 2.5091e-10 -6.81548e-09
894 1.36 330 0 7.88202e-08 1.60729e-09 2.47397e-08 4.95587e-10 1.18791e-09 -5.55448e-08 -9.53554e-09 -1.09931e-10 4.64051e-08 9.23374e-10 1.79821e-10 -5.44306e-09
894 1.37 330 0 6.91978e-08 1.21447e-09 2.17803e-08 3.75558e-10 9.02218e-10 -4.88768e-08 -8.6716e-09 -8.39808e-11 4.04521e-08 6.9159e-10 1.3338e-10 -4.41805e-09
894 1.38 330 0 6.15824e-08 9.44986e-10 1.94263e-08 2.92969e-10 7.05165e-10 -4.36017e-08 -7.9607e-09 -6.62962e-11 3.57486e-08 5.33744e-10 1.01706e-10 -3.62972e-09
894 1.39 330 0 5.54034e-08 7.52767e-10 1.75067e-08 2.33896e-10 5.63873e-10 -3.93228e-08 -7.36145e-09 -5.37666e-11 3.19392e-08 4.21987e-10 7.92516e-11 -3.00942e-09
894 1.4 330 0 5.02876e-08 6.11115e-10 1.59098e-08 1.90258e-10 4.59193e-10 -3.5781e-08 -6.84658e-09 -4.46123e-11 2.87916e-08 3.40271e-10 6.27999e-11 -2.51237e-09
894 1.41 330 0 4.59813e-08 5.04454e-10 1.45592e-08 1.57305e-10 3.79948e-10 -3.27998e-08 -6.39744e-09 -3.77595e-11 2.61478e-08 2.79243e-10 5.05161e-11 -2.10815e-09
894 1.42 330 0 4.23052e-08 4.22257e-10 1.34012e-08 1.31848e-10 3.18531e-10 -3.0255e-08 -6.00071e-09 -3.25282e-11 2.38961e-08 2.32632e-10 4.11278e-11 -1.77538e-09
894 1.43 330 0 3.91296e-08 3.57647e-10 1.23967e-08 1.11795e-10 2.69926e-10 -2.80562e-08 -5.64665e-09 -2.84888e-11 2.19557e-08 1.96393e-10 3.38069e-11 -1.49863e-09
894 1.44 330 0 3.63581e-08 3.06224e-10 1.15166e-08 9.57946e-11 2.30958e-10 -2.61368e-08 -5.32795e-09 -2.5332e-11 2.02668e-08 1.67908e-10 2.80445e-11 -1.26647e-09
894 1.45 330 0 3.39176e-08 2.64656e-10 1.07387e-08 8.28324e-11 1.99137e-10 -2.4446e-08 -5.039e-09 -2.28778e-11 1.87838e-08 1.45281e-10 2.34359e-11 -1.0703e-09
894 1.46 330 0 3.17518e-08 2.3066e-10 1.00461e-08 7.22089e-11 1.72726e-10 -2.29446e-08 -4.77542e-09 -2.10148e-11 1.74715e-08 1.27255e-10 1.97115e-11 -9.03492e-10
894 1.47 330 0 2.98163e-08 2.02534e-10 9.42528e-09 6.34033e-11 1.50322e-10 -2.16018e-08 -4.53377e-09 -1.97151e-11 1.63027e-08 1.13025e-10 1.66679e-11 -7.609e-10
894 1.48 330 0 2.80759e-08 1.79045e-10 8.86547e-09 5.6036e-11 1.30687e-10 -2.03929e-08 -4.31137e-09 -1.90727e-11 1.52558e-08 1.02273e-10 1.41605e-11 -6.38442e-10
894 1.49 330 0 2.65023e-08 1.59255e-10 8.35804e-09 4.98184e-11 1.12184e-10 -1.92974e-08 -4.1064e-09 -1.95216e-11 1.43142e-08 9.55977e-11 1.20782e-11 -5.32861e-10
894 1.5 330 0 2.50725e-08 1.42452e-10 7.89593e-09 4.45311e-11 9.0572e-11 -1.82937e-08 -3.91987e-09 -2.29605e-11 1.34703e-08 9.7089e-11 1.03367e-11 -4.41525e-10
894 1.51 330 0 2.37674e-08 1.28091e-10 7.4733e-09 4.00063e-11 1.65017e-10 -1.73153e-08 -3.77808e-09 2.25174e-11 1.27771e-08 -1.36168e-11 8.87556e-12 -3.62283e-10
894 1.52 330 0 2.25713e-08 1.1569e-10 7.08528e-09 3.60915e-11 1.13403e-10 -1.65769e-08 -3.56179e-09 1.54593e-12 1.19517e-08 3.0261e-11 7.63403e-12 -2.93378e-10
894 1.53 330 0 2.14709e-08 1.04965e-10 6.72781e-09 3.2703e-11 9.32744e-11 -1.58079e-08 -3.40642e-09 -3.88911e-12 1.1302e-08 3.88742e-11 6.57914e-12 -2.33334e-10
894 1.54 330 0 2.04552e-08 9.56171e-11 6.39742e-09 2.97466e-11 8.20721e-11 -1.50976e-08 -3.2603e-09 -5.30086e-12 1.0704e-08 3.87342e-11 5.678e-12 -1.8093e-10
894 1.55 330 0 1.95147e-08 8.74298e-11 6.09118e-09 2.71547e-11 7.3763e-11 -1.44395e-08 -3.12264e-09 -5.73774e-12 1.01519e-08 3.68055e-11 4.90503e-12 -1.3514e-10
894 1.56 330 0 1.86413e-08 8.02219e-11 5.80656e-09 2.48708e-11 6.70053e-11 -1.38276e-08 -2.99278e-09 -5.81773e-12 9.64081e-09 3.44421e-11 4.23962e-12 -9.50947e-11
894 1.57 330 0 1.7828e-08 7.38476e-11 5.54138e-09 2.28498e-11 6.12839e-11 -1.32571e-08 -2.87014e-09 -5.74325e-12 9.16665e-09 3.20518e-11 3.66443e-12 -6.00562e-11
894 1.58 330 0 1.70689e-08 6.81889e-11 5.29375e-09 2.10541e-11 5.63364e-11 -1.27239e-08 -2.75415e-09 -5.59731e-12 8.7257e-09 2.97777e-11 3.16685e-12 -2.93942e-11
894 1.59 330 0 1.63587e-08 6.31439e-11 5.06203e-09 1.94522e-11 5.19956e-11 -1.22243e-08 -2.64431e-09 -5.42032e-12 8.31473e-09 2.7673e-11 2.73539e-12 -2.56717e-12
894 1.6 330 0 1.56928e-08 5.86247e-11 4.84476e-09 1.80171e-11 4.81618e-11 -1.17551e-08 -2.54016e-09 -5.22474e-12 7.93095e-09 2.57267e-11 2.35821e-12 2.08885e-11
894 1.61 330 0 1.50672e-08 5.4566e-11 4.64068e-09 1.67276e-11 4.47474e-11 -1.13136e-08 -2.4413e-09 -5.02581e-12 7.57186e-09 2.39495e-11 2.02942e-12 4.13763e-11
894 1.62 330 0 1.44784e-08 5.09072e-11 4.44865e-09 1.5565e-11 4.16868e-11 -1.08973e-08 -2.34735e-09 -4.82983e-12 7.23525e-09 2.23317e-11 1.74241e-12 5.92464e-11
894 1.63 330 0 1.39233e-08 4.75984e-11 4.26768e-09 1.45135e-11 3.89352e-11 -1.05041e-08 -2.25798e-09 -4.63747e-12 6.9192e-09 2.08536e-11 1.49069e-12 7.48012e-11
894 1.64 330 0 1.3399e-08 4.45973e-11 4.09689e-09 1.35596e-11 3.64468e-11 -1.01321e-08 -2.17289e-09 -4.45274e-12 6.62199e-09 1.95086e-11 1.27048e-12 8.83076e-11
894 1.65 330 0 1.29032e-08 4.18679e-11 3.93546e-09 1.26921e-11 3.41902e-11 -9.77963e-09 -2.09181e-09 -4.27539e-12 6.34207e-09 1.82818e-11 1.0775e-12 9.99969e-11
894 1.66 330 0 1.24336e-08 3.93769e-11 3.7827e-09 1.19006e-11 3.21379e-11 -9.44513e-09 -2.01447e-09 -4.1046e-12 6.07807e-09 1.71567e-11 9.07509e-13 1.10074e-10
894 1.67 330 0 1.19881e-08 3.70989e-11 3.63795e-09 1.11767e-11 3.02632e-11 -9.12726e-09 -1.94066e-09 -3.94216e-12 5.82876e-09 1.61291e-11 7.58669e-13 1.18718e-10
894 1.68 330 0 1.15651e-08 3.50101e-11 3.50064e-09 1.05131e-11 2.85469e-11 -8.8248e-09 -1.87015e-09 -3.78708e-12 5.59303e-09 1.51867e-11 6.28239e-13 1.26089e-10
894 1.69 330 0 1.1163e-08 3.30903e-11 3.37024e-09 9.90314e-12 2.69714e-11 -8.53665e-09 -1.80276e-09 -3.63909e-12 5.36987e-09 1.43213e-11 5.14045e-13 1.32325e-10
894 1.7 330 0 1.07801e-08 3.13218e-11 3.24628e-09 9.34125e-12 2.5521e-11 -8.26181e-09 -1.7383e-09 -3.49796e-12 5.15839e-09 1.35259e-11 4.14395e-13 1.37552e-10
894 1.71 330 0 1.04154e-08 2.96888e-11 3.12832e-09 8.82238e-12 2.41825e-11 -7.99939e-09 -1.67661e-09 -3.36327e-12 4.95776e-09 1.27934e-11 3.27727e-13 1.41879e-10
894 1.72 330 0 1.00674e-08 2.81776e-11 3.01597e-09 8.34211e-12 2.29438e-11 -7.74856e-09 -1.61754e-09 -3.23476e-12 4.76724e-09 1.2118e-11 2.52534e-13 1.45405e-10
894 1.73 330 0 9.73521e-09 2.67762e-11 2.90888e-09 7.89656e-12 2.17947e-11 -7.50859e-09 -1.56095e-09 -3.112e-12 4.58614e-09 1.14948e-11 1.87758e-13 1.48216e-10
894 1.74 330 0 9.41775e-09 2.54743e-11 2.80669e-09 7.48208e-12 2.07257e-11 -7.27878e-09 -1.5067e-09 -2.99485e-12 4.41385e-09 1.09199e-11 1.32968e-13 1.5039e-10
894 1.75 330 0 9.11411e-09 2.42625e-11 2.70913e-09 7.09526e-12 1.97282e-11 -7.05852e-09 -1.45467e-09 -2.88312e-12 4.2498e-09 1.03903e-11 8.77158e-14 1.51997e-10
894 1.76 330 0 8.82345e-09 2.3132e-11 2.6159e-09 6.73134e-12 1.879e-11 -6.84724e-09 -1.40474e-09 -2.77749e-12 4.09345e-09 9.90812e-12 5.49798e-14 1.53097e-10
894 1.77 330 0 8.545e-09 2.20602e-11 2.52671e-09 6.40263e-12 1.78128e-11 -6.64422e-09 -1.35687e-09 -2.75546e-12 3.94464e-09 9.58336e-12 1.12285e-14 1.53708e-10
894 1.78 330 0 8.27804e-09 2.10554e-11 2.44139e-09 6.08968e-12 1.69677e-11 -6.44928e-09 -1.31088e-09 -2.67725e-12 3.80244e-09 9.17854e-12 -2.67272e-14 1.53948e-10
894 1.79 330 0 8.02193e-09 2.01122e-11 2.3597e-09 5.79569e-12 1.61885e-11 -6.26187e-09 -1.26668e-09 -2.5923e-12 3.66661e-09 8.77915e-12 -5.95454e-14 1.53838e-10
894 1.8 330 0 7.77605e-09 1.92267e-11 2.28143e-09 5.5198e-12 1.54669e-11 -6.08158e-09 -1.22421e-09 -2.50449e-12 3.53678e-09 8.39057e-12 -8.77708e-14 1.53416e-10
894 1.81 330 0 7.53985e-09 1.83943e-11 2.2064e-09 5.26085e-12 1.47934e-11 -5.90803e-09 -1.18337e-09 -2.41758e-12 3.41262e-09 8.01886e-12 -1.12161e-13 1.52718e-10
894 1.82 330 0 7.3128e-09 1.7611e-11 2.13443e-09 5.01756e-12 1.41635e-11 -5.74085e-09 -1.14409e-09 -2.33215e-12 3.2938e-09 7.66421e-12 -1.32952e-13 1.51775e-10
894 1.83 330 0 7.09443e-09 1.68736e-11 2.06535e-09 4.78878e-12 1.35733e-11 -5.57972e-09 -1.1063e-09 -2.24869e-12 3.18005e-09 7.3264e-12 -1.50513e-13 1.50615e-10
894 1.84 330 0 6.88429e-09 1.61788e-11 1.99902e-09 4.57358e-12 1.30198e-11 -5.42434e-09 -1.06993e-09 -2.16755e-12 3.07107e-09 7.00467e-12 -1.65367e-13 1.49266e-10
894 1.85 330 0 6.68195e-09 1.55236e-11 1.9353e-09 4.37093e-12 1.24997e-11 -5.27441e-09 -1.03492e-09 -2.08901e-12 2.96661e-09 6.6989e-12 -1.77747e-13 1.47749e-10
894 1.86 330 0 6.48704e-09 1.49051e-11 1.87404e-09 4.17985e-12 1.201e-11 -5.12968e-09 -1.00121e-09 -2.01338e-12 2.86644e-09 6.40877e-12 -1.87989e-13 1.46088e-10
894 1.87 330 0 6.29918e-09 1.43211e-11 1.81514e-09 3.99965e-12 1.15487e-11 -4.9899e-09 -9.68737e-10 -1.94071e-12 2.77034e-09 6.13339e-12 -1.96574e-13 1.443e-10
894 1.88 330 0 6.11803e-09 1.37693e-11 1.75848e-09 3.82992e-12 1.11138e-11 -4.85484e-09 -9.37451e-10 -1.87134e-12 2.67809e-09 5.87205e-12 -2.04415e-13 1.42403e-10
894 1.89 330 0 5.94329e-09 1.32469e-11 1.70394e-09 3.67095e-12 1.07033e-11 -4.72427e-09 -9.073e-10 -1.80536e-12 2.58951e-09 5.62338e-12 -2.12851e-13 1.40412e-10
894 1.9 330 0 5.77464e-09 1.27514e-11 1.65143e-09 3.52068e-12 1.03141e-11 -4.598e-09 -8.78236e-10 -1.74213e-12 2.50441e-09 5.38797e-12 -2.19973e-13 1.38342e-10
894 1.91 330 0 5.61182e-09 1.2281e-11 1.60084e-09 3.37834e-12 9.9444e-12 -4.47583e-09 -8.50212e-10 -1.68142e-12 2.42261e-09 5.16494e-12 -2.2572e-13 1.36205e-10
894 1.92 330 0 5.45455e-09 1.1834e-11 1.5521e-09 3.24339e-12 9.59303e-12 -4.35759e-09 -8.23185e-10 -1.6231e-12 2.34397e-09 4.95339e-12 -2.30237e-13 1.34014e-10
894 1.93 330 0 5.30258e-09 1.14087e-11 1.50512e-09 3.11533e-12 9.25878e-12 -4.24311e-09 -7.97113e-10 -1.56704e-12 2.26832e-09 4.7525e-12 -2.33654e-13 1.31777e-10
894 1.94 330 0 5.1557e-09 1.10039e-11 1.45981e-09 2.9937e-12 8.94055e-12 -4.13224e-09 -7.71958e-10 -1.5131e-12 2.19553e-09 4.56152e-12 -2.36083e-13 1.29504e-10
894 1.95 330 0 5.01367e-09 1.06181e-11 1.41611e-09 2.87808e-12 8.63734e-12 -4.02481e-09 -7.47682e-10 -1.46117e-12 2.12547e-09 4.37974e-12 -2.3762e-13 1.27204e-10
894 1.96 330 0 4.8763e-09 1.02503e-11 1.37394e-09 2.76807e-12 8.34825e-12 -3.92069e-09 -7.24249e-10 -1.41112e-12 2.058e-09 4.20649e-12 -2.38347e-13 1.24884e-10
894 1.97 330 0 4.74338e-09 9.8992e-12 1.33324e-09 2.66331e-12 8.07246e-12 -3.81975e-09 -7.01626e-10 -1.36284e-12 1.99302e-09 4.04113e-12 -2.38325e-13 1.22551e-10
894 1.98 330 0 4.61473e-09 9.56395e-12 1.29394e-09 2.56345e-12 7.80928e-12 -3.72187e-09 -6.7978e-10 -1.31617e-12 1.93041e-09 3.88296e-12 -2.37592e-13 1.20211e-10
894 1.99 330 0 4.49018e-09 9.24356e-12 1.25599e-09 2.46811e-12 7.55821e-12 -3.62691e-09 -6.58682e-10 -1.27089e-12 1.87006e-09 3.73101e-12 -2.36118e-13 1.17869e-10
894 2 330 0 4.36956e-09 8.9373e-12 1.21932e-09 2.37678e-12 7.31982e-12 -3.53477e-09 -6.383e-10 -1.22627e-12 1.81187e-09 3.58266e-12 -2.3355e-13 1.15529e-10
