894 0 330 0 -1.46198e-09 1.49321e-08 -1.75214e-08 -4.21365e-09 0 0 0 0 0 0 -2.10476e-08 -5.16105e-09
894 0.01 330 0 -1.46853e-09 1.49426e-08 -1.75239e-08 -4.20504e-09 6.9569e-10 -9.49165e-10 6.05106e-10 -1.93866e-10 -6.89255e-10 7.89159e-10 -2.10448e-08 -5.15611e-09
894 0.02 330 0 -1.48804e-09 1.49744e-08 -1.75314e-08 -4.17916e-09 1.38874e-09 -1.89865e-09 1.2095e-09 -3.88609e-10 -1.37646e-09 1.57932e-09 -2.10364e-08 -5.14129e-09
894 0.03 330 0 -1.52047e-09 1.50271e-08 -1.75438e-08 -4.13612e-09 2.0765e-09 -2.84878e-09 1.81248e-09 -5.85104e-10 -2.05957e-09 2.37148e-09 -2.10222e-08 -5.11663e-09
894 0.04 330 0 -1.56555e-09 1.51012e-08 -1.7561e-08 -4.07581e-09 2.75634e-09 -3.79984e-09 2.41331e-09 -7.8422e-10 -2.73653e-09 3.1666e-09 -2.10022e-08 -5.08212e-09
894 0.05 330 0 -1.62188e-09 1.51958e-08 -1.75828e-08 -3.99738e-09 3.42563e-09 -4.7521e-09 3.01131e-09 -9.86856e-10 -3.40526e-09 3.96558e-09 -2.09754e-08 -5.039e-09
894 0.06 330 0 -1.6907e-09 1.53127e-08 -1.76084e-08 -3.90237e-09 4.08173e-09 -5.70575e-09 3.60567e-09 -1.19379e-09 -4.06367e-09 4.76945e-09 -2.09435e-08 -4.98511e-09
894 0.07 330 0 -1.77064e-09 1.54515e-08 -1.76379e-08 -3.78986e-09 4.722e-09 -6.66096e-09 4.19565e-09 -1.40588e-09 -4.70965e-09 5.57902e-09 -2.09054e-08 -4.92161e-09
894 0.08 330 0 -1.86086e-09 1.56123e-08 -1.76706e-08 -3.65972e-09 5.34382e-09 -7.61781e-09 4.78047e-09 -1.62396e-09 -5.34105e-09 6.39511e-09 -2.0861e-08 -4.84861e-09
894 0.09 330 0 -1.96053e-09 1.57953e-08 -1.77061e-08 -3.51197e-09 5.94459e-09 -8.5763e-09 5.35933e-09 -1.8488e-09 -5.95573e-09 7.21849e-09 -2.08099e-08 -4.76628e-09
894 0.1 330 0 -2.06887e-09 1.60008e-08 -1.77432e-08 -3.34618e-09 6.52166e-09 -9.53635e-09 5.93135e-09 -2.08118e-09 -6.55157e-09 8.04974e-09 -2.0753e-08 -4.67417e-09
894 0.11 330 0 -2.18428e-09 1.62292e-08 -1.77822e-08 -3.16278e-09 7.07254e-09 -1.04978e-08 6.49574e-09 -2.32184e-09 -7.12617e-09 8.88961e-09 -2.0688e-08 -4.57365e-09
894 0.12 330 0 -2.30577e-09 1.64808e-08 -1.78218e-08 -2.96136e-09 7.59461e-09 -1.14603e-08 7.05158e-09 -2.5715e-09 -7.67736e-09 9.73854e-09 -2.06156e-08 -4.46432e-09
894 0.13 330 0 -2.43118e-09 1.67547e-08 -1.78612e-08 -2.74127e-09 8.08538e-09 -1.24235e-08 7.59802e-09 -2.83089e-09 -8.20289e-09 1.05967e-08 -2.05345e-08 -4.34753e-09
894 0.14 330 0 -2.56097e-09 1.70533e-08 -1.7899e-08 -2.50343e-09 8.54219e-09 -1.33868e-08 8.13386e-09 -3.10049e-09 -8.70043e-09 1.14647e-08 -2.04473e-08 -4.22071e-09
894 0.15 330 0 -2.6921e-09 1.73758e-08 -1.7935e-08 -2.24779e-09 8.9628e-09 -1.43495e-08 8.65828e-09 -3.38094e-09 -9.16747e-09 1.23427e-08 -2.03506e-08 -4.08654e-09
894 0.16 330 0 -2.82317e-09 1.77225e-08 -1.79677e-08 -1.97394e-09 9.34464e-09 -1.53107e-08 9.17019e-09 -3.6728e-09 -9.60169e-09 1.32307e-08 -2.0245e-08 -3.94466e-09
894 0.17 330 0 -2.95141e-09 1.80925e-08 -1.79961e-08 -1.68127e-09 9.68547e-09 -1.62696e-08 9.6686e-09 -3.97663e-09 -1.00007e-08 1.41281e-08 -2.01292e-08 -3.79656e-09
894 0.18 330 0 -3.07686e-09 1.84878e-08 -1.80182e-08 -1.37103e-09 9.98274e-09 -1.72247e-08 1.01521e-08 -4.2926e-09 -1.03621e-08 1.50353e-08 -2.00056e-08 -3.63994e-09
894 0.19 330 0 -3.19592e-09 1.89079e-08 -1.80336e-08 -1.04297e-09 1.02346e-08 -1.81748e-08 1.06197e-08 -4.6212e-09 -1.06832e-08 1.59516e-08 -1.98708e-08 -3.47742e-09
894 0.2 330 0 -3.30677e-09 1.93521e-08 -1.80402e-08 -6.9701e-10 1.04385e-08 -1.91184e-08 1.10701e-08 -4.96264e-09 -1.09617e-08 1.68761e-08 -1.97262e-08 -3.30847e-09
894 0.21 330 0 -3.40597e-09 1.98197e-08 -1.80373e-08 -3.33084e-10 1.05929e-08 -2.00538e-08 1.15022e-08 -5.3173e-09 -1.1195e-08 1.78081e-08 -1.95688e-08 -3.13572e-09
894 0.22 330 0 -3.49245e-09 2.03125e-08 -1.80226e-08 4.74192e-11 1.06956e-08 -2.09788e-08 1.19145e-08 -5.68495e-09 -1.13804e-08 1.87469e-08 -1.94006e-08 -2.95727e-09
894 0.23 330 0 -3.56364e-09 2.08286e-08 -1.79944e-08 4.44593e-10 1.07448e-08 -2.18915e-08 1.23056e-08 -6.06567e-09 -1.15158e-08 1.96908e-08 -1.9221e-08 -2.77416e-09
894 0.24 330 0 -3.61511e-09 2.13668e-08 -1.79517e-08 8.5852e-10 1.07391e-08 -2.27896e-08 1.26745e-08 -6.45961e-09 -1.15985e-08 2.06383e-08 -1.90271e-08 -2.58935e-09
894 0.25 330 0 -3.64616e-09 2.19285e-08 -1.78917e-08 1.28751e-09 1.06769e-08 -2.36704e-08 1.30191e-08 -6.86612e-09 -1.16261e-08 2.1588e-08 -1.88218e-08 -2.40042e-09
894 0.26 330 0 -3.65197e-09 2.25106e-08 -1.78138e-08 1.73174e-09 1.05571e-08 -2.45313e-08 1.33387e-08 -7.28527e-09 -1.1596e-08 2.25374e-08 -1.86012e-08 -2.21138e-09
894 0.27 330 0 -3.63141e-09 2.3114e-08 -1.77147e-08 2.18913e-09 1.03786e-08 -2.53692e-08 1.3631e-08 -7.71613e-09 -1.15063e-08 2.3485e-08 -1.83681e-08 -2.02022e-09
894 0.28 330 0 -3.57983e-09 2.37352e-08 -1.75934e-08 2.65974e-09 1.01405e-08 -2.61812e-08 1.38952e-08 -8.1585e-09 -1.13545e-08 2.44273e-08 -1.81196e-08 -1.83035e-09
894 0.29 330 0 -3.49506e-09 2.43752e-08 -1.7448e-08 3.14115e-09 9.84256e-09 -2.69638e-08 1.41293e-08 -8.61126e-09 -1.11382e-08 2.53627e-08 -1.78561e-08 -1.64164e-09
894 0.3 330 0 -3.3739e-09 2.50308e-08 -1.72758e-08 3.63258e-09 9.4843e-09 -2.77136e-08 1.43319e-08 -9.07357e-09 -1.08559e-08 2.62873e-08 -1.7578e-08 -1.45508e-09
894 0.31 330 0 -3.2161e-09 2.57004e-08 -1.70778e-08 4.13347e-09 9.06457e-09 -2.84269e-08 1.4502e-08 -9.54497e-09 -1.05054e-08 2.71982e-08 -1.72827e-08 -1.27408e-09
894 0.32 330 0 -3.014e-09 2.63967e-08 -1.68489e-08 4.64561e-09 8.58339e-09 -2.9094e-08 1.46366e-08 -1.00239e-08 -1.00825e-08 2.80911e-08 -1.69715e-08 -1.10184e-09
894 0.33 330 0 -2.76682e-09 2.71052e-08 -1.65875e-08 5.1629e-09 8.04262e-09 -2.97153e-08 1.47346e-08 -1.05087e-08 -9.58785e-09 2.8963e-08 -1.66449e-08 -9.35506e-10
894 0.34 330 0 -2.4683e-09 2.78109e-08 -1.62908e-08 5.6808e-09 7.44518e-09 -3.02908e-08 1.47956e-08 -1.09976e-08 -9.02189e-09 2.98083e-08 -1.63017e-08 -7.76805e-10
894 0.35 330 0 -2.11682e-09 2.85181e-08 -1.59577e-08 6.19725e-09 6.79212e-09 -3.08144e-08 1.48176e-08 -1.14886e-08 -8.38239e-09 3.06236e-08 -1.59423e-08 -6.27412e-10
894 0.36 330 0 -1.70995e-09 2.92221e-08 -1.55861e-08 6.71113e-09 6.08445e-09 -3.12816e-08 1.47995e-08 -1.198e-08 -7.66922e-09 3.14031e-08 -1.55666e-08 -4.89982e-10
894 0.37 330 0 -1.24507e-09 2.99207e-08 -1.51746e-08 7.21888e-09 5.32471e-09 -3.1688e-08 1.47397e-08 -1.24696e-08 -6.88156e-09 3.21423e-08 -1.51748e-08 -3.66083e-10
894 0.38 330 0 -7.19232e-10 3.06081e-08 -1.47212e-08 7.71573e-09 4.51667e-09 -3.20305e-08 1.46373e-08 -1.29544e-08 -6.01994e-09 3.28363e-08 -1.47678e-08 -2.56736e-10
894 0.39 330 0 -1.30032e-10 3.12791e-08 -1.42249e-08 8.19996e-09 3.66298e-09 -3.23045e-08 1.44914e-08 -1.34323e-08 -5.08466e-09 3.34786e-08 -1.43448e-08 -1.65621e-10
894 0.4 330 0 5.2396e-10 3.19299e-08 -1.36846e-08 8.66696e-09 2.7672e-09 -3.25062e-08 1.43009e-08 -1.39003e-08 -4.07635e-09 3.40641e-08 -1.39069e-08 -9.42353e-11
894 0.41 330 0 1.24452e-09 3.25552e-08 -1.30992e-08 9.11273e-09 1.83396e-09 -3.26316e-08 1.40651e-08 -1.43551e-08 -2.99658e-09 3.45868e-08 -1.34548e-08 -4.46876e-11
894 0.42 330 0 2.03285e-09 3.31503e-08 -1.24679e-08 9.53228e-09 8.67831e-10 -3.26772e-08 1.37834e-08 -1.47932e-08 -1.8468e-09 3.50414e-08 -1.29903e-08 -1.87457e-11
894 0.43 330 0 2.89024e-09 3.37062e-08 -1.17904e-08 9.92169e-09 -1.25921e-10 -3.26403e-08 1.34558e-08 -1.52116e-08 -6.29932e-10 3.54203e-08 -1.25132e-08 -1.97708e-11
894 0.44 330 0 3.81668e-09 3.42178e-08 -1.10668e-08 1.02753e-08 -1.14173e-09 -3.2518e-08 1.30821e-08 -1.56062e-08 6.51297e-10 3.57182e-08 -1.20255e-08 -4.96234e-11
894 0.45 330 0 4.80947e-09 3.46788e-08 -1.02987e-08 1.05884e-08 -2.17455e-09 -3.23079e-08 1.26629e-08 -1.59733e-08 1.99304e-09 3.59293e-08 -1.15286e-08 -1.10445e-10
894 0.46 330 0 5.87387e-09 3.5081e-08 -9.48383e-09 1.08545e-08 -3.21537e-09 -3.20078e-08 1.2198e-08 -1.63082e-08 3.39189e-09 3.60461e-08 -1.10249e-08 -2.05058e-10
894 0.47 330 0 7.00557e-09 3.54177e-08 -8.62493e-09 1.10683e-08 -4.25855e-09 -3.16163e-08 1.16887e-08 -1.66067e-08 4.84272e-09 3.60631e-08 -1.05164e-08 -3.35651e-10
894 0.48 330 0 8.20289e-09 3.56814e-08 -7.72374e-09 1.12236e-08 -5.29677e-09 -3.11325e-08 1.11361e-08 -1.68643e-08 6.34024e-09 3.59744e-08 -1.00054e-08 -5.0463e-10
894 0.49 330 0 9.46306e-09 3.58645e-08 -6.78225e-09 1.13141e-08 -6.32271e-09 -3.05563e-08 1.05417e-08 -1.70763e-08 7.87808e-09 3.5774e-08 -9.49542e-09 -7.1366e-10
894 0.5 330 0 1.07835e-08 3.59572e-08 -5.8039e-09 1.13328e-08 -7.32739e-09 -2.98895e-08 9.90832e-09 -1.72378e-08 9.44965e-09 3.54565e-08 -8.98849e-09 -9.66104e-10
894 0.51 330 0 1.21595e-08 3.5956e-08 -4.79204e-09 1.12748e-08 -8.30427e-09 -2.91302e-08 9.23757e-09 -1.7344e-08 1.10486e-08 3.50164e-08 -8.48868e-09 -1.26379e-09
894 0.52 330 0 1.35867e-08 3.58493e-08 -3.75072e-09 1.11323e-08 -9.24489e-09 -2.82821e-08 8.53289e-09 -1.73897e-08 1.26659e-08 3.44481e-08 -7.99959e-09 -1.60804e-09
894 0.53 330 0 1.50599e-08 3.56326e-08 -2.68516e-09 1.0899e-08 -1.01404e-08 -2.73472e-08 7.79775e-09 -1.73694e-08 1.42942e-08 3.37483e-08 -7.52605e-09 -2.00168e-09
894 0.54 330 0 1.65727e-08 3.52974e-08 -1.60084e-09 1.05679e-08 -1.09831e-08 -2.6329e-08 7.03615e-09 -1.72781e-08 1.59237e-08 3.29125e-08 -7.07273e-09 -2.44509e-09
894 0.55 330 0 1.81154e-08 3.48375e-08 -5.06119e-10 1.01339e-08 -1.17667e-08 -2.52303e-08 6.25319e-09 -1.71111e-08 1.75451e-08 3.19368e-08 -6.64348e-09 -2.9404e-09
894 0.56 330 0 1.96854e-08 3.42427e-08 5.942e-10 9.5878e-09 -1.2479e-08 -2.40597e-08 5.45421e-09 -1.68619e-08 1.91482e-08 3.08183e-08 -6.24528e-09 -3.48922e-09
894 0.57 330 0 2.12712e-08 3.35067e-08 1.69017e-09 8.92416e-09 -1.31154e-08 -2.28218e-08 4.64541e-09 -1.65259e-08 2.07217e-08 2.95542e-08 -5.88297e-09 -4.0909e-09
894 0.58 330 0 2.28639e-08 3.26265e-08 2.77265e-09 8.13683e-09 -1.36674e-08 -2.15222e-08 3.83351e-09 -1.60974e-08 2.22553e-08 2.81439e-08 -5.56407e-09 -4.74651e-09
894 0.59 330 0 2.4452e-08 3.15925e-08 3.83029e-09 7.21968e-09 -1.41294e-08 -2.017e-08 3.02681e-09 -1.55716e-08 2.37369e-08 2.65848e-08 -5.29403e-09 -5.456e-09
894 0.6 330 0 2.60249e-08 3.04027e-08 4.85222e-09 6.166e-09 -1.44947e-08 -1.8772e-08 2.23359e-09 -1.49424e-08 2.51545e-08 2.48779e-08 -5.08185e-09 -6.21867e-09
894 0.61 330 0 2.75702e-08 2.9049e-08 5.82439e-09 4.97344e-09 -1.47576e-08 -1.73401e-08 1.46421e-09 -1.42072e-08 2.64956e-08 2.30222e-08 -4.93387e-09 -7.03264e-09
894 0.62 330 0 2.90762e-08 2.75295e-08 6.73303e-09 3.63734e-09 -1.49135e-08 -1.58822e-08 7.28878e-10 -1.3361e-08 2.77482e-08 2.10192e-08 -4.85904e-09 -7.89563e-09
894 0.63 330 0 3.0527e-08 2.58423e-08 7.56174e-09 2.15438e-09 -1.49596e-08 -1.44081e-08 3.9792e-11 -1.24001e-08 2.88987e-08 1.88715e-08 -4.86593e-09 -8.80447e-09
894 0.64 330 0 3.19132e-08 2.39803e-08 8.29462e-09 5.21109e-10 -1.48903e-08 -1.29335e-08 -5.89942e-10 -1.13214e-08 2.99347e-08 1.65813e-08 -4.96342e-09 -9.75515e-09
894 0.65 330 0 3.32169e-08 2.19421e-08 8.9125e-09 -1.2644e-09 -1.47054e-08 -1.14695e-08 -1.1455e-09 -1.01219e-08 3.08419e-08 1.41522e-08 -5.16121e-09 -1.07425e-08
894 0.66 330 0 3.44233e-08 1.97284e-08 9.39498e-09 -3.2011e-09 -1.44037e-08 -1.00266e-08 -1.61122e-09 -8.80005e-09 3.16077e-08 1.15882e-08 -5.46855e-09 -1.17602e-08
894 0.67 330 0 3.55166e-08 1.73375e-08 9.71914e-09 -5.28757e-09 -1.39852e-08 -8.61933e-09 -1.96906e-09 -7.35566e-09 3.22182e-08 8.89423e-09 -5.89388e-09 -1.28e-08
894 0.68 330 0 3.64791e-08 1.47705e-08 9.86268e-09 -7.52094e-09 -1.34516e-08 -7.26034e-09 -2.19987e-09 -5.78872e-09 3.26588e-08 6.07646e-09 -6.44972e-09 -1.38534e-08
894 0.69 330 0 3.72926e-08 1.20265e-08 9.79853e-09 -9.89601e-09 -1.28064e-08 -5.96406e-09 -2.28197e-09 -4.10161e-09 3.29154e-08 3.14017e-09 -7.14369e-09 -1.49087e-08
894 0.7 330 0 3.7937e-08 9.11035e-09 9.49945e-09 -1.24032e-08 -1.20539e-08 -4.74047e-09 -2.19241e-09 -2.29863e-09 3.29729e-08 9.20659e-11 -7.98667e-09 -1.59535e-08
894 0.71 330 0 3.83963e-08 6.02059e-09 8.93562e-09 -1.50335e-08 -1.11982e-08 -3.61021e-09 -1.90492e-09 -3.86121e-10 3.28171e-08 -3.05876e-09 -8.98723e-09 -1.69722e-08
894 0.72 330 0 3.86457e-08 2.76063e-09 8.0755e-09 -1.77711e-08 -1.02483e-08 -2.58476e-09 -1.3919e-09 1.62619e-09 3.24307e-08 -6.30573e-09 -1.01548e-08 -1.7948e-08
894 0.73 330 0 3.86638e-08 -6.64287e-10 6.88476e-09 -2.05967e-08 -9.21211e-09 -1.67747e-09 -6.22904e-10 3.72526e-09 3.17975e-08 -9.63961e-09 -1.14963e-08 -1.88606e-08
894 0.74 330 0 3.8425e-08 -4.24958e-09 5.32736e-09 -2.34858e-08 -8.0999e-09 -9.02948e-10 4.35141e-10 5.89339e-09 3.08986e-08 -1.30507e-08 -1.30178e-08 -1.96874e-08
894 0.75 330 0 3.79019e-08 -7.99029e-09 3.36506e-09 -2.64087e-08 -6.92443e-09 -2.7408e-10 1.81754e-09 8.10842e-09 2.97142e-08 -1.65301e-08 -1.47222e-08 -2.04025e-08
894 0.76 330 0 3.70636e-08 -1.18753e-08 9.59088e-10 -2.9326e-08 -5.69709e-09 1.9989e-10 3.56157e-09 1.0341e-08 2.82208e-08 -2.00661e-08 -1.66114e-08 -2.09778e-08
894 0.77 330 0 3.58752e-08 -1.59037e-08 -1.92963e-09 -3.21941e-08 -4.43692e-09 4.98718e-10 5.70661e-09 1.25541e-08 2.6393e-08 -2.36482e-08 -1.86844e-08 -2.13819e-08
894 0.78 330 0 3.42974e-08 -2.0061e-08 -5.34305e-09 -3.49571e-08 -3.15966e-09 6.14025e-10 8.29418e-09 1.47029e-08 2.42005e-08 -2.72616e-08 -2.09334e-08 -2.15798e-08
894 0.79 330 0 3.22827e-08 -2.43342e-08 -9.31951e-09 -3.75469e-08 -1.8851e-09 5.32746e-10 1.13654e-08 1.67295e-08 2.16068e-08 -3.08905e-08 -2.3348e-08 -2.15351e-08
894 0.8 330 0 2.97787e-08 -2.87016e-08 -1.38987e-08 -3.98853e-08 -6.33312e-10 2.43511e-10 1.4963e-08 1.8566e-08 1.85697e-08 -3.45112e-08 -2.59087e-08 -2.12075e-08
894 0.81 330 0 2.67289e-08 -3.31353e-08 -1.91316e-08 -4.19055e-08 5.79335e-10 -2.66811e-10 1.91327e-08 2.01725e-08 1.50408e-08 -3.80946e-08 -2.8578e-08 -2.05691e-08
894 0.82 330 0 2.30578e-08 -3.7609e-08 -2.50383e-08 -4.34468e-08 1.72617e-09 -1.0263e-09 2.39224e-08 2.13795e-08 1.09664e-08 -4.16234e-08 -3.13314e-08 -1.95621e-08
894 0.83 330 0 1.86644e-08 -4.20751e-08 -3.1623e-08 -4.43801e-08 2.7701e-09 -2.03657e-09 2.93458e-08 2.20654e-08 6.25827e-09 -4.5045e-08 -3.41305e-08 -1.81495e-08
894 0.84 330 0 1.34341e-08 -4.64654e-08 -3.88943e-08 -4.45582e-08 3.67154e-09 -3.31214e-09 3.54207e-08 2.20889e-08 8.18239e-10 -4.82906e-08 -3.69186e-08 -1.62967e-08
894 0.85 330 0 7.23195e-09 -5.06782e-08 -4.68461e-08 -4.38063e-08 4.38712e-09 -4.8689e-09 4.21537e-08 2.12783e-08 -5.47152e-09 -5.12614e-08 -3.96265e-08 -1.39736e-08
894 0.86 330 0 -1.0403e-10 -5.45617e-08 -5.5454e-08 -4.19196e-08 4.86887e-09 -6.72168e-09 4.95349e-08 1.94281e-08 -1.27552e-08 -5.3812e-08 -4.21729e-08 -1.11586e-08
894 0.87 330 0 -8.77074e-09 -5.79074e-08 -6.46811e-08 -3.86741e-08 5.01838e-09 -8.90334e-09 5.754e-08 1.6308e-08 -2.12013e-08 -5.57276e-08 -4.44657e-08 -7.84614e-09
894 0.88 330 0 -1.89843e-08 -6.04018e-08 -7.44407e-08 -3.3778e-08 4.73783e-09 -1.14368e-08 6.60973e-08 1.16209e-08 -3.09955e-08 -5.67111e-08 -4.64052e-08 -4.0491e-09
894 0.89 330 0 -3.09803e-08 -6.15787e-08 -8.45991e-08 -2.68779e-08 3.92844e-09 -1.43386e-08 7.50887e-08 4.99441e-09 -4.23494e-08 -5.63193e-08 -4.78851e-08 2.0355e-10
894 0.9 330 0 -4.50015e-08 -6.07428e-08 -9.49709e-08 -1.75441e-08 2.42332e-09 -1.76342e-08 8.43363e-08 -4.02807e-09 -5.54734e-08 -5.38767e-08 -4.87978e-08 4.85582e-09
894 0.91 330 0 -6.12385e-08 -5.68338e-08 -1.0528e-07 -5.2125e-09 -1.60625e-11 -2.13441e-08 9.3563e-08 -1.6047e-08 -7.05216e-08 -4.83496e-08 -4.90414e-08 9.82448e-09
894 0.92 330 0 -7.96964e-08 -4.82295e-08 -1.15092e-07 1.08935e-08 -3.76414e-09 -2.54669e-08 1.02314e-07 -3.18904e-08 -8.74495e-08 -3.8147e-08 -4.85286e-08 1.49999e-08
894 0.93 330 0 -9.98583e-08 -3.23523e-08 -1.23646e-07 3.19246e-08 -9.4032e-09 -2.99285e-08 1.09781e-07 -5.27738e-08 -1.05676e-07 -2.07396e-08 -4.71969e-08 2.02489e-08
894 0.94 330 0 -1.19803e-07 -5.09789e-09 -1.29443e-07 5.96523e-08 -1.79096e-08 -3.44378e-08 1.14355e-07 -8.05502e-08 -1.23184e-07 7.90092e-09 -4.50225e-08 2.54275e-08
894 0.95 330 0 -1.33751e-07 3.99031e-08 -1.29095e-07 9.67894e-08 -3.09493e-08 -3.80422e-08 1.12418e-07 -1.18018e-07 -1.34038e-07 5.39924e-08 -4.2031e-08 3.04132e-08
894 0.96 330 0 -1.25078e-07 1.10329e-07 -1.14121e-07 1.46582e-07 -5.11777e-08 -3.76864e-08 9.498e-08 -1.6842e-07 -1.21385e-07 1.2485e-07 -3.82859e-08 3.51897e-08
894 0.97 330 0 -4.9392e-08 1.99712e-07 -6.31257e-08 2.06064e-07 -8.0444e-08 -2.3907e-08 3.96185e-08 -2.28189e-07 -4.07216e-08 2.13029e-07 -3.36973e-08 4.00331e-08
894 0.98 330 0 1.55405e-07 2.03342e-07 5.5066e-08 2.2926e-07 -1.03582e-07 2.30736e-08 -8.54636e-08 -2.48384e-07 1.685e-07 2.11964e-07 -2.70594e-08 4.5358e-08
894 0.99 330 0 2.81667e-07 -9.81605e-08 1.61144e-07 1.19854e-07 -6.80767e-08 8.2869e-08 -1.95149e-07 -1.29475e-07 2.93962e-07 -9.56407e-08 -1.59654e-08 4.85491e-08
894 1 330 0 -5.70234e-06 -2.16968e-07 1.06075e-07 1.19449e-10 -2.12827e-10 8.18779e-08 -1.38978e-07 -1.54184e-10 -5.68997e-06 -2.16944e-07 -3.34307e-11 4.92626e-08
894 1.01 330 0 -5.50791e-08 9.80731e-11 5.8692e-08 5.3237e-11 -9.1005e-11 4.56429e-08 -8.25766e-08 -7.33966e-11 -4.68164e-08 1.26892e-10 -5.68128e-12 3.34198e-08
894 1.02 330 0 -3.58625e-08 4.61173e-11 3.9795e-08 2.95279e-11 -7.27699e-11 3.69953e-08 -6.11535e-08 -4.74402e-11 -2.82273e-08 7.40371e-11 -5.10747e-12 2.88781e-08
894 1.03 330 0 -3.07951e-08 2.03444e-11 2.87407e-08 1.77572e-11 -6.42309e-11 3.24993e-08 -4.84873e-08 -3.45853e-11 -2.33845e-08 4.7915e-11 -4.80267e-12 2.58664e-08
894 1.04 330 0 -2.93123e-08 4.59615e-12 2.13271e-08 1.05755e-11 -5.91381e-11 2.98729e-08 -3.99358e-08 -2.67431e-11 -2.19031e-08 3.19872e-11 -4.6513e-12 2.36422e-08
894 1.05 330 0 -2.91848e-08 -5.96861e-12 1.59415e-08 5.72554e-12 -5.49579e-11 2.82977e-08 -3.37122e-08 -2.12175e-11 -2.1627e-08 2.09372e-11 -4.59797e-12 2.19102e-08
894 1.06 330 0 -2.97133e-08 -1.39588e-11 1.18055e-08 2.17464e-12 -5.30906e-11 2.74001e-08 -2.89508e-08 -1.75075e-11 -2.18918e-08 1.31573e-11 -4.60363e-12 2.05192e-08
894 1.07 330 0 -3.06307e-08 -2.03404e-11 8.48983e-09 -6.13911e-13 -5.19692e-11 2.6982e-08 -2.51725e-08 -1.46936e-11 -2.24493e-08 7.09707e-12 -4.65999e-12 1.9381e-08
894 1.08 330 0 -3.18255e-08 -2.53593e-11 5.73526e-09 -2.79236e-12 -5.06936e-11 2.69317e-08 -2.20879e-08 -1.23697e-11 -2.31977e-08 2.11762e-12 -4.75818e-12 1.84397e-08
894 1.09 330 0 -3.32549e-08 -3.03742e-11 3.3736e-09 -4.81717e-12 -5.09516e-11 2.71876e-08 -1.95111e-08 -1.06295e-11 -2.40958e-08 -2.17409e-12 -4.91658e-12 1.76584e-08
894 1.1 330 0 -3.49074e-08 -3.51237e-11 1.28948e-09 -6.67169e-12 -5.16384e-11 2.77135e-08 -1.73155e-08 -9.16347e-12 -2.5131e-08 -6.06012e-12 -5.12283e-12 1.70118e-08
894 1.11 330 0 -3.67916e-08 -3.92862e-11 -6.00946e-10 -8.26056e-12 -5.2048e-11 2.84934e-08 -1.54118e-08 -7.84561e-12 -2.63065e-08 -9.59963e-12 -5.36348e-12 1.64826e-08
894 1.12 330 0 -3.89326e-08 -4.43464e-11 -2.36267e-09 -1.00629e-11 -5.38938e-11 2.95283e-08 -1.37346e-08 -6.75575e-12 -2.76368e-08 -1.32913e-11 -5.69958e-12 1.60596e-08
894 1.13 330 0 -4.13675e-08 -4.98827e-11 -4.04875e-09 -1.19645e-11 -5.63813e-11 3.08301e-08 -1.22339e-08 -5.76085e-12 -2.91451e-08 -1.71452e-11 -6.1199e-12 1.5736e-08
894 1.14 330 0 -4.41473e-08 -5.52501e-11 -5.70586e-09 -1.37561e-11 -5.86974e-11 3.24234e-08 -1.08703e-08 -4.80183e-12 -3.08639e-08 -2.09794e-11 -6.59508e-12 1.5509e-08
894 1.15 330 0 -4.73453e-08 -6.24518e-11 -7.37958e-09 -1.60812e-11 -6.28379e-11 3.43513e-08 -9.61129e-09 -3.89537e-12 -3.28388e-08 -2.56398e-11 -7.24675e-12 1.538e-08
894 1.16 330 0 -5.10561e-08 -7.09527e-11 -9.1168e-09 -1.87714e-11 -6.80614e-11 3.66725e-08 -8.42839e-09 -2.96801e-12 -3.51295e-08 -3.1015e-11 -8.06287e-12 1.53544e-08
894 1.17 330 0 -5.54098e-08 -8.03222e-11 -1.09709e-08 -2.16699e-11 -7.38308e-11 3.94717e-08 -7.29512e-09 -1.99716e-12 -3.78174e-08 -3.69992e-11 -9.03655e-12 1.54431e-08
894 1.18 330 0 -6.05899e-08 -9.33105e-11 -1.30083e-08 -2.56506e-11 -8.25379e-11 4.28726e-08 -6.18474e-09 -8.99618e-13 -4.1017e-08 -4.49529e-11 -1.03855e-11 1.56639e-08
894 1.19 330 0 -6.68538e-08 -1.08672e-10 -1.53152e-08 -3.02906e-11 -9.28464e-11 4.70501e-08 -5.06749e-09 3.47773e-13 -4.48891e-08 -5.44309e-11 -1.20647e-11 1.60444e-08
894 1.2 330 0 -7.45866e-08 -1.31159e-10 -1.80141e-08 -3.70634e-11 -1.08562e-10 5.22692e-08 -3.90685e-09 1.96345e-12 -4.96737e-08 -6.80072e-11 -1.45122e-11 1.66283e-08
894 1.21 330 0 -8.43733e-08 -1.60074e-10 -2.12862e-08 -4.56996e-11 -1.28739e-10 5.8934e-08 -2.65325e-09 4.0019e-12 -5.57352e-08 -8.55807e-11 -1.77691e-11 1.74837e-08
894 1.22 330 0 -9.7169e-08 -2.05366e-10 -2.54217e-08 -5.92275e-11 -1.60868e-10 6.77068e-08 -1.23238e-09 7.03234e-12 -6.36684e-08 -1.1288e-10 -2.28619e-11 1.87238e-08
894 1.23 330 0 -1.14621e-07 -2.75991e-10 -3.09167e-08 -8.0283e-11 -2.11055e-10 7.97313e-08 4.78618e-10 1.17067e-11 -7.44991e-08 -1.55543e-10 -3.09077e-11 2.05459e-08
894 1.24 330 0 -1.3985e-07 -3.91801e-10 -3.87064e-08 -1.14718e-10 -2.93118e-10 9.71762e-08 2.70676e-09 1.93806e-11 -9.01701e-08 -2.25883e-10 -4.43168e-11 2.33257e-08
894 1.25 330 0 -1.79586e-07 -6.23369e-10 -5.08032e-08 -1.83666e-10 -4.57209e-10 1.24721e-07 5.93522e-09 3.48071e-11 -1.14871e-07 -3.66844e-10 -7.12723e-11 2.78758e-08
894 1.26 330 0 -2.51433e-07 -1.16543e-09 -7.24646e-08 -3.45025e-10 -8.39663e-10 1.74608e-07 1.14214e-08 7.14183e-11 -1.59562e-07 -6.98705e-10 -1.35092e-10 3.63238e-08
894 1.27 330 0 -4.20922e-07 -3.14982e-09 -1.23254e-07 -9.36494e-10 -2.2338e-09 2.92412e-07 2.38355e-08 2.07946e-10 -2.65036e-07 -1.92002e-09 -3.70638e-10 5.65939e-08
894 1.28 330 0 -1.31014e-06 -2.91237e-08 -3.88871e-07 -8.68719e-09 -2.03724e-08 9.1078e-07 8.7485e-08 2.0363e-09 -8.18558e-07 -1.80154e-08 -3.48655e-09 1.63924e-07
894 1.29 330 0 1.15923e-06 -2.19913e-08 3.481e-07 -6.57677e-09 -1.52068e-08 -8.06689e-07 -8.81059e-08 1.60662e-09 7.18712e-07 -1.37768e-08 -2.68243e-09 -1.34924e-07
894 1.3 330 0 3.99836e-07 -2.49476e-09 1.21257e-07 -7.47471e-10 -1.70926e-09 -2.7859e-07 -3.37339e-08 1.87958e-10 2.46013e-07 -1.57944e-09 -3.10595e-10 -4.32818e-08
894 1.31 330 0 2.40717e-07 -8.62044e-10 7.36189e-08 -2.58599e-10 -5.86656e-10 -1.67972e-07 -2.21409e-08 6.61656e-11 1.46997e-07 -5.50288e-10 -1.09701e-10 -2.42231e-08
894 1.32 330 0 1.71722e-07 -4.23357e-10 5.28948e-08 -1.27026e-10 -2.86982e-10 -1.2003e-07 -1.69837e-08 3.2639e-11 1.04084e-07 -2.71769e-10 -5.51832e-11 -1.60546e-08
894 1.33 330 0 1.33167e-07 -2.43026e-10 4.12675e-08 -7.29044e-11 -1.64597e-10 -9.32534e-08 -1.401e-08 1.85738e-11 8.0121e-08 -1.56421e-10 -3.24767e-11 -1.1559e-08
894 1.34 330 0 1.08537e-07 -1.55615e-10 3.38057e-08 -4.66179e-11 -1.05672e-10 -7.61573e-08 -1.20419e-08 1.15734e-11 6.48262e-08 -1.00073e-10 -2.13684e-11 -8.73964e-09
894 1.35 330 0 9.1435e-08 -1.05442e-10 2.85995e-08 -3.15363e-11 -7.20765e-11 -6.42936e-08 -1.06228e-08 7.48696e-12 5.4218e-08 -6.74601e-11 -1.48885e-11 -6.82341e-09
894 1.36 330 0 7.88622e-08 -7.48871e-11 2.47526e-08 -2.23445e-11 -5.17653e-11 -5.55762e-08 -9.53803e-09 4.93693e-12 4.6429e-08 -4.74178e-11 -1.08896e-11 -5.44803e-09
894 1.37 330 0 6.92256e-08 -5.56251e-11 2.17889e-08 -1.65339e-11 -3.90941e-11 -4.88978e-08 -8.67319e-09 3.25885e-12 4.04677e-08 -3.46225e-11 -8.34912e-12 -4.42134e-09
894 1.38 330 0 6.16016e-08 -4.21208e-11 1.94323e-08 -1.24687e-11 -3.02859e-11 -4.36163e-08 -7.96175e-09 2.06026e-12 3.57592e-08 -2.55478e-11 -6.52935e-12 -3.63199e-09
894 1.39 330 0 5.54171e-08 -3.25405e-11 1.7511e-08 -9.5854e-12 -2.41136e-11 -3.93334e-08 -7.36216e-09 1.17448e-12 3.19467e-08 -1.90085e-11 -5.21732e-12 -3.01105e-09
894 1.4 330 0 5.02977e-08 -2.58312e-11 1.59129e-08 -7.55851e-12 -1.99055e-11 -3.57888e-08 -6.84707e-09 4.91289e-13 2.8797e-08 -1.42881e-11 -4.29335e-12 -2.51356e-09
894 1.41 330 0 4.59888e-08 -2.06357e-11 1.45616e-08 -5.99626e-12 -1.67108e-11 -3.28058e-08 -6.39777e-09 -6.22696e-14 2.61517e-08 -1.05433e-11 -3.55816e-12 -2.10904e-09
894 1.42 330 0 4.2311e-08 -1.6685e-11 1.3403e-08 -4.80899e-12 -1.43832e-11 -3.02596e-08 -6.00093e-09 -5.34871e-13 2.3899e-08 -7.56581e-12 -2.9895e-12 -1.77606e-09
894 1.43 330 0 3.91341e-08 -1.37304e-11 1.23981e-08 -3.91781e-12 -1.2805e-11 -2.80599e-08 -5.64678e-09 -9.75687e-13 2.19579e-08 -5.14069e-12 -2.56107e-12 -1.49916e-09
894 1.44 330 0 3.63616e-08 -1.13297e-11 1.15177e-08 -3.19823e-12 -1.16588e-11 -2.61398e-08 -5.32802e-09 -1.39997e-12 2.02684e-08 -2.99675e-12 -2.20224e-12 -1.26689e-09
894 1.45 330 0 3.39204e-08 -9.42309e-12 1.07396e-08 -2.62765e-12 -1.09773e-11 -2.44485e-08 -5.039e-09 -1.85505e-12 1.87849e-08 -1.01253e-12 -1.91208e-12 -1.07063e-09
894 1.46 330 0 3.1754e-08 -7.87635e-12 1.00468e-08 -2.16614e-12 -1.07513e-11 -2.29467e-08 -4.77535e-09 -2.39445e-12 1.74723e-08 9.96345e-13 -1.67149e-12 -9.03763e-10
894 1.47 330 0 2.98181e-08 -6.62826e-12 9.42586e-09 -1.79433e-12 -1.11225e-11 -2.16037e-08 -4.5336e-09 -3.11781e-12 1.63031e-08 3.28983e-12 -1.47376e-12 -7.61121e-10
894 1.48 330 0 2.80774e-08 -5.60501e-12 8.86595e-09 -1.49049e-12 -1.24431e-11 -2.03949e-08 -4.31103e-09 -4.24047e-12 1.52556e-08 6.40053e-12 -1.30789e-12 -6.38624e-10
894 1.49 330 0 2.65035e-08 -4.76041e-12 8.35844e-09 -1.24042e-12 -1.59165e-11 -1.93e-08 -4.10562e-09 -6.41004e-12 1.43129e-08 1.18486e-11 -1.16805e-12 -5.33012e-10
894 1.5 330 0 2.50735e-08 -4.05537e-12 7.89626e-09 -1.03234e-12 -2.78836e-11 -1.83001e-08 -3.91704e-09 -1.29505e-11 1.34642e-08 2.73459e-11 -1.04948e-12 -4.41652e-10
894 1.51 330 0 2.37684e-08 -3.57694e-12 7.47361e-09 -9.10846e-13 4.95985e-10 -1.7903e-08 -3.4719e-09 2.60106e-10 1.20688e-08 -6.04317e-10 -9.21633e-13 -3.62417e-10
894 1.52 330 0 2.2572e-08 -2.97537e-12 7.08551e-09 -7.17226e-13 1.96398e-11 -1.65828e-08 -3.55905e-09 1.13829e-11 1.19456e-08 -2.84075e-11 -8.5696e-13 -2.93469e-10
894 1.53 330 0 2.14715e-08 -2.55275e-12 6.728e-09 -5.94364e-13 8.93502e-12 -1.58096e-08 -3.40577e-09 5.62118e-12 1.13008e-08 -1.48488e-11 -7.80946e-13 -2.33411e-10
894 1.54 330 0 2.04557e-08 -2.19532e-12 6.39758e-09 -4.9125e-13 5.41821e-12 -1.50986e-08 -3.26004e-09 3.63663e-12 1.07036e-08 -1.00636e-11 -7.14409e-13 -1.80996e-10
894 1.55 330 0 1.95151e-08 -1.8883e-12 6.09132e-09 -4.03379e-13 3.72857e-12 -1.44401e-08 -3.1225e-09 2.62669e-12 1.01518e-08 -7.55834e-12 -6.5584e-13 -1.35198e-10
894 1.56 330 0 1.86417e-08 -1.62495e-12 5.80668e-09 -3.28806e-13 2.76563e-12 -1.38281e-08 -2.9927e-09 2.01444e-12 9.64078e-09 -5.99508e-12 -6.03904e-13 -9.51442e-11
894 1.57 330 0 1.78283e-08 -1.3978e-12 5.54148e-09 -2.64983e-13 2.1588e-12 -1.32575e-08 -2.87009e-09 1.60342e-12 9.16666e-09 -4.91523e-12 -5.58078e-13 -6.00993e-11
894 1.58 330 0 1.70692e-08 -1.19843e-12 5.29384e-09 -2.09892e-13 1.75051e-12 -1.27242e-08 -2.75411e-09 1.30782e-12 8.72573e-09 -4.11633e-12 -5.1629e-13 -2.94319e-11
894 1.59 330 0 1.63589e-08 -1.0236e-12 5.06211e-09 -1.62357e-13 1.4567e-12 -1.22245e-08 -2.64428e-09 1.08279e-12 8.31478e-09 -3.49119e-12 -4.77904e-13 -2.60028e-12
894 1.6 330 0 1.5693e-08 -8.74736e-13 4.84483e-09 -1.22223e-13 1.24589e-12 -1.17553e-08 -2.54014e-09 9.11925e-13 7.93099e-09 -3.0059e-12 -4.44764e-13 2.08594e-11
894 1.61 330 0 1.50674e-08 -7.43164e-13 4.64073e-09 -8.75059e-14 1.08672e-12 -1.13137e-08 -2.44128e-09 7.75523e-13 7.5719e-09 -2.60873e-12 -4.14289e-13 4.13506e-11
894 1.62 330 0 1.44785e-08 -6.28021e-13 4.4487e-09 -5.775e-14 9.60926e-13 -1.08974e-08 -2.34733e-09 6.63738e-13 7.23529e-09 -2.27601e-12 -3.8606e-13 5.92236e-11
894 1.63 330 0 1.39234e-08 -5.26805e-13 4.26773e-09 -3.22239e-14 8.63682e-13 -1.05042e-08 -2.25797e-09 5.72883e-13 6.91924e-09 -1.99915e-12 -3.60617e-13 7.47809e-11
894 1.64 330 0 1.33991e-08 -4.37477e-13 4.09692e-09 -1.03529e-14 7.83266e-13 -1.01322e-08 -2.17288e-09 4.96135e-13 6.62202e-09 -1.76003e-12 -3.36697e-13 8.82895e-11
894 1.65 330 0 1.29033e-08 -3.5774e-13 3.93549e-09 8.46406e-15 7.17498e-13 -9.77972e-09 -2.0918e-09 4.31457e-13 6.3421e-09 -1.553e-12 -3.14307e-13 9.99808e-11
894 1.66 330 0 1.24336e-08 -2.88411e-13 3.78272e-09 2.42489e-14 6.63672e-13 -9.44521e-09 -2.01446e-09 3.77616e-13 6.07809e-09 -1.37652e-12 -2.94033e-13 1.10059e-10
894 1.67 330 0 1.19882e-08 -2.26617e-13 3.63797e-09 3.75975e-14 6.16825e-13 -9.12733e-09 -1.94065e-09 3.31021e-13 5.82878e-09 -1.21947e-12 -2.74555e-13 1.18705e-10
894 1.68 330 0 1.15652e-08 -1.71871e-13 3.50066e-09 4.86621e-14 5.76448e-13 -8.82486e-09 -1.87014e-09 2.91148e-13 5.59304e-09 -1.08095e-12 -2.55892e-13 1.26077e-10
894 1.69 330 0 1.1163e-08 -1.23318e-13 3.37026e-09 5.76737e-14 5.4107e-13 -8.5367e-09 -1.80275e-09 2.56936e-13 5.36989e-09 -9.57864e-13 -2.37995e-13 1.32315e-10
894 1.7 330 0 1.07802e-08 -7.99719e-14 3.24629e-09 6.48379e-14 5.09308e-13 -8.26186e-09 -1.73829e-09 2.27386e-13 5.1584e-09 -8.46924e-13 -2.20429e-13 1.37543e-10
894 1.71 330 0 1.04154e-08 -4.15855e-14 3.12833e-09 7.01996e-14 4.80224e-13 -7.99943e-09 -1.67661e-09 2.01911e-13 4.95777e-09 -7.46673e-13 -2.03042e-13 1.41871e-10
894 1.72 330 0 1.00675e-08 -7.93366e-15 3.01599e-09 7.38526e-14 4.52676e-13 -7.7486e-09 -1.61754e-09 1.79843e-13 4.76725e-09 -6.55255e-13 -1.85818e-13 1.45398e-10
894 1.73 330 0 9.73524e-09 2.16962e-14 2.90888e-09 7.58537e-14 4.26122e-13 -7.50862e-09 -1.56094e-09 1.60819e-13 4.58615e-09 -5.70913e-13 -1.68481e-13 1.48209e-10
894 1.74 330 0 9.41777e-09 4.76917e-14 2.8067e-09 7.60231e-14 3.99484e-13 -7.27881e-09 -1.50669e-09 1.44251e-13 4.41385e-09 -4.91697e-13 -1.50279e-13 1.50384e-10
894 1.75 330 0 9.11413e-09 7.05543e-14 2.70914e-09 7.40191e-14 3.71565e-13 -7.05854e-09 -1.45466e-09 1.29696e-13 4.2498e-09 -4.15341e-13 -1.30583e-13 1.51992e-10
894 1.76 330 0 8.82346e-09 8.99582e-14 2.6159e-09 6.76592e-14 3.36591e-13 -6.84726e-09 -1.40473e-09 1.15967e-13 4.09345e-09 -3.35047e-13 -1.05223e-13 1.53093e-10
894 1.77 330 0 8.54501e-09 8.86287e-14 2.52672e-09 7.12152e-14 1.97243e-13 -6.64424e-09 -1.35687e-09 2.29977e-14 3.94464e-09 -1.32923e-13 -9.78308e-14 1.53704e-10
894 1.78 330 0 8.27806e-09 8.51202e-14 2.4414e-09 6.84977e-14 1.3818e-13 -6.44929e-09 -1.31087e-09 -6.7762e-15 3.80244e-09 -4.96609e-14 -9.0361e-14 1.53943e-10
894 1.79 330 0 8.02194e-09 7.8966e-14 2.35971e-09 6.42708e-14 9.53326e-14 -6.26188e-09 -1.26668e-09 -2.4176e-14 3.66661e-09 5.59948e-15 -8.29199e-14 1.53834e-10
894 1.8 330 0 7.77606e-09 7.13427e-14 2.28144e-09 5.93166e-14 6.26919e-14 -6.08159e-09 -1.2242e-09 -3.43627e-14 3.53679e-09 4.32711e-14 -7.54997e-14 1.53412e-10
894 1.81 330 0 7.53985e-09 6.31955e-14 2.2064e-09 5.41555e-14 3.81928e-14 -5.90803e-09 -1.18337e-09 -3.95767e-14 3.41262e-09 6.76957e-14 -6.82794e-14 1.52714e-10
894 1.82 330 0 7.31281e-09 5.51308e-14 2.13443e-09 4.90503e-14 1.99352e-14 -5.74085e-09 -1.14409e-09 -4.14241e-14 3.29381e-09 8.26082e-14 -6.12953e-14 1.51771e-10
894 1.83 330 0 7.09443e-09 4.67946e-14 2.06535e-09 4.37704e-14 4.38245e-15 -5.57972e-09 -1.1063e-09 -4.16957e-14 3.18005e-09 9.27137e-14 -5.4321e-14 1.50612e-10
894 1.84 330 0 6.88429e-09 3.90984e-14 1.99902e-09 3.87024e-14 -7.21169e-15 -5.42434e-09 -1.06993e-09 -4.04039e-14 3.07107e-09 9.75116e-14 -4.76205e-14 1.49263e-10
894 1.85 330 0 6.68195e-09 3.22376e-14 1.9353e-09 3.38069e-14 -1.56817e-14 -5.27442e-09 -1.03492e-09 -3.80496e-14 2.96661e-09 9.85955e-14 -4.10802e-14 1.47747e-10
894 1.86 330 0 6.48704e-09 2.62492e-14 1.87405e-09 2.90551e-14 -2.18169e-14 -5.12969e-09 -1.00121e-09 -3.51918e-14 2.86644e-09 9.72213e-14 -3.47658e-14 1.46085e-10
894 1.87 330 0 6.29918e-09 2.15262e-14 1.81514e-09 2.46581e-14 -2.53989e-14 -4.9899e-09 -9.68735e-10 -3.20949e-14 2.77034e-09 9.37843e-14 -2.89763e-14 1.44298e-10
894 1.88 330 0 6.11803e-09 1.81958e-14 1.75848e-09 2.09451e-14 -2.66628e-14 -4.85484e-09 -9.37448e-10 -2.93287e-14 2.67809e-09 8.89877e-14 -2.43963e-14 1.42401e-10
894 1.89 330 0 5.94329e-09 1.56564e-14 1.70394e-09 1.89232e-14 -2.58974e-14 -4.72427e-09 -9.07298e-10 -2.71919e-14 2.58951e-09 8.26525e-14 -2.2245e-14 1.4041e-10
894 1.9 330 0 5.77464e-09 1.33615e-14 1.65143e-09 1.71549e-14 -2.48962e-14 -4.598e-09 -8.78234e-10 -2.51462e-14 2.5044e-09 7.63688e-14 -2.0346e-14 1.38341e-10
894 1.91 330 0 5.61181e-09 1.12851e-14 1.60084e-09 1.54442e-14 -2.37524e-14 -4.47583e-09 -8.5021e-10 -2.31119e-14 2.42261e-09 7.01799e-14 -1.84705e-14 1.36204e-10
894 1.92 330 0 5.45454e-09 9.40409e-15 1.5521e-09 1.3786e-14 -2.24614e-14 -4.35759e-09 -8.23183e-10 -2.10781e-14 2.34397e-09 6.40357e-14 -1.66233e-14 1.34012e-10
894 1.93 330 0 5.30258e-09 7.70046e-15 1.50512e-09 1.21752e-14 -2.10181e-14 -4.24311e-09 -7.97111e-10 -1.90348e-14 2.26832e-09 5.78932e-14 -1.4805e-14 1.31776e-10
894 1.94 330 0 5.1557e-09 6.16019e-15 1.45981e-09 1.06055e-14 -1.94152e-14 -4.13223e-09 -7.71956e-10 -1.69715e-14 2.19553e-09 5.17105e-14 -1.30126e-14 1.29503e-10
894 1.95 330 0 5.01367e-09 4.77201e-15 1.41611e-09 9.06865e-15 -1.76396e-14 -4.02481e-09 -7.4768e-10 -1.4875e-14 2.12547e-09 4.54389e-14 -1.12385e-14 1.27203e-10
894 1.96 330 0 4.87629e-09 3.52666e-15 1.37394e-09 7.55312e-15 -1.56681e-14 -3.92069e-09 -7.24247e-10 -1.27255e-14 2.058e-09 3.90116e-14 -9.46911e-15 1.24883e-10
894 1.97 330 0 4.74337e-09 2.41658e-15 1.33324e-09 6.04068e-15 -1.34565e-14 -3.81975e-09 -7.01624e-10 -1.04905e-14 1.99302e-09 3.23217e-14 -7.68121e-15 1.2255e-10
894 1.98 330 0 4.61472e-09 1.4361e-15 1.29394e-09 4.49857e-15 -1.09127e-14 -3.72186e-09 -6.79779e-10 -8.10719e-15 1.9304e-09 2.51675e-14 -5.83041e-15 1.2021e-10
894 1.99 330 0 4.49017e-09 5.84349e-16 1.25599e-09 2.84948e-15 -7.79111e-15 -3.6269e-09 -6.58681e-10 -5.41815e-15 1.87005e-09 1.70433e-14 -3.8085e-15 1.17868e-10
894 2 330 0 4.36955e-09 -1.01198e-18 1.21932e-09 7.17475e-18 -2.7529e-17 -3.53476e-09 -6.38302e-10 -1.61134e-17 1.81188e-09 5.31042e-17 -1.0705e-17 1.15531e-10
