894 0 160 0 3.57352e-07 2.65885e-07 3.29133e-06 1.03366e-07 0 0 0 0 0 0 1.15723e-08 -4.09003e-07
894 0.01 160 0 3.57404e-07 2.65915e-07 3.29134e-06 1.0338e-07 -8.6389e-10 -4.00151e-09 -7.23005e-10 -1.20631e-09 2.556e-09 3.08358e-09 1.15682e-08 -4.08995e-07
894 0.02 160 0 3.57563e-07 2.66005e-07 3.29139e-06 1.0342e-07 -1.72691e-09 -8.00001e-09 -1.44715e-09 -2.41104e-09 5.11398e-09 6.16528e-09 1.1556e-08 -4.08969e-07
894 0.03 160 0 3.57826e-07 2.66155e-07 3.29147e-06 1.03487e-07 -2.5882e-09 -1.19925e-08 -2.17356e-09 -3.61262e-09 7.67592e-09 9.24323e-09 1.15357e-08 -4.08927e-07
894 0.04 160 0 3.58196e-07 2.66364e-07 3.29157e-06 1.0358e-07 -3.44685e-09 -1.59759e-08 -2.90336e-09 -4.80945e-09 1.02438e-08 1.23155e-08 1.15075e-08 -4.08867e-07
894 0.05 160 0 3.58671e-07 2.66631e-07 3.29172e-06 1.03699e-07 -4.30192e-09 -1.99473e-08 -3.63764e-09 -5.99993e-09 1.28195e-08 1.53802e-08 1.1471e-08 -4.0879e-07
894 0.06 160 0 3.59252e-07 2.66956e-07 3.29189e-06 1.03842e-07 -5.15247e-09 -2.39037e-08 -4.37748e-09 -7.18241e-09 1.5405e-08 1.84355e-08 1.14268e-08 -4.08695e-07
894 0.07 160 0 3.5994e-07 2.67336e-07 3.29209e-06 1.0401e-07 -5.99747e-09 -2.78421e-08 -5.12392e-09 -8.35528e-09 1.80021e-08 2.14792e-08 1.13752e-08 -4.08584e-07
894 0.08 160 0 3.60735e-07 2.67772e-07 3.29233e-06 1.04202e-07 -6.8358e-09 -3.17597e-08 -5.87796e-09 -9.51685e-09 2.06128e-08 2.45094e-08 1.13161e-08 -4.08454e-07
894 0.09 160 0 3.61638e-07 2.68261e-07 3.2926e-06 1.04416e-07 -7.66641e-09 -3.56535e-08 -6.64046e-09 -1.06653e-08 2.32389e-08 2.75242e-08 1.12479e-08 -4.08307e-07
894 0.1 160 0 3.62648e-07 2.68799e-07 3.2929e-06 1.0465e-07 -8.48796e-09 -3.95208e-08 -7.41236e-09 -1.1799e-08 2.5882e-08 3.05212e-08 1.11738e-08 -4.08143e-07
894 0.11 160 0 3.63766e-07 2.69387e-07 3.29323e-06 1.04904e-07 -9.29905e-09 -4.33586e-08 -8.19471e-09 -1.29161e-08 2.85437e-08 3.34983e-08 1.10931e-08 -4.07961e-07
894 0.12 160 0 3.64993e-07 2.70022e-07 3.2936e-06 1.05176e-07 -1.00983e-08 -4.71643e-08 -8.9881e-09 -1.40149e-08 3.12259e-08 3.64532e-08 1.10062e-08 -4.0776e-07
894 0.13 160 0 3.66329e-07 2.70701e-07 3.294e-06 1.05464e-07 -1.08842e-08 -5.09351e-08 -9.7932e-09 -1.50934e-08 3.39299e-08 3.93838e-08 1.09128e-08 -4.07542e-07
894 0.14 160 0 3.67775e-07 2.7142e-07 3.29443e-06 1.05767e-07 -1.16549e-08 -5.46686e-08 -1.06107e-08 -1.61497e-08 3.66573e-08 4.22873e-08 1.08139e-08 -4.07304e-07
894 0.15 160 0 3.69331e-07 2.72177e-07 3.2949e-06 1.06082e-07 -1.24091e-08 -5.83622e-08 -1.14407e-08 -1.71815e-08 3.94096e-08 4.51619e-08 1.07072e-08 -4.07048e-07
894 0.16 160 0 3.70997e-07 2.72969e-07 3.29541e-06 1.06407e-07 -1.31443e-08 -6.20134e-08 -1.22843e-08 -1.81873e-08 4.21876e-08 4.80045e-08 1.05974e-08 -4.06773e-07
894 0.17 160 0 3.72774e-07 2.73792e-07 3.29594e-06 1.0674e-07 -1.38586e-08 -6.56199e-08 -1.31414e-08 -1.91647e-08 4.49926e-08 5.08125e-08 1.04835e-08 -4.06479e-07
894 0.18 160 0 3.74661e-07 2.74643e-07 3.29652e-06 1.07078e-07 -1.45497e-08 -6.91795e-08 -1.40122e-08 -2.01117e-08 4.78258e-08 5.35833e-08 1.03646e-08 -4.06166e-07
894 0.19 160 0 3.7666e-07 2.75515e-07 3.29713e-06 1.07419e-07 -1.52156e-08 -7.26903e-08 -1.48963e-08 -2.10258e-08 5.0688e-08 5.63143e-08 1.02397e-08 -4.05832e-07
894 0.2 160 0 3.7877e-07 2.76407e-07 3.29777e-06 1.07759e-07 -1.58532e-08 -7.61501e-08 -1.57943e-08 -2.19051e-08 5.35796e-08 5.90022e-08 1.01146e-08 -4.05479e-07
894 0.21 160 0 3.80991e-07 2.77313e-07 3.29845e-06 1.08096e-07 -1.64602e-08 -7.95573e-08 -1.67057e-08 -2.27473e-08 5.65012e-08 6.1644e-08 9.98758e-09 -4.05106e-07
894 0.22 160 0 3.83323e-07 2.78226e-07 3.29916e-06 1.08427e-07 -1.70338e-08 -8.29104e-08 -1.76294e-08 -2.35499e-08 5.94536e-08 6.42373e-08 9.85609e-09 -4.04713e-07
894 0.23 160 0 3.85764e-07 2.79145e-07 3.2999e-06 1.08748e-07 -1.75707e-08 -8.62077e-08 -1.85658e-08 -2.43106e-08 6.24363e-08 6.67781e-08 9.72626e-09 -4.043e-07
894 0.24 160 0 3.88315e-07 2.80064e-07 3.30068e-06 1.09056e-07 -1.80677e-08 -8.94484e-08 -1.95134e-08 -2.50272e-08 6.54495e-08 6.92636e-08 9.59593e-09 -4.03865e-07
894 0.25 160 0 3.90974e-07 2.80974e-07 3.30149e-06 1.09348e-07 -1.85219e-08 -9.26315e-08 -2.04707e-08 -2.56968e-08 6.84934e-08 7.16908e-08 9.46215e-09 -4.03409e-07
894 0.26 160 0 3.93739e-07 2.81873e-07 3.30234e-06 1.09618e-07 -1.89292e-08 -9.57559e-08 -2.14378e-08 -2.63177e-08 7.15664e-08 7.40555e-08 9.33387e-09 -4.02932e-07
894 0.27 160 0 3.9661e-07 2.82754e-07 3.30321e-06 1.09865e-07 -1.92869e-08 -9.88217e-08 -2.24121e-08 -2.68871e-08 7.46683e-08 7.6355e-08 9.20548e-09 -4.02434e-07
894 0.28 160 0 3.99583e-07 2.8361e-07 3.30411e-06 1.10083e-07 -1.95903e-08 -1.01829e-07 -2.33925e-08 -2.74029e-08 7.77976e-08 7.85853e-08 9.08262e-09 -4.01914e-07
894 0.29 160 0 4.02655e-07 2.84434e-07 3.30504e-06 1.10267e-07 -1.98367e-08 -1.04777e-07 -2.4376e-08 -2.78628e-08 8.09536e-08 8.07431e-08 8.962e-09 -4.0137e-07
894 0.3 160 0 4.05825e-07 2.85223e-07 3.306e-06 1.10414e-07 -2.00211e-08 -1.07667e-07 -2.53611e-08 -2.82648e-08 8.41338e-08 8.28242e-08 8.84728e-09 -4.00802e-07
894 0.31 160 0 4.09094e-07 2.85975e-07 3.30698e-06 1.10527e-07 -2.01392e-08 -1.10498e-07 -2.63466e-08 -2.86069e-08 8.73376e-08 8.48254e-08 8.74315e-09 -4.00213e-07
894 0.32 160 0 4.1248e-07 2.86661e-07 3.30803e-06 1.10593e-07 -2.01742e-08 -1.13274e-07 -2.73322e-08 -2.88935e-08 9.05577e-08 8.6724e-08 8.70144e-09 -3.99562e-07
894 0.33 160 0 4.15957e-07 2.87276e-07 3.30909e-06 1.10599e-07 -2.0134e-08 -1.15998e-07 -2.8307e-08 -2.91113e-08 9.37964e-08 8.85341e-08 8.6516e-09 -3.9889e-07
894 0.34 160 0 4.19502e-07 2.87836e-07 3.31016e-06 1.10553e-07 -2.00196e-08 -1.18669e-07 -2.92724e-08 -2.92616e-08 9.7049e-08 9.02597e-08 8.59836e-09 -3.98208e-07
894 0.35 160 0 4.23118e-07 2.88325e-07 3.31123e-06 1.1045e-07 -1.98243e-08 -1.21292e-07 -3.02237e-08 -2.93439e-08 1.00312e-07 9.18927e-08 8.55294e-09 -3.97508e-07
894 0.36 160 0 4.26807e-07 2.88742e-07 3.31231e-06 1.10287e-07 -1.95414e-08 -1.23866e-07 -3.11595e-08 -2.93564e-08 1.03582e-07 9.34297e-08 8.52554e-09 -3.96787e-07
894 0.37 160 0 4.3056e-07 2.89075e-07 3.31339e-06 1.10058e-07 -1.91674e-08 -1.26397e-07 -3.20738e-08 -2.92986e-08 1.06854e-07 9.48646e-08 8.5139e-09 -3.96042e-07
894 0.38 160 0 4.34365e-07 2.8932e-07 3.31447e-06 1.09758e-07 -1.87003e-08 -1.28889e-07 -3.29625e-08 -2.91685e-08 1.10124e-07 9.61994e-08 8.51942e-09 -3.9528e-07
894 0.39 160 0 4.3822e-07 2.89467e-07 3.31554e-06 1.09386e-07 -1.81351e-08 -1.31346e-07 -3.38204e-08 -2.89671e-08 1.13386e-07 9.74274e-08 8.54618e-09 -3.94495e-07
894 0.4 160 0 4.42109e-07 2.89516e-07 3.31659e-06 1.0894e-07 -1.74701e-08 -1.33771e-07 -3.46409e-08 -2.86945e-08 1.16635e-07 9.85458e-08 8.59635e-09 -3.93683e-07
894 0.41 160 0 4.46028e-07 2.89458e-07 3.31762e-06 1.0841e-07 -1.67006e-08 -1.3617e-07 -3.54197e-08 -2.83475e-08 1.19865e-07 9.95533e-08 8.67476e-09 -3.92848e-07
894 0.42 160 0 4.4997e-07 2.89288e-07 3.31863e-06 1.07796e-07 -1.5822e-08 -1.38551e-07 -3.61541e-08 -2.79264e-08 1.23069e-07 1.00449e-07 8.78245e-09 -3.91997e-07
894 0.43 160 0 4.53926e-07 2.89003e-07 3.31961e-06 1.07094e-07 -1.48328e-08 -1.40919e-07 -3.68371e-08 -2.74328e-08 1.2624e-07 1.0123e-07 8.92315e-09 -3.91127e-07
894 0.44 160 0 4.57882e-07 2.88599e-07 3.32055e-06 1.06307e-07 -1.37296e-08 -1.43281e-07 -3.74647e-08 -2.68684e-08 1.29373e-07 1.01896e-07 9.09689e-09 -3.90242e-07
894 0.45 160 0 4.6183e-07 2.88079e-07 3.32145e-06 1.05434e-07 -1.25118e-08 -1.45642e-07 -3.80305e-08 -2.62336e-08 1.3246e-07 1.02448e-07 9.30663e-09 -3.89348e-07
894 0.46 160 0 4.65753e-07 2.87428e-07 3.3223e-06 1.04464e-07 -1.11784e-08 -1.48013e-07 -3.85273e-08 -2.55318e-08 1.3549e-07 1.02884e-07 9.5579e-09 -3.88433e-07
894 0.47 160 0 4.69638e-07 2.86649e-07 3.32308e-06 1.03403e-07 -9.72842e-09 -1.50399e-07 -3.89494e-08 -2.4765e-08 1.38457e-07 1.03202e-07 9.84941e-09 -3.87504e-07
894 0.48 160 0 4.73472e-07 2.85742e-07 3.3238e-06 1.0225e-07 -8.1619e-09 -1.5281e-07 -3.92913e-08 -2.39361e-08 1.41352e-07 1.03405e-07 1.01848e-08 -3.86564e-07
894 0.49 160 0 4.77243e-07 2.84709e-07 3.32444e-06 1.01005e-07 -6.4793e-09 -1.55253e-07 -3.95477e-08 -2.30496e-08 1.44166e-07 1.03494e-07 1.05679e-08 -3.85617e-07
894 0.5 160 0 4.80928e-07 2.83548e-07 3.32499e-06 9.96674e-08 -4.6859e-09 -1.57738e-07 -3.97103e-08 -2.2108e-08 1.4689e-07 1.03476e-07 1.10029e-08 -3.84667e-07
894 0.51 160 0 4.84525e-07 2.82261e-07 3.32545e-06 9.82434e-08 -2.77618e-09 -1.60272e-07 -3.97772e-08 -2.11174e-08 1.49513e-07 1.03344e-07 1.14905e-08 -3.83711e-07
894 0.52 160 0 4.88012e-07 2.80853e-07 3.32581e-06 9.6733e-08 -7.56601e-10 -1.62863e-07 -3.97409e-08 -2.00828e-08 1.52026e-07 1.03106e-07 1.20343e-08 -3.82753e-07
894 0.53 160 0 4.91371e-07 2.79326e-07 3.32606e-06 9.51363e-08 1.36806e-09 -1.65523e-07 -3.95949e-08 -1.90078e-08 1.54419e-07 1.02767e-07 1.2639e-08 -3.81799e-07
894 0.54 160 0 4.94588e-07 2.77687e-07 3.32618e-06 9.34602e-08 3.59508e-09 -1.68258e-07 -3.93367e-08 -1.79009e-08 1.56681e-07 1.02331e-07 1.33071e-08 -3.80855e-07
894 0.55 160 0 4.97655e-07 2.75949e-07 3.32618e-06 9.17103e-08 5.92202e-09 -1.71074e-07 -3.89612e-08 -1.67651e-08 1.58803e-07 1.01803e-07 1.40438e-08 -3.79925e-07
894 0.56 160 0 5.00536e-07 2.74105e-07 3.32603e-06 8.9884e-08 8.33531e-09 -1.73988e-07 -3.84625e-08 -1.5613e-08 1.6077e-07 1.01191e-07 1.4847e-08 -3.79009e-07
894 0.57 160 0 5.03223e-07 2.72172e-07 3.32574e-06 8.79904e-08 1.08315e-08 -1.77002e-07 -3.78374e-08 -1.44493e-08 1.62573e-07 1.00501e-07 1.57229e-08 -3.78116e-07
894 0.58 160 0 5.05699e-07 2.70163e-07 3.32529e-06 8.60337e-08 1.34027e-08 -1.80127e-07 -3.70817e-08 -1.3281e-08 1.642e-07 9.97419e-08 1.66738e-08 -3.77246e-07
894 0.59 160 0 5.07943e-07 2.68086e-07 3.32467e-06 8.40241e-08 1.6041e-08 -1.83368e-07 -3.61943e-08 -1.21179e-08 1.65639e-07 9.89223e-08 1.77028e-08 -3.76415e-07
894 0.6 160 0 5.0994e-07 2.65959e-07 3.32388e-06 8.19654e-08 1.87361e-08 -1.86733e-07 -3.51709e-08 -1.09665e-08 1.66879e-07 9.80536e-08 1.88128e-08 -3.75623e-07
894 0.61 160 0 5.11672e-07 2.63795e-07 3.32291e-06 7.98681e-08 2.14786e-08 -1.90229e-07 -3.40115e-08 -9.83837e-09 1.67904e-07 9.71459e-08 2.00055e-08 -3.74881e-07
894 0.62 160 0 5.13122e-07 2.61614e-07 3.32175e-06 7.77386e-08 2.42594e-08 -1.9386e-07 -3.27144e-08 -8.73796e-09 1.68704e-07 9.62112e-08 2.12821e-08 -3.74194e-07
894 0.63 160 0 5.14273e-07 2.59437e-07 3.3204e-06 7.55868e-08 2.70677e-08 -1.97632e-07 -3.12782e-08 -7.67495e-09 1.69268e-07 9.52671e-08 2.26489e-08 -3.73581e-07
894 0.64 160 0 5.15095e-07 2.57276e-07 3.31884e-06 7.3417e-08 2.98841e-08 -2.0155e-07 -2.97037e-08 -6.66228e-09 1.69575e-07 9.43251e-08 2.40999e-08 -3.7304e-07
894 0.65 160 0 5.15572e-07 2.55162e-07 3.31707e-06 7.12373e-08 3.26964e-08 -2.05619e-07 -2.79876e-08 -5.70455e-09 1.69617e-07 9.34083e-08 2.5642e-08 -3.72588e-07
894 0.66 160 0 5.15688e-07 2.53122e-07 3.31508e-06 6.90608e-08 3.54961e-08 -2.09839e-07 -2.61344e-08 -4.81023e-09 1.69376e-07 9.25308e-08 2.72699e-08 -3.72234e-07
894 0.67 160 0 5.15422e-07 2.51183e-07 3.31286e-06 6.68953e-08 3.82659e-08 -2.14213e-07 -2.41432e-08 -3.98786e-09 1.68838e-07 9.17168e-08 2.89859e-08 -3.71993e-07
894 0.68 160 0 5.14752e-07 2.49379e-07 3.31041e-06 6.47511e-08 4.09921e-08 -2.18741e-07 -2.20151e-08 -3.245e-09 1.67985e-07 9.09906e-08 3.07865e-08 -3.7188e-07
894 0.69 160 0 5.13659e-07 2.47746e-07 3.30772e-06 6.26356e-08 4.3659e-08 -2.23424e-07 -1.97499e-08 -2.58631e-09 1.66803e-07 9.03806e-08 3.26707e-08 -3.71909e-07
894 0.7 160 0 5.12125e-07 2.46325e-07 3.30477e-06 6.05627e-08 4.62574e-08 -2.28257e-07 -1.73504e-08 -2.01912e-09 1.65272e-07 8.9915e-08 3.46339e-08 -3.72104e-07
894 0.71 160 0 5.10118e-07 2.45159e-07 3.30156e-06 5.85358e-08 4.87602e-08 -2.33243e-07 -1.48153e-08 -1.54856e-09 1.63375e-07 8.96317e-08 3.66632e-08 -3.72468e-07
894 0.72 160 0 5.07619e-07 2.44299e-07 3.29808e-06 5.65657e-08 5.11544e-08 -2.38376e-07 -1.21416e-08 -1.18092e-09 1.61092e-07 8.95701e-08 3.8758e-08 -3.73029e-07
894 0.73 160 0 5.04607e-07 2.43801e-07 3.2943e-06 5.46667e-08 5.34281e-08 -2.43652e-07 -9.32834e-09 -9.17769e-10 1.58403e-07 8.97748e-08 4.09044e-08 -3.73809e-07
894 0.74 160 0 5.01062e-07 2.43736e-07 3.29022e-06 5.28527e-08 5.55676e-08 -2.49074e-07 -6.36668e-09 -7.65725e-10 1.55283e-07 9.02997e-08 4.30881e-08 -3.74825e-07
894 0.75 160 0 4.96957e-07 2.44185e-07 3.28581e-06 5.11346e-08 5.75574e-08 -2.54624e-07 -3.25098e-09 -7.24191e-10 1.51719e-07 9.12044e-08 4.52823e-08 -3.7609e-07
894 0.76 160 0 4.9225e-07 2.45214e-07 3.28103e-06 4.95197e-08 5.935e-08 -2.60308e-07 3.42211e-11 -8.03581e-10 1.47676e-07 9.25614e-08 4.74777e-08 -3.77632e-07
894 0.77 160 0 4.86921e-07 2.4693e-07 3.27586e-06 4.8028e-08 6.09397e-08 -2.66109e-07 3.50474e-09 -1.00208e-09 1.43142e-07 9.44516e-08 4.96406e-08 -3.79468e-07
894 0.78 160 0 4.80953e-07 2.49453e-07 3.27027e-06 4.66859e-08 6.23161e-08 -2.72018e-07 7.18539e-09 -1.32339e-09 1.38102e-07 9.69688e-08 5.17392e-08 -3.8162e-07
894 0.79 160 0 4.74324e-07 2.52917e-07 3.26419e-06 4.55249e-08 6.34591e-08 -2.78025e-07 1.11107e-08 -1.77652e-09 1.32539e-07 1.00225e-07 5.37365e-08 -3.84108e-07
894 0.8 160 0 4.67016e-07 2.57481e-07 3.25757e-06 4.45855e-08 6.43496e-08 -2.8412e-07 1.53258e-08 -2.37645e-09 1.2644e-07 1.04348e-07 5.55878e-08 -3.86946e-07
894 0.81 160 0 4.59019e-07 2.63334e-07 3.25035e-06 4.39257e-08 6.49733e-08 -2.90293e-07 1.98896e-08 -3.14598e-09 1.19799e-07 1.09494e-07 5.72436e-08 -3.9015e-07
894 0.82 160 0 4.50309e-07 2.7069e-07 3.24242e-06 4.36136e-08 6.52912e-08 -2.96528e-07 2.48769e-08 -4.12637e-09 1.12618e-07 1.1584e-07 5.86435e-08 -3.93717e-07
894 0.83 160 0 4.40892e-07 2.7982e-07 3.23369e-06 4.37575e-08 6.52863e-08 -3.02816e-07 3.03815e-08 -5.3787e-09 1.04907e-07 1.23601e-07 5.9723e-08 -3.97645e-07
894 0.84 160 0 4.30778e-07 2.91048e-07 3.22402e-06 4.45053e-08 6.49298e-08 -3.09144e-07 3.65204e-08 -6.99776e-09 9.6691e-08 1.33033e-07 6.04115e-08 -4.01924e-07
894 0.85 160 0 4.19992e-07 3.04774e-07 3.21328e-06 4.60611e-08 6.41887e-08 -3.15499e-07 4.34336e-08 -9.12646e-09 8.80142e-08 1.44449e-07 6.06318e-08 -4.06528e-07
894 0.86 160 0 4.08592e-07 3.21503e-07 3.2013e-06 4.87149e-08 6.30309e-08 -3.21873e-07 5.12876e-08 -1.19764e-08 7.89467e-08 1.58231e-07 6.03046e-08 -4.11419e-07
894 0.87 160 0 3.96653e-07 3.41868e-07 3.18789e-06 5.28613e-08 6.13906e-08 -3.28245e-07 6.02676e-08 -1.58618e-08 6.95946e-08 1.74857e-07 5.9345e-08 -4.16534e-07
894 0.88 160 0 3.8433e-07 3.66719e-07 3.17286e-06 5.90771e-08 5.92125e-08 -3.34605e-07 7.05748e-08 -2.12444e-08 6.01179e-08 1.94945e-07 5.76714e-08 -4.21796e-07
894 0.89 160 0 3.71874e-07 3.97198e-07 3.15606e-06 6.81847e-08 5.64119e-08 -3.40938e-07 8.2402e-08 -2.88032e-08 5.07618e-08 2.19315e-07 5.52065e-08 -4.27109e-07
894 0.9 160 0 3.59727e-07 4.34896e-07 3.13739e-06 8.13747e-08 5.28709e-08 -3.47223e-07 9.58837e-08 -3.95419e-08 4.19202e-08 2.49088e-07 5.18785e-08 -4.32354e-07
894 0.91 160 0 3.4871e-07 4.82119e-07 3.11696e-06 1.00409e-07 4.84276e-08 -3.53432e-07 1.10992e-07 -5.49612e-08 3.42629e-08 2.85865e-07 4.7623e-08 -4.37389e-07
894 0.92 160 0 3.40372e-07 5.42283e-07 3.09536e-06 1.27924e-07 4.28193e-08 -3.59492e-07 1.27301e-07 -7.73296e-08 2.89993e-08 3.32e-07 4.23778e-08 -4.42035e-07
894 0.93 160 0 3.37938e-07 6.20673e-07 3.07424e-06 1.68004e-07 3.56647e-08 -3.65272e-07 1.43443e-07 -1.10154e-07 2.85132e-08 3.91104e-07 3.60818e-08 -4.46088e-07
894 0.94 160 0 3.48481e-07 7.25511e-07 3.05795e-06 2.26979e-07 2.63435e-08 -3.70452e-07 1.55744e-07 -1.5886e-07 3.78901e-08 4.68761e-07 2.86537e-08 -4.49269e-07
894 0.95 160 0 3.88754e-07 8.69094e-07 3.05769e-06 3.1427e-07 1.38624e-08 -3.74217e-07 1.54612e-07 -2.31458e-07 6.89502e-08 5.7325e-07 1.99747e-08 -4.51137e-07
894 0.96 160 0 5.00936e-07 1.06447e-06 3.10297e-06 4.39898e-07 -3.19168e-09 -3.74296e-07 1.14718e-07 -3.36226e-07 1.51104e-07 7.13073e-07 9.93838e-09 -4.50805e-07
894 0.97 160 0 7.88739e-07 1.28878e-06 3.26769e-06 5.8711e-07 -2.50295e-08 -3.64481e-07 -2.70296e-08 -4.57653e-07 3.55852e-07 8.71252e-07 -9.20599e-10 -4.46343e-07
894 0.98 160 0 1.38706e-06 1.30181e-06 3.64493e-06 5.7675e-07 -4.00576e-08 -3.34054e-07 -3.47309e-07 -4.39595e-07 7.73833e-07 8.80395e-07 -8.32807e-09 -4.35236e-07
894 0.99 160 0 1.8622e-06 6.56952e-07 3.8863e-06 7.5306e-08 -1.8235e-08 -3.02157e-07 -5.36737e-07 1.08963e-09 1.10084e-06 4.37102e-07 -4.38128e-09 -4.24547e-07
894 1 160 0 1.53328e-06 7.53109e-10 -2.21483e-06 -2.16487e-07 -1.5661e-10 -3.30158e-07 5.54216e-06 2.16614e-07 8.68326e-07 7.1855e-10 -3.88091e-10 -4.25472e-07
894 1.01 160 0 1.20688e-06 1.83192e-10 3.34366e-06 3.5714e-10 -2.25217e-10 -3.14878e-07 -6.55637e-08 -3.81556e-10 6.66306e-07 4.25612e-10 -3.00988e-10 -4.23911e-07
894 1.02 160 0 1.06991e-06 6.51793e-12 3.31867e-06 2.22823e-10 -2.17308e-10 -3.12508e-07 -5.9415e-08 -2.7043e-10 5.8087e-07 3.08825e-10 -2.63604e-10 -4.2313e-07
894 1.03 160 0 9.81216e-07 -9.08823e-11 3.29272e-06 1.47138e-10 -2.18933e-10 -3.09077e-07 -4.71081e-08 -2.11152e-10 5.27711e-07 2.48231e-10 -2.36492e-10 -4.22591e-07
894 1.04 160 0 9.15692e-07 -1.57491e-10 3.26946e-06 9.61257e-11 -2.23847e-10 -3.04876e-07 -3.5186e-08 -1.72473e-10 4.90256e-07 2.09995e-10 -2.15554e-10 -4.22332e-07
894 1.05 160 0 8.63369e-07 -2.10152e-10 3.24828e-06 5.80783e-11 -2.27677e-10 -2.99976e-07 -2.41687e-08 -1.42932e-10 4.61934e-07 1.8142e-10 -1.99691e-10 -4.2236e-07
894 1.06 160 0 8.19227e-07 -2.54633e-10 3.2284e-06 2.54682e-11 -2.37396e-10 -2.94346e-07 -1.38638e-08 -1.20963e-10 4.39483e-07 1.62127e-10 -1.84657e-10 -4.2267e-07
894 1.07 160 0 7.80368e-07 -2.9265e-10 3.2092e-06 -3.76476e-12 -2.48409e-10 -2.87917e-07 -4.00057e-09 -1.02526e-10 4.21054e-07 1.46918e-10 -1.70932e-10 -4.23269e-07
894 1.08 160 0 7.44934e-07 -3.28981e-10 3.19019e-06 -2.84875e-11 -2.58141e-10 -2.80589e-07 5.67044e-09 -8.58574e-11 4.05507e-07 1.33717e-10 -1.58994e-10 -4.24173e-07
894 1.09 160 0 7.11611e-07 -3.67087e-10 3.17094e-06 -5.52123e-11 -2.74368e-10 -2.72216e-07 1.53697e-08 -7.08979e-11 3.92085e-07 1.24087e-10 -1.46472e-10 -4.25401e-07
894 1.1 160 0 6.7941e-07 -4.04295e-10 3.15108e-06 -8.27374e-11 -2.92536e-10 -2.62633e-07 2.53002e-08 -5.63674e-11 3.80262e-07 1.15616e-10 -1.34397e-10 -4.26981e-07
894 1.11 160 0 6.4751e-07 -4.43022e-10 3.13024e-06 -1.08226e-10 -3.10013e-10 -2.51632e-07 3.56611e-08 -4.18058e-11 3.69656e-07 1.07584e-10 -1.22588e-10 -4.28959e-07
894 1.12 160 0 6.15156e-07 -4.87852e-10 3.10802e-06 -1.40139e-10 -3.35609e-10 -2.38941e-07 4.66622e-08 -2.63002e-11 3.59971e-07 1.01023e-10 -1.09819e-10 -4.31384e-07
894 1.13 160 0 5.81616e-07 -5.38132e-10 3.08397e-06 -1.75206e-10 -3.6626e-10 -2.2423e-07 5.85337e-08 -9.55048e-12 3.50973e-07 9.51868e-11 -9.59766e-11 -4.34331e-07
894 1.14 160 0 5.46115e-07 -5.9267e-10 3.05759e-06 -2.11595e-10 -3.97635e-10 -2.07083e-07 7.15478e-08 8.80272e-12 3.42462e-07 8.87923e-11 -8.16268e-11 -4.37895e-07
894 1.15 160 0 5.07744e-07 -6.60851e-10 3.02821e-06 -2.59963e-10 -4.42052e-10 -1.8694e-07 8.60382e-08 3.10034e-11 3.34257e-07 8.2894e-11 -6.52005e-11 -4.42195e-07
894 1.16 160 0 4.65426e-07 -7.42001e-10 2.99499e-06 -3.16905e-10 -4.9658e-10 -1.63081e-07 1.02426e-07 5.72868e-11 3.26185e-07 7.70052e-11 -4.61655e-11 -4.47399e-07
894 1.17 160 0 4.17783e-07 -8.37396e-10 2.95686e-06 -3.82641e-10 -5.58616e-10 -1.34535e-07 1.21268e-07 8.85553e-11 3.18059e-07 6.98638e-11 -2.41083e-11 -4.53733e-07
894 1.18 160 0 3.62955e-07 -9.61847e-10 2.91231e-06 -4.72636e-10 -6.45498e-10 -9.99436e-08 1.43325e-07 1.29752e-10 3.09668e-07 6.18867e-11 2.02441e-12 -4.61504e-07
894 1.19 160 0 2.98395e-07 -1.11608e-09 2.85922e-06 -5.81661e-10 -7.50932e-10 -5.74003e-08 1.69661e-07 1.81285e-10 3.00751e-07 5.21199e-11 3.52699e-11 -4.71164e-07
894 1.2 160 0 2.20355e-07 -1.33378e-09 2.79448e-06 -7.41113e-10 -9.05641e-10 -4.06746e-09 2.01846e-07 2.5517e-10 2.9095e-07 3.91228e-11 7.87526e-11 -4.83365e-07
894 1.21 160 0 1.23187e-07 -1.61903e-09 2.71337e-06 -9.49608e-10 -1.10801e-09 6.43695e-08 2.42263e-07 3.54022e-10 2.79754e-07 2.18351e-11 1.36207e-10 -4.99118e-07
894 1.22 160 0 -2.27362e-09 -2.05765e-09 2.6082e-06 -1.27836e-09 -1.42562e-09 1.54941e-07 2.94785e-07 5.09089e-10 2.66356e-07 -4.87364e-12 2.20495e-10 -5.2006e-07
894 1.23 160 0 -1.71793e-07 -2.74037e-09 2.46571e-06 -1.79634e-09 -1.92501e-09 2.79778e-07 3.6609e-07 7.56191e-10 2.49391e-07 -4.75242e-11 3.50247e-10 -5.49025e-07
894 1.24 160 0 -4.15191e-07 -3.86495e-09 2.2608e-06 -2.66213e-09 -2.75085e-09 4.61852e-07 4.68823e-07 1.17384e-09 2.263e-07 -1.21741e-10 5.62399e-10 -5.91381e-07
894 1.25 160 0 -7.96725e-07 -6.0971e-09 1.93939e-06 -4.41127e-09 -4.41103e-09 7.50703e-07 6.30223e-07 2.02417e-09 1.91595e-07 -2.74779e-10 9.77203e-10 -6.58694e-07
894 1.26 160 0 -1.48441e-06 -1.13202e-08 1.35999e-06 -8.57678e-09 -8.32578e-09 1.2759e-06 9.2156e-07 4.06963e-09 1.30954e-07 -6.53179e-10 1.94182e-09 -7.81237e-07
894 1.27 160 0 -3.10361e-06 -3.03629e-08 -4.05454e-09 -2.40592e-08 -2.27521e-08 2.51977e-06 1.60807e-06 1.17448e-08 -8.88657e-09 -2.10904e-09 5.42666e-09 -1.07167e-06
894 1.28 160 0 -1.15906e-05 -2.78904e-07 -7.15203e-06 -2.30542e-07 -2.13099e-07 9.06096e-06 5.20764e-06 1.15201e-07 -7.33526e-07 -2.23073e-08 5.06066e-08 -2.59949e-06
894 1.29 160 0 1.19726e-05 -2.09366e-07 1.26915e-05 -1.80143e-07 -1.63339e-07 -9.11813e-06 -4.78734e-06 9.17321e-08 1.271e-06 -1.86346e-08 3.74874e-08 1.64748e-06
894 1.3 160 0 4.7245e-06 -2.36294e-08 6.58655e-06 -2.11106e-08 -1.8848e-08 -3.53214e-06 -1.71293e-06 1.09036e-08 6.5234e-07 -2.2762e-09 4.03255e-09 3.42487e-07
894 1.31 160 0 3.20502e-06 -8.13006e-09 5.306e-06 -7.52436e-09 -6.64031e-09 -2.36455e-06 -1.06848e-06 3.92305e-09 5.21398e-07 -8.25676e-10 1.26207e-09 6.98023e-08
894 1.32 160 0 2.54573e-06 -3.98752e-09 4.74978e-06 -3.80636e-09 -3.33545e-09 -1.8603e-06 -7.88853e-07 1.99347e-09 4.6376e-07 -4.1414e-10 5.33632e-10 -4.79223e-08
894 1.33 160 0 2.17708e-06 -2.28687e-09 4.43823e-06 -2.24674e-09 -1.9638e-09 -1.58009e-06 -6.32471e-07 1.17516e-09 4.30937e-07 -2.35938e-10 2.34133e-10 -1.13307e-07
894 1.34 160 0 1.94144e-06 -1.46966e-09 4.23862e-06 -1.47807e-09 -1.29504e-09 -1.40237e-06 -5.32468e-07 7.67337e-10 4.09502e-07 -1.44395e-10 9.69774e-11 -1.54763e-07
894 1.35 160 0 1.77777e-06 -1.00039e-09 4.09953e-06 -1.02644e-09 -9.07087e-10 -1.28005e-06 -4.62957e-07 5.25069e-10 3.94252e-07 -8.90157e-11 1.71489e-11 -1.83279e-07
894 1.36 160 0 1.65744e-06 -7.15745e-10 3.99686e-06 -7.45918e-10 -6.69079e-10 -1.19105e-06 -4.11791e-07 3.72191e-10 3.82747e-07 -5.28759e-11 -3.06166e-11 -2.04018e-07
894 1.37 160 0 1.56522e-06 -5.39182e-10 3.9178e-06 -5.66756e-10 -5.19301e-10 -1.12366e-06 -3.72521e-07 2.72766e-10 3.73685e-07 -2.80348e-11 -5.65023e-11 -2.1972e-07
894 1.38 160 0 1.49232e-06 -4.14515e-10 3.85494e-06 -4.37393e-10 -4.13231e-10 -1.07106e-06 -3.41409e-07 1.99503e-10 3.66313e-07 -9.1373e-12 -7.73384e-11 -2.31967e-07
894 1.39 160 0 1.43324e-06 -3.26866e-10 3.80365e-06 -3.43995e-10 -3.37992e-10 -1.02905e-06 -3.16131e-07 1.45416e-10 3.6016e-07 5.56447e-12 -8.93983e-11 -2.41749e-07
894 1.4 160 0 1.38441e-06 -2.66791e-10 3.76094e-06 -2.78103e-10 -2.86619e-10 -9.94875e-07 -2.9517e-07 1.05326e-10 3.54916e-07 1.79126e-11 -9.58443e-11 -2.49709e-07
894 1.41 160 0 1.3434e-06 -2.1984e-10 3.72474e-06 -2.25125e-10 -2.46889e-10 -9.66651e-07 -2.77496e-07 7.20765e-11 3.50373e-07 2.87196e-11 -1.02022e-10 -2.56282e-07
894 1.42 160 0 1.30848e-06 -1.84203e-10 3.69363e-06 -1.83955e-10 -2.17962e-10 -9.43063e-07 -2.62379e-07 4.42023e-11 3.46379e-07 3.91742e-11 -1.06543e-10 -2.61778e-07
894 1.43 160 0 1.27841e-06 -1.58322e-10 3.66655e-06 -1.53462e-10 -1.98708e-10 -9.23155e-07 -2.49287e-07 2.09116e-11 3.42822e-07 4.97425e-11 -1.07059e-10 -2.66422e-07
894 1.44 160 0 1.25226e-06 -1.37109e-10 3.64273e-06 -1.27426e-10 -1.84886e-10 -9.0622e-07 -2.3783e-07 -1.19296e-12 3.39619e-07 6.11017e-11 -1.08866e-10 -2.70377e-07
894 1.45 160 0 1.22934e-06 -1.20494e-10 3.62157e-06 -1.0622e-10 -1.77233e-10 -8.91726e-07 -2.27701e-07 -2.26601e-11 3.36701e-07 7.41812e-11 -1.09906e-10 -2.73769e-07
894 1.46 160 0 1.2091e-06 -1.06906e-10 3.60263e-06 -8.88015e-11 -1.76219e-10 -8.79265e-07 -2.18665e-07 -4.5898e-11 3.34011e-07 9.10197e-11 -1.10024e-10 -2.76697e-07
894 1.47 160 0 1.19111e-06 -9.60012e-11 3.58554e-06 -7.42958e-11 -1.84387e-10 -8.6853e-07 -2.10521e-07 -7.43352e-11 3.31488e-07 1.15136e-10 -1.10405e-10 -2.79234e-07
894 1.48 160 0 1.17504e-06 -8.71512e-11 3.57002e-06 -6.23304e-11 -2.06939e-10 -8.59309e-07 -2.03078e-07 -1.13973e-10 3.29048e-07 1.5303e-10 -1.09722e-10 -2.81443e-07
894 1.49 160 0 1.1606e-06 -7.98627e-11 3.55584e-06 -5.23223e-11 -2.62279e-10 -8.51531e-07 -1.9608e-07 -1.84299e-10 3.26508e-07 2.26202e-10 -1.08805e-10 -2.83372e-07
894 1.5 160 0 1.14758e-06 -7.37166e-11 3.54282e-06 -4.40659e-11 -4.38721e-10 -8.45747e-07 -1.88701e-07 -3.75554e-10 3.2303e-07 4.3541e-10 -1.07595e-10 -2.8506e-07
894 1.51 160 0 1.13579e-06 -7.27131e-11 3.53082e-06 -2.07871e-11 3.20306e-08 -7.71906e-07 -2.51961e-07 3.26202e-08 3.98136e-07 -3.64824e-08 -1.07548e-10 -2.86506e-07
894 1.52 160 0 1.12509e-06 -6.46887e-11 3.51966e-06 -2.89277e-11 3.57732e-10 -8.28634e-07 -1.8368e-07 4.1416e-10 3.25697e-07 -4.5579e-10 -1.06157e-10 -2.87835e-07
894 1.53 160 0 1.11534e-06 -6.09104e-11 3.50928e-06 -2.37514e-11 1.53959e-10 -8.25083e-07 -1.77794e-07 1.99346e-10 3.22724e-07 -2.18651e-10 -1.04793e-10 -2.88975e-07
894 1.54 160 0 1.10643e-06 -5.7732e-11 3.49959e-06 -1.91035e-11 8.99323e-11 -8.21311e-07 -1.73095e-07 1.2753e-10 3.20782e-07 -1.41098e-10 -1.03487e-10 -2.89974e-07
894 1.55 160 0 1.09827e-06 -5.49472e-11 3.49049e-06 -1.49685e-11 5.96819e-11 -8.17865e-07 -1.6892e-07 9.07959e-11 3.19164e-07 -1.02495e-10 -1.02193e-10 -2.9085e-07
894 1.56 160 0 1.09078e-06 -5.24805e-11 3.48193e-06 -1.14626e-11 4.24177e-11 -8.14812e-07 -1.65105e-07 6.80545e-11 3.17717e-07 -7.9228e-11 -1.00453e-10 -2.91615e-07
894 1.57 160 0 1.08389e-06 -5.03109e-11 3.47386e-06 -8.23446e-12 3.18129e-11 -8.12144e-07 -1.61579e-07 5.25606e-11 3.16384e-07 -6.38857e-11 -9.91684e-11 -2.92283e-07
894 1.58 160 0 1.07756e-06 -4.81416e-11 3.46621e-06 -5.42381e-12 2.50552e-11 -8.09836e-07 -1.58298e-07 4.13896e-11 3.1514e-07 -5.31761e-11 -9.77047e-11 -2.92862e-07
894 1.59 160 0 1.07171e-06 -4.63603e-11 3.45895e-06 -2.4733e-12 2.0241e-11 -8.07857e-07 -1.55232e-07 3.25135e-11 3.13968e-07 -4.49785e-11 -9.67972e-11 -2.93363e-07
894 1.6 160 0 1.06631e-06 -4.4694e-11 3.45205e-06 -3.22126e-13 1.66556e-11 -8.06179e-07 -1.52357e-07 2.55216e-11 3.1286e-07 -3.85744e-11 -9.52227e-11 -2.93793e-07
894 1.61 160 0 1.06133e-06 -4.29552e-11 3.44546e-06 1.7056e-12 1.43561e-11 -8.04777e-07 -1.49653e-07 2.00289e-11 3.11807e-07 -3.37197e-11 -9.37991e-11 -2.94157e-07
894 1.62 160 0 1.05671e-06 -4.16297e-11 3.43917e-06 3.81018e-12 1.25794e-11 -8.03625e-07 -1.47104e-07 1.53073e-11 3.10802e-07 -2.97019e-11 -9.29861e-11 -2.94464e-07
894 1.63 160 0 1.05244e-06 -4.00866e-11 3.43314e-06 5.29414e-12 1.13103e-11 -8.02704e-07 -1.44697e-07 1.14727e-11 3.09843e-07 -2.64139e-11 -9.13624e-11 -2.94717e-07
894 1.64 160 0 1.04848e-06 -3.88047e-11 3.42736e-06 6.98809e-12 1.03704e-11 -8.01992e-07 -1.42417e-07 8.12864e-12 3.08924e-07 -2.3654e-11 -9.02629e-11 -2.94922e-07
894 1.65 160 0 1.04482e-06 -3.74541e-11 3.4218e-06 8.58605e-12 9.9297e-12 -8.01473e-07 -1.40255e-07 5.39438e-12 3.08042e-07 -2.14586e-11 -8.93192e-11 -2.95082e-07
894 1.66 160 0 1.04142e-06 -3.61081e-11 3.41645e-06 9.64283e-12 9.53595e-12 -8.01131e-07 -1.38202e-07 3.06959e-12 3.07194e-07 -1.94935e-11 -8.79141e-11 -2.95201e-07
894 1.67 160 0 1.03828e-06 -3.49229e-11 3.41128e-06 1.08937e-11 9.35796e-12 -8.00951e-07 -1.36249e-07 1.06683e-12 3.06378e-07 -1.78343e-11 -8.68757e-11 -2.95283e-07
894 1.68 160 0 1.03536e-06 -3.37379e-11 3.40629e-06 1.20514e-11 9.35882e-12 -8.00922e-07 -1.34387e-07 -5.65219e-13 3.05592e-07 -1.64164e-11 -8.59044e-11 -2.95331e-07
894 1.69 160 0 1.03266e-06 -3.25685e-11 3.40146e-06 1.30567e-11 9.5049e-12 -8.01032e-07 -1.32611e-07 -1.84477e-12 3.04833e-07 -1.51777e-11 -8.48959e-11 -2.95346e-07
894 1.7 160 0 1.03016e-06 -3.14205e-11 3.39679e-06 1.39198e-11 9.75537e-12 -8.01269e-07 -1.30914e-07 -2.79022e-12 3.041e-07 -1.40183e-11 -8.38598e-11 -2.95333e-07
894 1.71 160 0 1.02784e-06 -3.03269e-11 3.39225e-06 1.4691e-11 1.00264e-11 -8.01625e-07 -1.2929e-07 -3.39565e-12 3.03391e-07 -1.28303e-11 -8.28808e-11 -2.95291e-07
894 1.72 160 0 1.0257e-06 -2.93574e-11 3.38784e-06 1.55593e-11 1.02281e-11 -8.02092e-07 -1.27735e-07 -3.67173e-12 3.02704e-07 -1.15025e-11 -8.19628e-11 -2.95225e-07
894 1.73 160 0 1.02372e-06 -2.84587e-11 3.38355e-06 1.59056e-11 1.00349e-11 -8.0266e-07 -1.26243e-07 -3.55733e-12 3.02037e-07 -9.54543e-12 -8.0447e-11 -2.95134e-07
894 1.74 160 0 1.0219e-06 -2.74973e-11 3.37938e-06 1.61101e-11 9.1348e-12 -8.03325e-07 -1.2481e-07 -2.84635e-12 3.01389e-07 -6.33331e-12 -7.83876e-11 -2.9502e-07
894 1.75 160 0 1.02022e-06 -2.57661e-11 3.3753e-06 1.53458e-11 6.80484e-12 -8.04078e-07 -1.23431e-07 -1.14854e-12 3.00758e-07 -5.85044e-13 -7.34975e-11 -2.94886e-07
894 1.76 160 0 1.01867e-06 -2.15788e-11 3.37133e-06 1.27977e-11 5.03258e-12 -8.04912e-07 -1.22106e-07 1.72363e-12 3.00148e-07 5.74986e-12 -6.15804e-11 -2.94735e-07
894 1.77 160 0 1.01725e-06 -2.34148e-11 3.36746e-06 1.4132e-11 1.70486e-12 -8.05814e-07 -1.20842e-07 -1.05941e-11 2.99568e-07 5.83096e-12 -6.51586e-11 -2.94572e-07
894 1.78 160 0 1.01595e-06 -2.38712e-11 3.36366e-06 1.40669e-11 -3.33676e-13 -8.06793e-07 -1.19616e-07 -1.39658e-11 2.98995e-07 7.34638e-12 -6.3692e-11 -2.9439e-07
894 1.79 160 0 1.01477e-06 -2.43813e-11 3.35995e-06 1.36281e-11 -2.0335e-12 -8.0784e-07 -1.18434e-07 -1.60162e-11 2.98435e-07 8.40155e-12 -6.18974e-11 -2.94192e-07
894 1.8 160 0 1.01369e-06 -2.49082e-11 3.35632e-06 1.29462e-11 -3.50395e-12 -8.08951e-07 -1.17291e-07 -1.7227e-11 2.97889e-07 9.15603e-12 -5.99121e-11 -2.9398e-07
894 1.81 160 0 1.01271e-06 -2.53194e-11 3.35276e-06 1.2155e-11 -4.65437e-12 -8.1012e-07 -1.16188e-07 -1.77748e-11 2.97356e-07 9.60369e-12 -5.77315e-11 -2.93755e-07
894 1.82 160 0 1.01183e-06 -2.56144e-11 3.34926e-06 1.12977e-11 -5.55307e-12 -8.11344e-07 -1.1512e-07 -1.7808e-11 2.96835e-07 9.84546e-12 -5.53674e-11 -2.93518e-07
894 1.83 160 0 1.01104e-06 -2.58994e-11 3.34583e-06 1.03896e-11 -6.35692e-12 -8.1262e-07 -1.14088e-07 -1.76977e-11 2.96327e-07 9.86304e-12 -5.30358e-11 -2.93268e-07
894 1.84 160 0 1.01034e-06 -2.61093e-11 3.34246e-06 9.4696e-12 -6.98242e-12 -8.13944e-07 -1.13088e-07 -1.73307e-11 2.9583e-07 9.68436e-12 -5.06972e-11 -2.93008e-07
894 1.85 160 0 1.00972e-06 -2.62154e-11 3.33915e-06 8.53736e-12 -7.48609e-12 -8.15314e-07 -1.1212e-07 -1.67184e-11 2.95343e-07 9.42134e-12 -4.8233e-11 -2.92737e-07
894 1.86 160 0 1.00917e-06 -2.62397e-11 3.33589e-06 7.62059e-12 -7.89702e-12 -8.16727e-07 -1.1118e-07 -1.60024e-11 2.94867e-07 9.0344e-12 -4.57639e-11 -2.92456e-07
894 1.87 160 0 1.0087e-06 -2.60242e-11 3.33268e-06 6.80919e-12 -8.1413e-12 -8.1818e-07 -1.10269e-07 -1.51711e-11 2.94401e-07 8.59838e-12 -4.31725e-11 -2.92166e-07
894 1.88 160 0 1.0083e-06 -2.50305e-11 3.32952e-06 6.26791e-12 -8.16939e-12 -8.19671e-07 -1.09385e-07 -1.43601e-11 2.93944e-07 8.13325e-12 -4.04296e-11 -2.91868e-07
894 1.89 160 0 1.00797e-06 -2.36635e-11 3.32641e-06 5.76375e-12 -7.81715e-12 -8.21196e-07 -1.08527e-07 -1.35923e-11 2.93498e-07 7.70984e-12 -3.78227e-11 -2.91562e-07
894 1.9 160 0 1.0077e-06 -2.25476e-11 3.32334e-06 5.32508e-12 -7.49972e-12 -8.22755e-07 -1.07694e-07 -1.28081e-11 2.9306e-07 7.28495e-12 -3.53841e-11 -2.91248e-07
894 1.91 160 0 1.0075e-06 -2.13426e-11 3.32031e-06 4.88456e-12 -7.14731e-12 -8.24345e-07 -1.06883e-07 -1.19921e-11 2.9263e-07 6.84002e-12 -3.28945e-11 -2.90926e-07
894 1.92 160 0 1.00735e-06 -2.00427e-11 3.31732e-06 4.44111e-12 -6.75729e-12 -8.25965e-07 -1.06095e-07 -1.11405e-11 2.92208e-07 6.37267e-12 -3.03453e-11 -2.90598e-07
894 1.93 160 0 1.00726e-06 -1.86393e-11 3.31437e-06 3.99347e-12 -6.32622e-12 -8.27612e-07 -1.05328e-07 -1.02483e-11 2.91794e-07 5.88006e-12 -2.77247e-11 -2.90263e-07
894 1.94 160 0 1.00722e-06 -1.71202e-11 3.31145e-06 3.53998e-12 -5.84935e-12 -8.29286e-07 -1.04581e-07 -9.30917e-12 2.91387e-07 5.35836e-12 -2.50164e-11 -2.89923e-07
894 1.95 160 0 1.00723e-06 -1.5467e-11 3.30856e-06 3.07834e-12 -5.31985e-12 -8.30985e-07 -1.03853e-07 -8.3139e-12 2.90988e-07 4.80219e-12 -2.21969e-11 -2.89576e-07
894 1.96 160 0 1.00729e-06 -1.36516e-11 3.30571e-06 2.60509e-12 -4.72735e-12 -8.32707e-07 -1.03144e-07 -7.2487e-12 2.90594e-07 4.20336e-12 -1.92309e-11 -2.89224e-07
894 1.97 160 0 1.0074e-06 -1.16272e-11 3.30289e-06 2.11457e-12 -4.05476e-12 -8.34451e-07 -1.02452e-07 -6.09086e-12 2.90207e-07 3.54835e-12 -1.60601e-11 -2.88868e-07
894 1.98 160 0 1.00755e-06 -9.30601e-12 3.3001e-06 1.59616e-12 -3.27013e-12 -8.36216e-07 -1.01777e-07 -4.79789e-12 2.89827e-07 2.81177e-12 -1.2576e-11 -2.88506e-07
894 1.99 160 0 1.00775e-06 -6.47427e-12 3.29734e-06 1.02376e-12 -2.29587e-12 -8.38e-07 -1.01118e-07 -3.26674e-12 2.89452e-07 1.93174e-12 -8.515e-12 -2.8814e-07
894 2 160 0 1.00798e-06 -2.06111e-14 3.2946e-06 2.64028e-15 -7.44253e-15 -8.39802e-07 -1.00477e-07 -9.84133e-15 2.89083e-07 5.98133e-15 -2.55592e-14 -2.87766e-07
