894 0 400 0 -7.00645e-09 -1.2421e-08 2.27414e-08 1.24204e-08 0 0 0 0 0 0 2.73778e-08 1.15717e-08
894 0.01 400 0 -7.0129e-09 -1.24174e-08 2.27433e-08 1.24104e-08 2.39438e-10 -2.79449e-11 -1.08126e-10 -2.04716e-10 -2.82526e-10 -1.79745e-10 2.7379e-08 1.15583e-08
894 0.02 400 0 -7.03224e-09 -1.24064e-08 2.2749e-08 1.23805e-08 4.78479e-10 -5.65321e-11 -2.16757e-10 -4.09313e-10 -5.65228e-10 -3.58714e-10 2.73828e-08 1.15183e-08
894 0.03 400 0 -7.06435e-09 -1.23882e-08 2.27585e-08 1.23306e-08 7.16727e-10 -8.6403e-11 -3.26399e-10 -6.1367e-10 -8.48279e-10 -5.36133e-10 2.73888e-08 1.14516e-08
894 0.04 400 0 -7.10922e-09 -1.23624e-08 2.27716e-08 1.22606e-08 9.53776e-10 -1.18193e-10 -4.37555e-10 -8.1766e-10 -1.13184e-09 -7.11225e-10 2.73969e-08 1.13581e-08
894 0.05 400 0 -7.16675e-09 -1.2329e-08 2.27882e-08 1.21707e-08 1.18921e-09 -1.52528e-10 -5.50732e-10 -1.02114e-09 -1.41607e-09 -8.8321e-10 2.74069e-08 1.12379e-08
894 0.06 400 0 -7.23668e-09 -1.22876e-08 2.28078e-08 1.20606e-08 1.42261e-09 -1.90022e-10 -6.66426e-10 -1.22398e-09 -1.70111e-09 -1.05131e-09 2.74182e-08 1.10907e-08
894 0.07 400 0 -7.31891e-09 -1.2238e-08 2.28304e-08 1.19303e-08 1.65354e-09 -2.31282e-10 -7.85141e-10 -1.426e-09 -1.98706e-09 -1.21474e-09 2.74304e-08 1.09167e-08
894 0.08 400 0 -7.4134e-09 -1.2179e-08 2.28556e-08 1.17793e-08 1.88156e-09 -2.76852e-10 -9.07387e-10 -1.62696e-09 -2.27405e-09 -1.37273e-09 2.74431e-08 1.07156e-08
894 0.09 400 0 -7.51952e-09 -1.21119e-08 2.28827e-08 1.16085e-08 2.10616e-09 -3.27373e-10 -1.03364e-09 -1.82678e-09 -2.56212e-09 -1.52446e-09 2.74554e-08 1.04874e-08
894 0.1 400 0 -7.63742e-09 -1.20354e-08 2.2911e-08 1.14171e-08 2.32675e-09 -3.83314e-10 -1.16437e-09 -2.0252e-09 -2.85129e-09 -1.66912e-09 2.74671e-08 1.02319e-08
894 0.11 400 0 -7.76634e-09 -1.19482e-08 2.2941e-08 1.12049e-08 2.54304e-09 -4.45207e-10 -1.30013e-09 -2.22185e-09 -3.14162e-09 -1.80599e-09 2.74765e-08 9.94912e-09
894 0.12 400 0 -7.90588e-09 -1.18515e-08 2.29714e-08 1.09725e-08 2.75433e-09 -5.13616e-10 -1.44134e-09 -2.41665e-09 -3.43302e-09 -1.9342e-09 2.74829e-08 9.63889e-09
894 0.13 400 0 -8.05566e-09 -1.17438e-08 2.30016e-08 1.07195e-08 2.96009e-09 -5.88933e-10 -1.58848e-09 -2.60919e-09 -3.72542e-09 -2.05298e-09 2.74853e-08 9.30116e-09
894 0.14 400 0 -8.21543e-09 -1.16236e-08 2.3031e-08 1.04451e-08 3.15973e-09 -6.71508e-10 -1.74205e-09 -2.79902e-09 -4.01873e-09 -2.16156e-09 2.74829e-08 8.93588e-09
894 0.15 400 0 -8.3844e-09 -1.14921e-08 2.30582e-08 1.01504e-08 3.35244e-09 -7.61799e-10 -1.90239e-09 -2.98599e-09 -4.31269e-09 -2.25904e-09 2.74744e-08 8.54305e-09
894 0.16 400 0 -8.56181e-09 -1.13469e-08 2.30834e-08 9.83436e-09 3.53789e-09 -8.60092e-10 -2.07006e-09 -3.16942e-09 -4.60716e-09 -2.34478e-09 2.74579e-08 8.12271e-09
894 0.17 400 0 -8.74692e-09 -1.1189e-08 2.3105e-08 9.49783e-09 3.71518e-09 -9.66753e-10 -2.24536e-09 -3.34909e-09 -4.90176e-09 -2.41787e-09 2.74321e-08 7.67472e-09
894 0.18 400 0 -8.93916e-09 -1.1016e-08 2.31224e-08 9.13981e-09 3.88367e-09 -1.08185e-09 -2.42876e-09 -3.52425e-09 -5.19619e-09 -2.47761e-09 2.73957e-08 7.19941e-09
894 0.19 400 0 -9.13771e-09 -1.08287e-08 2.31335e-08 8.76125e-09 4.04234e-09 -1.20564e-09 -2.62049e-09 -3.6946e-09 -5.48995e-09 -2.52312e-09 2.73473e-08 6.69667e-09
894 0.2 400 0 -9.34125e-09 -1.06249e-08 2.31387e-08 8.36127e-09 4.19088e-09 -1.33815e-09 -2.82104e-09 -3.85924e-09 -5.78262e-09 -2.55383e-09 2.72843e-08 6.167e-09
894 0.21 400 0 -9.54886e-09 -1.04046e-08 2.3136e-08 7.94041e-09 4.32828e-09 -1.47947e-09 -3.0306e-09 -4.01767e-09 -6.0736e-09 -2.56892e-09 2.72052e-08 5.61066e-09
894 0.22 400 0 -9.75957e-09 -1.01678e-08 2.31234e-08 7.49929e-09 4.45339e-09 -1.62952e-09 -3.24934e-09 -4.16935e-09 -6.36213e-09 -2.56759e-09 2.71084e-08 5.02784e-09
894 0.23 400 0 -9.97174e-09 -9.9124e-09 2.3101e-08 7.03706e-09 4.56598e-09 -1.78816e-09 -3.4776e-09 -4.31317e-09 -6.64764e-09 -2.54938e-09 2.6991e-08 4.41941e-09
894 0.24 400 0 -1.01842e-08 -9.63834e-09 2.30665e-08 6.55443e-09 4.66489e-09 -1.95515e-09 -3.71544e-09 -4.44845e-09 -6.92921e-09 -2.51356e-09 2.68511e-08 3.78577e-09
894 0.25 400 0 -1.03957e-08 -9.34575e-09 2.30178e-08 6.05224e-09 4.7489e-09 -2.1302e-09 -3.96283e-09 -4.57456e-09 -7.20584e-09 -2.45944e-09 2.66869e-08 3.12759e-09
894 0.26 400 0 -1.06042e-08 -9.03257e-09 2.29547e-08 5.52983e-09 4.81783e-09 -2.31289e-09 -4.21997e-09 -4.69017e-09 -7.4767e-09 -2.38672e-09 2.64952e-08 2.44616e-09
894 0.27 400 0 -1.08084e-08 -8.69895e-09 2.28743e-08 4.9881e-09 4.87021e-09 -2.50258e-09 -4.48658e-09 -4.7945e-09 -7.74057e-09 -2.29478e-09 2.62742e-08 1.74234e-09
894 0.28 400 0 -1.10059e-08 -8.34458e-09 2.27757e-08 4.42774e-09 4.90574e-09 -2.69889e-09 -4.7626e-09 -4.88653e-09 -7.99632e-09 -2.18332e-09 2.60206e-08 1.01759e-09
894 0.29 400 0 -1.11953e-08 -7.96897e-09 2.26562e-08 3.84932e-09 4.923e-09 -2.90087e-09 -5.04765e-09 -4.96525e-09 -8.24261e-09 -2.05195e-09 2.57325e-08 2.73333e-10
894 0.3 400 0 -1.13741e-08 -7.57198e-09 2.25147e-08 3.25367e-09 4.92177e-09 -3.1079e-09 -5.34139e-09 -5.02947e-09 -8.47812e-09 -1.90056e-09 2.54062e-08 -4.88736e-10
894 0.31 400 0 -1.15417e-08 -7.15398e-09 2.23481e-08 2.6412e-09 4.90032e-09 -3.31909e-09 -5.64337e-09 -5.07813e-09 -8.70153e-09 -1.7288e-09 2.50406e-08 -1.26701e-09
894 0.32 400 0 -1.16952e-08 -6.71229e-09 2.215e-08 2.01173e-09 4.85669e-09 -3.5328e-09 -5.95204e-09 -5.10875e-09 -8.90957e-09 -1.53603e-09 2.46266e-08 -2.0614e-09
894 0.33 400 0 -1.18319e-08 -6.24867e-09 2.19219e-08 1.36852e-09 4.79132e-09 -3.74787e-09 -6.26707e-09 -5.12141e-09 -9.10188e-09 -1.32302e-09 2.41663e-08 -2.86692e-09
894 0.34 400 0 -1.19476e-08 -5.76468e-09 2.16656e-08 7.14091e-10 4.70566e-09 -3.96347e-09 -6.588e-09 -5.1156e-09 -9.27746e-09 -1.09072e-09 2.3658e-08 -3.67901e-09
894 0.35 400 0 -1.20403e-08 -5.26024e-09 2.13764e-08 4.93458e-11 4.5979e-09 -4.17774e-09 -6.91344e-09 -5.08985e-09 -9.43406e-09 -8.39199e-10 2.30988e-08 -4.4955e-09
894 0.36 400 0 -1.21078e-08 -4.73603e-09 2.10518e-08 -6.24135e-10 4.46761e-09 -4.38932e-09 -7.242e-09 -5.0429e-09 -9.56972e-09 -5.6897e-10 2.24849e-08 -5.31323e-09
894 0.37 400 0 -1.21469e-08 -4.19325e-09 2.06899e-08 -1.30418e-09 4.31491e-09 -4.59677e-09 -7.57225e-09 -4.97377e-09 -9.68257e-09 -2.80877e-10 2.18133e-08 -6.12814e-09
894 0.38 400 0 -1.21544e-08 -3.63322e-09 2.02882e-08 -1.9883e-09 4.13942e-09 -4.79795e-09 -7.90244e-09 -4.88161e-09 -9.7707e-09 2.39731e-11 2.10827e-08 -6.9358e-09
894 0.39 400 0 -1.2128e-08 -3.05735e-09 1.9844e-08 -2.67408e-09 3.94105e-09 -4.99117e-09 -8.23062e-09 -4.76542e-09 -9.83202e-09 3.44528e-10 2.02898e-08 -7.73187e-09
894 0.4 400 0 -1.20641e-08 -2.46721e-09 1.93559e-08 -3.35925e-09 3.72065e-09 -5.17467e-09 -8.5549e-09 -4.6242e-09 -9.8647e-09 6.79254e-10 1.94324e-08 -8.51087e-09
894 0.41 400 0 -1.19605e-08 -1.86598e-09 1.882e-08 -4.03909e-09 3.47736e-09 -5.34623e-09 -8.87246e-09 -4.45806e-09 -9.86637e-09 1.02662e-09 1.85085e-08 -9.26774e-09
894 0.42 400 0 -1.18138e-08 -1.25586e-09 1.8235e-08 -4.71067e-09 3.21234e-09 -5.50395e-09 -9.18099e-09 -4.2664e-09 -9.83521e-09 1.38463e-09 1.75166e-08 -9.99618e-09
894 0.43 400 0 -1.16211e-08 -6.39137e-10 1.75989e-08 -5.37085e-09 2.92659e-09 -5.64556e-09 -9.47786e-09 -4.04858e-09 -9.76943e-09 1.75107e-09 1.64555e-08 -1.06898e-08
894 0.44 400 0 -1.13799e-08 -2.05726e-11 1.69092e-08 -6.01358e-09 2.62062e-09 -5.76939e-09 -9.75979e-09 -3.80578e-09 -9.66689e-09 2.12349e-09 1.53236e-08 -1.13417e-08
894 0.45 400 0 -1.10882e-08 5.96911e-10 1.61647e-08 -6.63618e-09 2.29594e-09 -5.8733e-09 -1.00242e-08 -3.53741e-09 -9.52647e-09 2.49923e-09 1.41218e-08 -1.19451e-08
894 0.46 400 0 -1.07418e-08 1.20869e-09 1.53631e-08 -7.23076e-09 1.95388e-09 -5.95497e-09 -1.02669e-08 -3.24554e-09 -9.3454e-09 2.87502e-09 1.28481e-08 -1.2491e-08
894 0.47 400 0 -1.03391e-08 1.81077e-09 1.45034e-08 -7.79374e-09 1.59649e-09 -6.01244e-09 -1.04849e-08 -2.93038e-09 -9.12284e-09 3.24761e-09 1.15043e-08 -1.29718e-08
894 0.48 400 0 -9.87822e-09 2.39744e-09 1.35845e-08 -8.31807e-09 1.22543e-09 -6.044e-09 -1.06745e-08 -2.59422e-09 -8.85733e-09 3.61332e-09 1.00915e-08 -1.33788e-08
894 0.49 400 0 -9.35783e-09 2.96262e-09 1.26054e-08 -8.79612e-09 8.42584e-10 -6.04805e-09 -1.08318e-08 -2.23992e-09 -8.54761e-09 3.9681e-09 8.61164e-09 -1.37028e-08
894 0.5 400 0 -8.7758e-09 3.50091e-09 1.15668e-08 -9.22248e-09 4.51443e-10 -6.0229e-09 -1.09535e-08 -1.86939e-09 -8.19329e-09 4.30759e-09 7.06839e-09 -1.39345e-08
894 0.51 400 0 -8.13218e-09 4.006e-09 1.04674e-08 -9.58819e-09 5.3409e-11 -5.96687e-09 -1.10355e-08 -1.48653e-09 -7.79321e-09 4.62742e-09 5.46434e-09 -1.40641e-08
894 0.52 400 0 -7.42623e-09 4.47059e-09 9.30879e-09 -9.88501e-09 -3.48104e-10 -5.87892e-09 -1.10744e-08 -1.09564e-09 -7.34734e-09 4.92244e-09 3.80485e-09 -1.40816e-08
894 0.53 400 0 -6.65845e-09 4.88678e-09 8.09242e-09 -1.0103e-08 -7.50359e-10 -5.75831e-09 -1.10665e-08 -7.02424e-10 -6.85572e-09 5.18732e-09 2.0957e-09 -1.39764e-08
894 0.54 400 0 -5.8293e-09 5.24786e-09 6.82003e-09 -1.02345e-08 -1.14986e-09 -5.60362e-09 -1.10088e-08 -3.11251e-10 -6.31908e-09 5.41663e-09 3.44582e-10 -1.37386e-08
894 0.55 400 0 -4.94168e-09 5.54515e-09 5.4952e-09 -1.02686e-08 -1.54349e-09 -5.41535e-09 -1.08987e-08 7.06859e-11 -5.73853e-09 5.60476e-09 -1.44103e-09 -1.3358e-08
894 0.56 400 0 -3.99528e-09 5.77005e-09 4.12236e-09 -1.0195e-08 -1.92642e-09 -5.1928e-09 -1.07335e-08 4.35954e-10 -5.11545e-09 5.74494e-09 -3.25033e-09 -1.28231e-08
894 0.57 400 0 -2.99515e-09 5.91295e-09 2.70745e-09 -1.00006e-08 -2.29567e-09 -4.93721e-09 -1.0512e-08 7.74854e-10 -4.45202e-09 5.83089e-09 -5.07304e-09 -1.21238e-08
894 0.58 400 0 -1.9453e-09 5.96528e-09 1.2563e-09 -9.67492e-09 -2.64787e-09 -4.64838e-09 -1.0233e-08 1.07893e-09 -3.75111e-09 5.85588e-09 -6.89545e-09 -1.12505e-08
894 0.59 400 0 -8.50997e-10 5.91721e-09 -2.21765e-10 -9.20526e-09 -2.97853e-09 -4.32839e-09 -9.89723e-09 1.33721e-09 -3.01633e-09 5.81308e-09 -8.70346e-09 -1.01932e-08
894 0.6 400 0 2.81617e-10 5.75958e-09 -1.71769e-09 -8.58006e-09 -3.28422e-09 -3.97798e-09 -9.50573e-09 1.53932e-09 -2.25206e-09 5.69533e-09 -1.04799e-08 -8.9435e-09
894 0.61 400 0 1.44407e-09 5.48204e-09 -3.21861e-09 -7.78463e-09 -3.56146e-09 -3.5996e-09 -9.06165e-09 1.67148e-09 -1.46356e-09 5.49504e-09 -1.22069e-08 -7.49277e-09
894 0.62 400 0 2.62793e-09 5.07537e-09 -4.71069e-09 -6.80705e-09 -3.80619e-09 -3.19559e-09 -8.56954e-09 1.72153e-09 -6.56953e-10 5.20506e-09 -1.3864e-08 -5.83413e-09
894 0.63 400 0 3.82086e-09 4.52965e-09 -6.17691e-09 -5.63338e-09 -4.01599e-09 -2.76882e-09 -8.03634e-09 1.67473e-09 1.6002e-10 4.81773e-09 -1.54287e-08 -3.96231e-09
894 0.64 400 0 5.01324e-09 3.83482e-09 -7.5969e-09 -4.25115e-09 -4.1857e-09 -2.32341e-09 -7.47115e-09 1.51628e-09 9.79077e-10 4.32525e-09 -1.68757e-08 -1.87208e-09
894 0.65 400 0 6.18961e-09 2.98172e-09 -8.94793e-09 -2.64792e-09 -4.31311e-09 -1.86322e-09 -6.88593e-09 1.23085e-09 1.78989e-09 3.72019e-09 -1.81783e-08 4.37938e-10
894 0.66 400 0 7.33383e-09 1.96183e-09 -1.02039e-08 -8.11697e-10 -4.39592e-09 -1.39227e-09 -6.29574e-09 8.02843e-10 2.58121e-09 2.99519e-09 -1.93071e-08 2.96769e-09
894 0.67 400 0 8.42775e-09 7.66956e-10 -1.13343e-08 1.2676e-09 -4.43171e-09 -9.15647e-10 -5.71924e-09 2.16734e-10 3.33967e-09 2.1432e-09 -2.02304e-08 5.71393e-09
894 0.68 400 0 9.45133e-09 -6.10388e-10 -1.23055e-08 3.59812e-09 -4.41905e-09 -4.39071e-10 -5.17839e-09 -5.42165e-10 4.05042e-09 1.15752e-09 -2.09141e-08 8.6704e-09
894 0.69 400 0 1.03801e-08 -2.17691e-09 -1.30769e-08 6.18687e-09 -4.35676e-09 3.12881e-11 -4.70181e-09 -1.48931e-09 4.69548e-09 3.17068e-11 -2.13223e-08 1.18266e-08
894 0.7 400 0 1.11879e-08 -3.93634e-09 -1.36067e-08 9.03563e-09 -4.2455e-09 4.9014e-10 -4.3202e-09 -2.63555e-09 5.25534e-09 -1.23896e-09 -2.14169e-08 1.51666e-08
894 0.71 400 0 1.18475e-08 -5.89171e-09 -1.38432e-08 1.21423e-08 -4.08343e-09 9.29921e-10 -4.07271e-09 -3.99134e-09 5.70767e-09 -2.65823e-09 -2.11575e-08 1.867e-08
894 0.72 400 0 1.23262e-08 -8.04036e-09 -1.37314e-08 1.54989e-08 -3.87116e-09 1.34676e-09 -4.00374e-09 -5.56127e-09 6.02716e-09 -4.2273e-09 -2.05034e-08 2.23084e-08
894 0.73 400 0 1.25894e-08 -1.03802e-08 -1.32115e-08 1.90907e-08 -3.61109e-09 1.73203e-09 -4.16243e-09 -7.34634e-09 6.18589e-09 -5.94624e-09 -1.94129e-08 2.60484e-08
894 0.74 400 0 1.2598e-08 -1.29029e-08 -1.22155e-08 2.28944e-08 -3.3041e-09 2.07982e-09 -4.60701e-09 -9.34065e-09 6.15215e-09 -7.81135e-09 -1.78451e-08 2.98472e-08
894 0.75 400 0 1.23106e-08 -1.55959e-08 -1.0672e-08 2.68747e-08 -2.95415e-09 2.38298e-09 -5.40071e-09 -1.15289e-08 5.89077e-09 -9.81555e-09 -1.57589e-08 3.36532e-08
894 0.76 400 0 1.1681e-08 -1.84406e-08 -8.50439e-09 3.09842e-08 -2.5651e-09 2.6351e-09 -6.61326e-09 -1.38852e-08 5.36318e-09 -1.19471e-08 -1.31178e-08 3.7405e-08
894 0.77 400 0 1.06616e-08 -2.14119e-08 -5.62968e-09 3.51575e-08 -2.14074e-09 2.82786e-09 -8.3233e-09 -1.63703e-08 4.52638e-09 -1.41879e-08 -9.88712e-09 4.10298e-08
894 0.78 400 0 9.20047e-09 -2.44749e-08 -1.9659e-09 3.93102e-08 -1.68784e-09 2.95481e-09 -1.06112e-08 -1.89265e-08 3.33401e-09 -1.65126e-08 -6.04026e-09 4.44428e-08
894 0.79 400 0 7.24296e-09 -2.75843e-08 2.57044e-09 4.33356e-08 -1.21159e-09 3.00971e-09 -1.35623e-08 -2.14764e-08 1.73617e-09 -1.88865e-08 -1.56043e-09 4.75468e-08
894 0.8 400 0 4.73368e-09 -3.06836e-08 8.05636e-09 4.70987e-08 -7.2227e-10 2.98404e-09 -1.72596e-08 -2.39172e-08 -3.19744e-10 -2.12641e-08 3.55746e-09 5.0232e-08
894 0.81 400 0 1.61577e-09 -3.36988e-08 1.45617e-08 5.0436e-08 -2.25986e-10 2.87389e-09 -2.1784e-08 -2.61172e-08 -2.88863e-09 -2.35853e-08 9.30075e-09 5.23766e-08
894 0.82 400 0 -2.16418e-09 -3.65433e-08 2.21405e-08 5.31467e-08 2.63911e-10 2.66866e-09 -2.72069e-08 -2.79114e-08 -6.02543e-09 -2.5775e-08 1.56383e-08 5.38473e-08
894 0.83 400 0 -6.65803e-09 -3.91058e-08 3.08214e-08 5.49956e-08 7.39425e-10 2.36445e-09 -3.3581e-08 -2.90968e-08 -9.78415e-09 -2.77375e-08 2.25104e-08 5.45034e-08
894 0.84 400 0 -1.19088e-08 -4.12549e-08 4.05969e-08 5.57067e-08 1.18306e-09 1.95299e-09 -4.09295e-08 -2.94306e-08 -1.42137e-08 -2.93541e-08 2.98288e-08 5.41984e-08
894 0.85 400 0 -1.79503e-08 -4.28314e-08 5.14119e-08 5.49654e-08 1.58235e-09 1.42816e-09 -4.92368e-08 -2.86265e-08 -1.93558e-08 -3.04796e-08 3.74677e-08 5.27879e-08
894 0.86 400 0 -2.48131e-08 -4.36713e-08 6.3107e-08 5.23804e-08 1.89199e-09 7.98126e-10 -5.83946e-08 -2.63222e-08 -2.52407e-08 -3.09559e-08 4.5257e-08 5.01533e-08
894 0.87 400 0 -3.24638e-08 -4.34977e-08 7.54893e-08 4.75637e-08 2.13285e-09 3.43888e-11 -6.82596e-08 -2.21299e-08 -3.1862e-08 -3.05309e-08 5.3003e-08 4.61697e-08
894 0.88 400 0 -4.08708e-08 -4.20564e-08 8.82636e-08 4.01835e-08 2.28399e-09 -8.741e-10 -7.85916e-08 -1.5733e-08 -3.92073e-08 -2.8956e-08 6.04521e-08 4.07398e-08
894 0.89 400 0 -4.99656e-08 -3.90458e-08 1.00988e-07 2.9854e-08 2.30973e-09 -1.94288e-09 -8.90148e-08 -6.74634e-09 -4.72294e-08 -2.59269e-08 6.73107e-08 3.38179e-08
894 0.9 400 0 -5.96632e-08 -3.41079e-08 1.13075e-07 1.61894e-08 2.08348e-09 -3.19419e-09 -9.90193e-08 5.23401e-09 -5.58414e-08 -2.10636e-08 7.3254e-08 2.54155e-08
894 0.91 400 0 -6.97468e-08 -2.67207e-08 1.23755e-07 -1.1382e-09 1.56331e-09 -4.63426e-09 -1.07898e-07 2.05734e-08 -6.48433e-08 -1.38494e-08 7.79151e-08 1.56242e-08
894 0.92 400 0 -7.98935e-08 -1.62257e-08 1.32073e-07 -2.23263e-08 6.29101e-10 -6.27758e-09 -1.14757e-07 3.95186e-08 -7.39171e-08 -3.61132e-09 8.09196e-08 4.61675e-09
894 0.93 400 0 -8.95433e-08 -1.68599e-09 1.36866e-07 -4.73854e-08 -9.14076e-10 -8.1224e-09 -1.18487e-07 6.21421e-08 -8.24945e-08 1.06049e-08 8.18952e-08 -7.33398e-09
894 0.94 400 0 -9.76054e-08 1.83021e-08 1.36789e-07 -7.60446e-08 -3.39811e-09 -1.01112e-08 -1.17787e-07 8.82447e-08 -8.94538e-08 3.02194e-08 8.04908e-08 -1.98473e-08
894 0.95 400 0 -1.01659e-07 4.58751e-08 1.30437e-07 -1.07629e-07 -7.40422e-09 -1.19967e-08 -1.11295e-07 1.1723e-07 -9.23037e-08 5.73682e-08 7.63951e-08 -3.24237e-08
894 0.96 400 0 -9.56648e-08 8.37322e-08 1.16829e-07 -1.41115e-07 -1.39135e-08 -1.28884e-08 -9.80928e-08 1.48173e-07 -8.48705e-08 9.4685e-08 6.93547e-08 -4.4428e-08
894 0.97 400 0 -6.42154e-08 1.30739e-07 9.6614e-08 -1.76757e-07 -2.38988e-08 -9.8038e-09 -7.89476e-08 1.81532e-07 -5.15605e-08 1.40737e-07 5.92057e-08 -5.5044e-08
894 0.98 400 0 1.71595e-08 1.56221e-07 6.9183e-08 -2.25645e-07 -3.33474e-08 4.26251e-09 -5.32026e-08 2.29017e-07 3.18621e-08 1.64019e-07 4.59945e-08 -6.32558e-08
894 0.99 400 0 9.89632e-08 8.72598e-08 -1.07744e-08 -3.14822e-07 -2.43474e-08 2.53425e-08 2.58766e-08 3.18142e-07 1.14139e-07 9.15875e-08 2.97836e-08 -6.82511e-08
894 1 400 0 6.56369e-08 1.27621e-09 -5.87104e-06 -2.15506e-07 -6.32605e-11 2.93459e-08 5.89096e-06 2.15507e-07 8.31983e-08 1.28751e-09 3.21153e-11 -7.96724e-08
894 1.01 400 0 3.43608e-08 5.6162e-10 -1.52758e-07 8.2277e-10 7.94894e-11 1.4629e-08 1.65819e-07 -8.65165e-10 4.56542e-08 5.23433e-10 -1.42462e-10 -4.60895e-08
894 1.02 400 0 2.23263e-08 3.6482e-10 -1.00238e-07 6.39398e-10 9.00174e-11 1.15659e-08 1.12035e-07 -6.83725e-10 3.2354e-08 3.20047e-10 -1.49959e-10 -3.8469e-08
894 1.03 400 0 1.5562e-08 2.71741e-10 -7.57013e-08 5.36318e-10 9.24425e-11 9.93514e-09 8.6621e-08 -5.82441e-10 2.47819e-08 2.22844e-10 -1.53044e-10 -3.36329e-08
894 1.04 400 0 1.11908e-08 2.19389e-10 -6.11415e-08 4.6943e-10 9.31879e-11 8.92608e-09 7.1386e-08 -5.17347e-10 1.98363e-08 1.67202e-10 -1.54906e-10 -3.01754e-08
894 1.05 400 0 8.12929e-09 1.87145e-10 -5.14611e-08 4.23145e-10 9.39708e-11 8.2555e-09 6.11635e-08 -4.72973e-10 1.6347e-08 1.31819e-10 -1.56712e-10 -2.75557e-08
894 1.06 400 0 5.86313e-09 1.66309e-10 -4.4578e-08 3.89731e-10 9.48122e-11 7.79519e-09 5.38361e-08 -4.41529e-10 1.37566e-08 1.08032e-10 -1.58729e-10 -2.55028e-08
894 1.07 400 0 4.1137e-09 1.52542e-10 -3.94649e-08 3.65503e-10 9.62014e-11 7.47745e-09 4.83554e-08 -4.19472e-10 1.17616e-08 9.11523e-11 -1.61384e-10 -2.38608e-08
894 1.08 400 0 2.71582e-09 1.43589e-10 -3.55516e-08 3.48341e-10 9.84093e-11 7.26357e-09 4.41379e-08 -4.04804e-10 1.01816e-08 7.86759e-11 -1.64989e-10 -2.2532e-08
894 1.09 400 0 1.56453e-09 1.38062e-10 -3.24964e-08 3.36482e-10 1.01156e-10 7.1308e-09 4.08329e-08 -3.95725e-10 8.90234e-09 6.93655e-11 -1.695e-10 -2.14525e-08
894 1.1 400 0 5.89624e-10 1.35247e-10 -3.00813e-08 3.29357e-10 1.04777e-10 7.06477e-09 3.82164e-08 -3.9183e-10 7.84766e-09 6.2213e-11 -1.7528e-10 -2.05788e-08
894 1.11 400 0 -2.58286e-10 1.3479e-10 -2.81621e-08 3.26674e-10 1.09548e-10 7.05698e-09 3.61406e-08 -3.92986e-10 6.96481e-09 5.66087e-11 -1.8268e-10 -1.98811e-08
894 1.12 400 0 -1.01587e-09 1.36361e-10 -2.66418e-08 3.27877e-10 1.15323e-10 7.10341e-09 3.45065e-08 -3.98663e-10 6.21622e-09 5.22923e-11 -1.91754e-10 -1.93395e-08
894 1.13 400 0 -1.71148e-09 1.40007e-10 -2.54535e-08 3.33267e-10 1.22521e-10 7.20272e-09 3.32468e-08 -4.09402e-10 5.57415e-09 4.8945e-11 -2.03045e-10 -1.89415e-08
894 1.14 400 0 -2.36841e-09 1.45968e-10 -2.45522e-08 3.43442e-10 1.31653e-10 7.35633e-09 3.23176e-08 -4.2611e-10 5.01774e-09 4.63574e-11 -2.17264e-10 -1.8681e-08
894 1.15 400 0 -3.00763e-09 1.5437e-10 -2.39105e-08 3.5861e-10 1.42853e-10 7.56907e-09 3.16945e-08 -4.49189e-10 4.53105e-09 4.45044e-11 -2.34851e-10 -1.85581e-08
894 1.16 400 0 -3.64899e-09 1.65841e-10 -2.35142e-08 3.80104e-10 1.56971e-10 7.8485e-09 3.13683e-08 -4.80505e-10 4.10145e-09 4.32778e-11 -2.57037e-10 -1.85788e-08
894 1.17 400 0 -4.31342e-09 1.81324e-10 -2.33628e-08 4.09805e-10 1.75133e-10 8.20642e-09 3.13463e-08 -5.22663e-10 3.71878e-09 4.26419e-11 -2.85511e-10 -1.87568e-08
894 1.18 400 0 -5.02533e-09 2.0189e-10 -2.3471e-08 4.49817e-10 1.98454e-10 8.66079e-09 3.16548e-08 -5.78605e-10 3.37472e-09 4.26743e-11 -3.22209e-10 -1.91158e-08
894 1.19 400 0 -5.81492e-09 2.29828e-10 -2.38708e-08 5.04701e-10 2.2953e-10 9.23745e-09 3.23432e-08 -6.54562e-10 3.06204e-09 4.34173e-11 -3.71033e-10 -1.96925e-08
894 1.2 400 0 -6.72383e-09 2.68125e-10 -2.46213e-08 5.80326e-10 2.71521e-10 9.97613e-09 3.34969e-08 -7.58617e-10 2.77426e-09 4.50862e-11 -4.3712e-10 -2.05456e-08
894 1.21 400 0 -7.81215e-09 3.22782e-10 -2.58206e-08 6.88555e-10 3.31012e-10 1.09375e-08 3.5255e-08 -9.06985e-10 2.50497e-09 4.79516e-11 -5.30613e-10 -2.17672e-08
894 1.22 400 0 -9.1752e-09 4.03511e-10 -2.76376e-08 8.48451e-10 4.18411e-10 1.22216e-08 3.78534e-08 -1.12583e-09 2.24714e-09 5.26215e-11 -6.68002e-10 -2.35103e-08
894 1.23 400 0 -1.09744e-08 5.30533e-10 -3.03704e-08 1.09968e-09 5.55616e-10 1.40008e-08 4.17066e-08 -1.46954e-09 1.99165e-09 6.01812e-11 -8.83466e-10 -2.60412e-08
894 1.24 400 0 -1.35117e-08 7.48395e-10 -3.45891e-08 1.52933e-09 7.90828e-10 1.66011e-08 4.7605e-08 -2.05766e-09 1.72438e-09 7.2986e-11 -1.25227e-09 -2.98655e-08
894 1.25 400 0 -1.74328e-08 1.17065e-09 -4.15244e-08 2.35877e-09 1.24687e-09 2.07228e-08 5.72521e-08 -3.19449e-09 1.41829e-09 9.68903e-11 -1.96651e-09 -3.60703e-08
894 1.26 400 0 -2.4401e-08 2.17899e-09 -5.43626e-08 4.32951e-09 2.33737e-09 2.81742e-08 7.50567e-08 -5.90056e-09 1.00717e-09 1.50379e-10 -3.67144e-09 -4.7467e-08
894 1.27 400 0 -4.03941e-08 5.7608e-09 -8.45682e-08 1.12889e-08 6.21827e-09 4.54595e-08 1.1688e-07 -1.5479e-08 2.59352e-10 3.24284e-10 -9.72836e-09 -7.4168e-08
894 1.28 400 0 -1.087e-07 4.63749e-08 -2.15106e-07 8.96357e-08 5.03347e-08 1.19712e-07 2.97558e-07 -1.23626e-07 -2.44993e-09 2.06489e-09 -7.84314e-08 -1.8944e-07
894 1.29 400 0 9.94941e-08 3.58052e-08 1.85143e-07 6.82743e-08 3.90519e-08 -1.06918e-07 -2.55955e-07 -9.46957e-08 5.58085e-09 1.20446e-09 -6.06109e-08 1.63215e-07
894 1.3 400 0 3.80962e-08 4.57195e-09 6.74298e-08 8.60012e-09 5.00725e-09 -4.02372e-08 -9.32308e-08 -1.19929e-08 3.00964e-09 1.08666e-10 -7.7401e-09 5.96006e-08
894 1.31 400 0 2.30155e-08 1.61023e-09 3.87998e-08 2.98836e-09 1.7698e-09 -2.39147e-08 -5.36234e-08 -4.189e-09 2.3201e-09 2.37792e-11 -2.72473e-09 3.43481e-08
894 1.32 400 0 1.63402e-08 7.9128e-10 2.62984e-08 1.44888e-09 8.72287e-10 -1.67284e-08 -3.63176e-08 -2.04119e-09 1.97151e-09 5.24197e-12 -1.33748e-09 2.33013e-08
894 1.33 400 0 1.25781e-08 4.5972e-10 1.93708e-08 8.30587e-10 5.08004e-10 -1.27051e-08 -2.67211e-08 -1.17578e-09 1.74445e-09 -2.95749e-13 -7.75768e-10 1.71676e-08
894 1.34 400 0 1.01619e-08 2.95205e-10 1.50069e-08 5.26255e-10 3.26821e-10 -1.01404e-08 -2.06721e-08 -7.48426e-10 1.5762e-09 -2.08496e-12 -4.97028e-10 1.32959e-08
894 1.35 400 0 8.47742e-09 2.02873e-10 1.20289e-08 3.56866e-10 2.24901e-10 -8.36674e-09 -1.65416e-08 -5.09791e-10 1.44198e-09 -2.56164e-12 -3.40633e-10 1.06484e-08
894 1.36 400 0 7.23509e-09 1.46342e-10 9.88203e-09 2.54013e-10 1.62363e-10 -7.0696e-09 -1.35622e-08 -3.64423e-10 1.3299e-09 -2.53781e-12 -2.4491e-10 8.73604e-09
894 1.37 400 0 6.28052e-09 1.0945e-10 8.27135e-09 1.87447e-10 1.21467e-10 -6.08142e-09 -1.1326e-08 -2.70039e-10 1.23347e-09 -2.31794e-12 -1.82464e-10 7.29867e-09
894 1.38 400 0 5.52392e-09 8.42701e-11 7.02579e-09 1.42406e-10 9.34993e-11 -5.30486e-09 -9.5961e-09 -2.05973e-10 1.14879e-09 -2.0347e-12 -1.39884e-10 6.18527e-09
894 1.39 400 0 4.90942e-09 6.64055e-11 6.0393e-09 1.10723e-10 7.36192e-11 -4.67951e-09 -8.22575e-09 -1.60767e-10 1.07332e-09 -1.73977e-12 -1.09704e-10 5.30219e-09
894 1.4 400 0 4.40046e-09 5.33147e-11 5.24278e-09 8.77018e-11 5.90203e-11 -4.16587e-09 -7.11923e-09 -1.27821e-10 1.00535e-09 -1.45027e-12 -8.76082e-11 4.5883e-09
894 1.41 400 0 3.97211e-09 4.35107e-11 4.58938e-09 7.06153e-11 4.80665e-11 -3.73707e-09 -6.21163e-09 -1.03296e-10 9.4362e-10 -1.18293e-12 -7.10901e-11 4.00213e-09
894 1.42 400 0 3.60673e-09 3.59987e-11 4.04617e-09 5.76375e-11 3.96535e-11 -3.3742e-09 -5.45728e-09 -8.46168e-11 8.87201e-10 -9.34277e-13 -5.84542e-11 3.51447e-09
894 1.43 400 0 3.29154e-09 3.01293e-11 3.58939e-09 4.75843e-11 3.30572e-11 -3.06353e-09 -4.82324e-09 -7.0111e-11 8.35373e-10 -6.96594e-13 -4.85961e-11 3.10423e-09
894 1.44 400 0 3.01699e-09 2.54849e-11 3.20152e-09 3.9703e-11 2.78173e-11 -2.7949e-09 -4.28517e-09 -5.87137e-11 7.87563e-10 -4.72576e-13 -4.08163e-11 2.75584e-09
894 1.45 400 0 2.77585e-09 2.17533e-11 2.86933e-09 3.34277e-11 2.35788e-11 -2.5606e-09 -3.82469e-09 -4.96246e-11 7.43304e-10 -2.48819e-13 -3.45808e-11 2.45751e-09
894 1.46 400 0 2.56251e-09 1.87203e-11 2.58266e-09 2.83729e-11 2.00943e-11 -2.3547e-09 -3.42769e-09 -4.22999e-11 7.02208e-10 -1.17684e-14 -2.95259e-11 2.20019e-09
894 1.47 400 0 2.37256e-09 1.62269e-11 2.33363e-09 2.42554e-11 1.71647e-11 -2.17254e-09 -3.08319e-09 -3.63457e-11 6.63946e-10 2.67738e-13 -2.53826e-11 1.9768e-09
894 1.48 400 0 2.20247e-09 1.4158e-11 2.11597e-09 2.08705e-11 1.46129e-11 -2.01045e-09 -2.78249e-09 -3.14909e-11 6.28225e-10 6.50591e-13 -2.19558e-11 1.78178e-09
894 1.49 400 0 2.0494e-09 1.24264e-11 1.92473e-09 1.80635e-11 1.21888e-11 -1.86547e-09 -2.51862e-09 -2.75815e-11 5.94771e-10 1.32347e-12 -1.90974e-11 1.61064e-09
894 1.5 400 0 1.91103e-09 1.09658e-11 1.75585e-09 1.57181e-11 9.04095e-12 -1.73519e-09 -2.28598e-09 -2.47902e-11 5.63366e-10 3.22898e-12 -1.66955e-11 1.45977e-09
894 1.51 400 0 1.78544e-09 9.7277e-12 1.60607e-09 1.37451e-11 6.15474e-12 -1.60469e-09 -2.08564e-09 -2.25469e-11 5.49507e-10 5.14939e-12 -1.46629e-11 1.32622e-09
894 1.52 400 0 1.67104e-09 8.66452e-12 1.47269e-09 1.20725e-11 1.15059e-11 -1.50781e-09 -1.89833e-09 -1.72053e-11 5.10105e-10 -2.73816e-12 -1.29319e-11 1.20754e-09
894 1.53 400 0 1.56648e-09 7.75151e-12 1.35345e-09 1.06481e-11 9.56905e-12 -1.41162e-09 -1.73469e-09 -1.54936e-11 4.83139e-10 -1.5817e-12 -1.14499e-11 1.10172e-09
894 1.54 400 0 1.47062e-09 6.96169e-12 1.2465e-09 9.42766e-12 8.31991e-12 -1.32318e-09 -1.58852e-09 -1.3841e-11 4.58583e-10 -1.0941e-12 -1.01738e-11 1.00707e-09
894 1.55 400 0 1.3825e-09 6.27507e-12 1.15026e-09 8.377e-12 7.35957e-12 -1.24206e-09 -1.45738e-09 -1.2362e-11 4.35643e-10 -8.20641e-13 -9.06993e-12 9.22146e-10
894 1.56 400 0 1.30129e-09 5.67513e-12 1.0634e-09 7.46815e-12 6.57151e-12 -1.16752e-09 -1.33937e-09 -1.10587e-11 4.14093e-10 -6.42414e-13 -8.11067e-12 8.45755e-10
894 1.57 400 0 1.22627e-09 5.14867e-12 9.84783e-10 6.6785e-12 5.90493e-12 -1.09888e-09 -1.23288e-09 -9.91389e-12 3.93799e-10 -5.15342e-13 -7.27354e-12 7.76866e-10
894 1.58 400 0 1.15683e-09 4.68492e-12 9.13452e-10 5.98983e-12 5.33099e-12 -1.03552e-09 -1.13656e-09 -8.90848e-12 3.74663e-10 -4.18726e-13 -6.54041e-12 7.14596e-10
894 1.59 400 0 1.09241e-09 4.27473e-12 8.48572e-10 5.38728e-12 4.83134e-12 -9.76926e-10 -1.04923e-09 -8.02445e-12 3.56598e-10 -3.42435e-13 -5.89647e-12 6.58188e-10
894 1.6 400 0 1.03254e-09 3.9103e-12 7.89425e-10 4.85714e-12 4.39354e-12 -9.22618e-10 -9.69885e-10 -7.24296e-12 3.39531e-10 -2.81568e-13 -5.32758e-12 6.06987e-10
894 1.61 400 0 9.76817e-10 3.58567e-12 7.35389e-10 4.38977e-12 4.00703e-12 -8.72189e-10 -8.97656e-10 -6.55182e-12 3.23393e-10 -2.31152e-13 -4.82421e-12 5.60423e-10
894 1.62 400 0 9.24857e-10 3.2955e-12 6.85924e-10 3.97658e-12 3.66413e-12 -8.2528e-10 -8.3178e-10 -5.93921e-12 3.08125e-10 -1.88966e-13 -4.37766e-12 5.18002e-10
894 1.63 400 0 8.76338e-10 3.0353e-12 6.40557e-10 3.60979e-12 3.35867e-12 -7.81572e-10 -7.71592e-10 -5.394e-12 2.93669e-10 -1.53289e-13 -3.97987e-12 4.79291e-10
894 1.64 400 0 8.30968e-10 2.80133e-12 5.98872e-10 3.28366e-12 3.0854e-12 -7.40783e-10 -7.16511e-10 -4.90839e-12 2.79976e-10 -1.22707e-13 -3.6251e-12 4.4391e-10
894 1.65 400 0 7.88487e-10 2.59041e-12 5.60508e-10 2.99276e-12 2.84006e-12 -7.02663e-10 -6.66025e-10 -4.47454e-12 2.66997e-10 -9.61858e-14 -3.3077e-12 4.11524e-10
894 1.66 400 0 7.48662e-10 2.39963e-12 5.25141e-10 2.73244e-12 2.61931e-12 -6.66987e-10 -6.19682e-10 -4.08558e-12 2.5469e-10 -7.34434e-14 -3.02282e-12 3.81839e-10
894 1.67 400 0 7.11284e-10 2.22674e-12 4.92487e-10 2.49923e-12 2.41991e-12 -6.33555e-10 -5.77082e-10 -3.7368e-12 2.43014e-10 -5.35103e-14 -2.76696e-12 3.54593e-10
894 1.68 400 0 6.76163e-10 2.06968e-12 4.62295e-10 2.28973e-12 2.23936e-12 -6.02188e-10 -5.37871e-10 -3.42316e-12 2.31932e-10 -3.6047e-14 -2.53652e-12 3.29554e-10
894 1.69 400 0 6.4313e-10 1.92666e-12 4.3434e-10 2.10112e-12 2.07546e-12 -5.72723e-10 -5.01734e-10 -3.1406e-12 2.21409e-10 -2.06732e-14 -2.32859e-12 3.06517e-10
894 1.7 400 0 6.1203e-10 1.79616e-12 4.08422e-10 1.93102e-12 1.9263e-12 -5.45016e-10 -4.6839e-10 -2.88563e-12 2.11413e-10 -7.05038e-15 -2.14067e-12 2.85296e-10
894 1.71 400 0 5.82723e-10 1.67682e-12 3.84361e-10 1.77732e-12 1.79025e-12 -5.18934e-10 -4.37588e-10 -2.6552e-12 2.01913e-10 5.02894e-15 -1.97056e-12 2.65729e-10
894 1.72 400 0 5.55082e-10 1.56746e-12 3.61999e-10 1.63824e-12 1.6659e-12 -4.94358e-10 -4.09103e-10 -2.44667e-12 1.92883e-10 1.57339e-14 -1.81638e-12 2.47667e-10
894 1.73 400 0 5.28989e-10 1.46707e-12 3.41191e-10 1.51218e-12 1.55201e-12 -4.71179e-10 -3.82733e-10 -2.25772e-12 1.84295e-10 2.52966e-14 -1.67645e-12 2.30979e-10
894 1.74 400 0 5.04339e-10 1.37475e-12 3.21807e-10 1.39783e-12 1.44749e-12 -4.49299e-10 -3.58297e-10 -2.08642e-12 1.76125e-10 3.38574e-14 -1.54939e-12 2.15545e-10
894 1.75 400 0 4.81035e-10 1.28973e-12 3.03731e-10 1.29407e-12 1.35143e-12 -4.28627e-10 -3.35632e-10 -1.93113e-12 1.68351e-10 4.15263e-14 -1.43403e-12 2.01258e-10
894 1.76 400 0 4.58988e-10 1.21122e-12 2.86858e-10 1.20019e-12 1.26307e-12 -4.09079e-10 -3.14591e-10 -1.79066e-12 1.60952e-10 4.83602e-14 -1.32951e-12 1.88023e-10
894 1.77 400 0 4.38115e-10 1.13101e-12 2.71113e-10 1.12492e-12 1.17505e-12 -3.90573e-10 -2.95086e-10 -1.67996e-12 1.5392e-10 5.37306e-14 -1.24951e-12 1.75785e-10
894 1.78 400 0 4.1834e-10 1.06094e-12 2.56375e-10 1.04797e-12 1.09824e-12 -3.73055e-10 -2.76918e-10 -1.56499e-12 1.4721e-10 5.72285e-14 -1.1649e-12 1.6441e-10
894 1.79 400 0 3.99594e-10 9.96547e-13 2.42577e-10 9.76062e-13 1.02813e-12 -3.56457e-10 -2.60006e-10 -1.45703e-12 1.40816e-10 5.96602e-14 -1.08521e-12 1.53845e-10
894 1.8 400 0 3.81814e-10 9.37168e-13 2.29648e-10 9.09175e-13 9.63861e-13 -3.40719e-10 -2.44251e-10 -1.35621e-12 1.34721e-10 6.1302e-14 -1.01059e-12 1.44025e-10
894 1.81 400 0 3.6494e-10 8.82133e-13 2.17525e-10 8.47337e-13 9.04627e-13 -3.25787e-10 -2.29565e-10 -1.26278e-12 1.2891e-10 6.23178e-14 -9.41335e-13 1.34894e-10
894 1.82 400 0 3.48917e-10 8.31078e-13 2.06147e-10 7.90164e-13 8.49957e-13 -3.11611e-10 -2.15865e-10 -1.17623e-12 1.23368e-10 6.28313e-14 -8.77085e-13 1.26397e-10
894 1.83 400 0 3.33695e-10 7.83671e-13 1.95462e-10 7.37298e-13 7.9944e-13 -2.98145e-10 -2.03077e-10 -1.09607e-12 1.18083e-10 6.29222e-14 -8.17489e-13 1.18485e-10
894 1.84 400 0 3.19226e-10 7.39601e-13 1.85419e-10 6.88383e-13 7.52704e-13 -2.85346e-10 -1.91132e-10 -1.02178e-12 1.1304e-10 6.26496e-14 -7.62192e-13 1.11113e-10
894 1.85 400 0 3.05467e-10 6.98602e-13 1.75974e-10 6.43107e-13 7.09422e-13 -2.73176e-10 -1.79968e-10 -9.52947e-13 1.08228e-10 6.20773e-14 -7.10893e-13 1.04241e-10
894 1.86 400 0 2.92377e-10 6.60428e-13 1.67084e-10 6.0119e-13 6.69304e-13 -2.61596e-10 -1.69527e-10 -8.89173e-13 1.03636e-10 6.12437e-14 -6.63323e-13 9.78316e-11
894 1.87 400 0 2.79918e-10 6.24864e-13 1.58711e-10 5.62329e-13 6.32085e-13 -2.50574e-10 -1.59756e-10 -8.3002e-13 9.92511e-11 6.02071e-14 -6.19168e-13 9.18496e-11
894 1.88 400 0 2.68054e-10 5.91683e-13 1.50821e-10 5.26286e-13 5.97488e-13 -2.40078e-10 -1.50607e-10 -7.75133e-13 9.50641e-11 5.90305e-14 -5.782e-13 8.62641e-11
894 1.89 400 0 2.56753e-10 5.60483e-13 1.4338e-10 4.92874e-13 5.65053e-13 -2.30079e-10 -1.42037e-10 -7.2417e-13 9.10652e-11 5.7797e-14 -5.40202e-13 8.10462e-11
894 1.9 400 0 2.45984e-10 5.31212e-13 1.36359e-10 4.61901e-13 5.34687e-13 -2.20548e-10 -1.34004e-10 -6.76955e-13 8.72452e-11 5.65369e-14 -5.04979e-13 7.61691e-11
894 1.91 400 0 2.35717e-10 5.03753e-13 1.2973e-10 4.33157e-13 5.06258e-13 -2.11459e-10 -1.2647e-10 -6.33175e-13 8.35956e-11 5.52524e-14 -4.72295e-13 7.16086e-11
894 1.92 400 0 2.25926e-10 4.7797e-13 1.23469e-10 4.06456e-13 4.79619e-13 -2.0279e-10 -1.19402e-10 -5.9254e-13 8.0108e-11 5.39484e-14 -4.4194e-13 6.73421e-11
894 1.93 400 0 2.16586e-10 4.53741e-13 1.17551e-10 3.81627e-13 4.54638e-13 -1.94517e-10 -1.12766e-10 -5.54791e-13 7.67748e-11 5.26295e-14 -4.13723e-13 6.33488e-11
894 1.94 400 0 2.07672e-10 4.30953e-13 1.11954e-10 3.5852e-13 4.31193e-13 -1.8662e-10 -1.06534e-10 -5.19692e-13 7.35884e-11 5.13e-14 -3.87471e-13 5.96097e-11
894 1.95 400 0 1.99163e-10 4.09505e-13 1.06659e-10 3.36994e-13 4.09171e-13 -1.79078e-10 -1.00678e-10 -4.87025e-13 7.0542e-11 4.99639e-14 -3.63024e-13 5.61072e-11
894 1.96 400 0 1.91037e-10 3.89301e-13 1.01646e-10 3.16923e-13 3.88472e-13 -1.71873e-10 -9.5174e-11 -4.56595e-13 6.76289e-11 4.86241e-14 -3.40237e-13 5.28249e-11
894 1.97 400 0 1.83275e-10 3.70256e-13 9.68995e-11 2.98189e-13 3.69002e-13 -1.64989e-10 -8.99976e-11 -4.28219e-13 6.48428e-11 4.72827e-14 -3.18974e-13 4.97479e-11
894 1.98 400 0 1.75859e-10 3.52289e-13 9.24017e-11 2.80683e-13 3.50676e-13 -1.58408e-10 -8.51275e-11 -4.01721e-13 6.21777e-11 4.59397e-14 -2.99104e-13 4.68621e-11
894 1.99 400 0 1.68771e-10 3.35326e-13 8.81381e-11 2.64294e-13 3.3342e-13 -1.52116e-10 -8.05437e-11 -3.7692e-13 5.96281e-11 4.4589e-14 -2.80488e-13 4.41548e-11
894 2 400 0 1.61995e-10 3.19306e-13 8.40947e-11 2.48855e-13 3.17193e-13 -1.46097e-10 -7.62277e-11 -3.53513e-13 5.71885e-11 4.31842e-14 -2.62873e-13 4.16138e-11
