894 0 240 0 -2.1394e-08 2.79829e-08 2.9132e-08 -1.07961e-08 0 0 0 0 0 0 1.19301e-08 -4.31949e-08
894 0.01 240 0 -2.13865e-08 2.79945e-08 2.91261e-08 -1.07923e-08 -1.74306e-10 -6.21509e-10 -5.76668e-11 5.04947e-11 -1.92464e-10 8.9145e-10 1.19199e-08 -4.31905e-08
894 0.02 240 0 -2.1363e-08 2.80294e-08 2.91081e-08 -1.07814e-08 -3.49513e-10 -1.24179e-09 -1.15637e-10 1.01459e-10 -3.83567e-10 1.78278e-09 1.18882e-08 -4.31768e-08
894 0.03 240 0 -2.13251e-08 2.8087e-08 2.90786e-08 -1.07624e-08 -5.26531e-10 -1.85962e-09 -1.74234e-10 1.53304e-10 -5.71964e-10 2.67383e-09 1.18368e-08 -4.31544e-08
894 0.04 240 0 -2.12718e-08 2.81674e-08 2.90373e-08 -1.07356e-08 -7.06248e-10 -2.47374e-09 -2.33758e-10 2.0649e-10 -7.56295e-10 3.56444e-09 1.1765e-08 -4.31227e-08
894 0.05 240 0 -2.12027e-08 2.82705e-08 2.89845e-08 -1.07012e-08 -8.8953e-10 -3.08292e-09 -2.94508e-10 2.61478e-10 -9.35206e-10 4.45447e-09 1.16727e-08 -4.30817e-08
894 0.06 240 0 -2.11177e-08 2.83957e-08 2.89202e-08 -1.0659e-08 -1.07723e-09 -3.68591e-09 -3.5677e-10 3.18725e-10 -1.10735e-09 5.3437e-09 1.156e-08 -4.3031e-08
894 0.07 240 0 -2.10159e-08 2.85424e-08 2.88439e-08 -1.06096e-08 -1.27023e-09 -4.28146e-09 -4.20766e-10 3.78752e-10 -1.2714e-09 6.23193e-09 1.14275e-08 -4.29703e-08
894 0.08 240 0 -2.08975e-08 2.87111e-08 2.87572e-08 -1.05519e-08 -1.46921e-09 -4.86822e-09 -4.86876e-10 4.41961e-10 -1.42595e-09 7.11892e-09 1.12742e-08 -4.28993e-08
894 0.09 240 0 -2.07618e-08 2.89008e-08 2.86597e-08 -1.04862e-08 -1.67497e-09 -5.44494e-09 -5.55293e-10 5.08882e-10 -1.56971e-09 8.00438e-09 1.11008e-08 -4.28175e-08
894 0.1 240 0 -2.06078e-08 2.91109e-08 2.85515e-08 -1.04127e-08 -1.8882e-09 -6.01027e-09 -6.26242e-10 5.80029e-10 -1.70131e-09 8.88797e-09 1.09073e-08 -4.27245e-08
894 0.11 240 0 -2.04351e-08 2.93407e-08 2.84331e-08 -1.03311e-08 -2.10955e-09 -6.56288e-09 -6.99942e-10 6.55923e-10 -1.81943e-09 9.76931e-09 1.06939e-08 -4.26196e-08
894 0.12 240 0 -2.02423e-08 2.95897e-08 2.83045e-08 -1.0242e-08 -2.33962e-09 -7.10143e-09 -7.7653e-10 7.37248e-10 -1.92271e-09 1.06481e-08 1.046e-08 -4.25021e-08
894 0.13 240 0 -2.00299e-08 2.98564e-08 2.81664e-08 -1.01442e-08 -2.57893e-09 -7.62449e-09 -8.56238e-10 8.24282e-10 -2.00991e-09 1.15236e-08 1.02074e-08 -4.23716e-08
894 0.14 240 0 -1.9796e-08 3.01401e-08 2.80184e-08 -1.00387e-08 -2.82801e-09 -8.13067e-09 -9.39036e-10 9.17834e-10 -2.0797e-09 1.23954e-08 9.93586e-09 -4.22273e-08
894 0.15 240 0 -1.95407e-08 3.04402e-08 2.78621e-08 -9.92447e-09 -3.08708e-09 -8.61852e-09 -1.02525e-09 1.0183e-09 -2.13078e-09 1.32628e-08 9.64494e-09 -4.20684e-08
894 0.16 240 0 -1.92617e-08 3.07555e-08 2.76973e-08 -9.80245e-09 -3.3565e-09 -9.08663e-09 -1.11477e-09 1.12658e-09 -2.16184e-09 1.41253e-08 9.3345e-09 -4.18937e-08
894 0.17 240 0 -1.89595e-08 3.10842e-08 2.75247e-08 -9.6714e-09 -3.63645e-09 -9.53346e-09 -1.2077e-09 1.24293e-09 -2.17174e-09 1.49819e-08 9.00641e-09 -4.17028e-08
894 0.18 240 0 -1.86323e-08 3.14248e-08 2.73438e-08 -9.53247e-09 -3.92717e-09 -9.95758e-09 -1.30382e-09 1.36829e-09 -2.15924e-09 1.58318e-08 8.66082e-09 -4.14945e-08
894 0.19 240 0 -1.82794e-08 3.17767e-08 2.71568e-08 -9.38443e-09 -4.22836e-09 -1.03574e-08 -1.40332e-09 1.50308e-09 -2.12311e-09 1.6674e-08 8.2972e-09 -4.12677e-08
894 0.2 240 0 -1.78991e-08 3.21378e-08 2.69631e-08 -9.22846e-09 -4.54003e-09 -1.07315e-08 -1.50586e-09 1.64834e-09 -2.06217e-09 1.75076e-08 7.91576e-09 -4.10211e-08
894 0.21 240 0 -1.74914e-08 3.25057e-08 2.67629e-08 -9.0639e-09 -4.86213e-09 -1.10784e-08 -1.61122e-09 1.80441e-09 -1.97549e-09 1.83311e-08 7.51926e-09 -4.07539e-08
894 0.22 240 0 -1.70552e-08 3.28793e-08 2.65582e-08 -8.89023e-09 -5.1939e-09 -1.13964e-08 -1.7194e-09 1.97198e-09 -1.86192e-09 1.91436e-08 7.10638e-09 -4.04649e-08
894 0.23 240 0 -1.65887e-08 3.32565e-08 2.63485e-08 -8.70852e-09 -5.53507e-09 -1.16841e-08 -1.82985e-09 2.15208e-09 -1.7204e-09 1.99437e-08 6.67786e-09 -4.01523e-08
894 0.24 240 0 -1.60919e-08 3.36341e-08 2.61342e-08 -8.51818e-09 -5.88508e-09 -1.19401e-08 -1.94209e-09 2.3451e-09 -1.55025e-09 2.07296e-08 6.23633e-09 -3.98153e-08
894 0.25 240 0 -1.5563e-08 3.4011e-08 2.59169e-08 -8.31924e-09 -6.24276e-09 -1.21627e-08 -2.05589e-09 2.55196e-09 -1.35032e-09 2.15001e-08 5.78019e-09 -3.94521e-08
894 0.26 240 0 -1.50025e-08 3.4384e-08 2.56971e-08 -8.11128e-09 -6.60743e-09 -1.23505e-08 -2.17078e-09 2.77299e-09 -1.12015e-09 2.22531e-08 5.31269e-09 -3.90617e-08
894 0.27 240 0 -1.44089e-08 3.47498e-08 2.54742e-08 -7.89534e-09 -6.9781e-09 -1.25024e-08 -2.28567e-09 3.00922e-09 -8.59085e-10 2.29869e-08 4.83455e-09 -3.86425e-08
894 0.28 240 0 -1.37813e-08 3.51067e-08 2.52503e-08 -7.671e-09 -7.35316e-09 -1.26167e-08 -2.40026e-09 3.26133e-09 -5.66294e-10 2.36998e-08 4.34541e-09 -3.81924e-08
894 0.29 240 0 -1.31201e-08 3.54505e-08 2.5025e-08 -7.43839e-09 -7.7316e-09 -1.26923e-08 -2.51351e-09 3.52969e-09 -2.4178e-10 2.43893e-08 3.84922e-09 -3.77107e-08
894 0.3 240 0 -1.2424e-08 3.5779e-08 2.48e-08 -7.19743e-09 -8.11128e-09 -1.2728e-08 -2.62469e-09 3.81512e-09 1.15147e-10 2.50536e-08 3.34488e-09 -3.71949e-08
894 0.31 240 0 -1.16941e-08 3.60912e-08 2.45739e-08 -6.94705e-09 -8.4915e-09 -1.27218e-08 -2.7326e-09 4.11814e-09 5.04704e-10 2.56907e-08 2.83586e-09 -3.66443e-08
894 0.32 240 0 -1.09247e-08 3.6383e-08 2.43543e-08 -6.67773e-09 -8.86668e-09 -1.26694e-08 -2.83673e-09 4.43687e-09 9.27782e-10 2.62935e-08 2.32409e-09 -3.60471e-08
894 0.33 240 0 -1.01186e-08 3.6649e-08 2.41368e-08 -6.39981e-09 -9.2372e-09 -1.25733e-08 -2.93521e-09 4.77409e-09 1.38351e-09 2.68634e-08 1.81096e-09 -3.54097e-08
894 0.34 240 0 -9.28105e-09 3.68822e-08 2.39213e-08 -6.11847e-09 -9.6017e-09 -1.24354e-08 -3.02736e-09 5.13043e-09 1.86999e-09 2.73987e-08 1.30016e-09 -3.47366e-08
894 0.35 240 0 -8.41017e-09 3.70805e-08 2.37095e-08 -5.83102e-09 -9.95696e-09 -1.22539e-08 -3.11169e-09 5.50603e-09 2.38756e-09 2.78964e-08 7.91976e-10 -3.40223e-08
894 0.36 240 0 -7.50651e-09 3.72396e-08 2.35013e-08 -5.53643e-09 -1.03006e-08 -1.20278e-08 -3.18631e-09 5.90081e-09 2.93533e-09 2.83529e-08 2.907e-10 -3.32645e-08
894 0.37 240 0 -6.57253e-09 3.73557e-08 2.32986e-08 -5.23418e-09 -1.06298e-08 -1.17569e-08 -3.25041e-09 6.31438e-09 3.51192e-09 2.87651e-08 -2.00302e-10 -3.24624e-08
894 0.38 240 0 -5.60887e-09 3.74233e-08 2.31016e-08 -4.92629e-09 -1.09414e-08 -1.14423e-08 -3.3019e-09 6.74727e-09 4.11628e-09 2.91308e-08 -6.80158e-10 -3.16144e-08
894 0.39 240 0 -4.61813e-09 3.74383e-08 2.29104e-08 -4.61152e-09 -1.12332e-08 -1.10835e-08 -3.339e-09 7.19859e-09 4.74657e-09 2.94461e-08 -1.14306e-09 -3.07183e-08
894 0.4 240 0 -3.6023e-09 3.7396e-08 2.27263e-08 -4.29e-09 -1.15017e-08 -1.06813e-08 -3.3602e-09 7.66814e-09 5.40102e-09 2.97081e-08 -1.58639e-09 -2.97729e-08
894 0.41 240 0 -2.56422e-09 3.72923e-08 2.25512e-08 -3.96105e-09 -1.17432e-08 -1.02362e-08 -3.36408e-09 8.15491e-09 6.07743e-09 2.99135e-08 -2.00666e-09 -2.8777e-08
894 0.42 240 0 -1.50729e-09 3.71215e-08 2.2384e-08 -3.6258e-09 -1.19555e-08 -9.74997e-09 -3.3482e-09 8.65839e-09 6.77299e-09 3.00592e-08 -2.39855e-09 -2.77298e-08
894 0.43 240 0 -4.35268e-10 3.68784e-08 2.22262e-08 -3.28386e-09 -1.21352e-08 -9.22416e-09 -3.31078e-09 9.17706e-09 7.48505e-09 3.01416e-08 -2.75817e-09 -2.66292e-08
894 0.44 240 0 6.47841e-10 3.65571e-08 2.20783e-08 -2.93561e-09 -1.22789e-08 -8.66131e-09 -3.24961e-09 9.70989e-09 8.21029e-09 3.01577e-08 -3.0814e-09 -2.54749e-08
894 0.45 240 0 1.73541e-09 3.61581e-08 2.1941e-08 -2.5798e-09 -1.23843e-08 -8.06165e-09 -3.16398e-09 1.02553e-08 8.94492e-09 3.01055e-08 -3.36232e-09 -2.42689e-08
894 0.46 240 0 2.82436e-09 3.56714e-08 2.18172e-08 -2.21739e-09 -1.24468e-08 -7.42912e-09 -3.05234e-09 1.08113e-08 9.68452e-09 2.99802e-08 -3.59533e-09 -2.30085e-08
894 0.47 240 0 3.90799e-09 3.50966e-08 2.17076e-08 -1.84738e-09 -1.2464e-08 -6.76526e-09 -2.91383e-09 1.13761e-08 1.04248e-08 2.97804e-08 -3.77436e-09 -2.16957e-08
894 0.48 240 0 4.97959e-09 3.44265e-08 2.16125e-08 -1.47017e-09 -1.24334e-08 -6.07464e-09 -2.74591e-09 1.1947e-08 1.1161e-08 2.95022e-08 -3.89441e-09 -2.03294e-08
894 0.49 240 0 6.03216e-09 3.36587e-08 2.15338e-08 -1.08515e-09 -1.2352e-08 -5.36016e-09 -2.54809e-09 1.25215e-08 1.18878e-08 2.91437e-08 -3.94865e-09 -1.89114e-08
894 0.5 240 0 7.05708e-09 3.27887e-08 2.14725e-08 -6.93303e-10 -1.22181e-08 -4.62675e-09 -2.31944e-09 1.30969e-08 1.25988e-08 2.87028e-08 -3.93028e-09 -1.74438e-08
894 0.51 240 0 8.04777e-09 3.18147e-08 2.14319e-08 -2.91675e-10 -1.20283e-08 -3.87646e-09 -2.05984e-09 1.36696e-08 1.32888e-08 2.81763e-08 -3.83228e-09 -1.59267e-08
894 0.52 240 0 8.99472e-09 3.07337e-08 2.14129e-08 1.18377e-10 -1.17816e-08 -3.11476e-09 -1.76895e-09 1.42368e-08 1.39505e-08 2.75633e-08 -3.64649e-09 -1.4364e-08
894 0.53 240 0 9.88713e-09 2.95412e-08 2.14187e-08 5.37662e-10 -1.14758e-08 -2.34704e-09 -1.44701e-09 1.47942e-08 1.45767e-08 2.6861e-08 -3.36703e-09 -1.27573e-08
894 0.54 240 0 1.07153e-08 2.82364e-08 2.14518e-08 9.66407e-10 -1.111e-08 -1.57805e-09 -1.09478e-09 1.53382e-08 1.51597e-08 2.60687e-08 -2.9851e-09 -1.11107e-08
894 0.55 240 0 1.14684e-08 2.68207e-08 2.15152e-08 1.4065e-09 -1.0683e-08 -8.1114e-10 -7.13615e-10 1.58648e-08 1.56919e-08 2.51855e-08 -2.49276e-09 -9.4287e-09
894 0.56 240 0 1.21337e-08 2.52867e-08 2.16121e-08 1.85422e-09 -1.01959e-08 -5.64365e-11 -3.049e-10 1.63699e-08 1.61628e-08 2.42105e-08 -1.88058e-09 -7.71635e-09
894 0.57 240 0 1.26987e-08 2.36382e-08 2.17477e-08 2.31179e-09 -9.64714e-09 6.8305e-10 1.27579e-10 1.68491e-08 1.65639e-08 2.31437e-08 -1.14078e-09 -5.97946e-09
894 0.58 240 0 1.31505e-08 2.18749e-08 2.19256e-08 2.77841e-09 -9.0386e-09 1.4005e-09 5.81691e-10 1.72983e-08 1.68849e-08 2.19855e-08 -2.64107e-10 -4.22516e-09
894 0.59 240 0 1.34744e-08 1.99988e-08 2.21516e-08 3.25364e-09 -8.37114e-09 2.09048e-09 1.05233e-09 1.77133e-08 1.71152e-08 2.0737e-08 7.58528e-10 -2.46142e-09
894 0.6 240 0 1.36549e-08 1.80119e-08 2.24321e-08 3.73654e-09 -7.64567e-09 2.74664e-09 1.53435e-09 1.80902e-08 1.72431e-08 1.9399e-08 1.93492e-09 -6.96917e-10
894 0.61 240 0 1.36775e-08 1.5919e-08 2.2773e-08 4.225e-09 -6.86575e-09 3.36293e-09 2.0218e-09 1.84255e-08 1.72567e-08 1.79755e-08 3.27645e-09 1.05711e-09
894 0.62 240 0 1.3525e-08 1.37244e-08 2.31827e-08 4.71722e-09 -6.03333e-09 3.93381e-09 2.50707e-09 1.87159e-08 1.71428e-08 1.64684e-08 4.79118e-09 2.78954e-09
894 0.63 240 0 1.31796e-08 1.14359e-08 2.36687e-08 5.21091e-09 -5.15152e-09 4.45397e-09 2.98256e-09 1.89588e-08 1.68881e-08 1.48822e-08 6.48673e-09 4.48667e-09
894 0.64 240 0 1.26223e-08 9.05767e-09 2.42408e-08 5.69855e-09 -4.2262e-09 4.91487e-09 3.43717e-09 1.9153e-08 1.64765e-08 1.32226e-08 8.37455e-09 6.13352e-09
894 0.65 240 0 1.18328e-08 6.60023e-09 2.49083e-08 6.1758e-09 -3.26144e-09 5.31135e-09 3.86101e-09 1.92975e-08 1.58925e-08 1.14957e-08 1.04603e-08 7.71312e-09
894 0.66 240 0 1.0792e-08 4.0764e-09 2.56828e-08 6.63536e-09 -2.26256e-09 5.63935e-09 4.24111e-09 1.93936e-08 1.51196e-08 9.7103e-09 1.27539e-08 9.20691e-09
894 0.67 240 0 9.47684e-09 1.49819e-09 2.65755e-08 7.06801e-09 -1.2362e-09 5.89245e-09 4.56476e-09 1.9443e-08 1.41393e-08 7.87519e-09 1.52599e-08 1.05934e-08
894 0.68 240 0 7.86555e-09 -1.11669e-09 2.75991e-08 7.4625e-09 -1.87862e-10 6.06732e-09 4.81649e-09 1.94502e-08 1.29328e-08 6.00242e-09 1.79846e-08 1.18506e-08
894 0.69 240 0 5.92404e-09 -3.75797e-09 2.87414e-08 7.79485e-09 8.5973e-10 6.16905e-09 4.99618e-09 1.94253e-08 1.14802e-08 4.10142e-09 2.09288e-08 1.29635e-08
894 0.7 240 0 3.64302e-09 -6.38538e-09 3.00413e-08 8.04815e-09 1.92163e-09 6.18151e-09 5.06972e-09 1.93895e-08 9.75943e-09 2.19882e-09 2.41021e-08 1.38887e-08
894 0.71 240 0 9.92565e-10 -8.98013e-09 3.15104e-08 8.20582e-09 2.9811e-09 6.09992e-09 5.02106e-09 1.93467e-08 7.74701e-09 3.13485e-10 2.75041e-08 1.45975e-08
894 0.72 240 0 -2.05418e-09 -1.15098e-08 3.31627e-08 8.24597e-09 4.03236e-09 5.92407e-09 4.83225e-09 1.93123e-08 5.41872e-09 -1.53253e-09 3.11294e-08 1.50562e-08
894 0.73 240 0 -5.5242e-09 -1.39391e-08 3.50086e-08 8.13709e-09 5.0635e-09 5.65158e-09 4.48587e-09 1.93088e-08 2.74905e-09 -3.30961e-09 3.49737e-08 1.52283e-08
894 0.74 240 0 -9.4462e-09 -1.62258e-08 3.7059e-08 7.84367e-09 6.06662e-09 5.28074e-09 3.96383e-09 1.93639e-08 -2.89372e-10 -4.98479e-09 3.90242e-08 1.50735e-08
894 0.75 240 0 -1.38473e-08 -1.83199e-08 3.93202e-08 7.32098e-09 7.03139e-09 4.81069e-09 3.25073e-09 1.95142e-08 -3.7236e-09 -6.51714e-09 4.32652e-08 1.45488e-08
894 0.76 240 0 -1.8752e-08 -2.01624e-08 4.17942e-08 6.51854e-09 7.947e-09 4.24112e-09 2.33528e-09 1.98022e-08 -7.58023e-09 -7.85732e-09 4.76768e-08 1.36101e-08
894 0.77 240 0 -2.41904e-08 -2.16919e-08 4.44809e-08 5.37925e-09 8.80116e-09 3.56904e-09 1.20454e-09 2.02756e-08 -1.18905e-08 -8.95037e-09 5.2228e-08 1.22074e-08
894 0.78 240 0 -3.01848e-08 -2.2829e-08 4.73684e-08 3.83627e-09 9.58226e-09 2.79546e-09 -1.42448e-10 2.09943e-08 -1.66804e-08 -9.72804e-09 5.68812e-08 1.02925e-08
894 0.79 240 0 -3.67556e-08 -2.34848e-08 5.04352e-08 1.81484e-09 1.02779e-08 1.92015e-09 -1.69968e-09 2.20261e-08 -2.19755e-08 -1.0111e-08 6.15879e-08 7.81608e-09
894 0.8 240 0 -4.39187e-08 -2.35557e-08 5.36462e-08 -7.67873e-10 1.08767e-08 9.43703e-10 -3.44944e-09 2.34489e-08 -2.77983e-08 -1.00064e-08 6.62872e-08 4.72915e-09
894 0.81 240 0 -5.16805e-08 -2.29203e-08 5.69484e-08 -4.00047e-09 1.137e-08 -1.32635e-10 -5.35642e-09 2.53476e-08 -3.41651e-08 -9.30484e-09 7.0906e-08 9.87102e-10
894 0.82 240 0 -6.00532e-08 -2.14527e-08 6.02628e-08 -7.98314e-09 1.17213e-08 -1.31396e-09 -7.36909e-09 2.78154e-08 -4.10928e-08 -7.87811e-09 7.53606e-08 -3.44951e-09
894 0.83 240 0 -6.90316e-08 -1.89919e-08 6.3484e-08 -1.28202e-08 1.1897e-08 -2.5988e-09 -9.40959e-09 3.09582e-08 -4.8581e-08 -5.5707e-09 7.9549e-08 -8.61082e-09
894 0.84 240 0 -7.85793e-08 -1.53467e-08 6.6475e-08 -1.86077e-08 1.18949e-08 -3.9823e-09 -1.1362e-08 3.48801e-08 -5.66103e-08 -2.20663e-09 8.33506e-08 -1.4514e-08
894 0.85 240 0 -8.86515e-08 -1.03041e-08 6.90567e-08 -2.54344e-08 1.16883e-08 -5.46394e-09 -1.30741e-08 3.96784e-08 -6.51486e-08 2.42198e-09 8.66328e-08 -2.11589e-08
894 0.86 240 0 -9.91786e-08 -3.6138e-09 7.10033e-08 -3.33682e-08 1.12478e-08 -7.04342e-09 -1.43461e-08 4.54336e-08 -7.41403e-08 8.56084e-09 8.925e-08 -2.85225e-08
894 0.87 240 0 -1.10064e-07 5.01494e-09 7.20344e-08 -4.24474e-08 1.05267e-08 -8.72164e-09 -1.49266e-08 5.22002e-08 -8.34999e-08 1.6503e-08 9.1046e-08 -3.65547e-08
894 0.88 240 0 -1.2117e-07 1.59411e-08 7.18132e-08 -5.26505e-08 9.47413e-09 -1.04981e-08 -1.45028e-08 5.99777e-08 -9.3101e-08 2.66057e-08 9.18584e-08 -4.51717e-08
894 0.89 240 0 -1.32306e-07 2.96117e-08 6.99426e-08 -6.38742e-08 8.01789e-09 -1.23717e-08 -1.27008e-08 6.86864e-08 -1.02761e-07 3.9316e-08 9.15247e-08 -5.42523e-08
894 0.9 240 0 -1.43201e-07 4.66106e-08 6.59715e-08 -7.58901e-08 6.05682e-09 -1.43373e-08 -9.08924e-09 7.81218e-08 -1.12212e-07 5.52152e-08 8.98895e-08 -6.36338e-08
894 0.91 240 0 -1.53444e-07 6.77413e-08 5.94129e-08 -8.82824e-08 3.44677e-09 -1.63802e-08 -3.19952e-09 8.7889e-08 -1.21044e-07 7.50947e-08 8.68124e-08 -7.31095e-08
894 0.92 240 0 -1.62371e-07 9.41545e-08 4.9791e-08 -1.00364e-07 -3.88162e-11 -1.8456e-08 5.42165e-09 9.73138e-08 -1.28584e-07 1.00081e-07 8.21744e-08 -8.24281e-08
894 0.93 240 0 -1.68764e-07 1.27601e-07 3.67714e-08 -1.11018e-07 -4.744e-09 -2.04575e-08 1.70727e-08 1.05274e-07 -1.3361e-07 1.31864e-07 7.58837e-08 -9.12889e-08
894 0.94 240 0 -1.70149e-07 1.70797e-07 2.04881e-08 -1.18489e-07 -1.12301e-08 -2.21049e-08 3.15381e-08 1.09983e-07 -1.33663e-07 1.73036e-07 6.7875e-08 -9.9333e-08
894 0.95 240 0 -1.60891e-07 2.27826e-07 2.46216e-09 -1.20147e-07 -2.04067e-08 -2.26527e-08 4.70944e-08 1.08756e-07 -1.23211e-07 2.27442e-07 5.81068e-08 -1.06105e-07
894 0.96 240 0 -1.27045e-07 3.03162e-07 -1.18357e-08 -1.13046e-07 -3.35717e-08 -2.00022e-08 5.77648e-08 9.86635e-08 -8.87121e-08 2.99156e-07 4.65865e-08 -1.10938e-07
894 0.97 240 0 -3.44013e-08 3.90153e-07 -7.09963e-09 -1.00424e-07 -5.09502e-08 -8.33742e-09 4.71198e-08 8.35914e-08 2.67896e-09 3.81191e-07 3.36401e-08 -1.12677e-07
894 0.98 240 0 1.64073e-07 4.12535e-07 3.49489e-08 -1.24753e-07 -6.18766e-08 2.27795e-08 -3.89838e-09 1.09407e-07 1.94995e-07 3.99426e-07 2.12568e-08 -1.09856e-07
894 0.99 240 0 3.35832e-07 2.16959e-07 1.4286e-08 -2.72182e-07 -3.66465e-08 5.71802e-08 1.16699e-08 2.6642e-07 3.58536e-07 2.086e-07 1.30628e-08 -1.05131e-07
894 1 240 0 2.38588e-07 4.26737e-09 -5.90494e-06 -2.13455e-07 3.96035e-11 4.81765e-08 5.93931e-06 2.13284e-07 2.66549e-07 3.94341e-09 -1.58847e-10 -1.07923e-07
894 1.01 240 0 1.44919e-07 2.24609e-09 -1.74404e-07 2.35771e-09 3.56034e-10 3.40664e-08 2.08029e-07 -2.49363e-09 1.74234e-07 1.89541e-09 -3.27808e-10 -8.9887e-08
894 1.02 240 0 1.06424e-07 1.6365e-09 -1.26607e-07 1.91144e-09 4.13347e-10 3.01151e-08 1.61083e-07 -2.02535e-09 1.37506e-07 1.28245e-09 -3.5311e-10 -8.47597e-08
894 1.03 240 0 8.26943e-08 1.34014e-09 -1.04991e-07 1.67715e-09 4.47597e-10 2.8523e-08 1.39913e-07 -1.78162e-09 1.15259e-07 9.72378e-10 -3.76158e-10 -8.13681e-08
894 1.04 240 0 6.5954e-08 1.17433e-09 -9.26073e-08 1.53755e-09 4.76858e-10 2.80625e-08 1.2778e-07 -1.63815e-09 9.99444e-08 7.86908e-10 -3.99259e-10 -7.89691e-08
894 1.05 240 0 5.31626e-08 1.07705e-09 -8.47976e-08 1.45178e-09 5.07259e-10 2.82853e-08 1.20122e-07 -1.55162e-09 8.86154e-08 6.6461e-10 -4.2387e-10 -7.72578e-08
894 1.06 240 0 4.28224e-08 1.02129e-09 -7.96951e-08 1.40058e-09 5.38773e-10 2.89917e-08 1.15119e-07 -1.5018e-09 7.9827e-08 5.80393e-10 -4.50182e-10 -7.60762e-08
894 1.07 240 0 3.4089e-08 9.93556e-10 -7.63936e-08 1.37498e-09 5.74149e-10 3.00814e-08 1.11894e-07 -1.47927e-09 7.27705e-08 5.19515e-10 -4.79425e-10 -7.53336e-08
894 1.08 240 0 2.64394e-08 9.87146e-10 -7.44016e-08 1.37062e-09 6.15464e-10 3.15056e-08 1.09976e-07 -1.47939e-09 6.69537e-08 4.73942e-10 -5.12782e-10 -7.49773e-08
894 1.09 240 0 1.95216e-08 9.9774e-10 -7.34378e-08 1.38386e-09 6.61816e-10 3.32491e-08 1.09096e-07 -1.49861e-09 6.20587e-08 4.40175e-10 -5.50449e-10 -7.4979e-08
894 1.1 240 0 1.30835e-08 1.02404e-09 -7.33363e-08 1.41464e-09 7.15928e-10 3.53138e-08 1.09101e-07 -1.53692e-09 5.78676e-08 4.14648e-10 -5.941e-10 -7.53277e-08
894 1.11 240 0 6.93099e-09 1.06638e-09 -7.40056e-08 1.46408e-09 7.80557e-10 3.77186e-08 1.09909e-07 -1.59562e-09 5.42268e-08 3.95234e-10 -6.45571e-10 -7.60269e-08
894 1.12 240 0 9.00746e-10 1.12462e-09 -7.54076e-08 1.53225e-09 8.55844e-10 4.05008e-08 1.11493e-07 -1.67512e-09 5.10246e-08 3.81486e-10 -7.05814e-10 -7.70948e-08
894 1.13 240 0 -5.15305e-09 1.20145e-09 -7.7544e-08 1.62278e-09 9.45987e-10 4.37116e-08 1.13867e-07 -1.77949e-09 4.81765e-08 3.72217e-10 -7.77764e-10 -7.85629e-08
894 1.14 240 0 -1.13726e-08 1.30125e-09 -8.04531e-08 1.74118e-09 1.05643e-09 4.74212e-08 1.17082e-07 -1.91484e-09 4.5617e-08 3.66703e-10 -8.65344e-10 -8.04794e-08
894 1.15 240 0 -1.79127e-08 1.42768e-09 -8.42175e-08 1.89182e-09 1.19035e-09 5.173e-08 1.21239e-07 -2.08644e-09 4.32954e-08 3.65376e-10 -9.71876e-10 -8.29147e-08
894 1.16 240 0 -2.49477e-08 1.58943e-09 -8.89634e-08 2.08528e-09 1.3572e-09 5.67686e-08 1.26484e-07 -2.30612e-09 4.11693e-08 3.67967e-10 -1.10442e-09 -8.59656e-08
894 1.17 240 0 -3.26917e-08 1.79919e-09 -9.48793e-08 2.33669e-09 1.57004e-09 6.27165e-08 1.33035e-07 -2.59084e-09 3.92035e-08 3.74661e-10 -1.27291e-09 -8.97675e-08
894 1.18 240 0 -4.14262e-08 2.07235e-09 -1.02244e-07 2.6645e-09 1.84361e-09 6.98283e-08 1.41209e-07 -2.96173e-09 3.73671e-08 3.86561e-10 -1.48968e-09 -9.4513e-08
894 1.19 240 0 -5.15305e-08 2.43887e-09 -1.11459e-07 3.10435e-09 2.20833e-09 7.84607e-08 1.51464e-07 -3.45875e-09 3.56309e-08 4.04472e-10 -1.77788e-09 -1.00477e-07
894 1.2 240 0 -6.35563e-08 2.93983e-09 -1.23134e-07 3.70512e-09 2.70419e-09 8.91485e-08 1.64489e-07 -4.13738e-09 3.39658e-08 4.30778e-10 -2.16974e-09 -1.08071e-07
894 1.21 240 0 -7.83295e-08 3.65504e-09 -1.38203e-07 4.56148e-09 3.41109e-09 1.02703e-07 1.81344e-07 -5.10419e-09 3.23382e-08 4.68379e-10 -2.72703e-09 -1.17924e-07
894 1.22 240 0 -9.71835e-08 4.71703e-09 -1.58198e-07 5.83047e-09 4.45967e-09 1.20449e-07 2.03759e-07 -6.53681e-09 3.07061e-08 5.23506e-10 -3.55306e-09 -1.31062e-07
894 1.23 240 0 -1.22403e-07 6.40063e-09 -1.85761e-07 7.83683e-09 6.12314e-09 1.44666e-07 2.34723e-07 -8.80177e-09 2.90062e-08 6.06899e-10 -4.86123e-09 -1.49256e-07
894 1.24 240 0 -1.58292e-07 9.31593e-09 -2.25887e-07 1.12999e-08 9.00834e-09 1.7966e-07 2.79882e-07 -1.27112e-08 2.71305e-08 7.41414e-10 -7.12538e-09 -1.75851e-07
894 1.25 240 0 -2.14064e-07 1.50322e-08 -2.89297e-07 1.80667e-08 1.46769e-08 2.34662e-07 3.51354e-07 -2.03517e-08 2.48593e-08 9.83042e-10 -1.15665e-08 -2.18019e-07
894 1.26 240 0 -3.13512e-07 2.8859e-08 -4.03694e-07 3.43708e-08 2.84237e-08 3.33528e-07 4.8045e-07 -3.87643e-08 2.16399e-08 1.50459e-09 -2.23141e-08 -2.94302e-07
894 1.27 240 0 -5.42211e-07 7.86844e-08 -6.68729e-07 9.28782e-08 7.81047e-08 5.62084e-07 7.79803e-07 -1.04855e-07 1.55201e-08 3.13609e-09 -6.10773e-08 -4.714e-07
894 1.28 240 0 -1.52169e-06 6.53181e-07 -1.80769e-06 7.6422e-07 6.52903e-07 1.54408e-06 2.06697e-06 -8.63445e-07 -7.0472e-09 1.86222e-08 -5.08494e-07 -1.23392e-06
894 1.29 240 0 1.45427e-06 5.20021e-07 1.66114e-06 6.03173e-07 5.23031e-07 -1.44057e-06 -1.85382e-06 -6.81897e-07 6.15319e-08 9.38059e-09 -4.0568e-07 1.08683e-06
894 1.3 240 0 5.79573e-07 6.84668e-08 6.42047e-07 7.8729e-08 6.92354e-08 -5.64778e-07 -7.02278e-07 -8.90342e-08 3.94294e-08 5.87783e-10 -5.34661e-08 4.06153e-07
894 1.31 240 0 3.64273e-07 2.48639e-08 3.92128e-07 2.83469e-08 2.52609e-08 -3.49588e-07 -4.20025e-07 -3.20613e-08 3.36036e-08 8.19922e-13 -1.94196e-08 2.39317e-07
894 1.32 240 0 2.68864e-07 1.25984e-08 2.81921e-07 1.42416e-08 1.28509e-08 -2.54532e-07 -2.95675e-07 -1.61059e-08 3.06801e-08 -9.60272e-11 -9.8327e-09 1.65881e-07
894 1.33 240 0 2.15012e-07 7.54735e-09 2.201e-07 8.46019e-09 7.72421e-09 -2.01101e-07 -2.26011e-07 -9.56446e-09 2.8775e-08 -1.08339e-10 -5.88139e-09 1.24797e-07
894 1.34 240 0 1.80352e-07 4.99752e-09 1.80596e-07 5.55505e-09 5.1284e-09 -1.66878e-07 -1.81569e-07 -6.27656e-09 2.73527e-08 -1.00886e-10 -3.88496e-09 9.86353e-08
894 1.35 240 0 1.56119e-07 3.54164e-09 1.53199e-07 3.90414e-09 3.64186e-09 -1.43081e-07 -1.50811e-07 -4.40777e-09 2.62032e-08 -8.89145e-11 -2.74446e-09 8.05679e-08
894 1.36 240 0 1.38181e-07 2.6346e-09 1.33095e-07 2.88033e-09 2.71307e-09 -1.2557e-07 -1.28296e-07 -3.24864e-09 2.5227e-08 -7.67138e-11 -2.0335e-09 6.73761e-08
894 1.37 240 0 1.24336e-07 2.03214e-09 1.17721e-07 2.20332e-09 2.0944e-09 -1.12138e-07 -1.11125e-07 -2.48208e-09 2.437e-08 -6.54431e-11 -1.56095e-09 5.73456e-08
894 1.38 240 0 1.13304e-07 1.61371e-09 1.05588e-07 1.73534e-09 1.66351e-09 -1.01504e-07 -9.76167e-08 -1.95221e-09 2.36008e-08 -5.54583e-11 -1.23275e-09 4.94805e-08
894 1.39 240 0 1.04289e-07 1.31157e-09 9.5771e-08 1.39894e-09 1.35151e-09 -9.28716e-08 -8.67253e-08 -1.57136e-09 2.28989e-08 -4.66676e-11 -9.95714e-10 4.31622e-08
894 1.4 240 0 9.67707e-08 1.08616e-09 8.76655e-08 1.14903e-09 1.118e-09 -8.57204e-08 -7.77676e-08 -1.28854e-09 2.2251e-08 -3.88156e-11 -8.18797e-10 3.79864e-08
894 1.41 240 0 9.03939e-08 9.14374e-10 8.08607e-08 9.59484e-10 9.39487e-10 -7.96962e-08 -7.02789e-08 -1.07416e-09 2.16473e-08 -3.18704e-11 -6.84059e-10 3.36782e-08
894 1.42 240 0 8.49086e-08 7.80393e-10 7.50667e-08 8.12295e-10 7.99731e-10 -7.45491e-08 -6.39316e-08 -9.07867e-10 2.10811e-08 -2.55797e-11 -5.78999e-10 3.00436e-08
894 1.43 240 0 8.01328e-08 6.73802e-10 7.00735e-08 6.95659e-10 6.87957e-10 -7.0098e-08 -5.84881e-08 -7.76359e-10 2.05468e-08 -1.9676e-11 -4.95394e-10 2.69422e-08
894 1.44 240 0 7.59319e-08 5.87974e-10 6.57255e-08 6.02195e-10 5.9738e-10 -6.62087e-08 -5.37727e-08 -6.71293e-10 2.00403e-08 -1.40906e-11 -4.28174e-10 2.427e-08
894 1.45 240 0 7.22031e-08 5.17781e-10 6.19048e-08 5.26089e-10 5.22537e-10 -6.27795e-08 -4.96518e-08 -5.86209e-10 1.95583e-08 -8.48654e-12 -3.7325e-10 2.1948e-08
894 1.46 240 0 6.88672e-08 4.59712e-10 5.85203e-08 4.63387e-10 4.59566e-10 -5.97319e-08 -4.60221e-08 -5.16796e-10 1.90977e-08 -2.49175e-12 -3.27847e-10 1.99152e-08
894 1.47 240 0 6.58618e-08 4.11121e-10 5.55008e-08 4.11142e-10 4.05134e-10 -5.70047e-08 -4.28029e-08 -4.60138e-10 1.86558e-08 4.67501e-12 -2.89902e-10 1.8124e-08
894 1.48 240 0 6.31374e-08 3.70082e-10 5.27896e-08 3.67201e-10 3.55891e-10 -5.45502e-08 -3.99291e-08 -4.14736e-10 1.82293e-08 1.46843e-11 -2.57896e-10 1.65365e-08
894 1.49 240 0 6.0654e-08 3.3512e-10 5.03411e-08 3.29921e-10 3.05829e-10 -5.23321e-08 -3.7347e-08 -3.81819e-10 1.78127e-08 3.29075e-11 -2.3067e-10 1.51222e-08
894 1.5 240 0 5.83788e-08 3.05103e-10 4.81184e-08 2.98047e-10 2.28703e-10 -5.033e-08 -3.50067e-08 -3.77282e-10 1.73908e-08 8.92007e-11 -2.07344e-10 1.38565e-08
894 1.51 240 0 5.6285e-08 2.7924e-10 4.6091e-08 2.70652e-10 -3.40689e-11 -4.80829e-08 -3.31738e-08 -5.09743e-10 1.74792e-08 3.72678e-10 -1.87232e-10 1.27189e-08
894 1.52 240 0 5.43503e-08 2.56605e-10 4.42338e-08 2.46824e-10 3.01086e-10 -4.65992e-08 -3.11089e-08 -2.34411e-10 1.68528e-08 -5.36581e-11 -1.6971e-10 1.16926e-08
894 1.53 240 0 5.25557e-08 2.36825e-10 4.25256e-08 2.26073e-10 2.65936e-10 -4.50685e-08 -2.93341e-08 -2.20853e-10 1.64505e-08 -3.52072e-11 -1.54438e-10 1.07635e-08
894 1.54 240 0 5.08854e-08 2.19414e-10 4.09486e-08 2.07876e-10 2.40332e-10 -4.36226e-08 -2.77281e-08 -2.05356e-10 1.60974e-08 -2.52187e-11 -1.41021e-10 9.91969e-09
894 1.55 240 0 4.93259e-08 2.04012e-10 3.94879e-08 1.9184e-10 2.20012e-10 -4.2272e-08 -2.62575e-08 -1.90128e-10 1.57647e-08 -1.91139e-11 -1.29185e-10 9.15123e-09
894 1.56 240 0 4.78656e-08 1.90318e-10 3.81306e-08 1.77637e-10 2.02993e-10 -4.10103e-08 -2.49045e-08 -1.75944e-10 1.54461e-08 -1.49098e-11 -1.18689e-10 8.4495e-09
894 1.57 240 0 4.64945e-08 1.7809e-10 3.68657e-08 1.65002e-10 1.88339e-10 -3.98294e-08 -2.36555e-08 -1.62972e-10 1.51389e-08 -1.17809e-11 -1.09345e-10 7.80715e-09
894 1.58 240 0 4.5204e-08 1.6713e-10 3.56836e-08 1.53714e-10 1.75493e-10 -3.87216e-08 -2.24994e-08 -1.51202e-10 1.48421e-08 -9.30118e-12 -1.00991e-10 7.21784e-09
894 1.59 240 0 4.39865e-08 1.57269e-10 3.45762e-08 1.43608e-10 1.64117e-10 -3.768e-08 -2.14266e-08 -1.40559e-10 1.45547e-08 -7.27658e-12 -9.35084e-11 6.67606e-09
894 1.6 240 0 4.28354e-08 1.48351e-10 3.35362e-08 1.34492e-10 1.53967e-10 -3.66984e-08 -2.04288e-08 -1.30879e-10 1.42759e-08 -5.5973e-12 -8.67587e-11 6.17702e-09
894 1.61 240 0 4.17449e-08 1.4027e-10 3.25573e-08 1.26257e-10 1.44844e-10 -3.57715e-08 -1.94987e-08 -1.22099e-10 1.40054e-08 -4.15294e-12 -8.06596e-11 5.71655e-09
894 1.62 240 0 4.07099e-08 1.32921e-10 3.16339e-08 1.18802e-10 1.36606e-10 -3.48944e-08 -1.86302e-08 -1.14125e-10 1.37425e-08 -2.90432e-12 -7.51368e-11 5.29093e-09
894 1.63 240 0 3.97258e-08 1.26215e-10 3.07613e-08 1.12013e-10 1.29129e-10 -3.40629e-08 -1.78176e-08 -1.06852e-10 1.3487e-08 -1.80219e-12 -7.01099e-11 4.89695e-09
894 1.64 240 0 3.87885e-08 1.20081e-10 2.9935e-08 1.0583e-10 1.22318e-10 -3.32731e-08 -1.70561e-08 -1.00222e-10 1.32385e-08 -8.24107e-13 -6.55317e-11 4.53173e-09
894 1.65 240 0 3.78945e-08 1.14455e-10 2.91513e-08 1.00174e-10 1.16088e-10 -3.25217e-08 -1.63412e-08 -9.41589e-11 1.29966e-08 6.095e-14 -6.1345e-11 4.19272e-09
894 1.66 240 0 3.70405e-08 1.09277e-10 2.84066e-08 9.49798e-11 1.10375e-10 -3.18057e-08 -1.56691e-08 -8.85896e-11 1.27611e-08 8.54695e-13 -5.75033e-11 3.87765e-09
894 1.67 240 0 3.62237e-08 1.04504e-10 2.7698e-08 9.02093e-11 1.05118e-10 -3.11223e-08 -1.50362e-08 -8.34822e-11 1.25316e-08 1.57907e-12 -5.39758e-11 3.58448e-09
894 1.68 240 0 3.54412e-08 1.00092e-10 2.70226e-08 8.58109e-11 1.00266e-10 -3.0469e-08 -1.44396e-08 -7.87805e-11 1.2308e-08 2.24431e-12 -5.07233e-11 3.3114e-09
894 1.69 240 0 3.46909e-08 9.60062e-11 2.63781e-08 8.17466e-11 9.57757e-11 -2.98438e-08 -1.38764e-08 -7.44455e-11 1.20899e-08 2.85846e-12 -4.77184e-11 3.05677e-09
894 1.7 240 0 3.39705e-08 9.22138e-11 2.57621e-08 7.79823e-11 9.16083e-11 -2.92446e-08 -1.3344e-08 -7.04425e-11 1.18772e-08 3.43161e-12 -4.4935e-11 2.81913e-09
894 1.71 240 0 3.3278e-08 8.86869e-11 2.51726e-08 7.44895e-11 8.77336e-11 -2.86696e-08 -1.28402e-08 -6.67402e-11 1.16697e-08 3.96545e-12 -4.23512e-11 2.59714e-09
894 1.72 240 0 3.26118e-08 8.53998e-11 2.46078e-08 7.12444e-11 8.41232e-11 -2.81172e-08 -1.23628e-08 -6.33144e-11 1.14672e-08 4.46256e-12 -3.99512e-11 2.3896e-09
894 1.73 240 0 3.19701e-08 8.23318e-11 2.40661e-08 6.8223e-11 8.07523e-11 -2.75859e-08 -1.19102e-08 -6.01396e-11 1.12694e-08 4.93035e-12 -3.77172e-11 2.19542e-09
894 1.74 240 0 3.13515e-08 7.94653e-11 2.35459e-08 6.54069e-11 7.76027e-11 -2.70742e-08 -1.14804e-08 -5.71966e-11 1.10762e-08 5.36778e-12 -3.56327e-11 2.0136e-09
894 1.75 240 0 3.07546e-08 7.67865e-11 2.30458e-08 6.27821e-11 7.46631e-11 -2.65811e-08 -1.1072e-08 -5.44695e-11 1.08876e-08 5.77237e-12 -3.36885e-11 1.84323e-09
894 1.76 240 0 3.01781e-08 7.4288e-11 2.25646e-08 6.03395e-11 7.19453e-11 -2.61052e-08 -1.06836e-08 -5.19376e-11 1.07034e-08 6.12501e-12 -3.18618e-11 1.68349e-09
894 1.77 240 0 2.96211e-08 7.15295e-11 2.21017e-08 5.83593e-11 6.91052e-11 -2.56454e-08 -1.03151e-08 -5.0329e-11 1.05238e-08 6.31844e-12 -3.0744e-11 1.53443e-09
894 1.78 240 0 2.90821e-08 6.91386e-11 2.16552e-08 5.629e-11 6.66041e-11 -2.52011e-08 -9.96328e-09 -4.83074e-11 1.03477e-08 6.52369e-12 -2.93715e-11 1.39415e-09
894 1.79 240 0 2.85604e-08 6.69014e-11 2.12242e-08 5.4304e-11 6.42795e-11 -2.47714e-08 -9.62765e-09 -4.63142e-11 1.01754e-08 6.69393e-12 -2.8021e-11 1.26241e-09
894 1.8 240 0 2.80549e-08 6.47975e-11 2.0808e-08 5.24063e-11 6.21072e-11 -2.43554e-08 -9.30726e-09 -4.43756e-11 1.00068e-08 6.83497e-12 -2.6707e-11 1.13863e-09
894 1.81 240 0 2.75649e-08 6.28054e-11 2.04058e-08 5.06041e-11 6.00642e-11 -2.39523e-08 -9.00124e-09 -4.25223e-11 9.84179e-09 6.94863e-12 -2.54527e-11 1.02231e-09
894 1.82 240 0 2.70896e-08 6.09181e-11 2.00167e-08 4.8893e-11 5.81404e-11 -2.35614e-08 -8.70874e-09 -4.07531e-11 9.68026e-09 7.03916e-12 -2.42558e-11 9.12982e-10
894 1.83 240 0 2.66282e-08 5.91304e-11 1.96401e-08 4.72689e-11 5.63286e-11 -2.31821e-08 -8.42897e-09 -3.90663e-11 9.52211e-09 7.10868e-12 -2.31148e-11 8.10176e-10
894 1.84 240 0 2.61802e-08 5.74364e-11 1.92754e-08 4.57269e-11 5.4621e-11 -2.28139e-08 -8.16119e-09 -3.74586e-11 9.36724e-09 7.15922e-12 -2.20274e-11 7.13484e-10
894 1.85 240 0 2.57447e-08 5.58331e-11 1.89219e-08 4.4263e-11 5.30123e-11 -2.24561e-08 -7.90474e-09 -3.59281e-11 9.21556e-09 7.19298e-12 -2.09914e-11 6.22518e-10
894 1.86 240 0 2.53214e-08 5.43172e-11 1.8579e-08 4.2873e-11 5.14981e-11 -2.21082e-08 -7.65899e-09 -3.44734e-11 9.06698e-09 7.21023e-12 -2.00063e-11 5.36925e-10
894 1.87 240 0 2.49095e-08 5.28871e-11 1.82462e-08 4.15508e-11 5.0075e-11 -2.17697e-08 -7.42335e-09 -3.30898e-11 8.9214e-09 7.21314e-12 -1.90689e-11 4.56373e-10
894 1.88 240 0 2.45087e-08 5.15345e-11 1.79231e-08 4.02914e-11 4.87352e-11 -2.14403e-08 -7.19727e-09 -3.17748e-11 8.77874e-09 7.20382e-12 -1.81826e-11 3.80565e-10
894 1.89 240 0 2.41183e-08 5.02282e-11 1.76092e-08 3.90956e-11 4.74492e-11 -2.11195e-08 -6.98026e-09 -3.05243e-11 8.63889e-09 7.18914e-12 -1.73534e-11 3.09228e-10
894 1.9 240 0 2.37381e-08 4.89769e-11 1.7304e-08 3.79573e-11 4.62202e-11 -2.08068e-08 -6.77183e-09 -2.9338e-11 8.50179e-09 7.17042e-12 -1.65686e-11 2.42082e-10
894 1.91 240 0 2.33674e-08 4.77798e-11 1.70072e-08 3.68718e-11 4.5047e-11 -2.0502e-08 -6.57154e-09 -2.82114e-11 8.36738e-09 7.1474e-12 -1.58238e-11 1.78877e-10
894 1.92 240 0 2.3006e-08 4.66334e-11 1.67183e-08 3.58355e-11 4.3926e-11 -2.02047e-08 -6.37897e-09 -2.71402e-11 8.23559e-09 7.12027e-12 -1.51161e-11 1.19383e-10
894 1.93 240 0 2.26534e-08 4.55347e-11 1.64371e-08 3.48451e-11 4.2854e-11 -1.99145e-08 -6.19374e-09 -2.61204e-11 8.10633e-09 7.0892e-12 -1.44427e-11 6.33848e-11
894 1.94 240 0 2.23093e-08 4.44807e-11 1.61631e-08 3.38975e-11 4.1828e-11 -1.96312e-08 -6.01548e-09 -2.51484e-11 7.97955e-09 7.05436e-12 -1.38013e-11 1.06811e-11
894 1.95 240 0 2.19734e-08 4.34686e-11 1.58962e-08 3.29899e-11 4.08452e-11 -1.93545e-08 -5.84386e-09 -2.42208e-11 7.85518e-09 7.0159e-12 -1.31893e-11 -3.89156e-11
894 1.96 240 0 2.16453e-08 4.24961e-11 1.5636e-08 3.21196e-11 3.99031e-11 -1.9084e-08 -5.67854e-09 -2.33342e-11 7.73316e-09 6.97392e-12 -1.26043e-11 -8.55809e-11
894 1.97 240 0 2.13247e-08 4.15607e-11 1.53821e-08 3.12839e-11 3.89993e-11 -1.88197e-08 -5.51924e-09 -2.24852e-11 7.61343e-09 6.9284e-12 -1.20437e-11 -1.2948e-10
894 1.98 240 0 2.10114e-08 4.06605e-11 1.51345e-08 3.048e-11 3.81318e-11 -1.85611e-08 -5.36567e-09 -2.16701e-11 7.49592e-09 6.87912e-12 -1.15042e-11 -1.70766e-10
894 1.99 240 0 2.07051e-08 3.97934e-11 1.48927e-08 2.97043e-11 3.72991e-11 -1.83081e-08 -5.21755e-09 -2.08831e-11 7.38059e-09 6.8252e-12 -1.09805e-11 -2.09587e-10
894 2 240 0 2.04055e-08 3.8959e-11 1.46566e-08 2.89474e-11 3.65028e-11 -1.80605e-08 -5.07463e-09 -2.01073e-11 7.26737e-09 6.7614e-12 -1.04541e-11 -2.46094e-10
